 LEFT LENS SHADING DATA
 RED Channel
 {
 26.409271  28.835938  32.562084  38.539845  44.694950  49.863640  53.861351  56.339951  56.912292  55.527397  52.635468  47.951046  42.399742  36.305470  30.906567  28.005051  25.959637 
 28.221771  32.324688  38.852501  46.552967  53.766403  60.021561  64.979691  68.056404  68.734375  66.925316  63.254845  57.568123  50.932030  43.747345  36.319061  30.558594  27.557968 
 29.759583  36.723751  45.208752  53.987503  62.402496  69.836716  75.981560  80.050156  80.841721  78.541565  73.750778  66.877502  59.061722  50.746719  42.091251  34.132813  28.610729 
 32.399582  41.235001  50.959999  60.749374  70.254219  79.203278  86.815155  91.962814  93.180000  90.176407  84.017502  75.546562  66.264847  56.871719  47.311562  38.050625  30.347290 
 34.707344  44.844219  55.412498  66.061249  76.843285  87.160469  96.179840  102.012497  103.447655  100.087029  93.095940  83.095467  72.328125  61.860313  51.429688  41.307499  32.533752 
 36.620571  47.178280  58.344215  69.805779  81.486717  92.953590  102.601875  108.504372  109.855003  106.591560  99.200310  88.433907  76.686562  65.195313  54.192184  43.532814  33.895313 
 37.274948  48.031403  59.387344  71.198441  83.219376  95.022659  104.861565  110.709846  112.140152  109.007034  102.069687  90.842346  78.667030  66.853439  55.342972  44.349377  34.444790 
 36.680313  47.196564  58.299377  69.622345  81.285782  92.538284  102.136093  108.105621  109.433594  106.516563  99.489220  88.432343  76.676407  65.328903  54.248123  43.647030  34.032654 
 34.817497  44.761250  55.165154  65.864532  76.409691  86.733749  95.488281  101.327034  102.580780  99.431252  92.585312  82.825470  72.375938  62.022812  51.641090  41.590782  32.690159 
 32.293804  41.031094  50.600471  60.353592  69.599533  78.267815  85.751564  90.731560  92.061874  89.405472  83.348282  75.287033  66.248436  57.128754  47.562969  38.336720  30.829426 
 30.110466  36.662342  45.092812  53.866875  61.948128  69.176559  75.228127  79.256721  80.326561  78.207344  73.397346  66.757500  59.190941  51.039215  42.413906  34.548904  29.087864 
 28.853176  32.589218  38.938282  46.422657  53.602654  59.823906  64.744064  67.756721  68.548592  66.934219  63.126251  57.757965  51.253754  44.119843  36.759998  31.139999  28.197498 
 27.407761  29.792759  33.117653  38.864113  45.056202  50.249954  54.369484  56.771927  57.469215  56.154007  53.157082  48.726509  43.162083  37.134632  31.666248  28.886669  27.009998 
 } 
 GR Channel
 {
 51.083649  55.779900  61.966568  71.534531  81.011406  88.872871  94.956612  98.677292  99.889687  97.873497  93.829430  86.930679  78.479164  68.837807  60.072968  55.224121  51.549942 
 54.815727  61.889061  72.262810  84.330154  95.568283  105.112656  112.415161  117.305618  118.510941  115.954529  110.664215  102.405472  92.301247  80.945313  69.029846  59.685158  54.559525 
 57.608284  68.841408  82.363281  96.057030  108.955780  120.333130  129.235779  135.542191  137.041412  133.918442  127.186874  116.953278  104.970314  92.060623  78.386719  65.625465  56.268593 
 61.540100  75.874687  91.009842  106.176094  120.693436  134.485153  145.824692  153.319534  155.644836  151.822495  143.177505  130.574219  116.531723  101.896095  86.733597  71.893753  59.454582 
 65.216202  81.425156  97.746094  114.149216  130.588745  146.432663  160.002029  168.700943  170.918442  166.725464  157.023590  142.303284  125.907181  109.649376  93.277969  77.217033  62.767235 
 68.223335  84.952499  102.165154  119.490005  137.324692  154.832336  169.584839  178.580475  180.612503  176.199997  166.001099  150.382187  132.469681  114.770462  97.709846  80.758278  65.214325 
 69.124634  86.112343  103.411247  121.245163  139.483124  157.609848  172.432968  181.638443  183.898911  179.741882  170.205475  153.841095  135.593124  117.508743  99.472656  82.070938  66.039268 
 68.054688  84.682190  101.635941  118.939377  136.763596  154.012497  168.762497  177.854370  180.167038  176.368912  166.788589  150.529846  132.415161  114.911407  97.580627  80.849998  65.412498 
 65.161148  80.967812  96.935936  113.275467  129.617813  145.561874  159.032349  167.752808  170.087814  166.046875  156.329849  141.813751  125.591400  109.555939  93.301872  77.415001  63.031670 
 61.173492  75.150780  89.913750  104.883904  119.271088  132.773743  144.364685  151.930466  154.099060  150.658279  142.316711  130.184372  116.239532  101.936722  86.839996  72.074371  59.785210 
 57.587921  68.334999  81.593437  95.235779  107.742340  118.993912  128.299530  134.520004  136.266556  133.466095  126.461716  116.647659  104.949532  92.245316  78.720779  65.856407  56.977867 
 55.236465  61.801872  71.822968  83.555466  94.687653  104.337029  111.936874  116.655624  118.071243  115.760468  110.256248  102.227341  92.245316  81.044685  69.488907  60.247185  55.034271 
 52.394371  56.966049  62.588173  71.445671  81.156197  89.300156  95.738960  99.490211  100.710831  98.921928  94.578331  87.951714  79.174889  69.512604  61.045364  56.468857  52.624268 
 } 
 GB Channel
 {
 51.883385  56.574631  62.787758  72.470001  82.096977  90.362450  96.472763  100.032768  101.296089  99.125938  94.722343  87.599068  78.980415  69.143440  60.152084  55.287338  51.805679 
 55.342140  62.574844  73.191719  85.441254  96.764061  106.365158  113.772964  118.566711  119.690475  116.943436  111.404221  102.836563  92.544998  81.114685  69.037498  59.622971  54.450264 
 58.105469  69.558594  83.314529  97.137810  110.203278  121.623749  130.583755  136.802505  138.303589  134.832809  127.890472  117.456726  105.315315  92.109840  78.277031  65.395935  55.988853 
 61.885361  76.580154  92.029846  107.420937  122.068436  135.727036  147.061401  154.656876  156.735001  152.692337  143.757813  130.986099  116.719528  101.746094  86.408592  71.471878  58.916458 
 65.436043  82.039375  98.597969  115.169220  131.715469  147.453598  161.017654  169.817032  171.838287  167.357346  157.434372  142.514221  125.947815  109.513748  92.827034  76.641716  62.226517 
 68.236351  85.379684  102.849846  120.377182  138.151093  155.535461  170.151413  179.063431  181.169525  176.528900  166.044525  150.221405  132.162964  114.426559  97.117500  80.050629  64.450623 
 69.017807  86.377815  104.007965  121.989212  140.128754  158.166245  172.708282  181.728287  183.944839  179.633911  169.897034  153.385162  135.172348  116.791412  98.727188  81.199844  65.276718 
 67.897507  84.882500  102.051247  119.427658  137.256088  154.361557  168.653900  177.775314  179.936096  176.033279  166.354538  149.891098  131.915939  114.177505  96.723122  79.866249  64.433754 
 65.079063  80.947815  97.284218  113.745789  129.990311  145.612976  158.947342  167.610153  169.959839  165.680466  155.865311  141.365005  125.105942  108.805313  92.565315  76.493752  62.215828 
 61.044998  75.242500  90.101097  105.301872  119.433121  132.837036  144.051086  151.625305  153.778595  150.346878  141.655777  129.528275  115.618591  101.185471  86.041718  71.267342  59.097137 
 57.623642  68.434059  81.766876  95.409691  107.815628  118.853439  128.070465  134.045151  135.758118  132.927811  125.739685  115.885315  104.347031  91.616562  77.991875  65.209373  56.304375 
 55.324638  61.876091  71.911095  83.673904  94.754219  104.274841  111.693283  116.418747  117.674530  115.285461  109.673752  101.527657  91.610001  80.437813  68.900002  59.659065  54.794899 
 52.730469  57.035477  62.679642  71.557869  81.039429  89.299217  95.538071  99.371254  100.423912  98.666100  94.109169  87.355782  78.626663  69.129486  60.524170  56.005722  52.480316 
 } 
 B Channel
 {
 34.298233  37.869480  42.086094  48.798439  55.293953  60.849739  65.033020  67.502182  68.240372  67.096146  64.388283  59.745049  53.847923  47.103592  40.761719  37.065468  34.794636 
 36.783226  41.862812  49.405472  57.768440  65.418121  71.854530  76.744690  79.790939  80.541405  78.909065  75.630157  70.251091  63.342499  55.586716  47.194843  40.503593  37.293800 
 38.699791  46.743126  56.336090  65.896561  74.647034  82.192497  88.161407  91.984062  92.814377  90.842033  86.577347  80.034843  72.094376  63.369217  53.764374  44.795937  38.906353 
 41.295208  51.569374  62.280312  72.776878  82.705780  91.721405  98.994217  104.050003  105.214996  102.699066  97.027657  88.827499  79.623909  69.752190  59.456253  49.092659  41.061195 
 43.847656  55.100784  66.550629  77.737968  88.845001  99.357033  108.174843  113.835159  115.325943  112.371246  105.998596  96.393753  85.591408  74.869530  63.675468  52.740158  43.560780 
 45.615940  57.313438  69.214996  80.938438  92.756874  104.424377  114.202820  119.889069  121.237808  118.562347  111.804840  101.378128  89.660469  78.003593  66.414375  54.979691  45.149689 
 46.081150  57.985313  69.891090  81.833908  93.938438  105.696251  115.563904  121.402039  123.005005  120.403442  114.190308  103.347191  91.385780  79.609222  67.561722  55.714996  45.500835 
 45.356098  56.781715  68.620003  80.311874  91.957657  103.221252  112.813751  118.787506  120.355621  118.086090  112.032654  101.531563  89.704063  78.088280  66.325783  54.928436  44.959686 
 43.334999  54.276253  65.460472  76.558594  87.406403  97.720940  106.436722  112.153595  113.741409  111.320625  105.132660  95.910309  85.363594  74.709534  63.617340  52.683907  43.382450 
 40.598961  50.254372  60.621719  70.964691  80.529373  89.385941  96.845467  101.702660  103.099686  101.262970  95.917343  88.224998  79.042816  69.625313  59.279373  48.984222  41.083176 
 37.998856  45.604687  54.831566  64.327812  72.863434  80.323906  86.351097  90.214531  91.402191  89.764374  85.598595  79.319374  71.641563  63.044533  53.582657  44.646252  38.954582 
 36.578594  41.142967  48.249062  56.464691  64.187500  70.735626  75.755783  78.843750  79.628593  78.276878  74.851250  69.728592  63.079842  55.350159  47.105469  40.595314  37.825310 
 35.012341  38.514427  42.584480  49.234688  56.163330  61.785622  66.259743  68.765419  69.585892  68.443542  65.557495  61.085464  54.970467  48.129524  41.927761  38.538231  36.730732 
 } 


 White Balance Data with optical Center Data
 r_center_x =  619 r_center_y =  478 
 gr_center_x =  651 gr_center_y =  488 
 b_center_x =  613 b_center_y =  484 
 gb_center_x =  651 gb_center_y =  493 
 r/gr 0.609612 
 b/gr 0.668133 
 gb/gr 1.001202 
 r_oc_ave 112.688889 
 b_oc_ave 123.506668 
 gr_oc_ave 184.853333 
 gb_oc_ave 185.075562 

 [AWB]
 RGr =  0.609612 
 BGr =  0.668133 
 GbGr =  1.001202 
 r_oc_ave =  112.688889 
 b_oc_ave =  123.506668 
 gr_oc_ave =  184.853333 
 gb_oc_ave =  185.075562 