 LEFT LENS SHADING DATA
 RED Channel
 {
 27.343128  29.736042  33.013229  38.869324  45.106358  50.663696  54.840309  57.443283  58.272400  57.006042  54.174583  49.649017  44.178280  38.315731  32.697556  29.464424  27.509846 
 29.136456  32.915627  39.262814  47.022030  54.265938  60.597656  65.684059  68.977654  69.885315  68.234375  64.793747  59.437965  52.866409  45.761562  38.288593  32.272968  29.142342 
 30.420521  37.009689  45.535156  54.373749  62.659843  70.152657  76.304062  80.551247  81.806877  79.799217  75.295784  68.643280  60.956566  52.861565  44.154842  36.066719  30.319008 
 32.788490  41.522030  51.201721  61.035782  70.314529  79.187187  86.883904  92.216248  93.830002  91.222504  85.509842  77.290466  68.210938  58.929535  49.476097  40.191563  32.281982 
 35.424950  45.135155  55.566559  66.193283  76.883591  87.044846  96.094376  102.322655  104.039215  101.015778  94.508904  84.889999  74.339691  63.942810  53.538597  43.522968  34.545677 
 37.243073  47.624531  58.396408  69.714996  81.434845  92.802971  102.712189  108.940468  110.579842  107.738747  100.619690  90.212654  78.582970  67.243279  56.204376  45.719532  35.989738 
 37.734947  48.588905  59.517502  71.132347  83.143280  95.044533  105.136253  111.265625  112.913284  110.128281  103.543594  92.661873  80.607811  68.873283  57.505470  46.515469  36.589428 
 37.132603  47.813438  58.777344  69.786247  81.311249  92.897972  102.777344  108.973747  110.623283  107.803284  101.125626  90.411720  78.569061  67.247345  56.393440  45.838436  36.256355 
 35.477394  45.452812  55.916718  66.501877  76.952347  87.328903  96.432030  102.426872  104.188278  101.176407  94.404373  84.959846  74.282967  64.047340  53.801720  43.830002  34.678753 
 33.171871  41.883125  51.515625  61.298904  70.471718  79.284378  86.981094  92.200157  93.642654  91.266716  85.412033  77.390938  68.291405  59.182030  49.677345  40.412968  32.534843 
 31.058544  37.658127  46.237030  55.096252  63.274063  70.466095  76.559532  80.810623  82.096718  79.999535  75.376717  68.799217  61.258904  53.188438  44.545780  36.449844  30.573383 
 29.746246  33.722500  40.156876  47.860313  55.123749  61.222656  66.104843  69.279373  70.263435  68.775314  65.154686  59.838127  53.367035  46.257187  38.738438  32.620781  29.416405 
 28.491665  30.751663  34.378124  40.336979  46.503338  51.713280  55.737556  58.247704  58.949684  58.021561  55.206772  50.771042  45.153072  39.001354  33.293854  29.947655  28.008907 
 } 
 GR Channel
 {
 51.682549  56.264633  61.718178  70.883850  80.458801  88.957397  95.265312  99.105934  100.652756  98.692184  94.517494  87.768646  79.513695  70.401245  61.392914  56.230888  52.775055 
 55.247551  61.792343  71.846718  83.680939  94.998596  104.746559  112.404068  117.418442  118.720474  116.608444  111.591248  103.517815  93.613907  82.562500  70.903748  61.247345  55.902962 
 57.751984  68.505310  81.762970  95.370316  108.283127  119.660156  129.089844  135.383438  137.372818  134.448914  127.790939  117.963120  106.207809  93.543282  80.144844  67.329842  57.855049 
 61.562866  75.443909  90.423279  105.439064  119.883743  133.491562  145.213745  153.183289  155.630783  152.013596  143.876404  131.627350  117.558441  103.168907  88.484528  73.794060  61.037399 
 65.613693  80.936409  97.042816  113.332809  129.705475  145.534683  159.405151  168.513901  171.207031  167.067337  157.660004  143.367035  127.045151  111.020935  94.885780  79.263908  64.879944 
 68.469429  84.911720  101.348122  118.725937  136.623123  154.320938  169.204681  178.564682  180.981400  177.054993  167.170624  151.567337  133.744217  116.312027  99.213593  82.807968  67.316933 
 69.354530  86.333908  103.108597  120.840317  139.243118  157.556244  172.753128  181.915161  184.337494  180.760468  171.619995  155.457504  137.122345  119.212967  101.333595  84.142967  68.426926 
 68.336876  85.051872  101.779373  118.673126  136.592499  154.377029  169.371719  178.733902  181.248123  177.464218  168.343903  152.357498  134.065002  116.527039  99.534843  83.034691  67.644272 
 65.772446  81.491409  97.490623  113.740005  130.043274  146.254059  160.270935  169.307037  171.968903  167.977188  158.312805  143.899368  127.414368  111.495316  95.520470  79.746246  65.256660 
 62.123276  76.023903  90.841560  105.900154  120.231094  133.922653  145.911255  153.864685  156.091400  152.859528  144.281097  132.245941  118.085632  103.896408  89.090309  74.432343  61.567558 
 58.584267  69.580940  82.850159  96.422813  109.118126  120.203751  129.801880  136.382813  138.337967  135.463745  128.601410  118.775940  106.997185  94.451408  80.936722  68.068909  58.489532 
 56.425774  63.207657  73.406876  85.206879  96.420158  105.884377  113.396255  118.270157  120.000305  117.767975  112.268280  104.382813  94.442657  83.378441  71.649063  61.856720  56.665260 
 53.525780  58.137032  63.896461  73.284790  82.787445  90.888123  97.101250  100.914536  102.041565  100.546928  96.388069  89.696144  81.244110  71.637192  62.589485  57.424431  54.029427 
 } 
 GB Channel
 {
 52.578384  56.907547  62.316719  71.765419  81.548599  90.006874  96.648544  100.641457  102.100990  100.237556  95.754738  88.934425  80.231354  70.752243  61.890945  56.621925  53.105675 
 55.979637  62.324844  72.572342  84.669998  96.115471  106.014374  113.785629  118.893127  120.309525  117.947342  112.644531  104.506721  94.294685  83.034531  71.154686  61.435471  56.126091 
 58.006195  68.847656  82.415627  96.337189  109.344688  120.874695  130.454681  136.697815  138.702347  135.700470  128.999847  118.911560  106.854530  94.008278  80.356560  67.349686  57.847183 
 61.727608  75.799690  91.172340  106.409531  121.061249  134.881409  146.527969  154.675476  157.028900  153.425003  144.951874  132.447342  118.277191  103.578751  88.526253  73.628754  60.798332 
 65.665047  81.182343  97.564377  114.216095  130.816406  146.680786  160.559067  169.871246  172.573288  168.324692  158.781097  144.240631  127.544220  111.329376  94.939377  79.007965  64.364014 
 68.218224  84.932816  101.654686  119.247192  137.190628  154.994537  170.037186  179.338440  181.924225  177.922806  167.849686  152.076874  134.173599  116.430939  99.143593  82.481407  66.805779 
 68.948647  86.344063  103.177971  121.159851  139.615784  157.819214  173.054382  182.188751  184.807190  181.147659  171.871567  155.672806  137.118118  118.965149  101.002342  83.580627  67.678535 
 67.973183  84.934219  101.882965  118.890152  136.739212  154.567810  169.345001  178.858902  181.575150  177.624069  168.389374  152.369690  134.011246  116.275620  99.210785  82.482498  66.753334 
 65.299477  81.246559  97.443748  113.698746  129.960938  146.234848  160.011871  169.141876  171.924530  167.852036  158.071243  143.801254  127.259842  111.035622  95.089531  79.217186  64.465103 
 61.738228  75.744064  90.734840  105.845627  120.004532  133.630463  145.461563  153.378433  155.610779  152.299377  143.877975  131.788757  117.737503  103.419846  88.601250  73.872971  61.021507 
 58.328964  69.340622  82.630157  96.282501  108.799065  119.787338  129.260788  135.719849  137.733902  134.765625  127.852661  118.128601  106.503754  93.954063  80.445160  67.506721  58.101929 
 56.235107  62.930939  73.156563  85.016090  96.190315  105.528908  112.927811  117.910934  119.565475  117.270462  111.768440  103.804062  93.938438  83.007813  71.143593  61.411560  56.334068 
 53.674683  57.920105  63.744064  72.866302  82.549896  90.499115  96.794899  100.472603  101.766090  100.156090  95.855934  89.167809  80.696770  71.011986  62.187546  56.984062  53.983643 
 } 
 B Channel
 {
 34.561512  37.498177  41.389374  47.845631  54.755051  60.633125  65.091087  67.704430  68.568489  67.289375  64.314896  59.886932  53.942604  47.417400  41.161926  37.466404  35.453491 
 37.077763  41.537968  48.531876  56.851875  64.673592  71.344376  76.624222  79.917969  80.799530  79.196877  75.920311  70.416718  63.602188  55.919060  47.679218  41.047031  37.840992 
 38.920727  46.324062  55.579376  65.048279  73.748436  81.442657  87.772499  91.866249  93.078751  91.219688  87.044846  80.427345  72.438591  63.685471  54.339066  45.489220  39.481091 
 41.717289  51.185623  61.582809  71.978439  81.708595  90.689377  98.515472  103.715782  105.269218  102.989998  97.699066  89.379845  80.089531  70.275314  60.088593  50.067345  41.982136 
 44.330887  55.042343  66.125313  77.174690  88.095314  98.486092  107.484375  113.627350  115.447342  112.843903  106.720154  97.206406  86.281715  75.423439  64.328278  53.678749  44.483334 
 46.056297  57.536095  68.922028  80.493439  92.344688  103.823593  113.531723  119.690628  121.406876  119.013901  112.519531  102.249062  90.423126  78.648903  67.039841  56.071877  46.231453 
 46.664326  58.363281  69.824532  81.648438  93.695465  105.575623  115.430161  121.432968  123.234070  120.917816  114.944061  104.210312  92.081879  80.334999  68.362968  56.844841  46.827557 
 46.014687  57.419685  68.935783  80.245003  91.891251  103.467659  113.182037  119.154373  120.937973  118.609070  112.695618  102.351875  90.356560  78.710312  67.130783  56.000626  46.236038 
 44.218750  55.059998  66.123596  77.029533  87.658127  98.082031  107.097031  113.020630  114.700775  112.264221  106.040314  96.889374  86.059998  75.425781  64.489220  53.937653  44.716614 
 41.543747  51.175003  61.594215  71.720467  81.096092  89.977341  97.513748  102.661407  104.020470  102.099060  96.829216  89.089996  79.881248  70.259689  60.167503  50.260002  42.085415 
 39.033905  46.672031  56.008278  65.404060  73.828278  81.033592  87.032028  91.195000  92.429222  90.674065  86.486252  80.106247  72.448280  63.968597  54.554222  45.868752  39.839581 
 37.379845  42.187969  49.348907  57.699684  65.312965  71.538437  76.409065  79.432503  80.489372  79.219841  75.787186  70.576248  63.969215  56.368904  48.015312  41.311718  38.393593 
 35.932343  39.286926  43.544113  50.213440  57.026924  62.505936  66.795319  69.184998  69.950211  69.094635  66.211357  61.782494  55.850677  49.079536  42.401146  38.824844  37.185257 
 } 


 White Balance Data with optical Center Data
 r_center_x =  635 r_center_y =  486 
 gr_center_x =  636 gr_center_y =  468 
 b_center_x =  631 b_center_y =  490 
 gb_center_x =  619 gb_center_y =  479 
 r/gr 0.612596 
 b/gr 0.667796 
 gb/gr 1.001225 
 r_oc_ave 113.346664 
 b_oc_ave 123.559998 
 gr_oc_ave 185.026672 
 gb_oc_ave 185.253326 

 [AWB]
 RGr =  0.612596 
 BGr =  0.667796 
 GbGr =  1.001225 
 r_oc_ave =  113.346664 
 b_oc_ave =  123.559998 
 gr_oc_ave =  185.026672 
 gb_oc_ave =  185.253326 