 LEFT LENS SHADING DATA
 RED Channel
 {
 37.066299  40.905884  45.190418  52.683128  60.911766  68.344528  74.168495  77.661148  78.654327  77.125732  73.344223  67.221565  59.649330  51.637650  44.002392  39.524426  36.313179 
 39.251720  44.188595  52.072502  62.140625  72.039688  80.773903  87.853279  92.559059  93.978279  91.811562  86.918594  79.557816  70.440781  60.793282  50.830315  42.645470  38.368176 
 40.882813  49.040314  59.920471  71.793121  82.993591  93.635941  102.623123  108.714218  110.611877  107.985001  101.532654  92.176247  81.220779  70.004684  58.279533  47.472656  39.859951 
 43.598492  54.555779  67.437187  80.607811  93.735779  106.409218  117.599533  125.502182  128.292191  124.746399  116.725632  104.897499  91.617340  78.393127  65.250626  52.695313  42.469894 
 46.192608  59.083435  73.300316  87.883591  102.817345  117.689529  131.147812  140.161713  143.406723  139.690475  130.131088  116.281250  100.689377  85.425156  70.741249  57.029533  45.241825 
 48.383125  62.169373  76.861565  92.552032  108.945000  125.503433  140.195786  150.002350  153.637650  149.678131  139.710632  124.224838  106.806877  90.178909  74.414688  60.152496  47.487499 
 49.172035  63.280159  78.278748  94.287186  111.400002  128.669525  143.872498  153.687027  157.090469  153.341568  143.609375  127.632660  109.815941  92.736404  76.176872  61.261093  48.127129 
 48.456299  62.211090  77.074219  92.592812  109.057503  125.758118  140.567810  150.350311  153.591568  149.795151  140.200943  124.867188  107.033752  90.586090  74.754845  60.339218  47.679428 
 46.395519  59.213440  73.297653  87.834846  102.866562  117.883591  131.287659  140.476563  143.547501  139.742966  130.309998  116.405319  100.831718  86.015938  71.291878  57.614220  46.036095 
 43.475155  54.624535  67.377655  80.610001  93.848747  106.359375  117.516403  125.311401  127.965469  124.896713  116.762344  105.055000  91.839218  78.680939  65.596092  53.332344  43.102135 
 41.012814  49.321564  60.318748  72.136566  83.583908  94.046562  103.048592  108.934685  111.032188  108.384377  101.815468  92.331253  81.629684  70.288124  58.756248  48.066254  40.084995 
 39.483490  44.420780  52.609062  62.663597  72.461250  81.113594  88.255310  92.643280  94.141563  92.164688  87.088280  79.637032  70.704689  61.150467  50.908592  42.828125  38.108959 
 37.143906  40.603073  45.106976  52.604218  60.598335  67.840889  73.064484  76.488495  77.658226  76.432182  72.420990  66.378067  59.203438  50.815262  42.792137  38.641041  35.740627 
 } 
 GR Channel
 {
 48.353859  54.487190  60.144943  68.763229  77.969421  85.928650  92.327339  95.994225  97.404320  95.464897  91.394066  84.974899  76.705986  67.493378  58.659630  53.024734  48.493080 
 52.453438  59.160934  68.618904  80.276566  91.172966  100.572815  108.009216  113.054840  114.687027  112.322815  107.142815  99.304062  89.248283  78.538597  67.162346  57.410782  51.768906 
 55.088432  65.282188  78.023750  91.356247  103.737816  115.173279  124.767975  131.305313  133.409378  130.645782  123.679062  113.657806  101.671410  89.300629  76.162033  63.424377  54.009789 
 58.777237  72.123283  86.936249  101.521561  115.928131  129.683899  141.826248  150.432495  153.185623  149.496094  140.826721  128.145782  113.521088  99.084999  84.307030  69.858749  57.281258 
 62.157135  77.614845  93.512032  109.410782  125.624847  142.001099  156.788589  166.694534  170.168442  166.176407  155.949692  140.749527  123.572037  107.062035  90.730003  75.125626  60.824379 
 64.966614  81.258904  97.860779  114.846558  132.525162  150.649689  166.827026  177.770309  181.547653  177.569382  166.863129  150.077652  130.757187  112.628906  95.245781  78.924065  63.612816 
 66.112236  82.754532  99.601875  117.024536  135.309998  154.282974  171.064056  181.894684  185.558289  181.678131  171.507187  154.170624  134.595154  115.823120  97.568436  80.404846  64.758385 
 65.068336  81.428749  98.225159  115.013123  132.769058  150.968597  167.476868  178.392349  181.869843  177.855164  167.752808  151.128754  131.148132  113.029068  95.602188  79.113281  63.940987 
 62.488647  77.916565  93.929840  109.832970  126.005310  142.366089  157.016403  167.549377  171.027191  167.174683  156.856247  141.492035  124.130310  107.839996  91.464996  75.774063  61.790726 
 58.659630  72.289841  87.087967  101.892029  116.037811  129.641251  141.662964  150.439682  153.604065  150.266251  141.491089  128.627808  114.072968  99.609222  84.910782  70.600471  58.005676 
 55.363594  65.946716  78.962502  92.361404  104.961563  115.947968  125.418274  132.019836  134.444061  131.697815  124.491409  114.371872  102.488129  90.002342  76.875938  64.129532  54.234734 
 52.737503  59.788750  69.651878  81.302185  92.442970  101.723595  109.059998  113.783600  115.487183  113.305161  107.825783  99.915154  90.133438  79.262657  67.490471  57.669060  51.503227 
 49.032089  54.436668  60.151459  69.025940  78.300262  86.287552  91.892494  95.477547  96.648018  95.301613  90.909737  84.604950  76.250107  66.993698  57.255264  52.071983  47.985313 
 } 
 GB Channel
 {
 49.205467  55.159637  60.944946  69.891815  79.559326  88.079163  94.754890  98.842918  100.374214  98.293541  93.786613  86.934845  78.066452  68.245468  58.985832  53.102234  48.569733 
 52.787971  59.526093  69.275154  81.312035  92.649529  102.561249  110.441559  115.903748  117.612350  115.051880  109.413910  101.007965  90.445625  79.052345  67.172501  57.153282  51.381821 
 54.801353  65.209686  78.237968  92.054222  104.910934  116.873276  126.803757  133.724533  135.892502  133.132507  125.695465  115.046875  102.496094  89.556404  75.852028  62.860779  53.278496 
 58.094894  71.707809  86.732498  101.733749  116.578125  130.773911  143.521255  152.350311  155.462189  151.581406  142.447968  129.003128  113.913284  98.848907  83.663750  68.858597  56.198380 
 61.196404  76.739532  92.867653  109.064064  125.845001  142.555466  157.794067  168.085312  171.626724  167.572662  156.896881  141.204056  123.451248  106.400627  89.691093  73.657028  59.409744 
 63.511612  79.985153  96.703751  113.914688  132.037506  150.695938  167.052811  178.238434  182.295319  178.152344  167.097504  149.942810  130.201401  111.476563  93.781403  77.240471  61.988174 
 64.282188  81.085938  98.160004  115.634216  134.276566  153.525467  170.563904  181.769836  185.551254  181.651871  171.101257  153.513123  133.599213  114.341248  95.718285  78.471718  62.845680 
 63.406303  79.842346  96.562187  113.626251  131.615936  149.994217  166.695618  177.942810  181.677963  177.490158  167.089844  150.218597  130.033127  111.484528  93.864532  77.177498  62.095001 
 60.849533  76.336403  92.401093  108.450310  124.769684  141.349838  156.280472  166.909851  170.514374  166.559219  156.069839  140.570618  122.905472  106.278908  89.708122  73.991562  59.878647 
 57.253334  71.052498  85.925781  100.832344  115.127350  128.762344  140.921875  149.895004  153.103745  149.735779  140.672974  127.662659  112.865936  98.215935  83.303284  69.034691  56.386353 
 54.271713  64.888596  77.927971  91.482185  104.122345  115.348282  124.929214  131.652817  134.039536  131.275314  123.906250  113.643127  101.629532  88.890938  75.591873  62.729218  53.041512 
 52.110207  58.944374  68.993126  80.769531  92.003593  101.390312  108.900002  113.870789  115.472809  113.358902  107.582344  99.420937  89.403435  78.411095  66.558594  56.676407  50.489525 
 48.608536  54.054382  59.753540  68.835991  78.359215  86.551567  92.191254  95.965149  97.417397  95.763695  91.437134  84.705940  76.201775  66.666718  56.819633  51.342033  47.239529 
 } 
 B Channel
 {
 18.505314  21.199894  24.028229  28.457134  33.144688  37.294689  40.417030  42.086353  42.639530  41.701092  39.527500  36.382553  32.224167  27.574116  23.071198  20.450680  18.578594 
 20.412399  23.676563  28.556564  34.457344  40.068436  44.698437  48.213905  50.519684  51.186409  49.969215  47.392502  43.542343  38.612499  33.128906  27.407658  22.889217  20.530678 
 21.367496  26.500000  32.999374  39.789532  45.958126  51.448128  55.846092  58.675468  59.565315  58.110939  54.900940  50.098434  44.269375  38.199844  31.630936  25.782188  21.681770 
 22.896046  29.506874  36.884064  44.143280  51.126717  57.488434  62.980003  66.695313  67.880157  66.123123  62.067810  56.089531  49.279999  42.289688  35.202030  28.575314  23.046562 
 24.388336  31.826248  39.742344  47.412342  55.033127  62.487503  68.996719  73.180153  74.508904  72.667816  67.968750  61.079063  53.158752  45.427967  37.757187  30.693436  24.413437 
 25.389324  33.330780  41.350311  49.474998  57.572968  65.745155  72.667503  77.272499  78.620155  76.822815  72.064064  64.525154  55.787811  47.388283  39.409531  32.188908  25.544529 
 25.838177  33.766720  41.873592  50.095001  58.401405  66.781715  74.008751  78.407967  79.886719  78.046562  73.492653  65.765472  57.072815  48.535622  40.222969  32.682186  25.874268 
 25.328178  33.111717  41.137814  49.096718  57.209999  65.299377  72.428123  76.858284  78.190002  76.333282  71.854378  64.537971  55.635468  47.395782  39.377342  32.141876  25.555206 
 24.005260  31.420467  39.127655  46.674061  54.172501  61.526405  68.021248  72.327972  73.600937  71.815468  67.270470  60.491875  52.658905  45.149845  37.632969  30.736717  24.662346 
 22.355312  28.850311  36.051250  43.084373  49.842186  56.001091  61.252029  64.914688  66.049377  64.515625  60.650002  54.827499  48.260002  41.549061  34.657658  28.403751  22.908333 
 20.842190  25.992188  32.281250  38.763748  44.723751  49.849060  54.142815  56.872658  57.647346  56.395470  53.142967  48.582970  43.129063  37.228283  30.986561  25.340782  21.066822 
 19.844532  23.076405  27.931564  33.626877  38.858437  43.247501  46.631874  48.711876  49.288597  48.260155  45.751408  41.927032  37.332500  32.146252  26.534374  22.081875  19.429375 
 18.329533  20.578697  23.366978  27.748959  32.275936  36.014999  38.751457  40.429790  40.966717  40.059532  38.113281  35.113071  31.042084  26.347916  21.569790  19.270210  17.606873 
 } 


 White Balance Data with optical Center Data
 r_center_x =  643 r_center_y =  474 
 gr_center_x =  648 gr_center_y =  487 
 b_center_x =  643 b_center_y =  483 
 gb_center_x =  655 gb_center_y =  496 
 r/gr 0.846944 
 b/gr 0.430707 
 gb/gr 1.000597 
 r_oc_ave 157.644440 
 b_oc_ave 80.168892 
 gr_oc_ave 186.133331 
 gb_oc_ave 186.244446 

 [AWB]
 RGr =  0.846944 
 BGr =  0.430707 
 GbGr =  1.000597 
 r_oc_ave =  157.644440 
 b_oc_ave =  80.168892 
 gr_oc_ave =  186.133331 
 gb_oc_ave =  186.244446 