 LEFT LENS SHADING DATA
 RED Channel
 {
 26.730522  29.197186  33.023907  39.046722  45.096928  50.352913  54.458748  56.725105  57.410004  56.269112  53.317818  48.925423  43.377502  37.389736  32.004375  28.759533  27.102867 
 28.634686  32.718437  39.354530  47.068592  54.226715  60.471252  65.421249  68.679688  69.406250  67.721405  64.061562  58.516251  52.000000  44.778282  37.414375  31.506405  28.571617 
 30.407085  37.082500  45.624687  54.541565  62.848122  70.367500  76.556717  80.680313  81.808746  79.510315  74.772034  67.873749  60.039528  51.732346  43.161251  35.223595  29.686302 
 32.967186  41.750938  51.316254  61.142654  70.761253  79.837502  87.583282  92.723747  94.190155  91.315155  85.195000  76.640312  67.293121  57.895470  48.386253  39.186562  31.560726 
 35.448647  45.499062  55.883904  66.495941  77.548126  87.927658  97.104843  102.949684  104.484688  101.222343  94.278748  84.281097  73.414215  62.839531  52.425781  42.413906  33.624535 
 37.158958  47.980625  58.928596  70.231407  82.088127  93.817657  103.686722  109.719841  111.042030  107.915779  100.530937  89.697342  77.674377  66.156250  55.064217  44.577030  35.184326 
 37.910366  48.753906  60.056404  71.927658  83.909218  95.944847  105.885315  111.870003  113.216721  110.223434  103.373283  92.134377  79.817810  67.933594  56.388123  45.415627  35.667290 
 37.259846  47.956718  59.004845  70.480934  82.181717  93.551094  103.297340  109.417656  110.792816  107.783440  100.802811  89.751404  77.738129  66.386566  55.277344  44.642033  35.135574 
 35.763748  45.646252  56.102814  66.941719  77.712967  87.925468  96.806252  102.502968  103.971565  100.909378  93.962189  84.178749  73.601410  63.130310  52.727188  42.629063  33.816978 
 33.203175  42.044220  51.629532  61.459221  70.964691  79.722191  87.155472  92.109062  93.254372  90.724846  84.835625  76.710312  67.455780  58.264221  48.621559  39.321564  31.786560 
 31.075520  37.753437  46.257030  55.079376  63.395935  70.782501  76.853279  80.643593  81.690002  79.599060  74.788597  68.169533  60.479691  52.168747  43.547970  35.597969  30.164845 
 29.781826  33.707031  40.099533  47.724220  55.043747  61.308907  66.224533  69.252815  69.994690  68.394379  64.618591  59.102341  52.557503  45.313282  37.798752  32.129688  29.413437 
 28.390991  31.055157  34.334320  40.237759  46.435837  51.682449  56.031410  58.355316  58.891357  57.591461  54.609222  49.998802  44.460835  38.245575  32.881668  30.036354  28.209274 
 } 
 GR Channel
 {
 52.361557  56.741982  62.691460  72.221878  81.401512  89.663170  95.803024  99.599426  100.632133  98.989525  94.662605  88.124794  79.570724  70.272446  61.581879  56.567863  53.623283 
 55.806984  62.622810  73.059372  85.066872  96.232971  105.780472  113.380936  118.195465  119.573593  117.266403  111.950935  103.656876  93.620316  82.386406  70.663124  61.255157  56.286613 
 58.632393  69.687813  83.068596  96.568596  109.481407  121.180466  130.670624  137.037186  138.896561  135.761566  128.772339  118.456879  106.239220  93.267967  79.820778  67.103127  57.815201 
 62.953018  76.828438  91.771873  106.699844  121.635162  135.817963  147.907501  155.893600  158.201874  154.270630  145.393600  132.341873  117.800934  103.017189  88.130310  73.451721  60.966515 
 66.887657  82.594528  98.497971  114.776871  131.864532  148.109848  162.504532  171.527039  173.937347  169.644058  159.502808  144.303589  127.459839  110.863594  94.497658  78.712814  64.439064 
 69.757912  86.371246  103.186562  120.352188  138.746719  157.043900  172.269058  181.399689  183.684845  179.453598  169.003601  152.599060  134.147186  116.038132  98.743591  82.190781  66.717659 
 70.688286  87.541405  104.934845  122.924530  141.356720  160.202499  175.610626  184.639694  186.794220  182.877182  173.325470  156.536880  137.495621  118.914536  100.849686  83.464996  67.696251 
 69.604431  86.344215  103.270309  120.769226  138.832031  156.559067  171.744537  180.990631  183.030151  179.057190  169.421875  152.862030  134.102966  116.195313  98.870781  82.083748  66.737503 
 67.018181  82.612968  98.710159  115.333282  132.003128  148.095474  161.776718  170.647186  173.092651  168.997192  158.862503  144.037186  127.247345  110.723747  94.661720  78.847504  64.388756 
 63.013069  76.984528  91.829216  107.029686  121.666718  135.558899  147.055466  154.525620  156.711243  153.272507  144.477188  132.085159  117.554535  102.993752  88.068748  73.456253  61.175003 
 59.549637  70.363594  83.707809  97.216248  110.159531  121.579376  131.074066  136.912811  138.532349  135.587036  128.385788  118.308899  106.539528  93.442497  79.950157  67.411095  58.585892 
 57.093384  63.926094  74.013908  85.827972  97.160156  106.794060  114.415787  119.171249  120.309525  117.738281  112.071564  103.876404  93.818748  82.504997  70.769218  61.684532  57.106827 
 54.156296  59.199219  64.802032  73.974426  83.565788  91.822815  98.245987  101.937912  102.718071  100.998497  96.348640  89.450371  80.980003  71.219589  62.630676  58.232658  54.780991 
 } 
 GB Channel
 {
 53.329117  57.376198  63.590935  73.155159  82.710007  90.997398  97.365364  101.123848  102.208229  100.385574  95.725525  88.890732  80.253799  70.621765  61.804893  56.811203  53.923698 
 56.408699  63.267654  73.853439  86.232033  97.478752  107.299065  114.992661  119.927185  121.144058  118.570786  112.955933  104.397812  94.142342  82.684685  70.824066  61.171410  56.427856 
 59.179062  70.295311  83.960785  97.797028  110.877190  122.669373  132.295776  138.558289  140.499069  137.000153  129.795151  119.134369  106.766090  93.562965  79.771721  66.916252  57.556664 
 63.152603  77.405937  92.637032  107.936874  123.037964  137.312805  149.389694  157.438431  159.640625  155.551254  146.300934  132.977036  118.168121  103.122810  87.937035  73.075157  60.591614 
 67.060371  82.955154  99.195778  115.921722  133.102493  149.466873  163.757187  172.749222  175.208130  170.525940  160.175156  144.823120  127.637650  110.781250  94.192970  78.092659  63.917450 
 69.574585  86.629997  103.715469  121.181564  139.671722  157.936096  172.915314  182.171249  184.391876  180.015778  169.297180  152.726868  133.885788  115.636246  98.113129  81.419220  65.881927 
 70.390625  87.609375  105.327347  123.381088  141.867813  160.573120  175.817657  184.745316  187.024841  182.845154  173.047653  156.104538  136.937347  118.219223  99.958908  82.510155  66.825775 
 69.288071  86.259529  103.431091  121.051254  139.017502  156.508438  171.715469  180.960159  182.974380  178.828598  169.108444  152.425629  133.481567  115.377808  98.034843  81.144218  65.739006 
 66.719528  82.671410  98.932343  115.552811  132.260468  148.085632  161.645309  170.464371  172.753601  168.383743  158.341568  143.395462  126.592819  110.079216  93.769531  77.935783  63.587662 
 62.750099  76.925934  91.885002  107.009842  121.642349  135.297653  146.588913  154.152039  156.085159  152.581253  143.643753  131.320618  116.810776  102.198128  87.269218  72.532188  60.413017 
 59.276558  70.252815  83.606560  97.118904  109.905785  121.147812  130.567032  136.314056  137.790939  134.647964  127.517654  117.448288  105.687813  92.674843  79.125313  66.614059  57.969063 
 57.135315  63.792816  73.917656  85.685158  96.899529  106.484528  113.954376  118.537811  119.651871  117.044373  111.314217  103.096252  93.083595  81.798439  70.156715  61.018127  56.581047 
 54.351563  59.170723  64.578697  73.819107  83.312653  91.238495  97.731453  101.462395  102.497704  100.456879  95.629837  88.718330  80.281715  70.540939  61.910263  57.557289  54.425629 
 } 
 B Channel
 {
 35.094009  38.033176  42.294632  49.021774  55.607239  61.341095  65.595001  68.148544  68.824577  67.803123  64.956200  60.557503  54.497345  47.717976  41.306721  37.749531  36.133698 
 37.459011  42.212967  49.671097  58.190941  65.894531  72.439217  77.492500  80.631874  81.481247  80.044373  76.613907  71.117500  64.176720  56.141090  47.817345  41.061405  38.114948 
 39.491196  47.321407  56.860001  66.505783  75.415627  83.117813  89.258278  93.236404  94.459373  92.393127  88.055939  81.331879  73.161247  64.074844  54.481407  45.486252  39.581665 
 42.175205  52.330627  63.012657  73.597809  83.801872  93.074066  100.751717  105.768593  107.127029  104.654373  98.988281  90.486565  80.818123  70.762032  60.271873  50.030159  42.097862 
 44.983540  56.214378  67.602188  79.027657  90.540627  101.277344  110.366722  115.985931  117.430939  114.646561  108.188591  98.237816  87.047813  75.906563  64.573906  53.642654  44.328701 
 46.695728  58.661560  70.520470  82.412971  94.683594  106.746094  116.555618  122.329849  123.640472  120.924225  114.042191  103.289375  91.182816  79.038284  67.220627  55.869690  46.024273 
 47.291878  59.350624  71.464844  83.746407  96.059685  108.428436  118.434692  124.103119  125.478745  122.619995  116.452652  105.365311  92.851715  80.807343  68.557343  56.666878  46.580624 
 46.479473  58.390312  70.294998  82.272499  94.278748  105.943436  115.916870  121.739838  123.170471  120.282501  114.004684  103.247185  90.890160  78.954529  67.108910  55.691254  45.836254 
 44.651302  55.792343  67.277191  78.772972  89.903748  100.411720  109.359375  115.119217  116.497818  113.920776  107.327812  97.610001  86.564529  75.513283  64.289528  53.423752  44.300831 
 41.894741  51.799530  62.462967  73.087029  83.031250  91.966248  99.421875  104.364532  105.626251  103.557030  97.967346  89.743904  80.061249  70.181091  59.771721  49.710159  41.846615 
 39.321564  47.099064  56.644684  66.344376  75.174530  82.708748  88.714066  92.569534  93.646095  91.839844  87.349373  80.656250  72.630310  63.690468  54.131721  45.349377  39.917706 
 37.785156  42.514530  49.861565  58.356560  66.355003  72.989998  77.945778  80.864372  81.558594  80.120003  76.471092  70.965622  63.995003  56.014687  47.594219  41.221561  38.779480 
 36.329323  39.960159  44.246563  51.076141  58.072922  63.881668  68.403076  70.807709  71.347137  70.147079  67.042557  62.248543  56.110001  49.004272  42.641510  39.444893  37.859482 
 } 


 White Balance Data with optical Center Data
 r_center_x =  633 r_center_y =  474 
 gr_center_x =  614 gr_center_y =  482 
 b_center_x =  627 b_center_y =  500 
 gb_center_x =  650 gb_center_y =  470 
 r/gr 0.605489 
 b/gr 0.670226 
 gb/gr 0.999432 
 r_oc_ave 113.648895 
 b_oc_ave 125.800003 
 gr_oc_ave 187.697784 
 gb_oc_ave 187.591110 

 [AWB]
 RGr =  0.605489 
 BGr =  0.670226 
 GbGr =  0.999432 
 r_oc_ave =  113.648895 
 b_oc_ave =  125.800003 
 gr_oc_ave =  187.697784 
 gb_oc_ave =  187.591110 