 LEFT LENS SHADING DATA
 RED Channel
 {
 35.493176  38.803181  43.895836  51.444473  59.303383  66.256721  71.849838  75.172295  76.664635  75.214478  71.294121  65.683861  58.810730  51.117607  44.202290  40.509163  37.991669 
 37.679424  43.160469  51.646248  61.284065  70.529846  78.838593  85.499222  90.209373  91.908592  89.796562  85.256409  78.275940  69.975311  60.748436  51.229378  43.715000  40.173752 
 40.194111  49.068909  59.963753  71.194847  81.822029  91.798126  100.374847  106.356094  108.269844  105.708748  99.557968  90.874374  80.986252  70.422653  59.127815  48.757034  41.627655 
 43.779480  55.145309  67.450783  80.106560  92.544220  104.612343  115.308746  123.057037  125.700623  122.180313  114.301254  103.486252  91.558907  79.221252  66.585785  54.292503  44.252083 
 47.259270  60.153435  73.580780  87.519218  101.814217  116.126877  129.323288  138.357971  141.397659  137.384064  127.965149  114.926086  100.574684  86.436409  72.682968  59.114059  47.104477 
 49.973335  63.650002  77.902657  92.657188  108.703438  125.085938  140.011414  149.514999  152.491882  148.251251  138.202652  123.398590  107.127190  91.819687  76.956566  62.695625  49.618118 
 51.134476  65.185310  79.684998  95.247971  112.112030  129.689377  145.310623  154.755783  157.122192  153.025467  143.549530  127.869217  110.939529  94.824219  79.249222  64.193748  50.666252 
 50.618591  64.540466  78.965935  94.235466  110.521095  127.494064  142.840775  152.232498  154.753281  150.677505  141.266724  125.792343  108.883438  93.114220  78.069687  63.471405  50.217445 
 48.446877  61.569374  75.431404  89.696564  104.694847  119.959839  133.651093  143.005630  145.651093  141.576721  132.032181  118.282806  103.283440  88.854530  74.633278  60.728752  48.550003 
 45.203701  56.988907  69.693436  82.682190  95.959846  108.815002  120.254837  128.184219  130.751556  127.451401  119.392349  107.634064  94.836090  81.874062  68.935783  56.192810  45.674480 
 41.967186  51.295937  62.667191  74.442184  85.836563  96.604843  105.877655  112.225784  114.186569  111.568283  105.109062  95.638283  84.782501  73.379059  61.749062  50.877655  43.281616 
 39.776665  45.621250  54.583748  64.997345  74.872810  83.861252  91.378281  96.250778  97.936722  95.883125  90.618279  82.963753  73.832184  63.939529  53.855469  45.997189  41.651352 
 37.557915  41.058334  46.588337  54.865883  63.244904  70.847496  76.878075  80.734322  81.996086  80.550629  76.433075  70.013336  62.294685  53.867241  45.926510  42.389687  38.965103 
 } 
 GR Channel
 {
 49.029526  54.361206  60.948288  70.142342  79.054893  86.804420  92.683807  96.653641  98.114738  96.273338  92.675468  86.651772  78.707184  69.854324  61.324326  56.282921  51.720833 
 52.669113  60.243904  70.573906  82.002968  92.460312  101.571716  108.802345  113.807816  115.542038  113.307495  108.806091  101.452187  92.364685  81.784531  70.448280  61.092499  55.568329 
 56.054115  67.493904  80.407501  93.145935  105.101097  116.148438  125.468445  131.875305  134.207962  131.357193  125.333130  116.032028  105.180939  93.132034  80.060936  67.351875  58.079788 
 60.595207  74.576874  88.913124  103.036560  116.891403  130.509689  142.261719  150.806870  153.461243  150.203278  142.360779  130.423752  117.148438  103.352501  88.790939  74.167816  61.407402 
 65.052864  80.317657  95.623596  110.985001  126.959686  143.015625  157.504532  167.242035  170.399536  166.747192  157.376099  143.134064  127.199066  111.488281  95.698441  79.799690  65.036354 
 68.177551  84.173592  100.014061  116.300308  133.929214  151.887024  167.803436  178.196869  181.552658  178.127502  168.074524  152.428436  134.469223  117.181564  100.424377  83.935471  67.896927 
 69.721458  86.058128  102.100311  119.147339  137.400940  156.158432  171.960632  182.536880  186.174850  182.961243  173.599213  157.227493  138.711716  120.491882  102.958435  85.551559  69.140732 
 69.151299  85.388596  101.356247  117.910934  135.733597  154.218445  170.115005  180.583130  183.976715  180.617035  171.386246  155.100784  136.101715  118.515625  101.531403  84.635780  68.548073 
 66.743073  82.147034  97.667656  113.260468  129.818283  146.679062  161.463287  171.287506  174.529999  170.916092  161.230621  146.450317  129.821716  113.639694  97.551407  81.464531  66.471825 
 62.508278  76.877655  91.393280  105.563278  120.149841  134.386719  146.815781  154.867340  158.025314  154.993118  147.086243  134.574066  120.505936  106.129219  91.184059  76.225311  63.043236 
 58.673126  70.289375  83.401718  96.421562  109.128281  120.704529  130.432190  136.894836  139.461243  136.956406  130.470154  120.697968  109.119843  96.442497  82.856247  69.619377  59.644371 
 55.388542  63.208122  73.876251  85.713127  96.649689  106.237503  113.917664  118.968597  120.837494  118.909531  113.757660  106.093437  96.315628  85.240311  73.264999  63.292030  56.811409 
 51.434799  56.976883  63.990417  73.589378  82.898438  91.060005  97.290779  101.442139  102.868340  101.178909  96.951195  90.668442  82.508537  72.884056  63.034584  57.995987  52.260162 
 } 
 GB Channel
 {
 49.688332  54.862503  61.643440  71.235985  80.603180  88.763229  95.104637  99.011612  100.665733  98.787758  94.911621  88.544373  80.085983  70.713799  61.889160  56.688957  52.160210 
 52.659996  60.419998  71.099686  82.842033  93.736717  103.221565  110.934845  116.200150  118.126556  115.746719  110.806404  103.050629  93.445778  82.479843  70.791252  61.201874  55.732292 
 55.673180  67.366722  80.595154  93.786247  106.116562  117.581406  127.303284  134.196564  136.608124  133.626877  127.266251  117.532501  106.080002  93.563591  80.155312  67.171410  57.860367 
 59.886299  74.182343  88.749222  103.325783  117.366089  131.449371  143.663437  152.546570  155.551086  152.045944  143.844376  131.510315  117.681244  103.377190  88.454376  73.655937  60.898026 
 63.928596  79.534218  95.047188  110.662811  126.884842  143.131882  157.924530  168.227036  171.760162  167.982346  158.244217  143.600159  127.196869  111.076561  95.048279  78.957031  64.037239 
 66.783699  83.021408  99.010628  115.501251  133.101257  151.096100  167.228287  178.129379  181.696091  178.229218  167.984848  151.946564  133.736099  116.209213  99.224373  82.519531  66.621407 
 68.106255  84.506248  100.626877  117.718124  135.849838  154.578278  170.448593  181.576248  185.555786  182.395782  172.788910  156.211411  137.436249  119.110931  101.368279  84.029373  67.612289 
 67.589432  83.707970  99.560158  116.134995  133.946091  152.215317  168.326874  179.275162  182.865936  179.557816  170.212494  153.615311  134.528900  116.781403  99.730156  82.793434  67.010529 
 64.922401  80.457809  95.985313  111.476875  127.924850  144.708755  159.662506  169.779068  173.277649  169.675003  159.946716  144.965942  128.076721  111.881409  95.693748  79.687347  65.054634 
 61.131195  75.403908  89.784843  103.928749  118.441101  132.506409  145.074371  153.241562  156.614212  153.709381  145.594681  132.976715  118.818756  104.334534  89.394531  74.539063  61.616150 
 57.291718  68.954842  81.973595  95.014374  107.425003  119.027039  128.807968  135.441711  137.766098  135.492493  129.114838  119.139221  107.548439  94.776566  81.217812  68.179375  58.318542 
 54.236145  62.135315  72.743439  84.448753  95.334534  104.895782  112.578125  117.758591  119.554062  117.705002  112.515778  104.709999  95.040314  83.848595  71.925629  62.068909  55.791618 
 50.552399  55.855736  62.917183  72.572083  81.880989  90.168068  96.453957  100.571304  102.084480  100.727501  96.320992  89.969582  81.415733  71.745880  61.999367  56.936615  51.447868 
 } 
 B Channel
 {
 16.590210  18.875626  22.052914  26.510883  30.877033  34.548908  37.351768  38.906979  39.483543  38.796093  37.090832  34.363747  30.457291  26.083488  22.104324  19.651615  18.477863 
 17.825626  21.386875  26.303749  31.668594  36.640156  40.828281  43.968437  45.917812  46.603127  45.750469  43.751251  40.403751  36.106876  31.218281  25.864532  21.581406  19.883698 
 19.509274  24.712189  30.832500  36.864689  42.341564  47.185780  51.012810  53.581566  54.536407  53.466095  50.752190  46.682812  41.746563  36.305157  30.309689  24.502499  20.980003 
 21.583542  28.098125  34.820156  41.340782  47.476406  53.194221  58.014374  61.468597  62.662346  61.273750  57.836250  52.589066  46.823437  40.760780  34.225624  27.609062  22.564064 
 23.550991  30.659531  37.825470  44.799686  51.750313  58.298592  64.197502  68.245628  69.821877  68.245155  63.986565  57.844688  50.997498  44.282345  37.350780  30.212189  24.223850 
 25.025417  32.430000  39.762344  47.142345  54.607658  61.920311  68.594376  72.964378  74.512344  72.856094  68.377968  61.492035  54.018906  46.785156  39.403439  32.041405  25.533699 
 25.668125  33.141876  40.546719  48.141090  55.812813  63.709534  70.143440  74.773125  76.511719  74.900314  70.620941  63.502342  55.665466  48.188438  40.600624  32.824062  26.097397 
 25.417603  32.809689  40.224998  47.565937  55.042030  62.705467  69.599533  74.032814  75.534843  73.852966  69.735626  62.746246  54.820938  47.440155  39.942345  32.408905  25.847866 
 24.186302  31.297344  38.490780  45.507500  52.439842  59.530937  65.795471  70.189690  71.685623  69.900780  65.603439  59.206879  52.269844  45.426094  38.238750  30.964375  24.819794 
 22.218487  28.868282  35.640469  41.993752  48.322502  54.316719  59.824532  63.530159  64.784843  63.331879  59.658440  54.301872  48.335312  42.084217  35.396408  28.530937  23.041355 
 20.347553  25.721092  31.889217  37.837814  43.433281  48.601563  53.108910  56.078125  56.992813  55.760002  52.869530  48.547813  43.496250  37.748436  31.534843  25.489376  21.363960 
 18.910992  22.492031  27.467655  32.936562  38.002029  42.419376  46.127499  48.406563  49.193123  48.168747  45.786877  42.280624  37.803123  32.723751  27.155624  22.516876  20.017292 
 17.130157  19.437653  22.691196  27.377815  31.826824  35.815628  38.835415  40.655312  41.230206  40.523335  38.497707  35.370625  31.556461  27.033333  22.393539  19.992290  17.848541 
 } 


 White Balance Data with optical Center Data
 r_center_x =  645 r_center_y =  496 
 gr_center_x =  640 gr_center_y =  516 
 b_center_x =  657 b_center_y =  502 
 gb_center_x =  639 gb_center_y =  478 
 r/gr 0.844440 
 b/gr 0.410391 
 gb/gr 0.997001 
 r_oc_ave 157.688889 
 b_oc_ave 76.635559 
 gr_oc_ave 186.737778 
 gb_oc_ave 186.177780 

 [AWB]
 RGr =  0.844440 
 BGr =  0.410391 
 GbGr =  0.997001 
 r_oc_ave =  157.688889 
 b_oc_ave =  76.635559 
 gr_oc_ave =  186.737778 
 gb_oc_ave =  186.177780 