 LEFT LENS SHADING DATA
 RED Channel
 {
 25.900520  28.529274  32.195156  38.255260  44.397137  49.704010  53.745468  56.285156  56.976929  55.691719  53.094841  48.487549  43.084637  37.045677  31.496460  28.317448  26.734116 
 27.652603  31.825939  38.432030  46.221718  53.501091  59.844215  64.893593  68.174530  68.985466  67.238594  63.736717  58.303596  51.762344  44.660469  37.186874  31.235157  28.144112 
 29.330002  36.122501  44.777344  53.639221  62.035469  69.633904  76.013748  80.175934  81.314842  79.196564  74.579689  67.758904  59.989059  51.762032  43.095627  35.092968  29.279842 
 31.809792  40.666874  50.488907  60.320160  70.031097  78.976563  86.835472  92.207809  93.672028  91.041405  85.190002  76.725937  67.563278  58.144379  48.420937  39.143593  31.366718 
 34.444267  44.333439  54.974060  65.876404  76.774063  87.263123  96.507660  102.478439  104.271561  101.093903  94.384216  84.606720  73.770935  63.135002  52.641403  42.535625  33.501457 
 36.349064  46.921562  58.047188  69.509529  81.456718  93.207497  103.253128  109.481720  110.979065  108.040314  100.941093  90.152344  78.268127  66.621559  55.590622  44.915470  35.154427 
 37.028336  47.966251  59.285622  71.212189  83.370781  95.570313  105.617653  111.885315  113.439682  110.493279  103.874062  92.711403  80.507500  68.565002  56.736565  45.687344  35.768383 
 36.672970  47.253593  58.464691  69.952499  81.781403  93.442497  103.360313  109.567032  111.033905  108.035309  101.474686  90.585785  78.413910  66.967499  55.736092  45.126095  35.395050 
 35.254116  45.022655  55.587029  66.516563  77.386719  87.869217  96.988281  102.883438  104.530624  101.524689  94.770782  85.030937  74.310936  63.753906  53.183441  43.020626  33.965622 
 32.634319  41.512032  51.181717  61.133125  70.740471  79.697189  87.303909  92.467346  93.950935  91.524689  85.633751  77.426872  68.103592  58.719215  49.066559  39.650467  31.683594 
 30.459221  37.264843  45.861717  54.823280  63.360153  70.758591  77.036095  81.091248  82.315781  80.289688  75.440315  68.756096  60.968285  52.612503  43.882343  35.706093  30.059216 
 29.284794  33.303123  39.806873  47.662498  55.169998  61.542030  66.630936  69.875465  70.754845  69.150314  65.370003  59.850311  53.247971  45.896873  38.244530  32.218281  29.373905 
 28.158958  30.713127  34.316044  40.350834  46.847080  52.261414  56.702187  59.390671  60.106308  58.941978  55.859589  51.226563  45.474010  39.056042  33.406406  30.406406  28.663910 
 } 
 GR Channel
 {
 51.186508  55.690262  61.634529  70.961098  80.335098  88.458183  94.662132  98.565002  99.671669  97.574272  93.744316  86.945320  78.891724  69.719528  60.855309  55.872818  53.081985 
 54.324432  61.287971  71.721405  83.749222  95.015938  104.699219  112.506088  117.563751  118.794998  116.302185  111.285782  102.989059  93.026093  82.051407  70.459061  60.919060  55.641983 
 56.995941  68.113434  81.642967  95.309685  108.318748  120.114212  129.868439  136.273911  138.188126  135.115784  128.359070  118.141724  106.056404  93.230316  79.924690  67.123596  57.598808 
 61.117661  75.123283  90.283752  105.484222  120.454056  134.561249  146.509689  154.867813  157.315155  153.748749  145.041565  132.316711  117.856567  103.224846  88.211563  73.557655  60.867035 
 65.186310  80.828590  97.163910  113.746246  130.637650  147.070786  161.213287  170.471878  173.335312  169.139069  159.472504  144.483597  127.650940  111.147972  94.768593  78.875153  64.363281 
 68.005943  84.834686  101.815941  119.355469  137.590622  155.785309  171.240463  180.778122  183.197968  179.445465  169.166565  152.993912  134.520935  116.650314  99.373749  82.636406  67.041199 
 69.058281  86.232658  103.548439  121.600159  140.211563  159.021713  174.636871  184.152191  186.594055  182.861252  173.422180  156.860626  138.167191  119.538284  101.319374  83.843124  67.880623 
 68.244736  85.007034  102.054062  119.383286  137.664688  155.775467  171.252808  180.747971  183.195465  179.223129  169.899841  153.494843  134.646255  116.741562  99.337502  82.658440  67.250519 
 65.781776  81.573441  97.592346  114.094376  131.055618  147.344055  161.425476  170.705154  173.388901  169.422348  159.460159  144.638275  127.981720  111.636566  95.294846  79.358749  64.885002 
 61.899429  76.024216  90.887970  105.949997  120.655945  134.768906  146.667343  154.584534  157.121094  153.805786  145.252975  132.716568  118.106247  103.651566  88.695000  73.849220  61.273598 
 58.379738  69.384529  82.671097  96.217499  109.364220  120.888275  130.514221  136.781403  138.870621  136.061722  128.855164  118.708130  106.748436  93.971565  80.388748  67.522812  58.194481 
 56.311462  63.143127  73.397812  85.312035  96.772346  106.582184  114.322342  119.305618  120.860626  118.583908  113.034378  104.702187  94.593903  83.315941  71.622498  61.996872  57.066048 
 53.828957  58.756462  64.569901  73.930992  83.682137  92.076355  98.745049  102.785210  104.084785  102.395775  97.902702  91.048019  82.211205  72.632599  63.570412  58.634789  55.463547 
 } 
 GB Channel
 {
 51.828224  56.145729  62.258179  71.644531  81.502083  89.836250  96.162926  100.338646  101.234428  99.125374  94.994583  87.940315  79.473228  70.333855  61.188805  56.271194  53.402451 
 54.668228  61.690315  72.392967  84.670158  96.095001  105.930000  113.867493  118.975311  120.285461  117.606400  112.335007  103.876564  93.722809  82.405937  70.696091  60.995155  56.006203 
 57.249641  68.419846  82.181564  96.192970  109.323753  121.289215  131.115158  137.627655  139.493912  136.405151  129.381561  118.950775  106.717972  93.635780  79.953438  67.038437  57.585106 
 60.991409  75.280785  90.813904  106.373436  121.516403  135.645630  147.574997  156.102341  158.631409  154.875626  146.110626  133.028442  118.411087  103.389687  88.188751  73.222656  60.592033 
 64.805779  80.848907  97.395782  114.322815  131.389069  147.793274  161.945465  171.405777  174.251099  170.001251  160.150787  145.035156  127.913910  111.246559  94.550156  78.331879  63.798958 
 67.388802  84.436096  101.782188  119.570786  137.900314  156.029068  171.507507  181.103745  183.592651  179.660461  169.283752  153.022186  134.457336  116.256256  98.852188  81.928436  66.252190 
 68.372185  85.682190  103.284691  121.471558  140.145004  158.798126  174.341400  183.836411  186.448441  182.580307  173.009064  156.437500  137.652496  118.937653  100.542343  82.995628  67.052704 
 67.548752  84.452499  101.649689  119.134689  137.219055  155.346252  170.562027  180.177811  182.820938  178.556091  169.239685  152.836563  133.998901  115.954849  98.525940  81.696404  66.224113 
 65.042084  80.881248  97.032188  113.719849  130.439224  146.697037  160.727814  169.886871  172.615463  168.592972  158.646088  143.865311  127.052658  110.694374  94.327972  78.356247  63.841667 
 61.253128  75.441872  90.440781  105.445000  120.026871  133.950775  145.694214  153.580002  156.051407  152.715622  144.100311  131.637024  117.181870  102.668121  87.664375  72.907341  60.379639 
 57.914795  68.895622  82.214531  95.732346  108.563904  119.858444  129.475159  135.795319  137.906250  134.900787  127.697189  117.574997  105.720154  93.026566  79.461716  66.626404  57.569946 
 55.998077  62.607033  72.843750  84.725159  96.037811  105.634689  113.350632  118.241089  119.710632  117.457504  111.842659  103.497345  93.535934  82.452187  70.689690  61.160622  56.421875 
 53.753487  58.359741  64.188332  73.503693  83.251152  91.261772  97.780205  101.880058  103.101868  101.253746  96.819107  90.000053  81.309273  71.772186  62.959686  58.003128  55.154793 
 } 
 B Channel
 {
 34.277500  37.399998  41.917030  48.871979  55.799896  61.683441  65.876877  68.465256  69.415581  68.138649  65.405838  60.939789  54.778961  48.168335  41.555367  37.824585  36.191254 
 36.359581  41.387501  49.023903  57.766563  65.800316  72.675934  77.976875  81.251717  82.110779  80.556564  77.201248  71.698128  64.761871  56.852501  48.432655  41.496250  38.306248 
 38.149429  46.245468  56.075470  65.874847  74.976563  82.973747  89.508125  93.667816  94.853905  92.974373  88.648903  81.768280  73.658127  64.730316  55.082657  45.986404  39.844532 
 40.855572  50.993279  62.053123  72.930939  83.241409  92.713905  100.662346  106.071877  107.611092  105.165001  99.681564  91.278595  81.552032  71.510780  60.939529  50.458435  42.416355 
 43.490520  54.789688  66.499374  78.244064  89.714844  100.767815  110.184998  116.220306  118.045471  115.355621  108.912033  99.141090  87.929840  76.787346  65.340782  54.224060  44.785732 
 45.334743  57.284531  69.298904  81.354218  93.744843  105.870941  116.210632  122.547028  124.244995  121.768127  115.067963  104.407814  92.237503  80.233437  68.266090  56.680939  46.563435 
 46.230785  58.188904  70.295624  82.602501  95.086250  107.471878  117.835159  124.111404  125.969376  123.543121  117.373276  106.378441  94.108597  82.018906  69.395782  57.432190  47.166767 
 45.726147  57.477814  69.446091  81.318436  93.374535  105.293282  115.344055  121.522659  123.282974  120.885468  114.920471  104.315941  91.953903  80.061874  68.164688  56.645935  46.593433 
 43.928852  55.198441  66.554375  78.026405  89.279221  99.979218  109.115311  115.052185  116.821243  114.311401  108.047340  98.498436  87.627968  76.667969  65.421249  54.286407  44.823700 
 41.204220  51.297340  61.951096  72.559532  82.490784  91.771873  99.280159  104.419533  105.975159  103.997032  98.468597  90.476715  80.929688  71.231873  60.744217  50.337654  42.181202 
 38.831718  46.644844  56.216408  65.906563  75.006096  82.738747  88.922653  92.955315  94.119377  92.318748  87.725471  81.272034  73.334534  64.523590  54.825935  45.790939  39.887604 
 37.517292  42.485626  49.959221  58.763435  66.826096  73.725937  78.921722  82.149216  83.086090  81.627502  78.009064  72.452187  65.485939  57.535469  48.919060  42.049999  39.389584 
 36.047291  39.676041  44.254845  51.147598  58.446304  64.503014  69.361092  72.200676  72.910469  71.902077  68.775726  64.089691  57.831772  50.458176  43.836147  40.334587  38.811668 
 } 


 White Balance Data with optical Center Data
 r_center_x =  627 r_center_y =  478 
 gr_center_x =  618 gr_center_y =  470 
 b_center_x =  644 b_center_y =  484 
 gb_center_x =  639 gb_center_y =  478 
 r/gr 0.607105 
 b/gr 0.674685 
 gb/gr 1.000380 
 r_oc_ave 113.631104 
 b_oc_ave 126.279999 
 gr_oc_ave 187.168884 
 gb_oc_ave 187.240005 

 [AWB]
 RGr =  0.607105 
 BGr =  0.674685 
 GbGr =  1.000380 
 r_oc_ave =  113.631104 
 b_oc_ave =  126.279999 
 gr_oc_ave =  187.168884 
 gb_oc_ave =  187.240005 