 LEFT LENS SHADING DATA
 RED Channel
 {
 27.135105  29.463856  33.065521  38.878902  45.075104  50.709320  54.886200  57.381767  58.027657  56.593956  53.625832  49.123238  43.377968  37.292763  31.545315  28.260883  26.436302 
 28.940937  32.797188  39.324688  47.012032  54.307190  60.610779  65.680153  68.972191  69.733284  67.875626  64.152496  58.707809  51.953590  44.737968  37.195313  31.116093  27.897968 
 30.442554  37.068592  45.794064  54.644218  62.893440  70.318909  76.457809  80.645782  81.787971  79.429062  74.760941  67.935471  60.104843  51.819534  43.180782  34.991093  29.128803 
 32.933800  41.708595  51.577187  61.359528  70.830467  79.540779  87.190315  92.516090  94.002342  91.072815  85.053596  76.673752  67.471252  58.087654  48.470467  39.087502  31.221668 
 35.512554  45.464844  56.025154  66.832344  77.625778  87.662346  96.667030  102.626717  104.327499  101.084686  94.091721  84.283905  73.574997  63.156876  52.655159  42.514061  33.424900 
 37.263073  48.065781  59.027496  70.429535  82.339844  93.658752  103.326721  109.538124  111.043434  107.937500  100.537971  89.709846  77.907188  66.605782  55.574684  44.891876  34.984791 
 37.859322  48.917030  60.379532  72.020157  83.935783  95.944221  105.826248  111.814377  113.491257  110.365784  103.497810  92.312035  80.127342  68.379845  56.837967  45.703594  35.669632 
 37.273754  48.061249  59.294060  70.645470  82.170158  93.590309  103.526405  109.611404  111.059372  107.992188  101.105316  90.111252  78.153122  66.783905  55.790466  45.055939  35.201771 
 35.605366  45.666405  56.333435  67.150002  77.694221  87.852654  96.848122  102.882660  104.384689  101.203590  94.123123  84.480621  73.885315  63.475311  53.110779  42.928749  33.713337 
 33.184532  41.947655  51.825623  61.744843  71.158279  79.833435  87.253906  92.425781  93.989685  91.225784  85.082497  77.010628  67.911720  58.621407  49.059372  39.600311  31.382813 
 31.005779  37.668907  46.315781  55.350624  63.712654  70.942345  77.057968  81.019844  82.205780  80.049690  75.107185  68.396873  60.812813  52.536095  43.787186  35.604218  29.462345 
 29.728592  33.561718  40.045780  47.863594  55.314217  61.628906  66.478279  69.574532  70.373123  68.765472  64.937653  59.397186  52.860153  45.552967  37.916718  31.753750  28.502914 
 28.091095  30.524010  34.043076  39.989220  46.434010  51.605782  55.999329  58.372658  58.883537  57.831512  54.700371  50.428856  44.602448  38.081093  32.470676  29.150417  27.100414 
 } 
 GR Channel
 {
 51.921249  56.752502  62.592659  71.832138  81.375931  89.936348  96.319054  100.303856  101.452240  99.541931  95.320366  88.763802  80.117973  70.746559  61.560059  56.120529  52.203857 
 55.640419  62.396248  72.704529  84.694847  95.893440  105.675934  113.405319  118.364685  119.980774  117.662964  112.522659  104.463593  94.347343  83.026566  71.142342  61.215935  55.493858 
 58.487137  69.313591  82.698593  96.321716  109.153595  120.752182  130.403442  136.875931  138.820938  135.845001  129.300629  119.310150  107.398285  94.402031  80.744377  67.645622  57.753540 
 62.362549  76.191093  91.374847  106.494217  121.058441  134.899063  146.876404  155.240463  157.452026  153.791092  145.601257  133.140625  119.139069  104.316093  89.290779  74.372658  61.264114 
 66.373543  81.831879  97.936722  114.442505  131.044525  146.965149  160.924683  170.084381  173.083908  169.205627  159.700470  145.107819  128.633438  112.378433  95.938591  79.877342  65.052551 
 68.909164  85.641251  102.339844  119.776093  137.822189  155.509216  170.773911  180.207962  182.955002  179.265152  169.343124  153.414993  135.148132  117.416718  100.189842  83.329529  67.418907 
 69.810776  86.960159  104.272812  121.982193  140.368118  158.989059  174.264847  183.834839  186.478439  182.828125  173.584686  156.956879  138.306244  120.172028  102.241409  84.667816  68.522804 
 69.016670  85.668747  102.759064  120.067184  137.693909  155.571869  170.956726  180.537033  183.206879  179.249527  169.743591  153.633438  135.141724  117.531097  100.395157  83.578751  67.793327 
 66.107445  82.140160  98.304535  114.943588  131.439056  147.373596  161.449844  170.808899  173.375305  169.210938  159.345627  144.894531  128.550003  112.451569  96.238434  80.174217  65.427757 
 62.506615  76.481407  91.599686  106.911720  121.530945  135.316711  146.852661  154.786255  157.264526  153.882507  145.455475  133.302811  119.145157  104.738747  89.775002  74.824371  61.623131 
 58.934998  69.966248  83.416565  97.325470  110.258438  121.574844  131.020935  137.307190  139.185944  136.580307  129.687195  119.573746  107.937035  95.097191  81.509842  68.442345  58.299217 
 56.633492  63.443283  73.743439  85.864220  97.284843  107.032028  114.712341  119.448441  120.943130  118.871399  113.604691  105.319061  95.271095  84.066559  72.023125  61.986877  56.295204 
 53.278908  58.428490  64.075523  73.316513  83.340881  91.488907  98.067558  102.008438  103.187294  101.669533  97.129684  90.600311  81.952133  71.848640  62.823540  57.421043  53.520203 
 } 
 GB Channel
 {
 52.851723  57.399216  63.219948  72.737709  82.350571  90.990417  97.579994  101.586510  102.705833  100.594841  96.196770  89.416512  80.599480  71.144630  61.841148  56.406723  52.773796 
 56.466713  63.272346  73.756409  85.886871  97.214531  106.992500  114.776245  119.672974  121.171249  118.690475  113.355942  105.187965  94.901566  83.551094  71.362816  61.418594  55.842140 
 59.149635  70.071091  83.858910  97.723434  110.602188  122.186096  131.716873  138.130630  140.145462  136.907028  130.207657  120.033127  107.989845  94.851715  81.009842  67.711090  57.964638 
 63.036934  77.089218  92.559532  107.922028  122.627029  136.388596  148.242035  156.583908  158.762497  154.990311  146.516724  133.942963  119.717194  104.748909  89.523750  74.299690  61.138855 
 66.863701  82.688904  99.118279  115.839371  132.568756  148.369690  162.164368  171.354065  174.282806  170.274536  160.546875  145.720154  129.069061  112.603119  96.014687  79.679375  64.735214 
 69.464531  86.460159  103.387970  120.932968  139.019684  156.603439  171.464218  180.881409  183.708282  179.812347  169.581558  153.677658  135.427338  117.371399  99.890778  82.922653  66.972031 
 70.030205  87.459373  105.140312  122.950943  141.208130  159.443909  174.535461  183.853912  186.713287  182.958435  173.416412  156.836411  138.220474  119.952194  101.901093  84.182816  67.783226 
 69.105988  86.019531  103.312187  120.693436  138.257660  155.664841  170.902817  180.462494  183.054840  179.034851  169.481873  153.210007  134.788910  117.134216  99.841095  82.873123  67.063545 
 66.312973  82.286095  98.638596  115.384995  131.699524  147.306091  161.101868  170.376251  172.877350  168.601089  158.751556  144.428589  127.996399  111.838753  95.581253  79.581718  64.511505 
 62.211098  76.442970  91.711563  107.017029  121.403900  134.855942  146.199524  154.098755  156.498749  152.921097  144.450943  132.433746  118.378754  104.022499  89.146095  74.133904  60.852867 
 58.814629  69.916092  83.505157  97.137810  109.997345  120.990936  130.122650  136.235001  138.165939  135.449524  128.504684  118.518906  106.914215  94.250626  80.646095  67.689377  57.773544 
 56.664421  63.244217  73.600311  85.551094  96.772659  106.354530  113.742966  118.402969  119.930618  117.797348  112.381882  104.237816  94.304535  83.255470  71.304535  61.395782  55.763908 
 53.622757  58.190681  63.974892  73.135468  82.969528  90.992233  97.558182  101.432350  102.436874  100.919212  96.344795  89.618645  81.079742  71.230682  62.069328  56.772240  53.215576 
 } 
 B Channel
 {
 34.892654  38.098492  42.034378  48.649323  55.567917  61.602135  66.143951  68.832550  69.772346  68.426559  65.649689  61.079117  54.931770  48.175156  41.624691  37.608437  35.294270 
 37.611820  42.207031  49.480621  57.797028  65.573753  72.073593  77.304375  80.587341  81.631721  80.334061  76.918434  71.575157  64.699684  56.807030  48.302185  41.299686  37.753853 
 39.605938  47.203438  56.692497  66.075310  74.587654  82.167191  88.371872  92.480934  93.936562  92.090622  88.065781  81.517654  73.628593  64.728592  55.170937  45.932968  39.548595 
 42.306301  52.188591  62.815315  73.042503  82.588127  91.416565  99.020782  104.184059  105.951561  103.765472  98.511253  90.568283  81.311409  71.512184  61.036873  50.612968  42.279842 
 44.954845  56.091721  67.278908  78.382347  89.111565  99.297653  108.061562  113.926254  115.922180  113.387497  107.325623  97.926872  87.307030  76.542503  65.386566  54.264534  44.816402 
 46.624374  58.466873  70.065941  81.699219  93.475784  104.725471  114.232971  120.116562  121.732498  119.409531  113.021408  102.971565  91.426720  79.796097  68.241875  56.749222  46.555264 
 47.053493  59.070778  71.076874  82.828751  94.740936  106.603905  116.161255  122.021881  123.525787  121.122025  115.352341  105.081566  93.154060  81.491722  69.483437  57.523125  47.239788 
 46.458122  57.994377  69.949066  81.410309  92.950935  104.262810  113.991562  119.836243  121.230774  119.052185  113.307663  103.120781  91.229218  79.705627  68.250626  56.765625  46.698956 
 44.351406  55.532028  66.860466  78.078125  88.811409  98.993904  107.831718  113.651718  115.179993  112.710785  106.417969  97.457809  86.948753  76.345467  65.535309  54.511253  44.969997 
 41.541248  51.543747  62.169533  72.699532  82.166092  90.991249  98.314064  103.424065  104.949532  102.865158  97.381409  89.727341  80.745941  71.313751  61.063904  50.736092  42.327137 
 38.973282  46.806408  56.486877  66.139847  74.836876  82.217972  88.228905  92.161407  93.354065  91.569534  87.260155  80.885468  73.307655  64.776718  55.264221  46.122658  39.848278 
 37.300106  42.120937  49.584534  58.150314  66.087189  72.688751  77.562813  80.585472  81.380623  80.046249  76.620628  71.321877  64.647812  56.963753  48.481407  41.512814  38.328644 
 35.447186  38.949272  43.400574  50.046562  57.394684  63.083748  67.661148  70.091507  70.683540  69.724586  66.892288  62.389786  56.378647  49.138336  42.482033  38.745312  36.638229 
 } 


 White Balance Data with optical Center Data
 r_center_x =  615 r_center_y =  477 
 gr_center_x =  620 gr_center_y =  468 
 b_center_x =  638 b_center_y =  480 
 gb_center_x =  656 gb_center_y =  487 
 r/gr 0.608249 
 b/gr 0.662736 
 gb/gr 1.003091 
 r_oc_ave 113.715561 
 b_oc_ave 123.902222 
 gr_oc_ave 186.955551 
 gb_oc_ave 187.533340 

 [AWB]
 RGr =  0.608249 
 BGr =  0.662736 
 GbGr =  1.003091 
 r_oc_ave =  113.715561 
 b_oc_ave =  123.902222 
 gr_oc_ave =  186.955551 
 gb_oc_ave =  187.533340 