 LEFT LENS SHADING DATA
 RED Channel
 {
 28.257084  30.934582  34.996719  41.181095  47.456299  52.928436  56.942612  59.230110  60.090729  58.766563  55.917450  51.387085  45.836304  39.790730  33.740414  30.214996  28.081665 
 29.891247  34.243752  41.044846  48.894218  56.249847  62.405937  67.312187  70.380936  71.261566  69.584061  65.931404  60.559998  54.008591  46.899063  39.381248  33.020000  29.415833 
 31.542969  38.669846  47.463123  56.392029  64.703751  71.984840  78.048126  82.175003  83.328438  81.091721  76.318909  69.609062  61.972656  53.952347  45.366875  37.156406  30.638279 
 34.191097  43.275467  53.202187  63.028748  72.460159  81.146873  88.812653  93.963593  95.312653  92.611717  86.597031  78.219063  69.221252  60.048904  50.672028  41.274532  32.890987 
 36.729790  46.990623  57.695625  68.348595  79.160782  89.202660  98.121872  103.886871  105.619530  102.352341  95.584373  85.665939  75.233910  65.039688  54.794060  44.667500  35.202080 
 38.636616  49.466408  60.595940  71.929062  83.603439  94.964996  104.623283  110.576248  112.182190  109.051559  101.775314  91.106720  79.645470  68.458435  57.598122  47.012657  36.922447 
 39.243382  50.421097  61.748283  73.513283  85.438591  97.110626  106.839996  112.907654  114.395004  111.368439  104.576874  93.629997  81.771721  70.188438  58.911407  47.898125  37.540627 
 38.832760  49.701721  60.883751  72.159691  83.696716  94.790154  104.399063  110.415001  111.998909  108.958908  102.254372  91.521873  79.798904  68.729691  57.844841  47.266720  37.195259 
 37.038490  47.335781  58.003593  68.895157  79.465935  89.337189  98.017342  103.712189  105.311409  102.233284  95.494530  86.181404  75.755783  65.552811  55.367813  45.288280  35.630157 
 34.538280  43.665157  53.799843  63.728905  72.963440  81.515312  88.775627  93.587654  94.876091  92.532814  86.707657  78.876251  69.994530  60.829689  51.387970  41.851563  33.304478 
 32.530415  39.482498  48.364372  57.322968  65.660004  72.813591  78.697189  82.580315  83.735939  81.744843  77.066093  70.599998  63.013123  54.883438  46.181717  37.811718  31.394844 
 31.453804  35.567345  42.065311  49.937500  57.383751  63.585312  68.402809  71.585312  72.377029  70.795624  67.119217  61.728279  55.234062  47.997032  40.323280  33.935936  30.235104 
 30.134220  32.463387  35.903229  41.942501  48.378326  53.615730  57.811142  60.415726  61.202652  60.098961  57.036095  52.459328  46.854473  40.510990  34.558907  31.150105  28.678020 
 } 
 GR Channel
 {
 52.946976  57.962402  64.280357  74.070625  83.873810  92.212234  98.256508  101.928444  103.208855  101.477707  97.310989  90.766769  82.181152  72.803749  63.308380  57.663284  54.205788 
 55.936142  63.246559  73.863907  86.010628  97.423592  106.920784  114.389221  119.284683  120.908432  118.558121  113.414536  105.534691  95.594063  84.437500  72.597343  62.427658  56.332863 
 58.754173  70.093750  83.692970  97.468903  110.372810  121.756409  131.171402  137.572495  139.626877  136.429535  130.059845  120.187653  108.363907  95.643593  82.178909  69.011406  58.504112 
 62.768959  77.070625  92.284218  107.399216  122.096100  135.746719  147.572495  155.691711  157.978592  154.489059  146.329224  133.827026  119.809845  105.432503  90.519684  75.648750  62.052498 
 66.658646  82.615311  98.823753  115.217026  131.725784  147.520462  161.476410  170.679840  173.295319  169.440475  160.125778  145.586090  129.171570  113.106567  97.024376  81.050781  65.967247 
 69.550835  86.267502  103.243752  120.499695  138.336716  155.979538  171.139069  180.107651  183.017654  179.100464  169.332031  153.519531  135.770004  118.367661  101.363281  84.742188  68.479271 
 70.513336  87.653748  104.925781  122.697662  140.771713  158.983124  174.069534  183.479538  186.093597  182.110779  173.117813  157.168594  138.846100  121.158600  103.440155  85.952972  69.614014 
 69.608070  86.473282  103.462502  120.685150  138.371872  155.576248  170.294220  179.799530  182.371094  178.497345  169.522507  153.779068  135.686569  118.367493  101.445778  84.703278  68.727242 
 67.022499  82.872498  99.250000  115.813431  131.961411  147.429840  160.848282  169.854996  172.506409  168.663589  159.299057  145.167969  129.187347  113.286087  97.364220  81.469841  66.088379 
 63.090942  77.392189  92.723907  107.904060  122.045944  135.513123  146.752182  154.286560  156.339844  153.629532  145.598587  133.811722  120.021088  105.819374  91.022186  76.158279  62.471825 
 59.766197  71.053909  84.642189  98.279221  111.041405  122.149368  131.042038  137.157349  139.139999  136.550934  130.057968  120.460007  109.026566  96.360939  82.866722  69.676094  59.415466 
 57.703957  64.874374  74.933441  86.900154  98.216560  107.801094  115.224213  119.989532  121.409683  119.330475  114.124222  106.283592  96.468750  85.436874  73.423126  63.363747  57.378754 
 54.610207  59.603539  65.058441  74.079117  84.112396  92.173805  98.611511  102.468071  103.621353  102.164848  98.134422  91.460472  82.808746  73.230629  64.037712  58.661255  54.340424 
 } 
 GB Channel
 {
 54.099220  58.962135  65.386673  75.383392  85.165100  93.691818  99.737808  103.275520  104.603905  102.731049  98.242599  91.380463  82.724373  72.914841  63.435944  57.699890  54.206985 
 56.864227  64.109840  75.073753  87.426094  98.994690  108.600784  115.967819  120.780945  122.304535  119.728119  114.233444  106.098595  95.950623  84.619217  72.547188  62.264061  56.188225 
 59.485359  70.973907  84.918747  99.106407  112.174530  123.379059  132.726410  138.945786  140.899841  137.531723  130.786880  120.604843  108.611717  95.679688  81.881561  68.671249  58.040840 
 63.243172  77.914215  93.676872  108.973747  123.805939  137.444214  149.034378  157.083435  159.224533  155.426559  146.996399  134.186874  119.800476  105.279846  90.141563  75.078903  61.341621 
 67.027351  83.432968  100.094528  116.700317  133.418121  149.229065  162.961716  171.874374  174.440155  170.250000  160.455307  145.548599  129.019531  112.716400  96.362030  80.232346  64.895058 
 69.701973  86.977814  104.330002  121.794998  139.763748  157.322968  172.062973  180.891724  183.485474  179.409851  169.048752  153.202652  135.271713  117.526718  100.392654  83.632034  67.256821 
 70.584015  88.157967  105.757965  123.708908  141.830307  159.722504  174.467819  183.521408  186.053589  181.988754  172.621567  156.446564  138.075623  120.003601  102.199219  84.755310  68.176147 
 69.741882  86.725624  104.091721  121.460785  138.966721  156.019226  170.385941  179.587662  182.042816  177.921875  168.676086  152.734680  134.626877  117.242966  100.202347  83.317184  67.185104 
 66.897606  83.124687  99.757660  116.316406  132.414536  147.535309  160.510315  169.289215  171.676880  167.684372  158.188431  144.093445  127.964066  111.979218  96.083748  80.088905  64.750366 
 63.037346  77.465469  92.957497  108.157028  122.159058  135.256561  146.089066  153.309219  155.263443  152.299057  144.069534  132.274689  118.652649  104.425156  89.658752  74.753281  61.338066 
 59.776772  71.150940  84.754219  98.287498  110.803284  121.575623  130.263123  136.133743  138.005936  135.076569  128.474213  118.935318  107.554840  94.954376  81.518593  68.538124  58.226456 
 57.947189  64.855934  74.920311  86.801094  97.901253  107.151566  114.410934  118.941879  120.211868  117.963120  112.733749  104.897034  95.143127  84.198128  72.269218  62.372185  56.444687 
 55.107185  59.614273  64.900726  74.074219  83.782082  91.638649  98.049271  101.906044  102.766884  101.344795  96.812912  90.337654  81.768959  72.132294  62.919426  57.626358  53.465935 
 } 
 B Channel
 {
 35.389584  39.178337  43.906254  51.006462  58.081932  64.003334  68.318230  70.751823  71.663803  70.226250  67.600471  62.997864  57.101303  50.263283  43.370785  38.994324  36.960987 
 37.195000  42.378750  50.161247  58.705627  66.455467  73.058746  77.995316  81.098282  81.924843  80.377502  77.168594  71.920158  65.147346  57.422653  49.063904  41.784531  37.951824 
 39.150105  47.217186  56.984688  66.603592  75.366875  82.953590  89.059685  93.019531  94.156403  92.266251  88.050629  81.482971  73.555313  64.975784  55.636093  46.380936  39.568851 
 42.001560  52.004059  62.826248  73.221565  83.050629  92.098434  99.655624  104.764374  106.305466  104.019066  98.523125  90.285309  80.996559  71.347504  61.265312  50.909531  42.102657 
 44.652916  55.791252  67.186874  78.258278  89.320160  99.628441  108.565155  114.348755  116.334534  113.456558  107.248283  97.565002  86.819061  76.212654  65.448441  54.567497  44.663750 
 46.460316  58.192810  69.962654  81.555466  93.374062  104.896248  114.539841  120.475159  122.036407  119.322662  112.627975  102.298592  90.805466  79.477501  68.202347  56.881096  46.405052 
 47.174953  58.986404  70.887657  82.813278  94.695160  106.404060  116.226089  122.153900  123.499847  120.892349  114.720001  104.194687  92.522972  81.085785  69.514221  57.730469  47.224842 
 46.449268  58.144684  69.970467  81.408279  92.907501  104.014534  113.692184  119.434998  120.883911  118.215469  112.451248  102.437500  90.790154  79.586563  68.333435  56.989372  46.618961 
 44.748798  55.918594  67.245316  78.304840  88.760468  98.708908  107.242653  112.658600  114.226715  111.717659  105.637184  96.837967  86.676247  76.423752  65.870003  54.946251  44.905003 
 42.076096  52.180466  62.839691  73.104691  82.227501  90.738281  97.725159  102.349686  103.634842  101.744217  96.768593  89.575783  80.769531  71.557968  61.656250  51.320778  42.343075 
 40.029480  47.784061  57.341095  66.642502  75.022659  81.950157  87.491562  91.191093  92.412033  90.805153  86.921249  80.944061  73.536560  65.270935  55.980316  46.728905  40.002033 
 38.491409  43.422031  50.591408  58.743126  66.331718  72.542503  77.219688  80.124222  80.924843  79.868279  76.752342  71.667030  65.187653  57.638748  49.308281  42.264530  38.573490 
 36.323490  39.689743  43.419949  49.804794  56.581512  61.938339  66.183853  68.923592  69.642555  68.996826  66.181717  61.935577  56.015373  49.338753  42.699741  38.898903  36.335991 
 } 


 White Balance Data with optical Center Data
 r_center_x =  647 r_center_y =  496 
 gr_center_x =  618 gr_center_y =  471 
 b_center_x =  636 b_center_y =  467 
 gb_center_x =  612 gb_center_y =  454 
 r/gr 0.615194 
 b/gr 0.663604 
 gb/gr 0.999905 
 r_oc_ave 114.880005 
 b_oc_ave 123.919998 
 gr_oc_ave 186.737778 
 gb_oc_ave 186.720001 

 [AWB]
 RGr =  0.615194 
 BGr =  0.663604 
 GbGr =  0.999905 
 r_oc_ave =  114.880005 
 b_oc_ave =  123.919998 
 gr_oc_ave =  186.737778 
 gb_oc_ave =  186.720001 