 LEFT LENS SHADING DATA
 RED Channel
 {
 26.485420  29.063751  32.613232  38.362499  44.617496  49.946671  54.075882  56.686928  57.379944  56.050522  53.325203  48.917496  43.373177  37.318699  31.862347  28.846928  26.900677 
 28.280834  32.128750  38.542812  46.251251  53.514999  59.921249  65.078590  68.416718  69.351410  67.875938  64.295624  58.743752  52.255470  45.017654  37.619217  31.700470  28.717758 
 29.557030  36.235157  44.635155  53.567810  61.868591  69.512810  75.972343  80.308594  81.688278  79.583748  75.000626  68.235779  60.479065  52.287346  43.612812  35.544376  29.786457 
 32.040627  40.676876  50.341408  60.123436  69.804222  78.986092  86.936409  92.464844  94.154999  91.623596  85.570778  77.212502  68.022186  58.695465  49.020157  39.690624  31.707291 
 34.336979  44.290314  54.754059  65.585159  76.575310  87.208748  96.646721  102.856407  104.832497  101.869530  95.092499  85.225311  74.438438  63.888908  53.330467  43.008751  33.987499 
 36.212341  46.684219  57.768753  69.351563  81.314529  93.216095  103.532967  109.944847  111.780159  108.945778  101.619530  90.856247  78.896873  67.314842  56.069847  45.302345  35.489635 
 36.967758  47.746719  58.927345  70.904060  83.291565  95.625153  106.051247  112.414215  114.280777  111.482033  104.856407  93.674690  81.279686  69.220940  57.534218  46.251720  36.194012 
 36.480835  47.017502  58.109528  69.575935  81.526253  93.355316  103.686874  110.174530  112.017029  109.194061  102.649376  91.673439  79.555313  67.900154  56.629059  45.697033  35.808487 
 34.857346  44.779221  55.138123  66.135628  77.058746  87.688751  97.159065  103.482811  105.370003  102.575470  95.913750  86.177345  75.368904  64.680000  54.047501  43.704689  34.387188 
 32.555576  41.150780  50.795937  60.680779  70.324684  79.492966  87.480156  92.827499  94.531403  92.437035  86.436562  78.316406  68.990471  59.556877  49.757660  40.183750  32.347084 
 30.563492  37.094532  45.507969  54.412971  62.855003  70.486092  76.989059  81.386566  82.758591  80.857346  76.181877  69.474220  61.668747  53.335472  44.547501  36.336250  30.562916 
 29.705940  33.338436  39.677345  47.353283  54.814529  61.333748  66.633591  70.017654  71.081093  69.615311  65.967186  60.499374  53.830315  46.621250  38.960781  32.977970  30.060677 
 28.783020  31.095520  34.480885  40.318069  46.870987  52.268341  56.771309  59.514534  60.242966  59.264481  56.357605  51.820206  46.068230  39.822914  34.255569  31.168175  29.250675 
 } 
 GR Channel
 {
 50.939377  55.764786  61.784012  71.066612  80.463280  88.959694  95.139015  99.111412  100.455048  98.384216  94.045937  87.296982  78.673431  69.396461  60.527809  55.638382  51.925888 
 54.450630  61.224373  71.565468  83.788910  95.177658  105.070938  112.807968  117.829529  119.186096  116.836090  111.588440  103.270309  93.250938  82.073128  70.225311  60.579842  55.281296 
 56.880882  67.941093  81.373123  95.492966  108.462341  120.199371  129.848129  136.104538  138.088287  135.147186  128.340469  118.250778  106.296562  93.549377  79.940155  67.000938  57.281769 
 60.755257  74.817970  90.206093  105.541565  120.505463  134.643753  146.624695  154.602493  157.107193  153.489380  144.871399  132.368439  118.221405  103.708282  88.582184  73.648438  60.507607 
 64.559380  80.639374  97.047340  113.692657  130.617966  146.852814  161.109680  170.059372  172.917969  168.880005  159.132660  144.445007  127.881256  111.714531  95.274689  78.984222  64.269012 
 67.542244  84.444534  101.754684  119.448120  137.613281  155.630463  171.097031  180.308289  182.880630  179.178757  168.736877  152.816254  134.700623  116.927811  99.680779  82.697502  66.499168 
 68.640991  85.873283  103.429840  121.582031  140.234222  159.016724  174.531723  183.787659  186.518280  182.782349  173.667816  157.238907  138.469223  120.149689  102.031097  84.107185  67.749275 
 67.889061  84.705315  101.911247  119.533432  137.592346  155.503601  171.027191  180.524368  183.095001  179.419693  170.361877  154.073288  135.703278  117.803284  100.355782  83.116722  67.079010 
 65.219009  81.127968  97.535622  114.214218  130.885468  147.184067  161.344376  170.577499  173.372818  169.692810  160.074066  145.591400  129.017807  112.647812  96.177185  79.877815  64.634895 
 61.328339  75.436249  90.502190  105.992035  120.678436  134.653122  146.637817  154.583130  157.102493  154.192184  145.683121  133.549683  119.281403  104.729691  89.453278  74.220627  61.191879 
 57.943901  68.844528  82.312035  96.224533  109.291405  120.892502  130.714844  137.043900  139.122192  136.476089  129.695313  119.697495  107.821091  94.889534  81.009689  67.847656  58.276192 
 56.337349  62.752968  73.039215  85.196716  96.843124  106.739220  114.821564  119.683289  121.305466  119.244690  113.915619  105.646721  95.602966  84.166718  72.038750  62.298279  57.148903 
 54.161507  58.689430  64.289848  73.798592  84.048538  92.600266  99.262810  103.363899  104.439430  102.987602  98.751465  91.899010  83.170677  73.011932  64.132919  58.910576  55.092247 
 } 
 GB Channel
 {
 51.655052  56.337555  62.290520  71.745209  81.467079  90.151772  96.691666  100.724060  101.924477  100.015678  95.588692  88.429321  79.578850  69.812241  61.051399  55.964684  52.416771 
 54.710884  61.562347  72.005936  84.539375  96.125000  106.143440  114.053757  119.254059  120.762817  118.296722  112.845154  104.368279  94.158440  82.684532  70.615784  60.907188  55.662186 
 56.791245  67.986252  81.837502  96.072502  109.360779  121.101257  130.955002  137.494690  139.573593  136.430466  129.543274  119.183746  107.139999  94.053284  80.156403  67.025002  57.403748 
 60.414162  74.783752  90.444534  106.054535  121.239532  135.508911  147.600632  155.808289  158.467972  154.736557  145.871567  133.240463  118.870789  104.048592  88.654846  73.439377  60.367714 
 63.937866  80.345154  97.040627  114.006882  131.077347  147.342194  161.659683  171.056564  173.956879  169.773132  159.930466  145.062805  128.383286  111.848907  95.205315  78.689690  63.775513 
 66.771095  83.900467  101.398438  119.183899  137.526566  155.575150  170.951721  180.539688  183.363586  179.533127  169.063904  153.104691  134.836716  116.877029  99.406563  82.149216  65.873589 
 67.760208  85.154373  102.897659  121.281723  139.811722  158.568909  174.077820  183.500626  186.465622  182.680618  173.487808  157.034378  138.227036  119.723755  101.419998  83.434685  67.010101 
 66.920158  83.904533  101.339218  118.988129  137.147339  154.849213  170.230774  179.856567  182.640625  179.004837  169.884216  153.593124  135.226257  117.188751  99.617340  82.213753  66.169998 
 64.284790  80.321877  96.796722  113.541718  130.110931  146.363434  160.463745  169.793594  172.793121  169.041245  159.380463  144.860626  128.313126  111.964066  95.318436  78.883751  63.929169 
 60.319687  74.693436  89.889999  105.195938  119.850632  133.714371  145.523590  153.608902  156.232346  153.318909  144.936874  132.743591  118.504684  103.944374  88.615311  73.309685  60.424683 
 57.326874  68.169373  81.555466  95.466873  108.310471  119.768127  129.514847  136.136093  138.162659  135.599060  128.701874  118.731567  107.005157  94.077660  80.245155  67.089691  57.679268 
 55.883125  62.184372  72.364685  84.470779  95.963593  105.857971  113.770782  118.747818  120.450317  118.317657  112.926880  104.773750  94.684059  83.315941  71.300156  61.637657  56.696617 
 53.889381  58.341873  63.795937  73.199326  83.235474  91.699005  98.428902  102.382393  103.569893  102.195366  97.765205  91.034584  82.219894  72.417603  63.392448  58.522858  55.010788 
 } 
 B Channel
 {
 34.474998  37.820419  42.206249  48.901566  55.752815  61.737236  66.063438  68.527710  69.322968  68.028595  65.262863  60.678810  54.557556  47.926876  41.518856  37.900833  36.015835 
 36.835419  41.634998  48.976250  57.640312  65.615311  72.345779  77.598434  80.893127  81.838593  80.386719  76.933907  71.447342  64.519844  56.665627  48.230934  41.357498  38.327915 
 38.268124  46.164375  55.847504  65.685310  74.657188  82.568283  89.161247  93.175003  94.563278  92.637032  88.306877  81.524841  73.518593  64.636719  55.013748  45.869686  39.820107 
 40.830051  50.733597  61.679688  72.384216  82.695778  92.296249  100.297653  105.555466  107.190002  104.833908  99.258125  90.910622  81.450935  71.517189  61.053749  50.475159  42.138699 
 43.277969  54.511093  65.967033  77.461563  89.051247  100.119377  109.627815  115.691879  117.509689  114.905945  108.634689  98.868904  87.781403  76.853905  65.463280  54.097343  44.663383 
 45.340160  56.954529  68.843750  80.791252  93.159531  105.283905  115.685318  121.830475  123.570465  121.265152  114.542816  104.083908  92.030159  80.022034  68.174530  56.389061  46.203228 
 46.110989  57.978279  69.956406  82.221405  94.697655  107.183907  117.376404  123.607651  125.463593  123.079056  117.113434  106.272659  93.964218  81.854691  69.525940  57.327347  46.970047 
 45.648285  57.163910  69.018906  80.917656  93.006561  104.758591  114.998596  121.155472  123.016403  120.702194  114.936569  104.522499  92.255157  80.349686  68.435310  56.657341  46.462139 
 43.698910  54.832031  66.174217  77.662033  88.827187  99.607971  108.850624  114.791412  116.786880  114.365311  108.300003  98.702034  87.816559  77.003906  65.671875  54.373436  44.819271 
 41.128750  50.911247  61.490623  72.065628  81.946564  91.214691  99.118591  104.225311  105.842812  104.023438  98.696564  90.728279  81.331253  71.529846  60.955154  50.430626  42.176872 
 38.781300  46.418594  55.822189  65.489685  74.365471  82.159531  88.654846  92.833595  94.135941  92.497185  88.208122  81.634842  73.750465  64.962341  55.306564  46.079220  40.161510 
 37.873440  42.447189  49.804375  58.417969  66.521248  73.367035  78.820778  82.068596  83.105934  81.814529  78.408440  72.964378  66.057343  58.076408  49.534531  42.599842  39.731300 
 36.646770  39.857605  44.271038  51.126503  58.315834  64.355156  68.998489  71.875053  72.681351  71.936409  68.964684  64.221458  58.082550  50.955368  44.341404  40.683800  38.871719 
 } 


 White Balance Data with optical Center Data
 r_center_x =  652 r_center_y =  498 
 gr_center_x =  641 gr_center_y =  492 
 b_center_x =  643 b_center_y =  470 
 gb_center_x =  647 gb_center_y =  483 
 r/gr 0.611265 
 b/gr 0.671270 
 gb/gr 0.999098 
 r_oc_ave 114.502228 
 b_oc_ave 125.742218 
 gr_oc_ave 187.320007 
 gb_oc_ave 187.151108 

 [AWB]
 RGr =  0.611265 
 BGr =  0.671270 
 GbGr =  0.999098 
 r_oc_ave =  114.502228 
 b_oc_ave =  125.742218 
 gr_oc_ave =  187.320007 
 gb_oc_ave =  187.151108 