 LEFT LENS SHADING DATA
 RED Channel
 {
 26.869427  29.598175  33.133644  38.910519  44.925365  50.170883  54.254372  56.551353  57.411400  56.156715  53.334167  48.815834  43.280987  37.292812  31.455570  28.009739  26.315990 
 28.737347  32.684219  39.236561  46.919689  54.193909  60.453590  65.385628  68.430939  69.282028  67.647346  64.019997  58.565002  51.950783  44.744064  37.223282  31.019531  27.728909 
 30.259636  37.032345  45.652657  54.555779  62.950783  70.459686  76.638435  80.762970  81.906403  79.666565  74.744690  67.935623  60.137344  51.868752  43.142654  35.077812  28.981564 
 32.727448  41.623905  51.381409  61.310783  70.950783  79.995941  87.748436  93.034843  94.548279  91.717972  85.661873  77.016251  67.584999  58.074219  48.453438  39.123280  31.261406 
 35.385258  45.481720  56.074997  66.904533  77.876717  88.480782  97.513748  103.665466  105.348434  102.170784  95.174217  85.144218  74.049217  63.359375  52.758278  42.592499  33.458752 
 37.350834  48.048752  59.176559  70.720779  82.619530  94.321251  104.278122  110.541718  112.240463  109.230156  101.829529  90.872185  78.682655  66.858749  55.623749  44.928749  35.112083 
 38.032497  49.084999  60.489220  72.444847  84.734222  96.797501  107.019531  113.163437  114.880630  111.778595  104.982971  93.656715  80.898438  68.904686  57.064064  45.906250  35.858749 
 37.558125  48.341873  59.630936  71.187653  83.132660  94.801720  104.829376  111.106873  112.827972  109.617188  102.712814  91.487503  79.183281  67.425003  56.194221  45.386406  35.481617 
 35.822601  45.979687  56.717972  67.704842  78.755783  89.303909  98.443123  104.560310  106.241722  102.942184  95.928749  86.044846  74.983749  64.343285  53.756248  43.457344  34.164219 
 33.268280  42.345158  52.231560  62.357498  72.060310  81.076408  88.885628  93.952812  95.334221  92.816406  86.770470  78.443748  68.884529  59.382347  49.634689  40.133438  32.000519 
 31.151878  38.065624  46.820469  55.916405  64.439064  72.019684  78.320160  82.449997  83.502190  81.362656  76.400627  69.658752  61.675156  53.212341  44.418751  36.106876  30.135624 
 30.088596  34.129219  40.696877  48.532501  56.143593  62.633438  67.789688  70.938904  71.682190  69.954689  66.218124  60.624222  53.737816  46.360783  38.652031  32.496563  29.330730 
 28.782757  31.651928  35.083122  41.262085  47.817970  53.262192  57.786766  60.219536  60.768433  59.537605  56.597298  51.823593  46.041145  39.503906  33.714741  30.496979  28.653648 
 } 
 GR Channel
 {
 51.954689  56.752190  62.393951  71.332863  80.313431  88.429062  94.504639  98.111305  99.343849  97.525314  93.176453  86.736298  78.549583  69.286880  60.083542  54.691254  51.943336 
 55.347603  61.993439  72.306877  84.177658  95.297188  104.867813  112.176086  116.973587  118.080933  115.554062  110.369377  102.256096  92.382500  81.270622  69.708122  59.902496  54.456665 
 57.864792  68.833122  82.255157  95.994690  108.853592  120.321091  129.566879  135.848907  137.652496  134.398590  127.381409  116.987976  105.193123  92.459686  79.054535  66.278282  56.473907 
 61.965782  75.922653  90.989685  106.119530  121.013596  134.885468  146.652649  154.691101  157.137817  153.174683  144.532974  131.392029  116.859848  102.140160  87.342346  72.730469  59.782349 
 66.202240  81.843285  97.941254  114.425629  131.302032  147.423279  161.384216  170.650467  173.401566  169.058899  159.275467  144.112350  127.039841  110.461876  94.193748  78.123596  63.446716 
 69.035675  85.816719  102.729843  120.242340  138.277496  156.228592  171.448593  180.790466  183.374222  179.367035  169.062973  152.690933  134.178284  116.034225  98.600471  81.950935  66.090103 
 70.219116  87.346405  104.739685  122.601410  141.181564  159.755783  175.331253  184.600464  187.250931  183.176880  173.772812  156.932037  137.794067  119.265320  101.102028  83.362343  67.375885 
 69.300056  86.176094  103.258751  120.587662  138.660004  156.550003  171.921097  181.559372  184.174377  179.976257  170.415314  153.876556  134.900162  116.667969  99.386719  82.473595  66.687134 
 66.599525  82.538910  98.843437  115.376877  132.158600  148.392349  162.522034  171.801880  174.466873  170.104691  160.120468  145.243439  128.029999  111.628128  95.426247  79.447502  64.324585 
 62.680206  76.948128  91.959221  107.324844  122.064682  136.042343  147.984848  155.820313  158.111099  154.760788  145.842194  133.283905  118.656403  104.074532  88.984528  74.066406  61.072868 
 59.323021  70.255936  83.769218  97.695465  110.640312  122.049850  131.739212  137.954529  139.837967  136.748596  129.614059  119.414215  107.365311  94.423126  80.832809  67.731873  57.928955 
 57.136047  64.009377  74.276253  86.445313  97.999847  107.760155  115.548279  120.229065  121.726410  119.211716  113.729218  105.354530  95.079376  83.750465  71.784218  61.926872  56.584793 
 54.284370  59.553131  65.472504  74.819893  84.850464  93.218285  99.969322  103.742805  104.812866  103.052345  98.605682  91.825150  83.003960  72.892761  63.933594  58.589378  55.264374 
 } 
 GB Channel
 {
 52.852814  57.331146  63.018700  72.178230  81.513908  89.734161  95.950058  99.735573  100.810417  98.850060  94.449318  87.607658  79.181618  69.576309  60.247650  54.982597  52.156776 
 55.854485  62.441559  72.927658  85.040314  96.390778  106.040001  113.602341  118.422028  119.612503  116.959839  111.484528  103.078278  92.935158  81.626091  69.742035  59.822189  54.360939 
 58.052559  69.073593  82.812965  96.809219  109.770157  121.427963  130.873444  137.243439  139.061569  135.616562  128.362030  117.753128  105.629684  92.654999  78.919846  65.958435  56.197601 
 61.833382  76.061096  91.484840  107.010315  122.075317  135.996246  147.756088  155.942337  158.381882  154.276093  145.355774  132.041565  117.301086  102.158127  87.093124  72.207970  59.157761 
 65.760468  81.833595  98.275467  115.151093  132.019836  148.317337  162.148743  171.432343  174.273438  169.755936  159.699219  144.401566  127.028275  110.292816  93.638596  77.389374  62.760628 
 68.582703  85.580627  102.828438  120.479843  138.635788  156.483124  171.556244  181.128433  183.668747  179.496719  169.089691  152.569687  133.808289  115.452347  97.860466  80.905624  65.011879 
 69.512764  86.879219  104.521721  122.492661  140.994370  159.571716  174.924225  184.227341  186.898911  182.769836  173.061096  156.263596  137.047806  118.329849  99.944374  82.213440  66.091766 
 68.490311  85.595314  102.869377  120.244537  138.309998  156.090942  171.252502  180.867188  183.479996  179.276413  169.542191  152.998123  134.041718  115.777649  98.326096  81.222969  65.420265 
 65.814842  82.014221  98.350624  114.825470  131.650467  147.734848  161.706558  170.931244  173.679062  169.174530  159.016403  144.129837  126.992966  110.707809  94.320465  78.217659  63.233704 
 61.874794  76.280624  91.334534  106.668747  121.274536  134.958908  146.781555  154.527817  156.823441  153.366562  144.480942  131.961243  117.440781  102.784531  87.774841  72.818596  59.922134 
 58.724167  69.661247  83.179688  96.983437  109.714378  121.047348  130.559525  136.785629  138.539536  135.333908  128.326401  118.111557  106.096565  93.246872  79.633125  66.564064  56.951981 
 56.764481  63.367813  73.705154  85.726097  97.130936  106.791718  114.397186  119.156723  120.446869  117.934845  112.396713  103.985313  93.850784  82.597031  70.740471  60.996407  55.678696 
 54.142403  59.122810  64.989525  74.275879  84.173851  92.404015  98.921356  102.798592  103.558128  101.771301  97.646507  90.591568  81.853493  71.921402  62.906509  57.660782  54.613693 
 } 
 B Channel
 {
 34.984062  38.286980  42.578751  49.291870  55.938332  61.735619  65.867393  68.541924  69.229218  67.862915  65.029373  60.306877  54.281303  47.530151  40.888283  37.108387  35.369637 
 37.333645  42.140312  49.513748  58.270622  66.177498  72.938126  77.957809  81.117966  81.896095  80.315002  76.844376  71.148125  64.136093  56.084534  47.607655  40.598595  37.526722 
 38.974998  46.990002  56.729530  66.643127  75.550629  83.483597  89.770157  93.783279  94.942497  92.839531  88.234062  81.292816  73.085938  63.961876  54.334534  45.276093  39.042133 
 41.816040  51.861877  62.898590  73.638283  83.977814  93.293121  101.133278  106.377342  107.811249  105.259689  99.501564  90.770935  80.883278  70.666878  60.190628  49.818596  41.633801 
 44.490990  55.838280  67.493126  79.149689  90.736252  101.675468  110.906403  116.797974  118.451721  115.613281  109.115784  98.980934  87.453590  76.108284  64.685623  53.502968  44.241924 
 46.509377  58.379372  70.381561  82.566406  95.032341  107.109375  117.108124  123.270782  124.849213  122.137344  115.196716  104.228752  91.869377  79.549065  67.447815  55.975471  45.956928 
 47.294170  59.318748  71.502655  83.919533  96.510468  108.987968  119.275314  125.432816  127.070465  124.324371  117.920776  106.596252  93.801407  81.406250  68.946716  56.848434  46.719692 
 46.684166  58.507500  70.543121  82.519218  94.758438  106.662186  116.849686  123.177658  124.858902  122.196716  115.839218  104.968750  92.226410  79.914215  67.874847  56.183441  46.184265 
 44.877346  56.199219  67.776718  79.240471  90.645782  101.452034  110.612190  116.583282  118.415466  115.614059  109.076408  99.319374  87.991249  76.826408  65.352966  54.218285  44.787655 
 42.132603  52.305939  63.042030  73.873436  84.003593  93.072189  100.780472  105.764061  107.344215  105.158752  99.539063  91.309219  81.586250  71.548904  60.915154  50.495628  42.245625 
 39.691616  47.583908  57.305000  67.124222  76.205002  83.902969  90.147186  94.021248  95.190002  93.277809  88.729218  82.067970  74.013596  64.957497  55.229218  46.043594  39.940052 
 38.289688  43.314686  50.869530  59.710159  68.033440  74.870468  80.000938  83.004997  83.791878  82.213127  78.655624  73.077499  65.947655  57.909531  49.238434  42.285156  39.385784 
 36.789268  40.755524  45.168491  52.182449  59.965935  65.875259  70.694267  73.202499  73.849373  72.720207  69.780624  64.782913  58.432861  51.151817  44.265106  40.493698  39.050781 
 } 


 White Balance Data with optical Center Data
 r_center_x =  659 r_center_y =  511 
 gr_center_x =  634 gr_center_y =  501 
 b_center_x =  617 b_center_y =  471 
 gb_center_x =  641 gb_center_y =  480 
 r/gr 0.612383 
 b/gr 0.678199 
 gb/gr 0.997117 
 r_oc_ave 115.168884 
 b_oc_ave 127.546661 
 gr_oc_ave 188.066666 
 gb_oc_ave 187.524445 

 [AWB]
 RGr =  0.612383 
 BGr =  0.678199 
 GbGr =  0.997117 
 r_oc_ave =  115.168884 
 b_oc_ave =  127.546661 
 gr_oc_ave =  188.066666 
 gb_oc_ave =  187.524445 