 LEFT LENS SHADING DATA
 RED Channel
 {
 27.102081  29.415417  33.373020  39.566822  45.675156  50.942291  55.000885  57.628326  58.215363  56.904846  53.899948  49.116768  43.772499  37.690315  31.953957  28.751148  27.014477 
 28.925415  33.128750  39.813438  47.582031  54.813278  61.038124  66.111092  69.195000  69.997658  68.206718  64.385155  58.760941  52.196251  45.059063  37.603127  31.561562  28.407398 
 30.579586  37.516251  46.159374  55.050156  63.405472  70.890312  77.118591  81.265625  82.385315  79.992188  74.980782  68.022186  60.224998  51.957497  43.341408  35.285938  29.404270 
 33.152550  42.102345  51.819374  61.644844  71.261566  80.334846  88.073753  93.432655  94.692345  91.725784  85.497498  76.838593  67.475784  58.022499  48.484688  39.241562  31.457397 
 35.694580  45.799999  56.266090  66.986404  77.891251  88.340782  97.614845  103.586716  104.934059  101.597343  94.449684  84.338280  73.518593  62.924377  52.461403  42.575783  33.614738 
 37.370365  48.212654  59.279373  70.690468  82.559372  94.171722  104.024376  110.117813  111.500153  108.052811  100.528748  89.687653  77.687653  66.186722  55.187500  44.635937  35.186356 
 38.099949  48.992653  60.426094  72.179222  84.262970  96.201248  106.107811  112.169067  113.464996  110.232185  103.239998  91.672340  79.402496  67.737030  56.360779  45.532970  35.638592 
 37.582970  48.144844  59.343597  70.729530  82.275467  93.606560  103.092186  109.268440  110.706253  107.655312  100.448128  89.590309  77.824066  66.414375  55.326874  44.756092  35.180470 
 35.794117  45.733906  56.175629  66.859840  77.500778  87.765312  96.485939  102.241249  103.688904  100.493904  93.718750  83.935783  73.230782  62.921722  52.602341  42.745625  33.776039 
 33.406982  42.097813  51.538910  61.345314  70.765312  79.388748  86.900314  91.801720  92.910004  90.462654  84.408279  76.258904  67.222656  58.040154  48.608597  39.357189  31.698437 
 31.350052  37.747345  46.055157  54.793594  62.999847  70.202660  76.403595  80.240936  81.232185  79.193909  74.331253  67.736092  60.153122  52.041718  43.498749  35.557812  30.072811 
 30.416355  33.863438  39.941719  47.383282  54.669846  60.826721  65.747658  68.835785  69.523590  67.909378  64.180779  58.754372  52.337654  45.157345  37.841251  32.244217  29.476093 
 29.139687  31.370522  34.514011  40.013073  46.054214  51.308174  55.467865  57.737648  58.614632  57.397713  54.320152  49.760208  44.161613  38.035469  32.798752  30.124844  28.371929 
 } 
 GR Channel
 {
 52.696564  57.340309  63.886147  73.485153  83.196564  91.138229  97.394432  101.496094  102.644951  100.768539  96.527298  89.484169  81.287910  71.683281  62.454742  56.935310  53.667809 
 56.162811  63.627815  74.351563  86.508278  97.560310  107.212814  114.700470  119.484222  121.035156  118.533127  113.244370  105.025002  94.934998  83.735153  71.804535  61.866562  56.182396 
 59.321098  70.895470  84.362968  98.009529  110.761719  122.252808  131.764694  137.945786  139.742966  136.729538  129.859070  119.469223  107.616096  94.784218  81.102188  68.175003  57.982498 
 63.556152  78.002815  92.884842  107.786095  122.558121  136.587189  148.317963  156.418274  158.701569  154.827026  146.130630  133.295776  119.020309  104.339218  89.397659  74.614220  61.577759 
 67.566933  83.560471  99.634842  115.707031  132.192337  148.605774  162.787964  171.653122  174.196716  169.892181  159.811569  144.906876  128.398132  111.895309  95.678123  79.924217  65.319427 
 70.107712  87.115623  103.995941  121.140320  138.964371  156.889374  172.287033  181.589996  183.880157  179.512817  169.053757  152.813431  134.667343  116.918594  99.927658  83.346252  67.872498 
 71.135216  88.200623  105.527657  123.149216  141.386093  159.634689  175.040314  184.376099  186.642654  182.506409  173.116089  156.139069  137.317810  119.472961  101.907814  84.608910  68.666618 
 70.059792  86.715622  103.867966  120.926880  138.600464  156.353592  170.822342  180.282806  182.748276  178.934692  169.073120  153.151413  135.265152  117.190933  100.023438  83.339066  67.749893 
 67.259277  83.044685  99.127502  115.368591  131.797653  147.773285  161.496399  169.966400  172.413284  168.393753  158.879379  144.339539  127.736557  111.692970  95.640472  80.007660  65.369530 
 63.241982  77.370316  91.920471  107.142654  121.600632  135.177032  146.869843  154.330475  156.242661  152.891724  144.407654  132.304840  118.190308  104.097809  89.307190  74.543594  61.922554 
 59.911819  70.512032  83.657188  97.148903  109.844528  121.137650  130.532501  136.688126  138.323120  135.596725  128.562973  118.672348  107.155312  94.510002  81.059059  68.290779  59.132240 
 57.717140  64.233597  74.014221  85.766716  96.945625  106.563751  114.195160  118.951874  120.234528  118.147964  112.574371  104.317970  94.489059  83.409691  71.644997  62.459686  57.498436 
 54.607964  59.668381  65.139839  73.795677  83.427711  91.637085  98.047028  101.768127  103.241821  101.384842  96.992287  90.052765  81.343224  71.620102  63.266251  58.825523  55.023438 
 } 
 GB Channel
 {
 53.627975  58.045891  64.680832  74.555840  84.292496  92.263336  98.726715  102.740471  103.609581  101.608856  97.099953  89.959373  81.510361  71.616409  62.398178  56.907806  53.676987 
 56.873383  64.346092  75.245003  87.533752  98.705002  108.343750  115.781097  120.496094  121.827499  119.145935  113.740158  105.238129  95.048904  83.695778  71.651718  61.606560  56.112396 
 59.735626  71.523125  85.227814  99.160934  111.952972  123.419067  132.815308  138.879211  140.528122  137.262024  130.215469  119.742493  107.693596  94.608124  80.791092  67.743904  57.809525 
 63.918594  78.675468  93.840622  108.908905  123.751099  137.707809  149.446564  157.395630  159.511719  155.456879  146.528122  133.441254  119.092194  104.198128  88.942497  74.052185  61.049278 
 67.882713  84.200623  100.540001  116.768433  133.446091  149.598755  163.586716  172.600159  174.976868  170.409225  160.247498  144.979538  128.232193  111.630470  95.197502  79.279846  64.746300 
 70.228653  87.576561  104.917030  122.065933  139.934998  157.712814  172.853592  182.034378  184.146881  179.667343  169.043274  152.740463  134.394836  116.599686  99.295471  82.532341  66.982140 
 71.211349  88.642189  106.145470  123.987030  142.081558  160.031097  175.104996  184.451874  186.661255  182.371399  172.814850  155.726868  136.954529  118.902817  101.107658  83.766090  67.954224 
 69.988434  87.148438  104.421875  121.689224  139.257034  156.683746  170.822662  180.201096  182.673599  178.724533  168.716873  152.719223  134.841568  116.721558  99.243591  82.422028  66.935997 
 67.217964  83.331093  99.691254  115.823441  132.090622  147.977661  161.367813  169.902649  172.197968  168.115311  158.366409  143.793442  127.253754  111.138283  94.878441  79.107185  64.513855 
 63.427765  77.566719  92.334846  107.456718  121.847656  135.147339  146.561569  153.933746  155.779221  152.361099  143.735931  131.569839  117.581406  103.395157  88.544220  73.780312  61.352814 
 59.961922  70.725471  83.928749  97.367813  109.866249  120.874527  130.136719  136.115311  137.771713  134.796249  127.641556  117.885941  106.463280  93.811096  80.349846  67.598907  58.565369 
 58.026932  64.360466  74.104218  85.807968  96.912346  106.337502  113.758743  118.462036  119.781723  117.420944  111.890312  103.649689  93.753754  82.738594  71.019066  61.890938  57.082611 
 55.221512  59.758179  65.094017  73.981926  83.337128  91.439163  97.702499  101.451408  102.603592  100.888435  96.268234  89.370110  80.722084  71.026306  62.669479  58.248856  54.725525 
 } 
 B Channel
 {
 35.310417  38.587917  42.993435  49.781036  56.435730  62.110680  66.624008  69.105728  69.784210  68.695267  65.874268  61.277138  55.503860  48.615891  42.105106  38.098022  36.077606 
 37.838333  42.863750  50.438438  58.923126  66.591560  73.086716  78.126717  81.249062  82.038597  80.486717  77.089691  71.668594  64.940941  57.159843  48.762184  41.802189  38.352188 
 39.794582  47.849998  57.575157  67.220779  75.915939  83.548752  89.654221  93.555779  94.637344  92.677498  88.281563  81.582809  73.635941  64.907967  55.390472  46.331718  39.945675 
 42.561249  52.779999  63.523125  74.063278  84.040154  93.202034  100.879997  105.942184  107.239685  104.689529  99.121719  90.721405  81.241249  71.420158  61.042030  50.785469  42.549007 
 45.029690  56.363434  67.893127  79.224060  90.341873  101.129219  110.243439  115.889999  117.338913  114.519684  108.040779  98.092346  87.304688  76.383438  65.227814  54.390472  45.111095 
 46.805153  58.733284  70.653122  82.418282  94.569374  106.431564  116.255005  122.007507  123.389221  120.503128  113.757187  103.220467  91.277344  79.551559  67.949532  56.642967  46.886925 
 47.240833  59.394997  71.522499  83.528282  95.762344  107.811874  117.791565  123.651566  125.035461  122.282028  115.967972  104.901093  92.689217  80.900467  69.115471  57.375153  47.399952 
 46.583599  58.357971  70.277496  82.035156  93.770470  105.355621  114.905319  120.882187  122.446716  119.846252  113.712814  103.233284  91.474373  79.763748  67.890778  56.504684  46.753849 
 44.643124  55.695625  67.088753  78.285156  89.322189  99.713753  108.497810  114.161255  115.884064  113.201569  107.115311  97.570938  86.767815  76.047188  65.039063  54.191559  44.876980 
 42.060368  51.713905  62.054535  72.652031  82.583435  91.477188  98.945000  103.712189  105.125153  103.247971  97.780159  89.801559  80.568596  71.044220  60.634529  50.471405  42.477863 
 39.611195  46.987656  56.275154  65.822502  74.524689  82.145622  88.419373  92.127342  93.221718  91.671249  87.354065  80.865471  73.109528  64.464844  54.912811  46.026405  40.307030 
 38.216618  42.606407  49.526878  57.883751  65.787971  72.393906  77.561249  80.616409  81.400780  80.053909  76.620155  71.165314  64.497971  56.753281  48.395782  41.943592  39.221718 
 36.645363  40.165779  44.179375  50.541672  57.618591  63.442451  68.007080  70.331192  71.243912  70.159950  67.144112  62.426979  56.403587  49.417656  43.290573  40.027134  38.170471 
 } 


 White Balance Data with optical Center Data
 r_center_x =  637 r_center_y =  472 
 gr_center_x =  638 gr_center_y =  470 
 b_center_x =  640 b_center_y =  469 
 gb_center_x =  621 gb_center_y =  485 
 r/gr 0.607388 
 b/gr 0.668499 
 gb/gr 1.002109 
 r_oc_ave 113.924438 
 b_oc_ave 125.386673 
 gr_oc_ave 187.564438 
 gb_oc_ave 187.960007 

 [AWB]
 RGr =  0.607388 
 BGr =  0.668499 
 GbGr =  1.002109 
 r_oc_ave =  113.924438 
 b_oc_ave =  125.386673 
 gr_oc_ave =  187.564438 
 gb_oc_ave =  187.960007 