 LEFT LENS SHADING DATA
 RED Channel
 {
 27.356716  29.859638  33.500053  39.434586  45.544735  50.844475  54.875420  57.237396  57.731194  56.381462  53.592186  48.951820  43.411613  37.437290  31.907448  29.023125  27.169373 
 28.867970  32.802345  39.206093  46.853748  54.030785  60.212814  65.220001  68.197815  68.918907  67.118126  63.477188  57.979530  51.370155  44.308125  36.932655  31.049374  28.061459 
 30.425522  36.989689  45.510311  54.356560  62.585472  70.043434  76.132813  80.175003  81.158752  78.770622  74.104691  67.267967  59.397812  51.232346  42.635155  34.731407  28.916615 
 32.996925  41.599220  51.337502  61.225471  70.785309  79.644997  87.293747  92.456406  93.802032  90.859062  84.735939  76.174065  66.949844  57.459061  48.001251  38.757656  30.872032 
 35.581512  45.475468  56.013123  67.024216  77.746872  88.078903  97.154999  103.202660  104.519844  101.072655  94.060158  84.069061  73.157654  62.635628  52.172813  42.152344  33.068802 
 37.364010  48.171722  59.247971  70.847191  82.730003  94.337967  104.127502  110.167503  111.108124  107.951874  100.593437  89.752655  77.680153  66.142342  55.071404  44.386093  34.607555 
 38.054321  49.209534  60.633278  72.598122  84.817497  96.922028  106.798752  112.444382  113.730942  110.617966  103.869690  92.603592  80.054688  68.082344  56.485313  45.455624  35.228542 
 37.675465  48.561096  59.785004  71.467812  83.394531  94.727341  104.599533  110.402191  111.699532  108.427971  101.637810  90.460159  78.316093  66.690781  55.481720  44.802032  34.920990 
 36.157238  46.289532  57.007347  68.034065  78.925316  89.263435  98.195160  103.963280  105.273903  102.022346  95.112816  85.269684  74.208122  63.614059  53.119064  42.919689  33.568436 
 33.793335  42.838749  52.590622  62.676094  72.188438  81.103905  88.707809  93.823280  94.968903  92.250626  86.129059  77.667816  68.127815  58.758438  49.173279  39.702812  31.598644 
 31.653488  38.489532  47.150936  56.194847  64.704842  72.188751  78.417191  82.418121  83.349060  81.003906  76.072342  69.188278  61.324532  52.936409  44.139687  35.935471  29.783176 
 30.372139  34.359844  40.878281  48.818748  56.330627  62.678909  67.562187  70.674065  71.438751  69.721718  65.740784  60.208908  53.426559  46.087345  38.391407  32.296875  28.965626 
 28.841717  31.392971  34.809738  40.839165  47.152710  52.392868  56.465515  59.099480  59.487495  58.407761  55.316826  50.529121  44.868229  38.532551  32.852863  29.725208  27.306873 
 } 
 GR Channel
 {
 51.822289  56.887291  62.665207  72.137764  81.659271  89.697235  95.957703  99.827759  100.969482  98.897400  94.853752  87.982971  79.436768  70.130211  61.435471  56.194267  53.115105 
 55.156876  61.875626  72.133125  84.100471  95.175934  104.747032  112.238129  116.947968  118.194061  115.697815  110.542503  102.377342  92.338440  81.269379  69.517342  59.917191  54.669266 
 57.960938  68.799690  82.201561  95.948593  108.660469  120.148743  129.421875  135.504059  137.155624  134.044373  127.247345  117.018127  105.110779  92.263596  78.862343  65.899529  56.335159 
 62.188278  76.087654  91.242035  106.509689  121.125153  134.845627  146.353592  154.320160  156.519836  152.580780  143.882660  131.187973  116.863129  102.219528  87.313278  72.553749  59.566254 
 66.319633  82.089844  98.345001  114.921249  131.517181  147.279068  161.168747  170.254532  172.655319  168.317032  158.291092  143.284851  126.615631  110.288750  93.927811  78.040627  63.384796 
 69.094742  86.249535  103.250153  120.686401  138.738754  156.556564  171.464844  180.608749  182.616882  178.260788  168.090622  151.960159  133.492340  115.784531  98.584686  81.907188  65.771774 
 70.352806  87.801559  105.221092  123.260162  141.649368  160.197037  175.503754  184.034058  186.110306  182.197342  173.114532  156.292816  137.381561  119.051254  101.091408  83.439842  67.069214 
 69.560150  86.809532  103.902344  121.600464  139.558289  157.310471  172.321869  181.196091  183.361557  179.185318  169.773590  153.329224  134.516724  116.729218  99.348907  82.414528  66.300575 
 67.055939  83.247185  99.588440  116.387650  133.255463  149.246567  163.041718  171.860626  174.063599  169.637650  159.916565  145.151413  128.217346  111.830627  95.451248  79.356407  64.129112 
 63.129013  77.649216  92.888748  108.419060  123.220932  136.938751  148.608124  156.375778  158.365631  154.969223  146.162964  133.583282  118.927811  104.421410  89.205940  74.161095  60.948387 
 59.673546  70.920624  84.612030  98.702972  111.871246  123.451401  132.851257  138.876724  140.633591  137.595474  130.472031  120.151566  108.013908  95.047340  81.210472  67.923904  57.805779 
 57.312973  64.352341  74.940002  87.245941  98.855782  108.725624  116.080780  120.997498  122.380463  119.944061  114.156097  105.906715  95.602966  84.065002  71.806252  61.888908  56.194115 
 53.931717  59.311722  65.014168  74.476768  84.196823  92.205208  98.915581  102.935829  103.678596  102.235725  97.544220  90.539009  81.546928  71.591248  62.543747  57.354942  53.182861 
 } 
 GB Channel
 {
 52.679733  57.634743  63.426041  73.141098  82.716148  90.938904  97.304268  101.062187  102.132813  99.924629  95.549004  88.546196  79.837814  70.459686  61.514374  56.482872  53.223289 
 55.779739  62.573280  72.990623  85.150467  96.426559  105.989532  113.547180  118.304688  119.390320  116.752350  111.280472  102.925156  92.645309  81.370941  69.483124  59.812653  54.679535 
 58.323334  69.281250  82.970627  96.881874  109.821251  121.207184  130.558121  136.711716  138.303757  134.923752  127.810150  117.427658  105.251091  92.253754  78.515312  65.545937  56.016769 
 62.215004  76.493752  91.968903  107.344841  122.143600  135.767807  147.416718  155.282501  157.394531  153.312805  144.353592  131.403595  116.844849  102.010002  86.799065  71.830940  58.946358 
 66.104584  82.276253  98.771721  115.658905  132.266556  148.066879  161.860779  170.830307  173.412811  168.612503  158.330627  143.136246  126.354370  109.788124  93.239998  77.173126  62.413544 
 68.744583  86.135002  103.330154  121.000473  139.064850  156.675934  171.425934  180.611557  182.547180  177.943130  167.634689  151.423599  132.904068  114.906403  97.627190  80.787186  64.544273 
 69.732033  87.423904  105.143753  123.172501  141.519379  159.929993  174.728745  183.449524  185.420624  181.368912  171.964691  155.140320  136.318756  118.012344  99.744377  82.108597  65.623390 
 68.914787  86.345627  103.519844  121.182037  139.166092  156.506882  171.365784  179.939850  182.240463  177.912964  168.357346  151.893753  133.252350  115.335938  97.985939  80.931252  64.866669 
 66.468956  82.734375  99.275314  116.015320  132.609528  148.350937  161.896255  170.545319  172.634689  168.192337  158.325943  143.742188  126.871246  110.451721  94.077187  77.824219  62.730263 
 62.559944  77.101410  92.455940  107.884377  122.443588  135.995621  147.326401  154.955780  156.826248  153.267502  144.381882  131.945007  117.416565  102.925316  87.863434  72.647346  59.605469 
 59.304840  70.382965  84.125000  98.111717  110.961876  122.243591  131.445938  137.349838  138.979065  135.749695  128.619995  118.372192  106.496719  93.645309  79.857498  66.646095  56.737556 
 57.065475  63.849846  74.330315  86.591248  98.028435  107.644684  114.916565  119.635788  120.797180  118.354691  112.453903  104.252342  94.114685  82.769844  70.574532  60.748596  55.157135 
 54.076714  58.917557  64.681564  74.110413  83.640526  91.584267  98.010315  101.944321  102.830940  101.041359  96.159111  89.287964  80.279274  70.281296  61.393906  56.332550  52.449638 
 } 
 B Channel
 {
 35.621769  39.298435  43.945831  51.206718  58.277298  64.242973  68.525368  71.016357  71.529480  70.300522  67.517609  62.734741  56.634109  49.832764  43.299217  39.517292  37.773125 
 37.233437  42.192188  49.737503  58.481094  66.399376  72.968597  77.906403  80.984688  81.691559  80.094688  76.709686  71.290779  64.275154  56.547966  48.221092  41.308125  38.208122 
 39.172607  46.830936  56.480003  66.216408  75.022812  82.706406  88.885155  92.866875  93.839531  91.875778  87.562035  80.856560  72.723747  64.018906  54.470154  45.340626  39.243538 
 41.939587  51.845001  62.642815  73.286407  83.257034  92.483749  100.214531  105.405624  106.847656  104.493591  98.894379  90.326874  80.825935  70.835938  60.493279  49.977341  41.712139 
 44.664948  55.783905  67.339691  78.791252  89.997810  100.600471  109.888123  115.960464  117.480942  114.785782  108.235779  98.409691  87.138748  76.154846  64.927032  53.705002  44.225834 
 46.377499  58.302498  70.146248  82.231720  94.416565  106.328125  116.356720  122.467346  123.733749  121.043442  114.384689  103.651718  91.382034  79.548439  67.751564  56.165314  45.820728 
 47.050732  59.111565  71.238594  83.638908  96.001564  108.441093  118.527969  124.278442  125.785156  123.240005  117.035629  106.023903  93.525314  81.513283  69.223122  57.051247  46.600422 
 46.440205  58.386871  70.404373  82.541878  94.690155  106.512810  116.447342  122.252808  123.677963  121.072037  115.002655  104.387657  91.905312  79.966873  68.120003  56.400154  46.004951 
 44.716301  56.069847  67.739532  79.402496  90.680466  101.375626  110.442657  116.201874  117.576569  114.913284  108.608284  98.983597  87.765160  76.773285  65.570000  54.263283  44.516407 
 41.988018  52.357185  63.245468  74.064842  84.056091  93.244843  100.874222  105.821091  107.153122  104.977188  99.375000  91.128281  81.435783  71.641403  61.217972  50.603127  42.126041 
 39.716038  47.876877  57.785622  67.529373  76.616562  84.278595  90.463440  94.298752  95.298752  93.309532  88.735626  82.001717  74.009689  65.187187  55.591408  46.240002  39.862915 
 38.278492  43.434532  50.933907  59.690468  67.893593  74.485466  79.443283  82.426559  83.069374  81.523285  77.811409  72.317810  65.288750  57.517029  48.919533  41.911251  38.470413 
 36.024326  39.874321  44.300365  50.993179  57.984634  63.410263  67.791824  70.327812  70.816040  69.663910  66.598282  61.872810  55.701660  48.824738  42.420986  38.630001  36.203751 
 } 


 White Balance Data with optical Center Data
 r_center_x =  624 r_center_y =  489 
 gr_center_x =  648 gr_center_y =  501 
 b_center_x =  639 b_center_y =  484 
 gb_center_x =  634 gb_center_y =  488 
 r/gr 0.610761 
 b/gr 0.675606 
 gb/gr 0.996930 
 r_oc_ave 114.071106 
 b_oc_ave 126.182220 
 gr_oc_ave 186.768890 
 gb_oc_ave 186.195557 

 [AWB]
 RGr =  0.610761 
 BGr =  0.675606 
 GbGr =  0.996930 
 r_oc_ave =  114.071106 
 b_oc_ave =  126.182220 
 gr_oc_ave =  186.768890 
 gb_oc_ave =  186.195557 