 LEFT LENS SHADING DATA
 RED Channel
 {
 36.619480  39.667809  43.875107  51.128075  59.164627  66.037132  71.549583  74.911308  76.166351  74.826462  71.238441  65.502762  58.118538  50.482346  43.322502  39.214741  36.656406 
 38.439060  42.989063  50.723434  60.440781  69.772346  78.067345  84.907501  89.398590  90.940941  88.995628  84.317184  77.085472  68.355621  59.099220  49.680000  42.050781  38.451824 
 40.239010  48.049217  58.525002  69.772186  80.685310  90.842186  99.494530  105.530312  107.512032  105.004997  98.740311  89.656250  79.098907  68.249222  57.061096  46.877186  39.726768 
 43.424324  53.869530  65.974533  78.597191  91.317345  103.739532  114.751724  122.755463  125.428909  121.874695  113.767502  102.266716  89.392029  76.663284  64.064217  52.163124  42.373543 
 46.476460  58.830627  72.071716  86.119690  100.821404  115.391876  128.700317  138.003433  141.161713  137.094528  127.564850  113.809372  98.482498  84.000778  69.950623  56.796097  45.346298 
 48.849586  62.118752  76.173279  91.304840  107.447029  124.043594  138.820160  148.611099  151.636414  147.743591  137.697342  122.398590  105.259064  89.128754  73.999222  60.045471  47.555676 
 49.908020  63.670937  78.047340  93.656563  110.559059  127.962662  143.242661  152.821716  156.075150  152.068283  142.624374  126.953430  109.034843  92.046722  76.040314  61.312813  48.590309 
 49.574890  62.956566  77.277496  92.465935  108.715309  125.541412  140.583588  150.294998  153.587494  149.549057  140.100311  124.640930  106.664528  90.209999  74.931717  60.750626  48.052711 
 47.419788  60.198128  73.911247  88.168121  103.065941  117.959061  131.586243  141.092499  144.309372  140.325470  130.542038  116.525787  100.806717  85.980003  71.678909  58.239845  46.506306 
 44.487759  55.826721  68.379059  81.293594  94.401093  106.917191  118.307816  126.454056  129.169373  125.763443  117.448593  105.601715  92.373909  79.184685  66.282654  53.916565  43.649479 
 41.992706  50.639374  61.513596  73.220940  84.661873  95.139847  104.256096  110.377815  112.480316  109.609528  102.842346  93.260468  82.363907  71.045937  59.434059  48.759689  40.993855 
 40.524632  45.559845  53.862656  63.926247  73.919533  82.662659  89.578278  94.177345  95.743439  93.486565  88.192345  80.564842  71.517029  61.921249  51.753441  43.847031  39.311405 
 38.614216  41.692966  46.189529  53.948334  62.216408  69.372444  75.014740  78.652138  79.632195  78.042809  73.955887  67.774223  60.382240  52.011665  43.952187  40.019321  37.112656 
 } 
 GR Channel
 {
 47.954998  53.103752  58.797653  67.449684  76.757919  84.615318  90.933640  95.068016  96.590004  94.905731  91.129898  84.480156  76.203651  66.942291  58.211517  53.221245  49.554581 
 51.366669  57.942497  67.535782  78.948441  89.661247  99.134064  106.874062  112.013443  113.863754  111.920311  106.830315  98.787033  88.835312  78.068123  66.721718  57.261253  52.312920 
 54.036560  64.291565  76.902969  90.072342  102.467033  113.901718  123.667038  130.222031  132.590149  130.068436  123.315781  113.356247  101.643593  89.193123  75.998909  63.497810  54.452820 
 58.118126  71.169373  85.518906  100.078590  114.440155  128.447815  140.677963  149.376099  152.465469  148.918274  140.309845  127.993591  113.603592  99.290466  84.478439  69.935310  57.771149 
 62.109581  77.044998  92.540001  108.472504  124.918121  141.231400  156.050934  166.171570  169.868744  165.868286  156.036407  141.127975  124.184372  107.770309  91.482811  75.732811  61.646149 
 65.010101  81.029686  97.330315  114.348587  132.367035  150.735001  167.239685  177.887650  181.590942  177.601410  167.355774  150.798431  131.742966  113.557495  96.242500  79.921097  64.425056 
 66.328964  82.773125  99.411407  116.954681  135.565628  154.714996  171.832962  182.582809  186.340317  182.546875  172.887970  155.476089  135.843597  117.223587  98.892654  81.518593  65.655464 
 65.688484  81.800781  98.413597  115.525162  133.516724  151.914536  168.516403  179.484680  183.390625  179.599060  169.543442  152.930313  133.129379  114.800003  97.356094  80.564377  65.191879 
 63.298393  78.617340  94.585938  110.805626  127.301407  143.667969  158.713440  169.202194  172.932663  168.967026  158.945465  143.807037  126.404373  109.767654  93.357346  77.535622  62.906044 
 59.525780  73.483910  88.177971  102.973595  117.577194  131.543594  144.024689  152.629532  155.716873  152.795624  144.144058  131.382034  116.762817  102.001091  86.927971  72.046410  59.066612 
 56.345833  67.237503  80.271408  93.798126  106.709999  118.358597  128.210632  134.789688  137.318909  134.569214  127.467651  117.211868  105.257347  92.359062  78.656097  65.557816  55.486977 
 53.569946  60.823906  71.149529  83.196716  94.567345  104.114685  111.908592  116.987976  118.876251  116.590942  110.869217  102.741409  92.579376  81.226410  69.164063  59.263123  53.136047 
 49.783691  55.209534  61.389328  70.983589  80.528801  88.873436  95.104637  99.375252  100.433327  98.873436  94.338181  87.490776  78.696045  69.071617  59.202393  54.029381  49.644798 
 } 
 GB Channel
 {
 48.793022  53.990105  59.840881  68.862968  78.461304  86.660576  93.376144  97.643127  99.187248  97.461662  93.167549  86.145004  77.349998  67.722610  58.742661  53.438599  49.565262 
 52.031357  58.563438  68.351097  80.057343  91.151093  101.094528  108.985313  114.383118  116.293274  114.172501  108.733597  100.262497  89.855003  78.623436  66.847031  57.256721  52.182755 
 54.196037  64.495628  77.303749  90.939842  103.738594  115.610306  125.545151  132.384216  134.782181  132.122650  125.038589  114.596100  102.412346  89.395470  75.792816  62.980782  54.003906 
 57.705727  71.040314  85.690781  100.573906  115.311722  129.729065  142.128906  151.138275  154.311401  150.589066  141.758911  128.876404  113.917038  99.034531  83.954529  69.174843  56.724640 
 61.257401  76.554062  92.311874  108.547966  125.273438  141.781555  156.949066  167.372025  171.093597  166.963745  156.765152  141.457809  123.976410  107.219688  90.470001  74.564690  60.354691 
 64.148590  80.294220  96.736404  113.978745  132.107971  150.505463  167.083130  178.070938  181.832336  177.824524  167.113586  150.354843  130.989059  112.492661  94.909218  78.357971  63.055672 
 65.130371  81.810158  98.632965  116.295944  134.823746  153.940933  170.913757  181.943909  185.756256  181.855621  172.012024  154.454849  134.660309  115.779846  97.250313  79.771095  63.919220 
 64.542656  80.660782  97.346405  114.467346  132.489059  150.811874  167.277649  178.408905  182.522812  178.523132  168.372971  151.498901  131.660934  113.232498  95.551559  78.721092  63.435051 
 62.124008  77.561722  93.416565  109.455154  126.056717  142.378281  157.440002  168.121719  171.714218  167.707504  157.684525  142.336090  124.788910  107.982658  91.508904  75.623596  61.112968 
 58.456146  72.404060  87.060158  101.773125  116.395782  130.181244  142.703598  151.407501  154.440308  151.466095  142.675629  129.684845  115.045151  100.142654  84.995155  70.196404  57.297447 
 55.334953  66.223907  79.169373  92.709061  105.584846  117.269531  126.939377  133.639374  136.080002  133.217819  126.030472  115.720306  103.597504  90.662659  76.925934  63.961090  54.035889 
 52.735474  59.867340  70.214066  82.212654  93.618126  103.146721  110.937653  115.984375  117.740158  115.325317  109.603127  101.448753  91.092659  79.766090  67.696564  57.851563  51.874062 
 49.391724  54.611305  60.692398  70.365364  79.989792  88.326508  94.651192  98.705627  99.949532  98.234474  93.520630  86.517502  77.739944  67.818390  57.888641  52.888641  48.698647 
 } 
 B Channel
 {
 18.804062  21.172813  24.049999  28.637501  33.358490  37.397190  40.526878  42.435726  43.031773  42.249424  40.327030  37.011456  32.780369  28.071926  23.525105  21.219166  19.718750 
 19.992813  23.152813  28.061249  33.952499  39.334530  43.983437  47.580624  49.876564  50.657188  49.575470  47.173904  43.288124  38.353905  32.989220  27.327187  22.938751  21.041248 
 20.854790  25.868126  32.205936  38.793907  44.864220  50.187813  54.549065  57.433907  58.253128  57.010628  53.872658  49.127655  43.571720  37.611095  31.248436  25.485001  21.638748 
 22.515522  29.003437  36.207031  43.305782  50.023125  56.381561  61.793594  65.496407  66.574997  64.831566  60.884689  55.180779  48.557343  41.765312  34.855000  28.327499  23.018337 
 24.258854  31.773438  39.400780  47.045467  54.700623  62.037498  68.533905  72.709999  74.034691  72.090309  67.636093  60.870941  53.182503  45.532345  38.005783  31.001877  24.888538 
 25.677238  33.513283  41.520000  49.540627  57.851097  65.968124  73.116562  77.502190  78.737190  76.910156  72.231247  64.785622  56.321251  48.092812  40.125626  32.880936  26.236355 
 26.287918  34.401249  42.444843  50.670937  59.174377  67.692657  75.005623  79.261566  80.536720  78.604065  74.295311  66.695160  57.944061  49.546875  41.232033  33.542187  26.763023 
 26.107658  34.009533  42.074375  50.045471  58.286247  66.521408  73.663437  77.948593  79.316254  77.381409  73.154373  65.705627  56.794060  48.479843  40.488281  33.060314  26.468227 
 25.062710  32.623123  40.340626  48.014374  55.614532  62.948593  69.433907  73.786560  75.066719  73.154533  68.545158  61.731094  53.985001  46.413593  38.775314  31.747501  25.456253 
 23.283436  30.149689  37.391720  44.549061  51.254997  57.363129  62.875778  66.584221  67.734528  66.094215  62.218124  56.432503  49.766716  42.863438  35.820782  29.167187  23.626354 
 21.703594  27.124218  33.593437  40.180157  46.169533  51.493279  55.873283  58.681717  59.639061  58.256874  54.968124  50.247658  44.643749  38.552811  32.067970  26.183907  21.707447 
 20.633438  24.055939  29.091095  34.955780  40.406250  45.008438  48.463753  50.684059  51.306091  50.180779  47.603127  43.703751  38.863907  33.449219  27.570156  22.986404  20.370365 
 19.008022  21.434689  24.369633  29.163486  33.967083  37.843853  40.961666  42.746983  43.203800  42.319740  40.166042  36.743748  32.595364  27.744843  22.817451  20.369534  18.522034 
 } 


 White Balance Data with optical Center Data
 r_center_x =  673 r_center_y =  491 
 gr_center_x =  619 gr_center_y =  509 
 b_center_x =  636 b_center_y =  477 
 gb_center_x =  650 gb_center_y =  473 
 r/gr 0.837751 
 b/gr 0.432402 
 gb/gr 0.996910 
 r_oc_ave 156.622223 
 b_oc_ave 80.839996 
 gr_oc_ave 186.955551 
 gb_oc_ave 186.377777 

 [AWB]
 RGr =  0.837751 
 BGr =  0.432402 
 GbGr =  0.996910 
 r_oc_ave =  156.622223 
 b_oc_ave =  80.839996 
 gr_oc_ave =  186.955551 
 gb_oc_ave =  186.377777 