 LEFT LENS SHADING DATA
 RED Channel
 {
 35.454582  38.906250  43.084534  50.166611  58.262657  65.026512  70.736252  74.181358  75.434059  73.767609  69.931557  64.207916  57.165520  49.464737  42.436195  38.653648  36.176144 
 37.797081  42.416248  49.985153  59.678909  68.909531  77.107971  83.830002  88.395935  89.901566  87.895935  83.041565  76.118752  67.589691  58.420784  49.137657  41.761562  37.999893 
 39.712555  47.351093  57.811096  69.160156  79.822342  89.637810  98.211250  104.128441  106.017029  103.455940  97.407814  88.625153  78.438126  67.794998  56.709999  46.616405  39.737865 
 42.608437  53.075935  65.147812  77.848747  90.189529  102.164688  113.010468  120.784531  123.255005  119.836716  112.051880  100.998749  88.587502  76.324997  63.920784  52.026093  42.275883 
 45.545784  57.811409  71.094215  84.952660  99.184372  113.208588  126.365936  135.555786  138.712662  134.902039  125.717499  112.251877  97.584373  83.483437  69.780159  56.776405  45.100368 
 47.838490  61.082031  75.075935  89.954063  105.566093  121.631088  136.270462  146.169525  149.413589  145.894058  135.970306  120.633743  104.152496  88.483597  73.824532  60.007187  47.413437 
 48.933075  62.484528  76.769379  92.196404  108.387184  125.423752  140.549057  150.521881  154.696869  151.654373  142.069534  124.862976  107.461876  91.089218  75.604530  61.256096  48.244629 
 48.401978  61.595314  75.823906  90.611877  106.401878  122.686249  137.668442  147.665161  151.801254  148.601410  138.592651  122.216873  104.874535  89.081879  74.178749  60.244690  47.640106 
 46.315777  58.765160  72.180466  85.989685  100.441872  114.998444  128.514694  138.135315  141.410156  137.603912  127.757034  114.179840  99.021095  84.660782  70.724998  57.448128  45.764790 
 43.588646  54.221565  66.467972  78.961563  91.645157  104.089844  115.156403  123.082962  125.926254  122.775620  114.710007  103.248909  90.528435  77.866722  65.222969  53.068123  42.731876 
 40.972607  48.959686  59.425468  70.793282  81.791252  91.947189  100.915001  107.051094  109.131561  106.709373  100.135628  91.143753  80.668747  69.587341  58.369217  47.862186  40.204689 
 39.299740  43.944530  51.720940  61.488747  70.936409  79.413597  86.500626  91.273750  92.885780  90.975937  85.957184  78.690315  69.981560  60.571877  50.752815  42.864063  38.498646 
 37.018490  40.080154  44.323021  51.781662  59.720779  66.684219  72.466873  76.167084  77.228073  75.901352  72.040108  66.441566  58.988647  50.931870  43.129894  39.327396  36.427814 
 } 
 GR Channel
 {
 47.223545  53.470207  59.325783  68.374741  77.782242  85.955154  92.081146  95.861298  97.122444  95.350990  91.090157  84.357391  76.094841  66.882553  58.352287  52.905891  48.565048 
 51.670212  58.491875  68.282654  79.980782  91.055779  100.525780  107.969063  112.808594  114.375153  112.042038  106.835785  98.986565  89.107971  78.284843  66.969376  57.509842  51.970474 
 54.864792  65.114372  78.148438  91.743439  104.383751  115.654221  125.125000  131.290939  133.288132  130.295151  123.657654  113.765930  102.158905  89.688904  76.422340  63.925629  54.667702 
 58.592865  72.073906  86.943436  101.953903  116.480316  130.096725  142.156250  150.198593  152.889221  149.094055  140.654373  128.222961  113.997650  99.755470  85.033279  70.483437  58.194275 
 62.483803  77.856094  93.940155  110.263748  126.884689  143.002182  157.736877  167.554062  170.481094  166.151093  156.004684  141.048752  124.243439  107.967346  91.971878  76.124062  61.721565 
 65.474846  81.882965  98.687347  116.062347  134.179993  152.505005  169.016724  179.444214  182.501556  177.119995  166.505783  150.285461  131.540466  113.715469  96.632813  80.076096  64.556297 
 66.712860  83.571404  100.617500  118.579849  137.319839  156.619064  173.621872  184.134369  185.382507  179.116257  169.300308  154.764526  135.639694  117.096878  98.987343  81.668907  65.446198 
 66.136925  82.489220  99.454216  116.796402  135.011871  153.844849  170.569687  181.110931  182.302811  176.468750  167.334061  152.493744  132.837189  114.669846  97.124222  80.287811  64.826561 
 63.648178  79.240471  95.464531  111.577660  128.458588  145.356720  160.545319  170.755936  173.919525  169.278442  159.073914  143.686401  126.463593  109.642342  93.089218  76.997185  62.388855 
 60.085991  73.748283  88.682503  103.576561  118.399216  132.622498  145.149536  153.764694  156.526718  152.987808  144.308594  131.353745  116.662659  101.857033  86.635315  71.701874  58.693962 
 56.525940  67.217186  80.263748  93.905785  106.832809  118.443756  128.379059  135.125153  137.142502  134.432816  127.423431  117.135315  105.170311  92.018127  78.320000  65.194061  55.273651 
 53.655670  60.614220  70.694534  82.501091  93.695625  103.470154  111.468285  116.577347  118.195618  115.994064  110.343124  102.287498  92.179375  80.828278  68.825623  58.844688  52.621765 
 49.513596  54.822754  60.739326  69.788803  79.270630  87.518280  93.977234  98.005051  99.458130  97.953232  93.329369  86.907089  78.315208  68.510162  58.731453  53.627190  49.020103 
 } 
 GB Channel
 {
 48.031769  53.911774  59.782860  69.112083  78.759895  86.998436  93.330368  97.416557  98.891922  96.957924  92.356873  85.635002  77.026878  67.438911  58.536255  53.137352  48.918602 
 51.908020  58.767189  68.645157  80.638748  91.909065  101.663437  109.388908  114.329056  116.034225  113.671249  108.170624  100.037498  89.831879  78.720779  67.089996  57.539215  52.121513 
 54.647545  65.139847  78.346405  92.208435  104.977501  116.531403  126.167664  132.595154  134.745941  131.699219  124.900787  114.785461  102.866249  89.949066  76.298439  63.648125  54.414368 
 58.319427  71.850471  86.904686  102.201561  116.906876  130.826569  142.976410  151.436401  154.282501  150.442657  141.704056  128.922806  114.467819  99.807816  84.707809  69.936096  57.553802 
 61.734116  77.268906  93.621246  110.178749  126.910309  143.131088  158.245941  168.277496  171.456558  167.070938  156.703430  141.387344  124.352036  107.740936  91.289528  75.306252  60.968750 
 64.413124  81.011871  97.903435  115.463745  133.570938  152.081726  168.531876  179.299530  182.634689  177.432190  166.521561  150.195618  131.181564  113.161880  95.745468  78.980621  63.340210 
 65.507401  82.456566  99.641563  117.687973  136.408905  155.522186  172.614838  183.182343  184.872498  178.687653  168.749069  153.994217  134.851868  116.216873  97.846092  80.316093  64.091301 
 64.975159  81.454529  98.302498  115.708755  133.730942  152.491409  169.221100  180.155945  181.503906  175.676880  166.617340  151.614532  131.913132  113.569839  95.865158  78.915314  63.551147 
 62.459328  78.103279  94.161720  110.547188  127.132965  143.977036  159.204849  169.748596  173.039841  168.412506  158.191879  142.749374  125.316559  108.507034  91.776093  75.608597  61.125053 
 58.967239  72.712029  87.559059  102.457970  117.081406  131.296875  143.856873  152.596558  155.577347  152.020309  143.291412  130.414063  115.682495  100.718597  85.408592  70.475159  57.605782 
 55.593651  66.260315  79.285469  92.852188  105.670937  117.320786  127.311874  134.090942  136.289993  133.592194  126.433594  116.136414  104.180466  91.027809  77.296562  64.226250  54.380417 
 53.072502  59.860001  69.820313  81.731720  92.865471  102.665154  110.624222  115.809067  117.540939  115.270935  109.575623  101.438904  91.312965  80.007347  67.955627  58.070625  51.834793 
 49.085831  54.188332  60.088646  69.085258  78.730675  87.254112  93.683174  97.873222  99.335106  97.591362  92.909790  86.473289  77.700264  67.946716  58.256042  52.977707  48.425629 
 } 
 B Channel
 {
 17.689064  20.523647  23.395676  27.910366  32.717033  36.726254  39.858959  41.621040  42.033646  41.075680  38.884426  35.781044  31.702450  27.013645  22.637135  20.309532  18.924946 
 19.078228  22.277813  26.985470  32.658905  37.965157  42.453751  45.955624  48.040627  48.634064  47.374218  45.011719  41.351875  36.768906  31.600311  26.023594  21.702656  19.749531 
 20.366821  25.320782  31.624062  38.101406  43.955624  49.155785  53.353439  55.929375  56.634216  55.234062  52.332809  47.926094  42.696877  36.882500  30.529064  24.683750  20.998749 
 22.126091  28.586720  35.630936  42.681564  49.284065  55.354691  60.654999  63.953278  64.843124  63.142342  59.442345  54.021248  47.818283  41.332188  34.452343  27.809532  22.596409 
 23.951981  31.180313  38.837814  46.318283  53.738594  60.705627  66.914841  70.751877  71.874222  69.894218  65.635941  59.404221  52.187813  44.866405  37.464375  30.334373  24.309376 
 25.155624  32.939377  40.724998  48.581566  56.570938  64.414375  71.124847  75.083435  76.081566  73.576874  69.323753  62.916565  55.019218  47.225624  39.410156  32.035156  25.435780 
 25.700470  33.514843  41.342186  49.432343  57.612503  65.710159  72.543121  76.367035  75.928436  72.753128  68.901566  64.083122  56.338440  48.382187  40.280937  32.590000  25.791248 
 25.359997  32.898750  40.755936  48.541405  56.451408  64.159378  70.931252  74.914528  74.288284  71.519531  68.340309  63.222969  55.071091  47.147030  39.307030  31.854530  25.464321 
 24.097500  31.264999  38.763596  46.130627  53.344841  60.273285  66.471878  70.596092  71.765778  69.745628  65.742035  59.452347  52.119530  44.830624  37.415939  30.231094  24.132137 
 22.265415  28.603748  35.580311  42.356564  48.715782  54.544220  59.737656  63.404221  64.511719  63.142189  59.483124  54.127029  47.772499  41.129845  34.305626  27.640156  22.215782 
 20.557655  25.485783  31.646561  37.874531  43.479061  48.314064  52.589691  55.485626  56.428909  55.361717  52.424377  47.939064  42.585312  36.702499  30.368752  24.474998  20.331669 
 19.259529  22.420155  27.087967  32.514530  37.473751  41.849064  45.288280  47.555470  48.260155  47.423439  45.066719  41.354218  36.765781  31.522499  25.880157  21.356251  18.966667 
 17.480782  19.774529  22.348179  26.497242  30.977081  34.801979  37.736824  39.642342  40.249947  39.555935  37.563595  34.475262  30.358906  25.791252  21.143280  18.856251  17.236252 
 } 


 White Balance Data with optical Center Data
 r_center_x =  663 r_center_y =  507 
 gr_center_x =  615 gr_center_y =  490 
 b_center_x =  601 b_center_y =  486 
 gb_center_x =  620 gb_center_y =  483 
 r/gr 0.830230 
 b/gr 0.413751 
 gb/gr 0.996419 
 r_oc_ave 155.577774 
 b_oc_ave 77.533333 
 gr_oc_ave 187.391113 
 gb_oc_ave 186.720001 

 [AWB]
 RGr =  0.830230 
 BGr =  0.413751 
 GbGr =  0.996419 
 r_oc_ave =  155.577774 
 b_oc_ave =  77.533333 
 gr_oc_ave =  187.391113 
 gb_oc_ave =  186.720001 