 LEFT LENS SHADING DATA
 RED Channel
 {
 26.843800  29.024639  32.617393  38.580002  45.033489  50.423958  54.529739  57.031296  57.769066  56.306511  53.326508  48.861458  43.462032  37.472187  31.818127  28.431198  26.725780 
 28.511719  32.478592  39.002811  46.715000  54.120781  60.505623  65.544533  68.673592  69.419060  67.637970  63.947968  58.481873  51.940155  44.818436  37.375626  31.237656  27.946198 
 29.945835  36.742500  45.387032  54.201561  62.711090  70.222656  76.587029  80.686249  81.750465  79.358437  74.446251  67.646095  59.902031  51.759842  43.209686  35.121719  29.217342 
 32.557079  41.290001  51.127342  60.960625  70.577034  79.584846  87.354843  92.546722  93.924217  91.037971  84.956718  76.425781  67.154846  57.826408  48.396408  39.147655  31.282028 
 35.045834  44.961250  55.559059  66.436562  77.205940  87.627815  96.796562  102.759064  104.425934  101.114685  94.030785  84.086090  73.268127  62.679535  52.388435  42.430313  33.412395 
 36.882603  47.490936  58.575783  70.097969  81.966873  93.522499  103.523903  109.523125  111.227341  107.905312  100.450470  89.455154  77.538750  66.087502  55.227654  44.672188  34.929272 
 37.504635  48.698593  59.948441  71.798592  84.041252  95.847031  105.789688  111.947815  113.647964  110.519997  103.548126  92.106247  79.764061  67.794685  56.355469  45.371563  35.463646 
 37.155991  47.890781  59.128593  70.407188  82.268906  93.771721  103.543434  109.609375  111.294685  108.195465  101.164688  89.902969  77.759529  66.213593  55.140160  44.564686  34.873856 
 35.448490  45.550781  56.374535  66.996719  77.536247  87.968597  96.946716  102.693909  104.523125  101.294685  94.176094  84.335625  73.492500  63.054062  52.581718  42.513283  33.424324 
 33.098438  41.850937  51.763283  61.590469  71.027191  79.758438  87.355782  92.401878  93.685158  91.002190  85.048279  76.688591  67.493439  58.083595  48.453125  39.136719  31.366093 
 30.932709  37.520626  46.187969  55.129532  63.497345  70.824684  76.875313  80.995316  82.014374  79.698128  74.927498  68.065468  60.412346  52.072655  43.272968  35.135937  29.399689 
 29.660778  33.465157  39.895157  47.703438  55.138123  61.397346  66.357658  69.376717  70.232811  68.466873  64.552185  59.078438  52.495941  45.141876  37.493439  31.525314  28.410313 
 28.072445  30.514946  33.883282  39.743019  45.993958  51.508377  55.451614  57.974007  58.483231  57.393539  54.269264  49.606766  44.064686  37.661457  32.073853  29.064480  27.101563 
 } 
 GR Channel
 {
 51.493599  56.057343  62.003487  71.209480  80.958496  89.310677  95.453438  99.489685  100.874214  98.730568  94.649269  88.176506  80.012863  70.780525  61.583023  56.385574  52.912659 
 55.046089  61.909218  72.287033  84.222809  95.575783  105.379219  112.977188  117.768433  119.341095  117.015778  111.898438  103.840469  94.060158  83.038437  71.105934  61.214531  55.604324 
 57.646873  68.773125  82.225311  95.803749  108.968124  120.367661  129.966095  136.154068  138.104218  135.089371  128.330780  118.417191  106.646248  94.002815  80.620941  67.683441  57.737183 
 61.778549  75.709373  90.991409  106.059845  120.801407  134.547348  146.467026  154.227814  156.598587  153.155472  144.690308  132.255936  118.136093  103.635941  88.882500  74.252029  61.313072 
 65.652031  81.332657  97.664841  114.061096  130.599213  146.573746  160.466568  169.487503  172.228912  168.365005  158.604370  144.177658  127.573746  111.156250  95.237656  79.337189  64.651360 
 68.417038  85.165154  102.208908  119.602966  137.381561  155.053436  170.226563  179.436874  182.401245  178.192963  167.948120  152.004684  134.032181  116.367813  99.619377  82.953125  67.348541 
 69.253380  86.756096  103.911560  121.677338  140.105164  158.176254  173.344528  182.895309  185.599060  181.838120  172.446564  155.873901  137.676880  119.463745  101.747185  84.187187  68.198441 
 68.460045  85.386093  102.653748  119.632507  137.462036  155.127350  170.140472  179.509842  182.220154  178.537033  169.382965  153.078278  134.724380  117.000153  99.675003  83.038124  67.153961 
 65.708908  81.853279  98.470779  114.635315  130.795151  146.819214  160.606247  169.226089  172.380157  168.501724  158.981247  144.470001  128.105316  111.895782  95.673904  79.686562  64.986145 
 62.007240  76.168282  91.431404  106.609375  121.070618  134.601089  146.225159  153.933289  156.283279  153.267029  145.112976  132.824219  118.913284  104.278282  89.083595  74.233597  61.438797 
 58.373024  69.418434  83.011093  96.914688  109.945000  121.169373  130.374069  136.831726  138.692657  135.925003  129.333908  119.307816  107.603279  94.659218  80.734062  67.690941  58.206772 
 56.145622  62.938126  73.169685  85.363747  96.849846  106.550934  114.071243  118.940308  120.630005  118.392975  112.952194  104.891716  94.913284  83.431877  71.285622  61.665627  56.257706 
 52.664787  57.721878  63.463440  72.656250  82.540886  90.961769  97.300423  101.169487  102.360832  100.931923  96.418015  89.599426  80.932236  71.177704  62.270210  57.225204  53.536453 
 } 
 GB Channel
 {
 52.362190  56.758438  62.709328  72.199265  82.238182  90.641670  96.871147  100.831047  102.157341  100.072136  95.570107  88.994431  80.551147  71.111198  61.797607  56.308907  53.014732 
 55.785103  62.515938  73.037033  85.298439  96.701721  106.606247  114.350311  119.168121  120.462967  117.963593  112.657181  104.250465  94.322815  83.068909  71.023438  61.098282  55.549324 
 58.012764  69.320465  83.044685  96.880470  110.014221  121.539688  131.243439  137.435471  139.294067  135.920624  128.992813  118.875153  107.006874  94.079063  80.468285  67.253128  57.491875 
 61.800110  76.267189  91.744064  107.094063  121.971252  135.681717  147.567657  155.479218  157.786560  153.963913  145.318756  132.713287  118.403900  103.610626  88.658440  73.816254  60.797913 
 65.768021  81.654686  98.327034  114.981720  131.630463  147.599533  161.471878  170.362350  173.327194  169.017349  159.080627  144.260162  127.612030  110.902809  94.772346  78.628906  63.902863 
 68.272552  85.307343  102.473595  120.176086  138.056091  155.651566  170.598434  179.966721  182.783432  178.458435  167.862030  151.896713  133.815628  115.962494  98.917030  82.130157  66.154533 
 69.179695  86.850937  104.236252  122.109070  140.404221  158.378906  173.400314  182.827652  185.555786  181.496719  172.102661  155.457962  137.126877  118.787338  100.872345  83.207497  67.206673 
 68.155518  85.403435  102.679535  119.794525  137.621246  155.018127  169.890320  179.060318  181.787033  178.130463  168.765152  152.278442  133.995468  116.188126  98.716721  81.957970  65.979843 
 65.505157  81.674530  98.388123  114.666870  130.746246  146.569061  160.160934  168.602341  171.843277  167.873276  158.245316  143.632339  127.183594  111.011253  94.597656  78.571564  63.790314 
 61.642448  75.978905  91.382500  106.433281  120.882965  134.198288  145.438126  153.185944  155.469376  152.346725  143.999222  131.809845  117.726410  103.194061  87.965309  73.135315  60.361977 
 58.317291  69.295624  82.799377  96.596565  109.497185  120.546875  129.621094  135.907349  137.664841  134.895935  128.137650  118.165787  106.551407  93.634064  79.771721  66.782654  57.360359 
 56.067810  62.674065  72.977341  85.101875  96.410782  105.948280  113.402039  118.202652  119.704529  117.523590  111.869064  103.908905  93.866562  82.476410  70.326721  60.767654  55.650780 
 52.781143  57.534897  63.198387  72.366882  82.386406  90.590988  96.840981  100.652870  101.838074  100.352966  95.401146  88.646202  80.252396  70.295776  61.386505  56.524948  53.009941 
 } 
 B Channel
 {
 34.743385  37.749638  41.973438  48.765884  55.779427  61.656502  66.173180  68.769638  69.643021  68.174110  65.332550  60.819016  55.185471  48.596764  41.936718  37.942814  35.944061 
 37.240467  41.802345  49.125938  57.657341  65.636719  72.359222  77.582970  80.767342  81.570938  80.091408  76.663597  71.209221  64.444847  56.792191  48.614845  41.567814  38.088230 
 39.054844  46.759220  56.225471  65.698280  74.643593  82.315155  88.753281  92.736877  94.019066  91.985626  87.580002  80.889061  73.153908  64.677498  55.311562  46.193436  39.838024 
 41.866302  51.711090  62.355469  72.683441  82.608437  91.613594  99.451561  104.490311  106.091248  103.764534  98.257813  89.973595  80.645782  71.077812  60.863594  50.838127  42.528542 
 44.381355  55.440941  66.771873  77.890625  88.877655  99.292656  108.397346  114.232025  116.129684  113.502029  107.202347  97.585785  86.768280  75.951561  65.192032  54.391563  45.066978 
 46.113644  57.779060  69.501251  81.158905  92.928123  104.483749  114.277817  120.149841  122.068436  119.507034  112.955307  102.572968  90.829376  79.207809  67.863434  56.680466  46.723598 
 46.613384  58.624847  70.510628  82.273285  94.335312  106.112816  115.897034  121.859070  123.692032  121.409058  115.365005  104.698593  92.620628  80.834373  69.035004  57.267815  47.229473 
 45.962086  57.743752  69.494530  80.925316  92.645309  104.039528  113.715317  119.661255  121.496872  119.272659  113.421402  102.993752  90.911095  79.283905  67.578903  56.357971  46.544422 
 44.068333  55.287498  66.752655  77.704842  88.372185  98.646721  107.492500  112.958908  115.092026  112.621719  106.466408  97.186562  86.618752  75.935936  64.950935  54.097343  44.796719 
 41.392658  51.262032  61.894684  72.205154  81.764221  90.455315  97.992035  103.020622  104.453903  102.526718  97.249374  89.551559  80.548592  70.886871  60.496246  50.288124  42.258541 
 38.867657  46.528282  56.107811  65.657501  74.293282  81.651405  87.699997  91.744064  92.869217  91.172966  87.004372  80.554688  72.989532  64.377029  54.744064  45.679844  39.788803 
 37.086407  41.900780  49.204376  57.679375  65.644997  72.054840  77.021721  80.090935  81.077187  79.727341  76.189217  70.992500  64.362190  56.559532  48.056252  41.277031  38.359322 
 35.122242  38.728489  42.990627  49.696037  56.503334  62.528801  66.548599  69.132187  69.789688  68.997971  66.071930  61.455826  55.505936  48.555992  42.185833  38.553074  36.809322 
 } 


 White Balance Data with optical Center Data
 r_center_x =  644 r_center_y =  500 
 gr_center_x =  631 gr_center_y =  509 
 b_center_x =  647 b_center_y =  478 
 gb_center_x =  646 gb_center_y =  488 
 r/gr 0.612171 
 b/gr 0.666762 
 gb/gr 0.998952 
 r_oc_ave 114.182220 
 b_oc_ave 124.364441 
 gr_oc_ave 186.520004 
 gb_oc_ave 186.324448 

 [AWB]
 RGr =  0.612171 
 BGr =  0.666762 
 GbGr =  0.998952 
 r_oc_ave =  114.182220 
 b_oc_ave =  124.364441 
 gr_oc_ave =  186.520004 
 gb_oc_ave =  186.324448 