 LEFT LENS SHADING DATA
 RED Channel
 {
 28.138489  30.310989  33.629219  39.511978  45.937870  51.385521  55.701981  58.557396  59.380516  58.207077  55.217552  50.582077  44.987186  38.862865  32.996769  29.794842  27.982342 
 29.983490  33.487030  39.881092  47.835312  55.418907  61.868439  67.095314  70.555313  71.568436  69.988747  66.249847  60.741249  53.990936  46.665157  39.009689  32.755470  29.567760 
 31.398384  37.644844  46.277031  55.517029  64.249062  71.988281  78.398750  82.649216  84.007660  82.085938  77.305939  70.407814  62.412346  54.050316  45.163280  36.852032  30.799324 
 33.617657  42.243282  52.209221  62.352341  72.279060  81.544533  89.493904  94.968437  96.707497  94.034531  88.207184  79.479530  70.038284  60.507187  50.706253  41.202187  33.161770 
 35.818279  46.026405  56.857185  67.907967  79.098282  89.664688  99.056877  105.335159  107.287659  104.357033  97.631721  87.426720  76.270935  65.620316  55.011253  44.750938  35.570934 
 37.659275  48.622185  60.031715  71.737816  83.762497  95.631248  105.787186  112.402191  114.239380  111.370316  104.302185  93.282967  80.893280  69.210159  57.947815  47.195156  37.255363 
 38.382084  49.654999  61.368126  73.449844  85.685471  97.805000  108.255310  114.755157  116.718445  113.944214  107.264374  96.012810  83.300003  71.085625  59.291405  48.099060  37.922398 
 37.789165  48.860001  60.443436  72.080315  84.097656  95.691719  105.935310  112.469528  114.502502  111.503128  104.775467  93.770782  81.298126  69.524841  58.206406  47.413593  37.500053 
 36.330887  46.443592  57.387810  68.612816  79.583748  90.125465  99.326721  105.732185  107.740936  104.723747  97.816872  87.943123  77.075310  66.301094  55.689064  45.316406  35.946198 
 34.143333  42.911251  52.958595  63.345314  73.065002  82.146721  89.783127  95.206253  96.938438  94.558746  88.531250  80.254684  70.878128  61.391090  51.447189  41.823280  33.612240 
 32.358906  38.638283  47.412968  56.703278  65.472969  73.160469  79.509216  83.756874  85.213905  83.134216  78.358284  71.482971  63.685623  55.238907  46.249218  37.726250  31.537498 
 31.242081  34.865002  41.143593  49.132660  56.951874  63.522499  68.677185  72.059372  73.169533  71.648125  67.845001  62.221718  55.615311  48.136406  40.275936  33.828907  30.564533 
 29.687500  32.064163  35.203804  40.967865  47.519794  53.069168  57.563019  60.413124  61.083076  60.072708  57.111244  52.431923  46.646561  40.184948  34.429688  31.035362  28.922867 
 } 
 GR Channel
 {
 51.199432  56.206093  61.871452  71.046097  80.781403  89.348228  95.769844  99.870102  101.093750  99.419426  95.344635  88.903648  80.425156  71.089745  62.168961  57.051094  53.740265 
 55.338173  61.756721  71.814377  84.020470  95.654533  105.661560  113.419220  118.419693  120.119995  118.109222  112.929840  104.911560  94.920784  83.799530  72.000626  62.001717  56.605682 
 58.143379  68.464844  81.719841  95.752968  109.161095  120.955780  130.684692  137.013748  139.215317  136.661087  129.920944  119.874695  108.142342  95.296410  81.574997  68.614532  58.842651 
 61.817871  75.308907  90.400780  105.890778  121.110626  135.363754  147.308746  155.375473  158.130936  154.909378  146.838745  134.097656  119.817337  105.196091  90.089844  75.440781  62.576408 
 65.414268  80.917191  97.407654  114.023743  130.919067  147.239838  161.547348  170.754532  173.760620  170.262650  161.121872  146.318756  129.290161  113.051880  96.611252  80.924217  66.396927 
 67.898384  84.729843  101.956718  119.475937  137.423599  155.527344  170.916245  180.795151  183.535156  180.057343  170.766251  154.860626  136.155945  118.347809  101.132034  84.660934  69.092606 
 68.834427  86.159218  103.672653  121.759064  140.191879  158.572968  174.315155  184.060776  186.818436  183.471100  174.772339  158.861557  139.716248  121.307663  103.331253  86.087341  70.259216 
 67.921722  84.932343  102.172966  119.699524  137.682968  155.388901  170.823441  180.715149  183.615158  180.072342  171.405945  155.590149  136.604065  118.598755  101.528282  84.929840  69.475060 
 65.609840  81.319221  97.887344  114.810318  131.528900  147.623123  161.634537  171.027496  174.239212  170.608444  161.175476  146.959061  130.296570  113.850784  97.599373  81.793434  66.931351 
 62.202553  75.853592  91.257347  106.868591  121.648132  135.719849  147.418900  155.506409  158.331726  155.489380  147.296249  135.234222  120.886093  106.332657  91.232971  76.385628  63.255623 
 59.431145  69.741562  83.134377  97.297501  110.580002  122.373444  131.901093  138.309998  140.640625  138.110626  131.396881  121.482025  109.778748  96.937187  83.118752  69.955467  59.757347 
 56.993698  63.666405  73.681564  85.860153  97.681091  107.777344  115.547653  120.559525  122.235153  120.363907  115.080475  106.941254  97.024529  85.783592  73.718597  63.719528  57.898079 
 53.352036  58.695786  64.090317  73.122032  83.224640  91.592552  98.432869  102.681831  103.763695  102.329536  98.321098  91.512085  82.984329  73.059219  64.018379  58.723900  54.887657 
 } 
 GB Channel
 {
 52.367348  57.040680  62.677132  71.986504  81.974586  90.503807  97.088387  101.194527  102.571465  100.843124  96.680473  89.591148  80.925102  71.420151  62.355156  57.318336  53.949585 
 56.220680  62.442970  72.622345  84.997971  96.746246  106.777344  114.601089  119.757660  121.299377  119.128128  113.691101  105.510315  95.354691  84.074532  72.038284  61.966248  56.684998 
 58.854897  69.022812  82.413437  96.667343  110.187187  122.192505  131.723434  138.175156  140.231094  137.529221  130.767181  120.396713  108.508904  95.412659  81.614845  68.431877  58.593536 
 61.961876  75.793121  91.142342  106.946251  122.287811  136.491714  148.466568  156.517654  159.210159  155.893906  147.574371  134.589844  120.221100  105.251251  89.989532  75.058441  62.100929 
 65.363800  81.378593  97.935936  114.822495  131.912964  148.106720  162.456726  171.627350  174.686401  170.849838  161.646713  146.636093  129.434219  112.880463  96.259064  80.316719  65.680679 
 67.896355  84.875938  102.349533  120.000778  138.096405  155.970001  171.259064  181.027649  183.764694  180.159531  170.623901  154.651871  135.765625  117.796402  100.426094  83.879997  68.212082 
 68.595207  86.158127  103.884216  121.999695  140.263443  158.604065  174.050156  183.682663  186.566559  183.053436  174.263901  158.109070  139.075623  120.593750  102.470779  85.112968  69.232346 
 67.780571  84.755783  102.255936  119.742340  137.642029  154.955933  170.183289  180.042343  183.014847  179.307190  170.489838  154.575775  135.752655  117.625931  100.456093  83.959061  68.238640 
 65.438492  81.125778  97.774063  114.580307  131.123444  146.903122  160.656555  170.054062  173.232346  169.563904  160.074997  145.797974  129.183594  112.780472  96.512657  80.708435  65.868019 
 61.886673  75.632500  90.871246  106.473282  121.061569  134.791412  146.162338  154.152496  156.922348  154.134689  145.868744  133.840622  119.619370  105.195000  90.098434  75.347809  62.281982 
 59.107399  69.371559  82.718124  96.669373  109.792656  121.292038  130.556717  136.777817  139.017807  136.514221  129.943130  120.107651  108.458435  95.667030  82.029686  68.944061  59.055305 
 56.943810  63.211090  73.076874  85.187500  96.809685  106.591873  114.306412  119.099060  120.801559  118.803909  113.564056  105.488281  95.750778  84.571716  72.671097  62.830154  57.040367 
 53.397133  58.214226  63.509377  72.576668  82.428436  90.823540  97.376198  101.580727  102.743233  101.231194  97.091980  90.385567  81.766403  72.121094  63.072556  57.934120  54.243279 
 } 
 B Channel
 {
 33.995731  37.510731  41.621670  48.365837  55.465317  61.492241  65.846718  68.518127  69.448540  68.228180  65.561829  60.894943  54.984116  48.243340  41.687031  38.070675  36.133591 
 37.061562  41.610313  48.701248  57.500000  65.797813  72.710785  77.798592  81.069374  82.033127  80.601715  77.204529  71.863907  64.998909  57.123749  48.701408  41.796719  38.438595 
 38.997761  46.400467  55.792030  65.672028  74.939217  82.986252  89.294998  93.397034  94.542816  92.792969  88.482658  81.824219  73.861565  65.075623  55.542969  46.602188  40.226772 
 41.463280  51.258904  62.028282  72.644844  82.928284  92.407028  100.324219  105.513283  107.081879  104.685623  99.378281  90.993904  81.592186  71.736877  61.466873  51.402969  42.893597 
 44.078278  55.132660  66.739685  77.981094  89.236565  100.054840  109.553284  115.468445  117.252502  114.650467  108.599998  98.665314  87.516563  76.731720  65.666405  55.167191  45.515102 
 45.964474  57.625313  69.748749  81.417030  93.323593  105.138123  115.298126  121.614212  123.219223  120.838120  114.475006  104.007813  91.733124  79.935158  68.470467  57.635941  47.593441 
 46.538124  58.568123  70.778908  82.784378  94.631409  106.689377  117.025314  123.320786  125.200470  122.729065  116.878281  106.175316  93.706879  81.649689  69.730003  58.475784  48.190987 
 46.008698  57.535156  69.608749  81.299530  92.946877  104.271248  114.423279  120.939377  122.848434  120.397812  114.532501  104.223122  91.848434  79.903282  68.442184  57.602501  47.547497 
 44.363644  55.042816  66.484688  77.900154  88.732346  99.056717  108.073280  114.421402  116.502655  113.986099  107.798752  98.429688  87.672028  76.801559  65.947029  55.518753  45.892086 
 41.739426  51.275467  61.926407  72.604691  82.324684  91.268753  98.730934  104.077972  105.964066  104.068123  98.688751  90.750465  81.452034  71.886719  61.597343  51.755157  43.180363 
 39.495834  46.762501  56.189690  65.919373  74.870468  82.408127  88.531876  92.740158  94.354065  92.742188  88.428596  81.885780  74.154221  65.561874  56.086090  47.205002  40.713749 
 37.861820  42.363281  49.400314  57.962341  66.028122  72.751091  77.897346  81.249222  82.297966  81.193283  77.728127  72.395157  65.571564  57.869690  49.456879  42.605156  39.227867 
 35.418072  39.160572  42.917393  49.405884  56.659798  62.342552  66.987137  69.735252  70.647339  69.865578  67.106453  62.489113  56.419891  49.364265  42.931458  39.348698  37.322445 
 } 


 White Balance Data with optical Center Data
 r_center_x =  621 r_center_y =  466 
 gr_center_x =  656 gr_center_y =  465 
 b_center_x =  641 b_center_y =  497 
 gb_center_x =  642 gb_center_y =  496 
 r/gr 0.624235 
 b/gr 0.670824 
 gb/gr 0.997795 
 r_oc_ave 117.017776 
 b_oc_ave 125.751114 
 gr_oc_ave 187.457779 
 gb_oc_ave 187.044449 

 [AWB]
 RGr =  0.624235 
 BGr =  0.670824 
 GbGr =  0.997795 
 r_oc_ave =  117.017776 
 b_oc_ave =  125.751114 
 gr_oc_ave =  187.457779 
 gb_oc_ave =  187.044449 