 LEFT LENS SHADING DATA
 RED Channel
 {
 27.504112  29.916199  33.194374  39.033962  45.104275  50.542816  54.567963  57.054794  57.753075  56.423126  53.537964  49.156303  43.737759  37.706615  32.232243  28.978123  27.396877 
 28.871616  32.547657  38.753124  46.404373  53.663437  59.974060  64.909843  68.096878  68.932030  67.328125  63.722343  58.258591  51.686722  44.675156  37.308281  31.266876  28.224377 
 30.164063  36.520313  44.870468  53.759377  62.129684  69.700470  75.915001  80.044846  81.170311  79.036095  74.383751  67.563278  59.749847  51.649216  43.177658  35.060158  29.189533 
 32.341770  40.945938  50.600624  60.498909  70.134842  79.152657  86.854378  92.253128  93.907501  91.098282  85.250153  76.698593  67.385155  58.027809  48.488747  39.267189  31.126774 
 34.662758  44.571720  55.170311  66.007813  76.985626  87.482033  96.729843  102.750938  104.602501  101.578590  94.754059  84.813126  73.857033  63.146561  52.641876  42.666718  33.511929 
 36.591877  47.100624  58.175003  69.819847  81.890938  93.576874  103.547653  109.868904  111.613747  108.642815  101.457809  90.624847  78.500938  66.805626  55.628281  45.100624  35.251041 
 37.274689  48.067184  59.470627  71.448280  83.827187  96.028748  106.281097  112.654068  114.304688  111.391563  104.741562  93.494690  80.897659  68.908592  57.207031  46.111404  36.193283 
 36.718178  47.329220  58.589844  70.218285  82.152657  93.889999  104.048752  110.477814  112.218750  109.265778  102.510468  91.451248  79.277344  67.647346  56.327347  45.584843  35.717972 
 35.174534  45.108906  55.753593  66.913437  77.955627  88.571716  97.802658  103.966721  105.643593  102.632034  95.844528  86.124374  75.122498  64.462029  53.921722  43.641407  34.273697 
 32.982243  41.669533  51.507965  61.646095  71.279846  80.429840  88.243439  93.554375  95.196877  92.738907  86.775467  78.468124  68.953438  59.427032  49.714996  40.232655  32.050781 
 30.964531  37.656406  46.208752  55.132965  63.651405  71.249687  77.672966  82.050003  83.376251  81.345940  76.581566  69.767342  61.817497  53.370781  44.631405  36.300312  29.920731 
 29.992710  33.758125  40.065624  47.809219  55.349686  61.861092  67.176407  70.521561  71.458122  69.949997  66.099060  60.535622  53.937347  46.484219  38.840157  32.490158  28.960361 
 28.557289  30.851040  34.116875  40.060261  46.352604  52.064217  56.399529  59.038651  59.695633  58.507088  55.612396  51.043549  45.325882  39.025677  33.211201  29.742863  27.480778 
 } 
 GR Channel
 {
 52.021141  56.926979  62.471359  71.679268  81.164009  89.331879  95.324379  99.433022  100.722710  98.790054  94.754326  88.329849  80.039482  70.735519  61.889946  56.691299  53.970055 
 55.096977  61.589066  71.470940  83.448441  94.452972  104.050629  111.663124  116.630936  118.041870  115.948593  110.735779  102.650467  92.794060  81.854691  70.237656  60.694847  55.504631 
 57.618744  67.974998  81.052811  94.698906  107.470314  118.903595  128.501724  135.004211  137.141098  134.183899  127.427505  117.435471  105.490158  92.925934  79.576874  66.822342  57.092972 
 61.052391  74.986565  89.854843  104.868752  119.543747  133.500626  145.445007  153.839996  156.471725  152.890625  144.528275  131.871567  117.535156  102.954689  88.107658  73.490784  60.291817 
 64.905838  80.512497  96.721092  113.102966  129.730942  146.102493  160.320618  169.838913  172.735779  168.853439  159.415939  144.582336  127.593903  111.073441  94.761566  78.972191  64.060104 
 67.749535  84.452660  101.269844  118.618118  136.877655  154.972656  170.424377  180.224213  183.252350  179.298431  169.500473  153.368744  134.741409  116.789536  99.420471  82.771248  66.896667 
 68.985100  85.905937  103.048904  121.009995  139.645630  158.540314  174.321091  184.181564  186.852188  183.339996  174.282181  157.836243  138.666245  120.133591  101.835938  84.576248  68.244583 
 68.239220  84.826096  101.851250  119.213120  137.430786  155.504379  171.166718  181.194839  183.840622  180.100006  171.073593  154.824692  135.986404  117.800308  100.349373  83.584061  67.542397 
 65.670151  81.414528  97.541878  114.186722  131.179993  147.626877  162.046402  171.601089  174.250778  170.489838  160.773438  146.172348  129.399063  112.711090  96.382813  80.383591  65.172554 
 62.013489  76.083282  91.009689  106.372185  121.028595  135.142181  147.266876  155.579529  158.288437  155.165787  146.745789  134.356873  119.624222  104.914528  89.925156  74.988747  61.716675 
 58.876297  69.672340  83.018753  96.727188  109.600471  121.197342  131.127808  137.810150  140.157349  137.422806  130.531250  120.407501  108.273903  95.489220  81.780624  68.714996  58.357506 
 56.782402  63.449066  73.544998  85.636406  96.921410  106.969841  114.952820  120.009537  121.659225  119.571243  114.131256  105.950310  95.908905  84.471565  72.538750  62.487968  56.729843 
 53.501976  58.405731  64.107079  73.452026  83.213699  91.534637  98.317810  102.077232  103.291924  101.636253  97.456245  90.714066  82.112030  72.189484  63.053757  57.678589  53.860680 
 } 
 GB Channel
 {
 53.167603  57.827187  63.352707  72.833694  82.294167  90.420357  96.834785  100.635368  101.791931  99.815361  95.509476  88.713234  80.232086  70.887352  61.806931  56.704529  54.042442 
 55.838860  62.332184  72.400627  84.552658  95.783752  105.286407  112.959381  117.822662  119.194214  116.856400  111.369064  103.114059  92.992500  81.852966  70.122971  60.452660  55.396194 
 58.085938  68.605934  81.938591  95.847969  108.710938  120.157028  129.756088  136.212036  138.110626  134.974380  128.044693  117.688904  105.583595  92.772346  79.330627  66.318909  56.617859 
 61.375008  75.421249  90.639847  105.984528  120.666245  134.618118  146.593750  154.918594  157.509537  153.608124  144.930313  132.051086  117.423279  102.677658  87.635468  72.772659  59.645775 
 64.946350  80.865936  97.429688  113.953430  130.697342  147.088745  161.152969  170.542496  173.430786  169.227341  159.396713  144.288132  127.164841  110.439217  93.972969  78.027969  63.032761 
 67.698692  84.513908  101.623596  119.237350  137.460464  155.580627  170.779999  180.423752  183.293594  179.278748  169.018280  152.801712  134.099060  115.879211  98.444847  81.684685  65.681358 
 68.536461  85.826874  103.193748  121.207657  139.980164  158.654068  174.216248  183.769531  186.464691  182.709061  173.368591  156.855164  137.621872  118.946091  100.628441  83.161720  67.039009 
 67.852554  84.659843  101.828125  119.219681  137.414536  155.355164  170.714371  180.452652  183.197189  179.215469  170.001556  153.533905  134.757339  116.541870  98.993752  82.184532  66.242241 
 65.285049  81.102341  97.378441  114.225159  130.978439  147.248749  161.285461  170.712967  173.398743  169.364838  159.452499  144.917664  128.020935  111.503441  95.119217  79.096718  63.963593 
 61.644218  75.712341  90.761566  106.114685  120.668121  134.656876  146.478287  154.643753  157.060623  153.684067  145.242035  132.784378  118.180466  103.556404  88.595467  73.758438  60.538857 
 58.629631  69.354843  82.744530  96.342499  109.012657  120.570313  130.172806  136.702972  138.772659  135.978119  128.964539  118.737503  106.792030  94.137032  80.578438  67.466721  57.291512 
 56.906410  63.159531  73.285156  85.254219  96.455315  106.215935  114.102036  119.040787  120.536255  118.257965  112.719681  104.472656  94.582809  83.314842  71.440155  61.408279  55.655159 
 53.800156  58.326828  63.799110  72.942757  82.766144  91.073021  97.526405  101.412239  102.464577  100.732758  96.463432  89.583702  81.039070  71.275879  62.132446  56.766403  53.323906 
 } 
 B Channel
 {
 35.011044  38.696873  42.783802  49.672661  56.684998  62.639740  67.073235  69.697243  70.576614  69.334267  66.388069  61.618279  55.637703  48.792191  42.340263  38.520210  37.176460 
 36.483959  41.249374  48.519844  57.182030  65.223747  71.985779  77.260315  80.378281  81.272659  79.700935  76.142029  70.602654  63.668121  55.883438  47.577969  40.663124  37.639378 
 37.941509  45.469219  54.930153  64.707657  73.694221  81.495468  87.729691  91.777496  92.943283  90.941872  86.591408  79.821877  71.707809  62.898285  53.515778  44.376564  38.434895 
 40.505985  50.273285  61.007813  71.645622  81.684532  90.974060  98.662033  103.934372  105.535004  103.231873  97.718124  89.285156  79.695465  69.722343  59.309372  48.882034  40.618488 
 43.058491  54.072029  65.543747  77.053284  88.319534  98.944687  108.215935  114.199692  116.021881  113.526413  107.286407  97.424843  86.192497  75.054222  63.718437  52.593903  43.223698 
 45.000469  56.541092  68.420311  80.315781  92.545311  104.433441  114.421249  120.592026  122.364685  119.937195  113.473587  102.928909  90.535004  78.502815  66.642189  55.166405  45.016613 
 45.584064  57.319061  69.379997  81.533440  93.936249  106.266403  116.405777  122.751877  124.501724  122.014221  116.086563  105.172813  92.558907  80.501091  68.328278  56.242340  45.970886 
 44.934116  56.385155  68.289841  80.292969  92.301872  104.062653  114.237183  120.471252  122.246246  119.843597  113.923599  103.292656  91.164375  79.100311  67.238129  55.543907  45.247032 
 43.061878  54.084373  65.501877  77.118591  88.352028  99.076874  108.214996  114.223755  115.909531  113.433899  107.343437  97.883278  86.885315  75.847809  64.615623  53.419373  43.887711 
 40.511562  50.317810  61.014374  71.769066  81.692184  90.984688  98.701561  103.751251  105.344528  103.455940  98.155159  90.141563  80.511253  70.642189  60.299217  49.792656  41.338696 
 38.367554  45.979843  55.548752  65.156563  74.184219  81.868126  88.175629  92.369690  93.618904  91.968285  87.567032  80.987968  73.009064  64.186874  54.602501  45.367344  38.971718 
 37.049007  41.724220  48.930153  57.487816  65.514687  72.306717  77.580467  80.765938  81.762970  80.409378  76.767967  71.360153  64.402657  56.553596  48.062653  40.962967  37.604843 
 34.937763  38.400677  42.487034  49.147812  56.123444  62.096092  66.560684  69.097183  69.908173  68.659378  65.794006  61.102867  55.080780  48.164223  41.564117  37.705677  35.470676 
 } 


 White Balance Data with optical Center Data
 r_center_x =  633 r_center_y =  480 
 gr_center_x =  653 gr_center_y =  476 
 b_center_x =  637 b_center_y =  460 
 gb_center_x =  635 gb_center_y =  476 
 r/gr 0.611722 
 b/gr 0.665663 
 gb/gr 0.997962 
 r_oc_ave 114.715561 
 b_oc_ave 124.831116 
 gr_oc_ave 187.528885 
 gb_oc_ave 187.146667 

 [AWB]
 RGr =  0.611722 
 BGr =  0.665663 
 GbGr =  0.997962 
 r_oc_ave =  114.715561 
 b_oc_ave =  124.831116 
 gr_oc_ave =  187.528885 
 gb_oc_ave =  187.146667 