 LEFT LENS SHADING DATA
 RED Channel
 {
 27.027344  29.553177  32.997292  38.884167  45.022812  50.396408  54.486824  57.114006  57.581665  56.368698  53.629219  48.919426  43.401409  37.462395  31.828697  28.493389  26.709217 
 28.940674  32.890469  39.169376  46.919998  54.160309  60.410782  65.387032  68.552971  69.501251  67.713905  64.021095  58.511719  51.957031  44.921562  37.453907  31.369843  28.068386 
 30.638802  37.036095  45.557812  54.427658  62.825157  70.165001  76.291252  80.463753  81.681252  79.325783  74.519684  67.872810  60.080780  51.840469  43.290939  35.271717  29.326927 
 33.056511  41.664219  51.380623  61.224686  70.712502  79.566719  87.195160  92.484222  93.999374  91.287033  85.218903  76.740471  67.482346  58.104530  48.563278  39.301094  31.498386 
 35.421925  45.572968  56.050629  66.751877  77.561249  87.823593  96.837341  102.933907  104.707497  101.567497  94.582184  84.506248  73.682503  63.067970  52.752815  42.778595  33.700886 
 37.234116  48.070160  59.159378  70.615311  82.367340  93.787498  103.769844  110.030937  111.647659  108.463593  101.133751  90.218437  78.087341  66.529221  55.347504  44.914063  35.283646 
 37.965988  49.000778  60.350784  72.074844  84.221252  96.004219  106.266563  112.456879  114.007187  111.038910  103.951721  92.430466  79.831566  68.051094  56.667503  45.860783  35.935989 
 37.612652  48.155785  59.435936  71.146873  82.704842  94.101715  103.803909  110.148438  111.849998  108.752815  101.668434  90.741096  78.884377  67.116096  55.833748  45.187656  35.370781 
 35.849167  45.755001  56.388596  67.266251  77.988907  88.287498  97.177658  103.265625  104.903595  101.851875  95.134064  85.141251  73.927971  63.528435  53.155159  43.149532  34.023491 
 33.435623  42.080624  51.671722  61.789841  71.428284  80.204689  87.798126  92.817657  94.162186  91.595940  85.688904  77.313591  67.912346  58.616562  49.159378  39.776405  31.821201 
 31.290989  37.749531  46.167656  55.143753  63.509842  70.968750  77.174843  81.224846  82.275154  80.155624  75.325623  68.671410  60.836716  52.606094  43.941563  35.842499  29.892918 
 30.188957  33.770626  39.966721  47.760780  55.103752  61.369217  66.443748  69.697189  70.321091  68.690781  64.795624  59.417030  52.866096  45.673904  38.151093  32.048752  28.869167 
 28.872292  31.104794  34.432343  40.333073  46.484997  51.935257  56.088745  58.621353  59.185890  57.793495  54.773537  50.141823  44.575466  38.472446  32.710888  29.499584  27.782917 
 } 
 GR Channel
 {
 51.656982  56.781982  62.726402  72.114479  81.923912  89.980362  96.195732  100.225517  101.326347  99.795052  96.004059  89.154373  80.701042  71.350105  62.065575  56.664848  53.309425 
 55.685310  62.821564  72.998283  85.086563  96.304535  105.960159  113.581558  118.443436  119.982193  117.658600  112.537811  104.403122  94.553123  83.368439  71.598282  61.606720  55.824425 
 58.730728  69.581566  83.096718  96.777191  109.668594  121.184372  130.664841  136.845306  138.764069  135.777496  128.966400  119.065155  107.255623  94.515312  81.022499  68.064529  58.046402 
 62.804634  76.644844  91.888748  107.227341  121.769531  135.541412  147.322189  155.211411  157.580780  154.203903  145.647659  132.956406  118.763901  104.334686  89.475784  74.825310  61.793640 
 66.785782  82.606407  98.689690  115.052811  131.667191  147.682495  161.656555  170.957336  173.704529  169.745621  160.031555  145.074692  128.409225  112.039368  95.989532  80.302345  65.701302 
 69.524223  86.377342  103.277496  120.532028  138.465622  156.271561  171.767349  181.210007  183.910156  179.823441  169.724060  153.552963  135.120316  117.256256  100.190155  83.688591  68.216301 
 70.742653  87.698280  104.976563  122.615311  140.987183  159.303284  175.257187  184.584839  187.232346  183.412506  173.869690  156.771713  137.657501  119.670624  102.199997  85.218750  69.237495 
 69.780777  86.457657  103.561722  121.114059  138.812973  156.576096  171.628601  181.433441  184.230942  180.497025  170.830307  154.495316  136.392807  118.273743  100.725784  84.007187  68.443436 
 67.094788  82.770622  99.041878  115.722809  132.321716  148.291412  162.039688  171.439529  174.135468  170.222031  160.966873  146.006561  128.796402  112.584534  96.502655  80.744843  65.992973 
 63.258392  77.111092  92.158440  107.667816  122.498123  136.305939  147.821716  155.688278  158.082809  154.865784  146.398743  133.972961  119.509216  105.041878  90.231247  75.488594  62.367134 
 59.614113  70.560158  83.930313  97.661720  110.734840  122.262817  131.805313  138.046097  139.725006  137.038284  130.232346  120.343903  108.424065  95.745941  82.085785  69.008438  58.957191 
 57.355370  64.132660  74.243439  86.405624  97.840309  107.499374  115.254837  120.234375  121.568436  119.210632  113.662186  105.698441  95.790314  84.615623  72.666718  62.658592  56.990051 
 54.007446  59.359528  65.040100  74.446877  84.255318  92.558540  99.310051  103.081879  104.316765  102.418541  97.858017  91.028435  82.430305  72.781036  63.474007  58.226303  55.046295 
 } 
 GB Channel
 {
 52.861191  57.525368  63.497711  73.103073  82.949692  91.120003  97.344643  101.484901  102.272545  100.696510  96.525215  89.425049  80.960571  71.476044  62.172920  56.659378  53.340210 
 56.698700  63.621407  74.008125  86.089531  97.405937  107.087502  114.757339  119.496567  120.891098  118.376724  112.969376  104.656097  94.617035  83.450623  71.461250  61.459373  55.732292 
 59.416870  70.428123  84.070778  97.942032  110.897034  122.233124  131.638275  137.811874  139.648911  136.439224  129.554993  119.420471  107.414688  94.572342  80.812500  67.745155  57.801613 
 63.299484  77.457809  92.965782  108.334221  122.983749  136.702194  148.402649  156.210632  158.643600  154.939056  146.214691  133.392349  119.041718  104.288284  89.222504  74.302971  61.359848 
 67.233185  83.344215  99.700157  116.320465  132.811096  148.776093  162.636871  171.946091  174.568756  170.312347  160.381882  145.220627  128.458435  111.875000  95.617500  79.681877  65.013962 
 69.861046  87.044373  104.120003  121.498444  139.421875  157.025467  172.169220  181.744370  184.335632  180.083755  169.826248  153.515930  134.930618  117.036255  99.619377  82.934532  67.348076 
 70.850418  88.088753  105.632813  123.339371  141.649216  159.573593  175.183746  184.604996  187.109848  183.274689  173.521713  156.502975  137.330780  119.192505  101.474060  84.269997  68.244583 
 69.861771  86.778435  104.066093  121.670776  139.150314  156.743439  171.383743  181.206726  183.947968  180.059998  170.231247  154.044373  135.958130  117.689377  100.020470  83.062653  67.411613 
 67.096046  83.060623  99.495316  116.192810  132.448593  148.266403  161.864212  170.985306  173.631882  169.630463  160.294220  145.426880  128.171722  111.926407  95.782188  79.843750  65.177498 
 63.454842  77.386719  92.443283  107.924065  122.604538  136.007813  147.337494  154.988434  157.261093  154.002808  145.494843  132.985153  118.760941  104.220940  89.408752  74.628128  61.504784 
 59.933701  70.667656  84.125626  97.805939  110.617035  121.814056  131.142181  137.037033  138.730469  136.102661  129.182190  119.311722  107.544846  94.953125  81.323280  68.224373  58.351456 
 57.648232  64.195313  74.294060  86.283279  97.642502  106.993126  114.635941  119.492493  120.619843  118.272659  112.714539  104.818123  94.928596  83.827187  72.060623  62.061249  56.521248 
 54.653229  59.417816  65.068230  74.437660  84.128334  92.388123  98.716354  102.597923  103.820465  101.604530  97.015991  90.227295  81.571716  72.053436  62.875206  57.472084  54.517914 
 } 
 B Channel
 {
 34.511303  37.980053  41.997135  48.550682  55.441452  61.165306  65.317863  68.008537  68.690987  67.819527  65.337189  60.635887  54.820786  48.315102  41.617970  37.721195  35.719532 
 37.220470  42.078594  49.333595  57.800468  65.541878  72.182816  77.172653  80.189377  81.145782  79.783905  76.519684  71.278595  64.521408  56.827187  48.478592  41.453907  38.005363 
 39.341774  46.917187  56.516403  66.205940  74.975471  82.522659  88.649841  92.562653  93.622185  91.821877  87.550468  81.185158  73.362503  64.729843  55.192970  46.162186  39.768856 
 41.924530  51.891403  62.769997  73.392189  83.312035  92.227814  99.786247  104.879532  106.341408  104.120628  98.750938  90.572342  81.164063  71.393906  61.144684  50.851563  42.613232 
 44.477242  55.932030  67.336403  78.798439  89.888748  100.425934  109.259689  115.204529  116.777817  114.237503  107.816093  98.221565  87.409065  76.467812  65.492035  54.674690  45.384686 
 46.333279  58.238907  70.203903  82.112030  94.188278  105.714844  115.612503  121.729843  123.225464  120.523590  114.048599  103.420311  91.505310  79.769844  68.120941  56.914528  47.123493 
 46.930828  58.946251  71.055466  83.208282  95.414375  107.407814  117.529526  123.622025  125.098907  122.487350  116.308289  105.272346  92.835625  81.151878  69.240158  57.833282  47.797241 
 46.269012  57.981720  70.075310  82.126717  93.902969  105.558281  115.302032  121.468445  123.221405  120.726563  114.428436  103.935783  92.130783  80.266563  68.434998  56.963440  47.056355 
 44.423958  55.413124  67.019844  78.526405  89.566872  100.077034  109.063904  114.980164  116.638275  114.219528  108.145470  98.521095  87.308441  76.598907  65.650002  54.735001  45.422085 
 41.641720  51.461090  62.123283  72.941093  83.092033  92.092033  99.676872  104.674690  106.135941  104.185471  98.806252  90.582970  81.113747  71.471718  61.261093  51.088905  42.879528 
 39.336040  46.766876  56.353592  66.123283  75.074532  82.839691  89.014687  92.925934  94.120468  92.402344  88.122185  81.663750  73.670311  65.095001  55.543907  46.527344  40.287968 
 37.734478  42.336563  49.475471  58.134216  66.302345  72.857498  78.140778  81.213127  82.044373  80.711563  77.155785  71.889061  65.125313  57.408279  48.933746  42.012814  38.791145 
 36.072811  39.835728  43.944424  50.837761  57.988800  63.948746  68.402657  71.021042  71.818542  70.604477  67.640160  62.909897  56.881973  50.015572  43.277920  39.468643  37.849895 
 } 


 White Balance Data with optical Center Data
 r_center_x =  625 r_center_y =  485 
 gr_center_x =  628 gr_center_y =  489 
 b_center_x =  636 b_center_y =  484 
 gb_center_x =  613 gb_center_y =  487 
 r/gr 0.608905 
 b/gr 0.668874 
 gb/gr 0.999030 
 r_oc_ave 114.444443 
 b_oc_ave 125.715561 
 gr_oc_ave 187.951111 
 gb_oc_ave 187.768890 

 [AWB]
 RGr =  0.608905 
 BGr =  0.668874 
 GbGr =  0.999030 
 r_oc_ave =  114.444443 
 b_oc_ave =  125.715561 
 gr_oc_ave =  187.951111 
 gb_oc_ave =  187.768890 