 LEFT LENS SHADING DATA
 RED Channel
 {
 36.492760  39.633595  43.820469  51.020729  58.871407  65.796768  71.234009  74.391251  75.763908  74.286720  70.642349  65.038177  57.828178  50.274170  43.231251  39.130676  36.201096 
 38.592346  43.321720  51.217346  60.896561  70.203278  78.500938  85.135468  89.646248  91.172028  89.296097  84.737968  77.704216  69.105469  59.872498  50.277496  42.404221  38.181091 
 40.334221  48.549843  59.113281  70.397186  81.150467  91.154373  99.751877  105.692970  107.723747  105.343597  99.280159  90.422813  80.219376  69.441254  58.079842  47.489532  39.668903 
 43.160675  54.120468  66.233597  78.832497  91.395935  103.397186  114.179993  122.091095  124.979218  121.637817  113.846252  102.753754  90.385002  77.876564  65.044373  52.744064  42.187809 
 46.044376  58.686874  71.961876  85.777344  100.178284  114.437500  127.506561  136.731400  140.179062  136.402969  127.203598  113.816711  99.059532  84.800781  70.706879  57.183281  44.922657 
 48.340729  61.696564  75.639534  90.623436  106.493126  122.389221  136.904373  146.658432  150.060776  146.417038  136.790939  121.930786  105.360153  89.662659  74.599533  60.477501  47.049999 
 49.221825  63.015778  77.169998  92.619690  109.188904  125.971252  140.986252  150.802505  154.143433  150.562347  141.395782  125.971878  108.752190  92.323593  76.600624  61.793121  48.043953 
 48.565254  62.074219  76.126251  91.117966  107.181717  123.329376  138.156723  148.007660  151.295944  147.363434  138.348434  123.429062  106.076874  90.207970  75.104378  60.775154  47.573696 
 46.506565  59.239059  72.539063  86.550468  101.290627  115.848129  129.255630  138.622498  141.912338  137.998596  128.706879  115.167496  100.179688  85.798904  71.713905  58.065781  45.780575 
 43.669743  54.637032  66.893127  79.709373  92.600471  104.907341  116.033432  123.964996  126.907974  123.677338  115.817184  104.482033  91.657814  79.028595  66.227654  53.744690  42.840519 
 41.146404  49.384529  60.044060  71.584686  82.826561  93.074219  102.047813  108.186562  110.336716  107.727028  101.347343  92.273125  81.761406  70.793282  59.336250  48.476715  40.334011 
 39.706512  44.400467  52.414215  62.343437  72.012970  80.536407  87.640778  92.256874  93.805779  91.816406  86.817032  79.590309  70.792191  61.456253  51.498123  43.526562  38.683228 
 37.204845  40.420261  44.671097  52.289268  60.181511  67.331612  72.834740  76.523544  77.663078  76.355782  72.433487  66.595734  59.403854  51.381668  43.459793  39.728226  36.294479 
 } 
 GR Channel
 {
 48.350311  53.849060  59.515160  68.196152  77.181664  84.936455  91.017342  94.500359  95.938072  94.365204  90.279945  84.200211  76.071617  67.246933  58.655983  53.264069  48.652809 
 52.349472  59.344063  69.153282  80.575310  91.163750  100.216873  107.307968  112.087662  113.795776  111.736877  106.932655  99.349373  89.755157  79.145470  67.767029  58.246559  52.225723 
 55.330574  66.158279  79.004372  92.032501  104.120003  114.927338  124.136566  130.387817  132.608749  130.047501  123.695007  114.205780  102.781563  90.657814  77.467186  64.761871  54.671455 
 59.412766  73.211716  87.710312  102.195465  116.044220  129.146881  140.793121  149.020004  152.101410  148.752350  140.537186  128.785629  114.994690  100.796410  86.098122  71.357811  58.123230 
 63.319267  78.964691  94.659065  110.265160  126.141098  141.603439  155.797180  165.617813  169.264999  165.396088  155.936096  141.642349  125.271881  109.106094  92.951096  77.055779  61.738907 
 66.310051  82.962341  99.326874  116.212036  133.627182  150.964371  166.720154  177.216873  180.686096  176.958588  167.022034  151.036880  132.710938  114.915619  97.786720  81.035622  64.565216 
 67.566925  84.554222  101.267502  118.613434  136.910934  155.212341  171.375000  181.856873  185.501724  181.789063  172.305786  155.984070  136.804688  118.572815  100.497498  82.852188  65.792610 
 66.863380  83.553596  100.147812  117.010620  134.843597  152.962494  168.854843  179.248901  182.721725  178.914368  169.470001  153.560776  134.067337  116.067032  98.845001  81.762184  65.300110 
 64.236412  79.959534  95.915627  111.963905  128.540314  144.879837  159.629379  169.696564  173.088913  169.191101  159.330475  144.520935  127.392807  110.980003  94.760628  78.359688  62.933441 
 60.605621  74.399376  89.202347  104.113907  118.697342  132.467499  144.981567  153.609070  156.714066  153.267181  144.872192  132.291718  117.666092  103.109840  88.208908  72.973282  59.090988 
 57.061562  67.756561  80.833282  94.512497  107.298904  118.752029  128.929840  135.866257  138.092972  135.156250  128.208435  118.124847  106.140778  93.271873  79.738747  66.332184  55.602196 
 54.436096  61.107971  71.259529  83.172028  94.342972  104.098747  112.131088  117.299683  119.022186  116.703903  111.273750  103.173279  93.101097  81.959373  69.990623  59.847656  53.321617 
 50.324005  55.293587  61.178497  70.441826  79.885262  88.177917  94.312973  98.600105  100.020515  98.471199  94.200836  87.391823  79.050468  69.350632  59.551041  54.515358  49.492455 
 } 
 GB Channel
 {
 48.840103  54.256355  60.172501  69.284264  78.875160  87.072708  93.551979  97.519684  98.802193  97.220940  92.991455  86.193542  77.741402  68.119743  59.237083  53.607704  48.795624 
 52.494690  59.547188  69.675003  81.448441  92.575783  102.131874  109.686562  114.775940  116.695938  114.424683  109.150627  101.170624  91.114532  79.873283  68.062500  58.230621  52.048958 
 54.971458  65.968124  79.111404  92.543594  105.166878  116.535309  126.171097  132.919220  135.208435  132.548126  125.661560  115.809845  103.906250  91.069374  77.433128  64.294998  54.187508 
 58.644577  72.613747  87.347656  102.211876  116.556717  130.155624  142.351089  151.109070  154.273590  150.743286  142.347809  129.861877  115.669220  100.861877  85.706406  70.557343  57.470055 
 62.259537  77.983910  93.743752  109.624374  125.916870  141.926254  156.544220  166.853745  170.683899  166.754837  156.966568  142.187653  125.281097  108.551094  92.008125  75.732811  60.447403 
 65.002602  81.540939  97.932030  115.052032  132.660934  150.293594  166.504684  177.437195  181.282806  177.498749  167.210464  151.017029  132.044525  113.820786  96.337029  79.376404  62.872032 
 66.046715  82.946091  99.644684  117.005936  135.386093  153.956406  170.503281  181.327820  185.292496  181.539993  171.877350  155.306244  135.795944  116.997025  98.743439  80.978279  63.903488 
 65.353745  81.775002  98.301247  115.343750  133.204529  151.318588  167.421722  178.375000  182.193756  178.157028  168.754211  152.464218  132.787033  114.455154  96.973282  79.775467  63.542343 
 62.877869  78.246407  94.063591  110.158279  126.726563  143.221558  158.109375  168.674377  172.306244  168.383286  158.457962  143.296097  126.017807  109.247810  92.906097  76.462029  61.009323 
 59.077660  72.874535  87.620316  102.428436  117.077194  130.935944  143.746872  152.518753  155.887650  152.465149  144.003128  131.148438  116.404526  101.470779  86.492035  71.181252  57.565002 
 55.818962  66.459373  79.484528  93.106720  105.884377  117.532181  127.792343  134.921875  137.328125  134.423904  127.377350  117.133743  104.929375  91.885468  78.283279  64.882660  54.543282 
 53.541039  60.150627  70.139061  82.158592  93.275627  103.234528  111.436409  116.805618  118.695160  116.297348  110.752342  102.389534  92.129997  80.925316  68.875313  58.733910  52.326195 
 49.845627  54.492706  60.393646  69.709641  79.436455  87.815155  94.397034  98.641045  100.222443  98.416306  94.023804  87.093079  78.503746  68.478226  58.719482  53.698273  48.853699 
 } 
 B Channel
 {
 16.946770  19.099274  21.795467  26.056717  30.588230  34.403908  37.212811  38.902813  39.514168  38.854324  36.866669  33.932915  29.935524  25.564632  21.364998  18.836716  17.464218 
 18.248020  21.314686  25.998592  31.516094  36.586563  40.805782  44.057812  46.216564  47.038750  46.045780  43.853748  40.320000  35.775936  30.706093  25.303749  20.767345  18.641720 
 19.450104  24.429688  30.456875  36.618126  42.228127  47.085155  51.148125  53.978279  54.886871  53.779221  50.906715  46.659218  41.449532  35.822189  29.649063  23.615158  19.646610 
 21.212296  27.589375  34.327030  41.010155  47.176876  52.912811  57.919846  61.619217  62.814842  61.332657  57.722809  52.482346  46.453751  40.072811  33.388439  26.565781  21.288071 
 22.915882  30.044846  37.255627  44.288906  51.218285  57.737190  63.785469  67.903595  69.415001  67.706406  63.682816  57.583595  50.453278  43.508595  36.282970  28.993439  22.804688 
 24.150471  31.627342  38.946251  46.358437  53.817497  61.037346  67.656715  72.048592  73.482185  71.933907  67.674217  60.985626  53.186409  45.644375  38.112656  30.612030  23.945572 
 24.592812  32.090313  39.549530  47.069687  54.787659  62.334373  69.122032  73.415939  74.968903  73.350624  69.362030  62.536407  54.571091  46.901718  39.035625  31.261562  24.405727 
 24.186508  31.465469  38.871250  46.163906  53.555313  61.082497  67.777657  72.062965  73.493752  71.778282  67.918907  61.274689  53.308907  45.720001  38.213749  30.678749  23.990833 
 22.902504  29.752499  36.862656  43.780155  50.612190  57.565315  63.718124  67.847809  69.217972  67.499374  63.454063  57.363129  50.349686  43.472343  36.467030  29.134377  22.862709 
 21.092968  27.214844  33.799374  40.208595  46.404373  52.314064  57.527657  60.980934  62.216560  60.804375  57.352188  52.114220  46.164063  39.933125  33.383595  26.637970  21.069012 
 19.504635  24.171093  29.975468  35.948906  41.547031  46.572498  50.851250  53.634377  54.457344  53.178123  50.416252  46.224377  41.176876  35.630314  29.629532  23.632343  19.430470 
 18.280365  21.180157  25.553436  30.912033  35.972500  40.341721  43.781250  45.820313  46.436092  45.497658  43.208439  39.722656  35.470936  30.555782  25.149220  20.608593  18.148388 
 16.643280  18.385780  20.986771  25.143906  29.627083  33.361927  36.146252  37.892395  38.371304  37.762867  35.954685  33.027447  29.220936  24.836407  20.398178  18.157970  16.467133 
 } 


 White Balance Data with optical Center Data
 r_center_x =  650 r_center_y =  470 
 gr_center_x =  640 gr_center_y =  468 
 b_center_x =  644 b_center_y =  481 
 gb_center_x =  639 gb_center_y =  468 
 r/gr 0.830063 
 b/gr 0.403347 
 gb/gr 0.998807 
 r_oc_ave 154.546661 
 b_oc_ave 75.097778 
 gr_oc_ave 186.186661 
 gb_oc_ave 185.964447 

 [AWB]
 RGr =  0.830063 
 BGr =  0.403347 
 GbGr =  0.998807 
 r_oc_ave =  154.546661 
 b_oc_ave =  75.097778 
 gr_oc_ave =  186.186661 
 gb_oc_ave =  185.964447 