 LEFT LENS SHADING DATA
 RED Channel
 {
 26.726509  29.327347  33.095055  39.071144  45.324947  50.664223  54.776245  57.132080  57.845932  56.549118  53.531097  49.040413  43.430729  37.447346  31.743801  28.525730  26.800728 
 28.432346  32.522968  39.142345  47.015312  54.433907  60.794846  65.852501  69.008751  69.737190  67.915154  64.191719  58.625000  52.047813  44.912968  37.434845  31.390312  28.214062 
 29.913021  36.819687  45.464687  54.506721  62.925468  70.498909  76.743439  81.000153  82.066872  79.727501  74.978127  68.035782  60.172188  51.939064  43.284687  35.260155  29.449532 
 32.433071  41.339531  51.234688  61.262032  70.893593  80.062500  87.878441  93.162033  94.696251  91.798904  85.577034  76.977188  67.690781  58.153908  48.657028  39.354530  31.520153 
 34.944637  45.073593  55.713280  66.655937  77.710785  88.338127  97.595467  103.620003  105.103905  101.912186  94.952347  84.894218  73.856094  63.256721  52.754219  42.695000  33.808331 
 36.756771  47.499687  58.710625  70.381409  82.493126  94.268440  104.359528  110.528282  111.927811  108.703751  101.399689  90.410622  78.311722  66.695625  55.560158  44.985783  35.414738 
 37.325417  48.368752  59.842033  71.832344  84.289688  96.520470  106.633438  112.931870  114.435318  111.450783  104.550934  93.012032  80.484528  68.527809  57.007347  45.922031  36.150154 
 36.911720  47.609844  58.938126  70.694374  82.590935  94.224846  104.238747  110.466248  112.006714  108.899689  102.091721  90.904686  78.877029  67.286407  56.108284  45.327969  35.694427 
 35.242085  45.381248  56.064217  67.108749  77.942345  88.531563  97.637970  103.621407  105.164375  102.180939  95.257813  85.452187  74.523438  64.026253  53.460785  43.301563  34.185310 
 32.973438  41.774689  51.491875  61.654060  71.198753  80.209061  87.957497  93.096718  94.484840  91.942810  86.023125  77.809059  68.392189  59.060936  49.376877  39.972343  32.077137 
 30.847450  37.445156  46.089218  55.172188  63.514221  71.064217  77.374687  81.427971  82.524063  80.589996  75.825470  69.119377  61.348122  52.938751  44.213749  36.059532  30.305988 
 29.831249  33.750000  40.142189  48.044998  55.537971  61.903122  67.056717  70.365471  71.207970  69.666405  65.923439  60.362816  53.762810  46.408127  38.757343  32.652344  29.612137 
 28.718334  31.287502  34.880520  40.801666  47.332344  52.783127  57.070671  59.621513  60.468170  59.194534  56.274269  51.868645  46.049900  39.603542  33.792969  30.554638  28.572552 
 } 
 GR Channel
 {
 51.278908  55.955574  61.859734  71.290886  80.864792  88.997391  95.100212  98.985886  99.858490  97.884689  93.465622  86.727188  78.262398  68.881615  59.952652  54.815834  51.833328 
 54.607231  61.413284  71.847031  83.961090  95.321877  105.060310  112.703125  117.547348  118.549530  116.012192  110.500626  102.263435  92.089066  80.970154  69.287033  59.707497  54.452087 
 57.224167  68.243752  81.768280  95.637810  108.684685  120.382965  129.791412  136.097504  137.805161  134.440933  127.407974  117.027649  104.921097  92.120468  78.769379  65.879997  56.176254 
 61.282555  75.379845  90.709846  106.113907  120.954224  134.922028  146.898132  154.781403  157.074066  153.168900  144.112183  131.061401  116.613434  101.835312  87.030159  72.387184  59.571358 
 65.347389  81.161560  97.584534  114.296249  130.950317  147.400620  161.535461  170.647186  173.010162  168.653748  158.552338  143.176712  126.223129  109.741722  93.538750  77.720314  63.434479 
 68.050369  85.008904  102.278122  119.779846  138.089218  156.210312  171.678589  180.913910  183.074692  178.814377  168.195465  151.735626  133.122345  115.075150  97.795471  81.211563  65.814064 
 69.133385  86.477341  103.934219  122.015930  140.904068  159.624847  175.145157  184.504059  186.725159  182.847504  173.054688  155.547974  136.386246  118.053284  100.144844  82.826408  67.034111 
 68.218857  85.133438  102.471252  120.019379  138.215775  156.116714  171.399063  180.966400  183.371246  179.296722  169.574371  152.696411  134.157501  115.929382  98.566872  81.697968  66.226929 
 65.630783  81.635155  98.017342  114.666565  131.282806  147.566711  161.523590  170.707504  173.250473  169.140152  159.008286  144.101410  127.092346  110.642029  94.418121  78.498123  63.872704 
 61.856979  75.935310  90.943283  106.319687  121.095627  134.990936  146.793900  154.643127  156.861404  153.434067  144.665787  132.085464  117.492340  102.961716  88.031097  73.221718  60.390259 
 58.443077  69.144531  82.624687  96.625626  109.471565  120.943588  130.564529  136.877182  138.637817  135.912033  128.686874  118.464996  106.531250  93.582031  79.993752  66.960785  57.663078 
 56.543236  63.224060  73.414528  85.665154  97.294373  107.019218  114.920624  119.812805  121.144226  118.854370  113.324524  104.970154  94.710785  83.408752  71.356407  61.636871  56.364799 
 54.003639  59.037811  64.803909  74.112450  84.094383  92.845261  99.113129  103.017395  104.125252  102.555626  98.233910  91.406197  82.453072  72.568748  63.509949  58.153542  54.541046 
 } 
 GB Channel
 {
 52.072083  56.387917  62.370728  72.143074  81.993958  90.218437  96.570518  100.457024  101.340935  99.355415  94.656662  87.705002  79.042137  69.316513  60.271042  55.073181  52.337341 
 54.915413  61.871246  72.440315  84.877029  96.416878  106.322189  114.059692  119.025162  120.103439  117.277496  111.608749  103.181252  92.776093  81.465469  69.556877  59.817970  54.504425 
 57.320053  68.552345  82.337967  96.539528  109.714066  121.477188  131.179062  137.652649  139.226563  135.764069  128.539841  117.868118  105.597504  92.485313  78.820625  65.794060  56.111565 
 61.117653  75.539528  91.183128  106.831406  121.828125  136.065781  148.103439  156.256256  158.506256  154.242661  145.115936  131.867035  117.114532  102.114220  86.987343  72.015472  59.192345 
 64.951515  81.065468  97.842499  114.807968  131.717819  148.265472  162.453278  171.556244  174.200775  169.524063  159.155945  143.601410  126.390625  109.729843  93.215782  77.196251  62.712914 
 67.421555  84.659065  102.086090  119.949844  138.368591  156.542969  171.901871  181.298126  183.549057  179.005463  168.352493  151.749527  132.972183  114.780151  97.324219  80.513748  65.038338 
 68.127655  85.899529  103.639374  121.826096  140.674850  159.474380  174.863129  184.267181  186.495316  182.527496  172.646255  155.261566  136.060471  117.460785  99.477814  81.934059  66.125732 
 67.300995  84.479530  101.868126  119.666718  137.778595  155.699692  170.738129  180.413132  182.789063  178.643127  168.802032  152.022507  133.511719  115.272964  97.799843  80.737190  65.443855 
 64.587082  80.881248  97.417816  114.104370  130.633591  146.823914  160.681717  169.840775  172.432190  168.209839  158.069534  143.125305  126.165619  109.725784  93.537186  77.504684  62.908440 
 61.028694  75.156403  90.257500  105.737343  120.290466  134.067032  145.797501  153.651566  155.848129  152.165619  143.416718  130.978912  116.465622  101.973747  87.077499  72.203590  59.506302 
 57.782761  68.520470  81.934059  95.910156  108.616875  119.955780  129.408127  135.582962  137.401413  134.535629  127.412506  117.251724  105.380623  92.611717  79.046722  66.080002  56.878746 
 55.990829  62.709999  72.735939  84.956406  96.308128  105.949371  113.623123  118.463440  119.717346  117.373276  111.772346  103.560783  93.486092  82.361717  70.497658  60.777191  55.836769 
 53.694168  58.504585  64.246773  73.487038  83.258537  91.576454  97.965202  101.739265  102.731720  101.068077  96.747559  90.035156  81.352974  71.681511  62.476608  57.416351  54.031769 
 } 
 B Channel
 {
 34.873020  38.061771  42.520832  49.443695  56.501305  62.294998  66.593910  68.866196  69.641716  68.353073  65.412445  60.655159  54.519165  47.635056  41.013073  37.412086  35.787502 
 37.099686  42.148438  49.652496  58.480156  66.571091  73.300003  78.568283  81.675156  82.384842  80.630783  76.946404  71.157028  64.098747  56.171097  47.742031  40.910000  37.854584 
 38.849895  46.886562  56.733910  66.713593  75.871094  83.900780  90.261871  94.349686  95.436409  93.195313  88.483284  81.363747  73.069061  63.908592  54.347504  45.343750  39.299168 
 41.405415  51.720001  62.807030  73.837654  84.135941  93.799690  101.775002  106.993591  108.421249  105.699219  99.795937  90.935310  81.046097  70.705940  60.147659  49.902969  41.768177 
 44.156513  55.520470  67.253441  79.041718  90.678909  101.891403  111.389221  117.361252  118.836868  115.895309  109.197342  98.904846  87.342972  75.939842  64.556252  53.581718  44.288174 
 46.062763  58.071716  70.201561  82.595627  95.129059  107.287811  117.608444  123.697662  125.136093  122.315308  115.167191  104.042969  91.455315  79.305626  67.215782  55.730621  45.957294 
 46.883179  58.979218  71.252029  83.813126  96.535156  108.922028  119.308899  125.477814  126.979996  124.305161  117.732025  106.063278  93.291565  80.980621  68.633904  56.778435  46.712608 
 46.313068  58.204529  70.384216  82.688904  94.957031  106.762344  116.883118  122.941101  124.452499  121.776871  115.230621  104.245628  91.824219  79.626404  67.533279  55.919533  46.087238 
 44.393177  55.777969  67.507187  79.172966  90.541405  101.289841  110.332657  116.213913  117.560944  114.841721  108.319061  98.355316  87.052811  75.956406  64.645309  53.735001  44.309170 
 41.722187  51.834686  62.522034  73.461563  83.572815  92.883438  100.540001  105.452034  106.707809  104.452812  98.809059  90.486877  80.696877  70.848595  60.335785  50.032814  41.911144 
 39.441978  47.205311  56.911247  66.829529  75.875626  83.637970  90.036407  94.006561  94.951874  93.168121  88.550316  81.810936  73.600311  64.603439  54.948280  45.782032  39.957237 
 38.283905  43.267033  50.782814  59.641403  67.800781  74.573128  79.910622  83.182816  83.894066  82.399063  78.769218  73.072342  66.006096  57.963127  49.309059  42.351093  39.442139 
 36.550987  40.372654  44.747395  51.654533  58.870995  64.961868  69.379372  72.047401  72.652817  71.659477  68.682343  63.972549  57.486717  50.471039  43.693230  39.944218  38.112968 
 } 


 White Balance Data with optical Center Data
 r_center_x =  640 r_center_y =  473 
 gr_center_x =  646 gr_center_y =  495 
 b_center_x =  646 b_center_y =  483 
 gb_center_x =  645 gb_center_y =  476 
 r/gr 0.612860 
 b/gr 0.678390 
 gb/gr 0.998461 
 r_oc_ave 115.013336 
 b_oc_ave 127.311111 
 gr_oc_ave 187.666672 
 gb_oc_ave 187.377777 

 [AWB]
 RGr =  0.612860 
 BGr =  0.678390 
 GbGr =  0.998461 
 r_oc_ave =  115.013336 
 b_oc_ave =  127.311111 
 gr_oc_ave =  187.666672 
 gb_oc_ave =  187.377777 