 LEFT LENS SHADING DATA
 RED Channel
 {
 27.655991  30.297657  33.772968  39.665573  45.669529  50.888855  54.718277  57.257401  57.991035  56.581100  53.844376  49.386559  43.905678  37.887863  32.421043  29.151875  27.061039 
 29.323074  33.299530  39.711094  47.248280  54.397659  60.472191  65.248909  68.336563  69.079376  67.391716  63.839378  58.522812  52.069221  45.065155  37.705624  31.719376  28.388123 
 30.995155  37.594532  46.121876  54.867188  63.031876  70.258438  76.229065  80.295471  81.315468  79.107498  74.485466  67.865311  60.274529  52.116562  43.673439  35.636875  29.628544 
 33.321301  42.207344  51.892502  61.543747  71.001404  79.716560  87.177811  92.357498  93.699532  90.922966  85.016090  76.639221  67.644684  58.429535  49.017029  39.726875  31.756039 
 35.860001  46.125000  56.543907  67.094376  77.890938  88.115311  96.978592  102.898903  104.423279  101.199997  94.391563  84.649216  74.009689  63.698593  53.305466  43.273281  34.195156 
 37.977551  48.654846  59.667503  70.923752  82.730469  94.057190  103.941559  109.997498  111.506561  108.377190  101.121872  90.433594  78.714844  67.285934  56.340935  45.751251  35.836666 
 38.764687  49.753441  60.985626  72.714066  84.744530  96.739059  106.731247  112.852341  114.412811  111.405312  104.600937  93.402969  81.045311  69.301094  57.920937  46.812344  36.619637 
 38.365936  49.020935  60.242340  71.593750  83.240784  94.655472  104.564842  110.843597  112.467499  109.397499  102.640472  91.459999  79.460472  68.006096  57.068123  46.307655  36.307030 
 36.632240  46.890781  57.530624  68.355469  78.990784  89.292343  98.290001  104.431404  106.101097  103.067970  96.064842  86.278748  75.377342  65.007660  54.761253  44.533127  34.980209 
 34.145576  43.397030  53.330154  63.148590  72.532341  81.255310  88.862503  94.187500  95.667503  93.309532  87.250938  78.906876  69.574219  60.294373  50.677658  41.247971  32.780674 
 32.113541  39.311874  47.937344  56.834221  65.235153  72.574066  78.751251  83.044533  84.325623  82.351875  77.312187  70.517654  62.798904  54.499222  45.637657  37.241405  30.780785 
 31.175205  35.251877  41.684063  49.464844  56.937813  63.246094  68.347031  71.678436  72.638435  70.995941  67.103592  61.639847  54.985001  47.700939  39.846092  33.422501  29.757504 
 29.845211  32.012295  35.463646  41.448383  47.944477  53.330048  57.805161  60.478851  61.166779  59.866356  56.851723  52.265465  46.519169  40.019268  34.121304  30.636250  28.311665 
 } 
 GR Channel
 {
 53.092133  58.140884  63.741875  73.086304  82.677338  90.579948  96.485466  100.402084  101.569740  99.573540  95.398170  88.693748  80.253128  70.846924  62.046822  56.862244  53.402245 
 56.165054  63.158592  73.396873  85.274841  96.396721  105.687653  113.032349  117.853745  119.164536  116.623123  111.325470  103.419998  93.588127  82.506721  70.940781  61.140778  55.680992 
 59.078018  70.108437  83.537498  97.110153  109.886566  120.931091  130.018127  136.516876  138.117035  134.827652  128.226715  118.316879  106.597969  93.813126  80.498909  67.564690  57.772606 
 62.942764  77.177971  92.210312  107.157188  121.821243  135.404694  147.039841  154.836868  157.011871  153.192337  144.785934  132.342499  118.202347  103.780159  88.908592  74.076096  60.962967 
 67.184639  83.016090  99.011719  115.244843  131.876251  147.983902  161.838593  170.676712  172.970627  168.825317  159.325150  144.615936  128.043594  111.932968  95.678123  79.719376  64.973549 
 70.191620  87.000153  103.785782  120.854843  138.979996  156.891403  172.231720  181.085159  183.361099  179.373749  169.232025  153.224060  135.071091  117.232498  100.209061  83.575935  67.576767 
 71.443909  88.420784  105.688278  123.284225  141.663589  160.425476  175.963593  185.172806  187.384995  183.412506  174.051254  157.477341  138.732651  120.550934  102.635155  85.089378  68.797295 
 70.780472  87.383591  104.336716  121.461868  139.344849  157.146881  172.567505  182.242493  184.621719  180.390625  171.070007  154.609222  135.747971  117.993591  100.972504  84.145782  68.002655 
 68.113388  83.983597  100.162659  116.554840  132.990311  149.034225  163.080002  172.492035  175.031097  170.992035  161.212814  146.262650  129.315628  113.177658  97.105316  81.117500  65.842499 
 64.046356  78.639687  93.677658  108.751564  123.216873  136.802963  148.647507  156.523911  158.925003  155.882813  147.444061  134.863754  120.364380  105.779999  90.806877  75.868591  62.201721 
 60.643860  72.173439  85.598907  99.271561  112.110779  123.332184  132.772034  139.183594  141.044373  138.513748  131.513748  121.363434  109.501877  96.697189  82.869217  69.470467  59.095680 
 58.599586  65.731247  75.988129  87.933746  99.181252  108.839531  116.457657  121.516556  123.150467  120.808441  115.305618  107.261719  97.250313  85.841248  73.632660  63.282814  57.086983 
 55.222084  59.997505  65.825623  75.093750  84.985420  93.082657  99.672447  103.829903  104.984016  103.264275  98.765213  92.261101  83.534065  73.624580  64.081200  58.389069  54.455727 
 } 
 GB Channel
 {
 53.837555  58.587555  64.173485  73.750259  83.412811  91.366714  97.571037  101.382286  102.512711  100.296822  95.983070  88.925308  80.376091  70.879684  61.966980  56.629272  53.368851 
 56.613800  63.492340  73.747032  85.866722  97.280312  106.636093  113.906876  118.816879  120.030624  117.430786  111.833282  103.677811  93.650467  82.484688  70.635315  60.825935  55.394691 
 59.104218  70.269844  83.937813  97.737968  110.600471  121.915939  130.979843  137.380783  138.920776  135.604538  128.664993  118.578598  106.577187  93.661247  80.080627  67.015160  57.097443 
 62.660469  77.198593  92.591248  107.784531  122.702972  136.259537  147.871872  155.757034  157.777344  153.772659  145.060776  132.383591  118.087814  103.435936  88.364059  73.366249  60.153336 
 66.680206  83.013123  99.299217  115.754379  132.576874  148.664536  162.330475  171.091873  173.552338  169.125153  159.299225  144.436722  127.760315  111.277191  94.920471  78.756561  63.807808 
 69.585732  86.647812  103.760468  121.111877  139.207031  156.973129  172.023132  180.950317  183.144531  179.021561  168.617661  152.639374  134.242188  116.393753  99.151566  82.374535  66.204735 
 70.670624  87.918121  105.361565  123.189850  141.426880  160.018433  175.330627  184.360779  186.478119  182.468903  172.875931  156.271408  137.550476  119.176407  101.158592  83.651253  67.127914 
 69.787552  86.719841  103.815002  120.989838  138.890320  156.339066  171.536713  181.095627  183.260162  179.048752  169.529999  152.999374  134.286880  116.559525  99.473747  82.670471  66.382347 
 66.984589  83.277496  99.526253  115.903595  132.197662  147.954224  161.736557  170.886093  173.504837  169.325317  159.289993  144.496567  127.697495  111.548439  95.512657  79.502190  64.277184 
 63.082611  77.672188  92.833282  107.776405  122.034851  135.361557  146.719223  154.616257  156.854065  153.656555  145.287186  132.723129  118.464996  104.021095  89.189377  74.261093  60.603806 
 59.725937  71.258438  84.649376  98.171562  110.724220  121.663284  130.749695  136.948593  138.839539  136.080154  129.058289  119.158600  107.608284  94.850471  81.274216  67.991096  57.621719 
 57.849167  64.797501  74.896095  86.784218  97.803284  107.143280  114.591400  119.561874  121.129532  118.654373  113.087662  105.086716  95.264687  84.102341  72.094688  61.840309  55.739059 
 54.729996  59.226669  64.960052  74.174011  83.999733  91.711403  98.239532  102.386879  103.287239  101.388542  96.749527  90.457756  81.870941  72.149216  62.682602  56.990311  53.167397 
 } 
 B Channel
 {
 35.360729  39.112396  43.512867  50.392502  57.151825  63.065834  67.018288  69.624481  70.221611  68.693230  65.955574  61.095421  55.101776  48.398537  42.138283  38.236351  36.599274 
 37.187393  42.180313  49.560158  58.042503  65.808281  72.316254  77.266403  80.121559  80.643906  79.050316  75.600784  70.125000  63.293434  55.611877  47.370155  40.489689  37.525940 
 39.289581  47.018749  56.669060  66.307968  75.126404  82.685623  88.669060  92.503128  93.300156  91.201096  86.752190  80.070778  72.225159  63.327187  54.086403  45.051094  38.820469 
 41.930630  51.980621  62.777496  73.343903  83.259842  92.252815  99.683441  104.660156  105.844376  103.197189  97.538750  89.285469  79.960785  70.108437  59.858597  49.575783  41.254738 
 44.565052  56.014847  67.388596  78.668747  89.843597  100.114220  109.096405  114.752182  116.218597  113.153275  106.920624  97.193909  86.380157  75.501404  64.482185  53.381561  43.832813 
 46.659996  58.573753  70.466560  82.243591  94.089531  105.577972  115.173126  121.044373  122.312500  119.578430  113.031555  102.565781  90.670784  79.002342  67.499374  55.927811  45.549484 
 47.530575  59.538284  71.590622  83.530624  95.650627  107.602028  117.294525  123.020935  124.275162  121.692810  115.860306  105.000465  92.795784  81.037811  68.975937  56.842346  46.268799 
 46.949589  58.818748  70.755623  82.264847  93.949219  105.407654  114.955933  120.735306  122.201401  119.775162  113.955154  103.533127  91.408752  79.631248  67.886093  56.115158  45.644943 
 45.306931  56.681717  67.925781  79.075783  89.777657  99.930779  108.602501  114.522339  116.102814  113.567810  107.464691  98.192345  87.323441  76.514221  65.433441  54.068596  44.278385 
 42.789268  52.987190  63.471252  73.650002  83.085625  91.632034  98.921875  103.993279  105.567345  103.694534  98.346252  90.586250  81.119690  71.387497  60.910156  50.457809  41.771564 
 40.410053  48.379845  57.784218  67.006409  75.430939  82.495155  88.512810  92.618439  93.977188  92.474998  88.185936  81.653908  73.722969  64.947968  55.354378  46.060001  39.410831 
 38.752029  43.721405  50.843124  58.847504  66.470467  72.786873  77.885628  81.153282  82.206253  80.918907  77.613747  72.129845  65.159218  57.335625  48.784065  41.659687  38.044685 
 36.387863  39.668285  43.576874  49.843330  56.712769  62.263130  66.835205  69.671829  70.425423  69.492027  66.518341  61.976303  55.808174  48.851044  42.234062  38.245522  35.909271 
 } 


 White Balance Data with optical Center Data
 r_center_x =  628 r_center_y =  471 
 gr_center_x =  646 gr_center_y =  490 
 b_center_x =  632 b_center_y =  495 
 gb_center_x =  628 gb_center_y =  504 
 r/gr 0.609255 
 b/gr 0.662476 
 gb/gr 0.995321 
 r_oc_ave 114.577774 
 b_oc_ave 124.586670 
 gr_oc_ave 188.062225 
 gb_oc_ave 187.182220 

 [AWB]
 RGr =  0.609255 
 BGr =  0.662476 
 GbGr =  0.995321 
 r_oc_ave =  114.577774 
 b_oc_ave =  124.586670 
 gr_oc_ave =  188.062225 
 gb_oc_ave =  187.182220 