 LEFT LENS SHADING DATA
 RED Channel
 {
 27.853123  30.565628  34.434113  40.855728  47.203381  52.745422  57.021614  59.702240  60.479485  59.084686  56.152756  51.527603  45.800781  39.405731  33.547291  29.953957  27.948128 
 29.510624  33.810623  40.658905  48.786560  56.034843  62.583748  67.678909  71.039528  71.825310  70.095940  66.410469  60.814690  54.128906  46.866562  39.166874  32.818127  29.245209 
 31.111511  38.169220  47.104530  56.288750  64.750626  72.404221  78.667969  82.926094  84.014999  81.781876  77.092033  70.195625  62.341408  54.047340  45.253124  36.905468  30.539841 
 33.528439  42.748436  52.992035  63.053909  72.637810  81.794220  89.463440  94.664215  96.253593  93.504684  87.511871  78.922813  69.710159  60.269531  50.685310  41.075314  32.775311 
 36.045471  46.571095  57.399376  68.327499  79.265160  89.752029  98.695465  104.840309  106.656715  103.522972  96.637032  86.572502  75.809219  65.383278  54.863594  44.535625  35.124374 
 38.034840  49.014221  60.284378  71.885628  83.772346  95.287659  105.182190  111.424377  113.326401  110.327034  102.875938  91.966095  80.091408  68.794220  57.689529  46.970627  36.778538 
 38.734638  49.862343  61.433441  73.471718  85.533440  97.389847  107.315002  113.719223  115.679535  112.678131  105.708282  94.538437  82.252342  70.501251  58.884842  47.665470  37.374012 
 38.054379  48.920624  60.303123  71.939377  83.518127  94.918434  104.672340  111.047501  112.908432  109.922501  103.032654  92.082809  80.155785  68.780624  57.707657  46.948124  36.844376 
 36.166302  46.504845  57.308128  68.213280  78.967346  89.144379  98.076408  104.162186  105.952034  102.878128  95.866562  86.316254  75.741096  65.289841  54.980934  44.722343  35.252552 
 33.554844  42.744217  52.688751  62.739998  72.173904  80.960159  88.455780  93.667030  95.234528  92.697815  86.725311  78.717186  69.519531  60.278435  50.653748  41.197811  32.946564 
 31.491928  38.405468  47.160156  56.158905  64.634377  71.844688  78.130623  82.271248  83.513435  81.433907  76.680466  70.084061  62.455467  54.145470  45.405155  37.121250  30.827080 
 30.329582  34.310001  40.839375  48.709221  56.235001  62.603905  67.682816  70.816559  71.684845  70.069221  66.332497  60.888596  54.371246  47.067501  39.445000  33.125782  29.565571 
 28.858330  31.243748  34.657291  40.664845  47.176670  52.513695  56.958641  59.402809  60.024635  58.949013  56.085419  51.437141  45.640415  39.372498  33.588337  30.256409  28.077240 
 } 
 GR Channel
 {
 52.034424  57.485260  64.003067  73.770470  83.551666  91.823280  98.315994  102.312187  103.518806  101.733589  97.764381  91.104637  82.600990  72.909218  63.503441  57.526619  53.730782 
 55.522758  62.959221  73.792030  86.273590  97.343750  106.963905  114.657028  119.570938  120.912338  118.734222  113.815628  105.783592  95.788284  84.579842  72.593437  62.340157  56.345779 
 58.486038  69.915627  83.789841  97.861877  110.380310  121.782028  131.247971  137.397186  139.416870  136.663437  130.384842  120.352966  108.649376  95.838280  82.191872  68.922501  58.514580 
 62.431984  77.020309  92.556252  107.626404  122.067505  135.827347  147.377808  155.208755  158.021408  154.686401  146.456253  134.130936  120.141098  105.677811  90.714996  75.722969  62.317757 
 66.449585  82.727501  99.101563  115.423126  131.760468  147.657654  161.286407  170.341248  173.522034  169.885315  160.448746  145.872345  129.525940  113.524368  97.332970  81.131096  66.097130 
 69.389320  86.512032  103.492966  120.664215  138.448288  155.983124  170.728592  180.362183  183.372025  179.773132  169.927658  154.143753  136.115158  118.657654  101.669685  84.910934  68.582603 
 70.410683  87.652969  105.073280  122.877808  141.014374  159.030472  173.995941  183.704224  186.689850  183.241714  174.186722  157.909058  139.402039  121.592819  103.784531  86.206406  69.621201 
 69.324318  86.335785  103.566254  120.918747  138.336243  155.530151  170.534225  180.234375  183.208588  179.610001  170.643753  154.542343  136.348907  118.865936  101.886871  84.961403  68.874947 
 66.579582  82.828751  99.226250  115.807343  131.872650  147.560150  161.146713  170.386871  173.342499  169.686569  160.099838  145.971405  129.756256  113.723434  97.543747  81.521095  66.230881 
 62.515839  77.181252  92.499847  107.839218  122.120163  135.528595  146.957809  154.906723  157.458908  154.521713  146.215622  134.350937  120.462662  106.024689  91.067497  76.063278  62.510574 
 59.287865  70.552658  84.224533  98.121872  110.962502  122.011246  131.317810  137.749847  139.858124  137.204056  130.495316  120.811722  109.307190  96.515778  82.795158  69.549065  59.119064 
 56.964790  64.001877  74.371719  86.557030  97.920158  107.556877  115.288132  120.218445  121.875626  119.662033  114.394058  106.433281  96.553596  85.275314  73.254684  63.144379  57.061867 
 53.321037  58.398125  64.253181  73.621414  83.460358  91.753540  98.539375  102.374687  103.446037  101.969322  97.783646  91.039734  82.343384  72.721146  63.484688  58.036041  53.820213 
 } 
 GB Channel
 {
 53.163338  58.378754  64.886505  74.984474  84.648224  93.191978  99.543907  103.798340  104.785469  102.439796  98.603439  91.472076  82.732033  72.854584  63.461510  57.517288  53.759377 
 56.485840  63.739998  74.929222  87.534065  98.862816  108.479065  116.083282  121.088745  122.156097  119.746872  114.385941  106.257500  96.017654  84.739998  72.460472  62.121872  56.170212 
 58.968590  70.717972  84.901405  99.249374  111.908440  123.386719  132.774368  138.837036  140.568909  137.656876  130.953430  120.717499  108.809532  95.845940  82.002968  68.583435  58.258850 
 62.852295  77.826874  93.684532  109.099373  123.813278  137.491562  148.901093  156.597183  159.177505  155.628906  147.114212  134.353745  120.331406  105.611565  90.387970  75.254219  61.605682 
 66.770729  83.449066  100.295311  116.974380  133.565155  149.414688  162.767502  171.719223  174.824844  170.728439  160.950150  146.192184  129.527817  113.183121  96.835472  80.485779  65.095985 
 69.654686  87.115936  104.556091  122.097031  140.080002  157.429840  172.024841  181.303757  184.210007  180.323593  170.100311  154.085312  135.888443  118.245163  101.069534  84.137810  67.594070 
 70.376244  88.172501  106.013908  124.108749  142.220474  160.060318  174.733597  184.174057  187.153595  183.404221  173.970779  157.599380  139.002655  120.958282  102.932190  85.210785  68.379326 
 69.179787  86.798126  104.427498  121.829056  139.452026  156.304840  170.883743  180.434067  183.235306  179.526566  170.058746  153.922974  135.706726  118.207657  101.044685  83.908752  67.744164 
 66.427551  83.112343  99.960938  116.553131  132.876251  148.167038  161.348434  170.380310  173.151566  169.225006  159.460159  145.114685  128.976257  112.832809  96.604691  80.457497  65.211250 
 62.669159  77.541252  92.967499  108.438126  122.662186  135.761093  146.824066  154.588120  156.975311  153.732819  145.206253  133.392181  119.316559  105.121094  90.116722  75.058907  61.582031 
 59.503906  70.843285  84.570000  98.507965  111.111717  121.889221  131.053284  137.138123  139.118439  136.251724  129.448441  119.804062  108.254219  95.483284  81.893593  68.721878  58.393539 
 57.230110  64.259689  74.570465  86.672966  98.045937  107.393440  114.937973  119.684998  121.212036  118.758286  113.389374  105.449371  95.535469  84.341095  72.339218  62.312653  56.281197 
 53.910103  58.521355  64.387352  73.667343  83.446777  91.718849  98.259010  102.120003  103.196815  101.572655  97.049377  90.131462  81.567757  71.834633  62.696922  57.329109  53.203278 
 } 
 B Channel
 {
 35.046665  38.994999  43.834217  50.955261  57.883331  63.956718  68.438698  70.787186  71.844788  70.708221  68.021149  63.194427  57.211723  50.073021  43.408176  39.022346  36.823177 
 37.122086  42.340000  50.131096  58.985466  66.754997  73.357346  78.366409  81.633438  82.589378  81.172813  77.871559  72.391716  65.434845  57.725937  49.247971  41.875469  38.126095 
 39.149998  47.232498  57.140472  66.967972  75.752342  83.490784  89.684059  93.687965  95.060623  93.136253  88.851875  82.182503  74.134842  65.395470  55.904686  46.529373  39.713543 
 41.987759  52.179222  63.143593  73.725471  83.603127  92.745316  100.254372  105.515312  107.327347  104.890472  99.429840  91.054535  81.725624  72.019684  61.757965  51.226410  42.456615 
 44.528435  56.142189  67.675156  78.962341  89.960625  100.336090  109.381561  115.401413  117.382339  114.649216  108.357185  98.593285  87.749535  77.098282  66.111565  54.910309  44.954479 
 46.700829  58.542503  70.474533  82.233437  94.107185  105.603279  115.514526  121.555161  123.332184  120.770157  114.075470  103.666405  91.881248  80.375153  68.853905  57.440781  46.815578 
 47.134060  59.374062  71.507034  83.566254  95.531563  107.387970  117.231094  123.265778  125.210159  122.680313  116.435471  105.712967  93.639999  82.092186  70.218597  58.125153  47.501617 
 46.416409  58.508278  70.510628  82.179222  93.732185  105.108437  114.536560  120.515625  122.380936  119.889526  114.081253  103.785934  91.869690  80.363434  68.932503  57.367653  46.970783 
 44.636196  56.122658  67.535934  78.823753  89.445625  99.399216  108.016090  113.829056  115.643127  113.159531  107.029533  97.977028  87.437187  76.961090  66.129219  55.048279  45.275990 
 41.981983  52.294060  62.980316  73.374847  82.841873  91.340469  98.520935  103.449684  104.987030  103.230156  97.997185  90.342033  81.267189  71.751091  61.692657  51.340469  42.519424 
 39.703232  47.677811  57.237503  66.710938  75.287186  82.319847  88.298752  92.212341  93.561096  92.007813  87.798904  81.560936  73.897499  65.257813  55.983910  46.798283  40.089741 
 38.118179  43.089218  50.292816  58.675781  66.402031  72.742188  77.693123  80.732658  81.855621  80.506248  77.179222  71.955627  65.184372  57.532028  49.272812  42.187969  38.353592 
 35.573593  38.989841  43.065311  49.571411  56.519318  62.018852  66.637711  69.123703  69.922707  68.965416  66.091507  61.574371  55.768959  49.008072  42.483231  38.539841  35.789841 
 } 


 White Balance Data with optical Center Data
 r_center_x =  631 r_center_y =  475 
 gr_center_x =  657 gr_center_y =  477 
 b_center_x =  640 b_center_y =  490 
 gb_center_x =  646 gb_center_y =  464 
 r/gr 0.620332 
 b/gr 0.672040 
 gb/gr 1.004273 
 r_oc_ave 116.128891 
 b_oc_ave 125.808884 
 gr_oc_ave 187.204437 
 gb_oc_ave 188.004440 

 [AWB]
 RGr =  0.620332 
 BGr =  0.672040 
 GbGr =  1.004273 
 r_oc_ave =  116.128891 
 b_oc_ave =  125.808884 
 gr_oc_ave =  187.204437 
 gb_oc_ave =  188.004440 