 LEFT LENS SHADING DATA
 RED Channel
 {
 35.658073  38.940987  43.481716  51.168907  59.237129  66.414474  71.780365  75.235786  76.009422  74.187553  70.598961  64.633598  57.334633  49.347755  42.132915  38.152397  35.659477 
 38.201820  43.405781  51.583595  61.498283  71.184845  79.684059  86.651405  91.017654  92.431717  90.224846  85.150627  77.667969  68.812347  59.254219  49.578751  41.859062  37.990730 
 40.390469  48.949844  59.864845  71.466560  82.544373  92.904060  101.687187  107.545158  109.608910  106.808594  100.170624  90.768127  80.047966  68.765472  57.353127  46.858437  39.719688 
 43.585987  54.848282  67.424377  80.590622  93.458595  105.933281  116.966568  124.708588  127.276245  123.792816  115.543274  103.550316  90.441719  77.522346  64.474846  52.302811  42.442814 
 46.278442  59.459686  73.495155  88.078903  102.922501  117.632034  130.899994  139.820618  142.930466  138.743118  129.003906  114.903748  99.574066  84.619530  70.256874  56.851875  45.313545 
 48.756203  62.582657  77.273438  93.162498  109.873123  126.627029  141.185944  150.597961  153.282654  148.967026  138.726715  123.309067  105.974373  89.524216  74.279846  60.122498  47.730000 
 49.836197  63.871407  78.773438  95.144844  112.671249  130.285156  145.553909  154.808594  157.337341  153.062973  143.234070  127.239532  109.458748  92.355621  76.231407  61.518440  48.613846 
 49.354218  63.062347  77.641251  93.418907  110.361565  127.446869  142.367661  151.846100  154.350311  149.990311  140.151566  124.611877  106.724846  90.287033  74.857498  60.598747  48.067497 
 47.486252  60.262497  74.079689  88.716721  104.118904  119.340469  132.977814  142.023438  144.855774  140.669693  130.725311  116.603592  100.896095  85.835472  71.347343  57.930313  46.188644 
 44.415363  55.691406  68.299530  81.547340  94.954216  107.800781  119.200943  126.837341  129.435150  126.061401  117.652344  105.688751  92.189690  78.940002  65.750626  53.410309  43.405315 
 41.843071  50.372032  61.350159  73.137184  84.588593  95.156097  104.301559  110.201721  112.283752  109.769684  102.902191  93.215157  82.122185  70.610779  58.901566  48.301559  40.989899 
 40.167397  45.486561  53.606873  63.819534  73.558128  82.456879  89.513123  94.069534  95.691719  93.686562  88.397186  80.813278  71.547501  61.638748  51.467346  43.782345  39.861717 
 38.475315  42.217396  46.878956  54.672234  62.910210  70.210625  75.950203  79.593071  80.619003  79.330307  75.197601  69.066414  61.482498  52.891670  45.022968  41.311302  38.474220 
 } 
 GR Channel
 {
 47.011875  51.861465  57.668282  66.552872  75.886612  83.827454  89.987968  93.503433  94.926666  93.018799  88.566719  82.320160  74.152916  64.973640  56.394272  51.194687  47.541771 
 50.986870  58.149376  67.988907  79.386406  90.208908  99.251404  106.721092  111.478439  113.309998  110.912346  105.852341  97.928284  88.187500  77.345314  65.982185  56.559685  51.212608 
 54.252449  65.000153  77.973282  91.068283  102.998283  114.145935  123.375626  129.829681  132.289841  129.397964  122.574692  112.686874  101.090309  88.716721  75.596252  63.000938  53.769272 
 58.385887  72.197342  86.668747  101.246872  115.154526  128.694839  140.597809  148.695938  151.649368  148.308746  139.765778  127.049377  112.702347  98.616096  84.007660  69.738747  57.530411 
 62.182549  77.731094  93.607658  109.500465  125.612503  141.673431  156.246567  165.771881  169.113129  164.847351  154.688904  139.779694  122.997498  106.777344  90.802185  75.258904  61.343704 
 65.179741  81.624535  98.210159  115.296097  133.329376  151.543900  167.540466  177.839218  180.898911  176.292191  165.405472  148.772659  130.011093  112.328751  95.332031  79.065628  63.794792 
 66.400154  83.205780  99.899689  117.552658  136.298752  155.618118  172.222351  182.297348  185.347809  180.882660  170.756561  153.345474  134.117966  115.596405  97.802811  80.339996  64.346672 
 65.870941  82.142189  98.569374  115.601089  133.569382  152.249847  168.698746  178.959061  182.051254  177.556564  167.250000  150.502502  131.149994  113.111557  95.898903  79.316093  64.032135 
 63.325836  78.614998  94.362190  110.310158  126.839539  143.389069  158.392502  168.359070  171.486725  167.251724  156.919373  141.475937  124.350784  107.953590  91.842659  76.264221  62.143181 
 59.386612  73.081406  87.738434  102.251404  116.585312  130.510468  143.063751  151.418900  154.436401  150.936569  142.013443  129.041092  114.487656  99.983124  85.301559  70.849220  58.611923 
 55.856102  66.727966  79.677498  92.770309  105.238907  116.691879  126.717819  133.275467  135.613586  132.941559  125.472656  115.024536  103.121719  90.390778  77.073128  64.514221  55.463593 
 53.339790  60.536873  70.647499  82.148285  93.013596  102.777657  110.643280  115.819534  117.573746  115.380463  109.658440  101.453590  91.309532  80.091095  68.259064  58.969376  53.672707 
 49.993538  55.968964  62.127502  71.052650  80.374222  88.731613  95.198906  99.385155  100.859581  99.129845  94.795525  87.933388  79.430573  69.577553  60.052399  55.321457  50.971046 
 } 
 GB Channel
 {
 47.597027  52.264526  58.555832  67.832863  77.618805  86.014114  92.450890  96.182655  97.686401  95.588020  90.889427  84.078545  75.455368  65.774117  56.779480  51.357765  47.866928 
 51.173698  58.418907  68.620003  80.486404  91.646095  101.323906  109.003593  114.165787  116.023285  113.473434  107.981720  99.610626  89.300156  77.897659  66.102814  56.431717  51.084007 
 54.111404  65.034531  78.342346  91.891251  104.345154  115.869370  125.521881  132.218445  134.702347  131.673599  124.479218  114.093445  102.000626  89.026253  75.399216  62.448593  53.177139 
 57.781723  71.912346  86.757034  101.710938  116.084213  130.028595  142.385315  150.861725  153.991714  150.341568  141.470001  128.146881  113.300156  98.550316  83.504845  68.886093  56.547966 
 61.274376  77.189377  93.317810  109.566406  126.000931  142.535782  157.411713  167.265778  170.796402  166.285461  155.827499  140.330475  123.085938  106.181091  89.819687  74.087502  60.004585 
 64.030151  80.770782  97.469688  114.928909  133.162659  151.627502  167.900162  178.388748  181.681244  177.047653  165.837967  148.684067  129.575470  111.291878  94.004997  77.569687  62.190109 
 65.122871  82.021408  98.932968  116.777496  135.717346  155.184067  172.048279  182.268280  185.455307  180.960938  170.468597  152.924683  133.280472  114.215317  96.060310  78.493904  62.529526 
 64.289375  80.848122  97.445160  114.629684  132.801407  151.576721  168.284683  178.720627  181.943909  177.299225  166.968445  149.880936  130.212814  111.648750  94.157967  77.476715  62.110680 
 61.975731  77.441559  93.279060  109.346878  126.088913  142.760315  157.872498  168.064682  171.506882  166.919067  156.417496  140.784851  123.314224  106.596252  90.222504  74.596718  60.413177 
 58.183746  72.103752  86.753754  101.413910  115.914841  130.095932  142.767181  151.316101  154.336868  150.802963  141.603745  128.363129  113.611877  98.704063  83.746246  69.315155  57.149956 
 54.957603  65.905937  79.012970  92.236252  104.887184  116.472961  126.637024  133.288132  135.625473  132.789993  125.204529  114.692810  102.364059  89.427811  75.920937  63.237343  54.402138 
 52.885315  60.027809  70.212189  81.910782  92.957970  102.799843  110.738594  115.917496  117.711868  115.459061  109.483910  101.109222  90.755623  79.352814  67.375000  58.010780  52.828903 
 49.883224  55.716560  62.017189  71.109734  80.611931  89.107971  95.409637  100.000420  101.263962  99.476570  94.780365  87.800262  79.244789  69.088226  59.440422  54.547241  50.515572 
 } 
 B Channel
 {
 17.480312  19.847816  22.631718  27.338749  31.880520  35.740780  38.618538  40.208385  40.552555  39.623173  37.629635  34.577446  30.480991  25.954060  21.744114  19.289635  17.848801 
 19.354477  22.604061  27.463593  33.230000  38.620937  43.053905  46.419376  48.537346  49.142342  47.872971  45.396095  41.563908  36.920780  31.646561  26.213905  21.861095  19.585464 
 20.793285  25.892654  32.209686  38.737343  44.662033  49.967659  54.246407  56.885002  57.746872  56.283440  53.100311  48.499222  42.981564  36.955936  30.774376  25.023281  20.788490 
 22.557552  29.284843  36.427658  43.499374  50.170624  56.452812  61.817184  65.332809  66.382500  64.660469  60.785782  54.837654  48.278595  41.561092  34.728748  28.271252  22.735001 
 24.364269  31.919689  39.653282  47.273594  54.730621  62.060158  68.545311  72.555779  73.883591  71.833908  67.224533  60.327972  52.712029  45.103127  37.774845  30.825470  24.497761 
 25.647083  33.611252  41.618595  49.766563  58.039063  66.179375  73.205780  77.477501  78.543747  76.456253  71.597656  64.156097  55.641090  47.526562  39.733280  32.472969  25.551929 
 26.087864  34.215157  42.316093  50.639999  59.186562  67.761871  74.905312  79.094528  80.106560  78.012344  73.441254  65.729378  57.171097  48.825157  40.685623  32.884064  25.672394 
 25.720257  33.599220  41.578751  49.766876  58.063126  66.268906  73.389374  77.477654  78.609688  76.478752  71.957184  64.517029  55.879845  47.692970  39.848595  32.534061  25.549477 
 24.496353  32.005936  39.652969  47.356876  55.068436  62.509216  68.941093  73.049377  74.219215  72.152496  67.518127  60.692970  52.995003  45.400467  38.025158  31.107189  24.755936 
 22.677032  29.362656  36.488438  43.575470  50.410469  56.649689  62.168121  65.619377  66.610313  65.052658  61.089218  55.215935  48.561722  41.788593  34.950783  28.548439  23.053440 
 21.204895  26.371563  32.782814  39.267654  45.317501  50.659218  55.088905  57.830315  58.728592  57.401405  54.033752  49.326248  43.685001  37.616875  31.308281  25.595470  21.630676 
 20.277920  23.703751  28.751095  34.647186  40.095627  44.853592  48.454216  50.708748  51.402031  50.332657  47.592030  43.708439  38.743282  33.226563  27.432968  23.288124  21.076042 
 19.236252  21.744167  24.766304  29.640522  34.514374  38.749634  41.839848  43.827084  44.519737  43.609951  41.400154  38.002186  33.720573  28.629482  24.012760  21.886875  19.915627 
 } 


 White Balance Data with optical Center Data
 r_center_x =  654 r_center_y =  514 
 gr_center_x =  609 gr_center_y =  511 
 b_center_x =  639 b_center_y =  482 
 gb_center_x =  625 gb_center_y =  510 
 r/gr 0.849353 
 b/gr 0.432027 
 gb/gr 1.001267 
 r_oc_ave 157.915558 
 b_oc_ave 80.324448 
 gr_oc_ave 185.924438 
 gb_oc_ave 186.160004 

 [AWB]
 RGr =  0.849353 
 BGr =  0.432027 
 GbGr =  1.001267 
 r_oc_ave =  157.915558 
 b_oc_ave =  80.324448 
 gr_oc_ave =  185.924438 
 gb_oc_ave =  186.160004 