 LEFT LENS SHADING DATA
 RED Channel
 {
 26.091354  28.470104  31.920002  37.789063  43.924740  49.314796  53.680878  56.436195  57.223495  56.093491  53.374641  48.964638  43.297764  37.315208  31.627449  28.454273  26.676769 
 28.185104  31.635937  37.897499  45.621563  52.970779  59.351875  64.476097  67.937653  68.962029  67.355782  63.827347  58.424843  51.922966  44.808125  37.341408  31.312187  28.140522 
 29.560574  35.805782  44.007030  52.962502  61.380157  69.035934  75.324844  79.701248  81.097969  78.957031  74.346878  67.587189  59.892967  51.801094  43.231407  35.214218  29.426926 
 31.698700  40.233906  49.740623  59.521248  69.183594  78.288750  86.084686  91.744377  93.388748  90.712341  84.819847  76.388283  67.305626  58.026253  48.540314  39.322498  31.644169 
 34.049892  43.796562  54.246094  64.890938  75.830627  86.378441  95.669220  101.885941  103.810783  100.835938  93.973434  84.139061  73.358437  63.028122  52.762497  42.737812  34.047813 
 35.817814  46.224064  57.220940  68.513748  80.407654  92.150002  102.148590  108.574684  110.424377  107.479065  100.402344  89.559219  77.744843  66.500313  55.632034  45.153908  35.574532 
 36.436405  47.033279  58.399841  70.042343  82.119377  94.268753  104.495628  110.789841  112.529694  109.971092  103.254059  92.077187  79.821564  68.194061  56.857658  45.940155  36.107864 
 36.011299  46.116093  57.209686  68.562813  80.201721  91.737030  101.886253  108.345001  110.097809  107.419685  100.628441  89.685936  77.778282  66.481094  55.682190  45.180782  35.647240 
 34.266510  43.730469  54.016563  64.785934  75.429062  85.943748  95.204689  101.501717  103.267815  100.421875  93.583908  83.972809  73.330627  63.141716  52.913910  42.972187  34.036354 
 31.836720  40.176094  49.579063  59.274529  68.700783  77.672028  85.477188  90.958282  92.414375  89.999687  84.232971  76.041878  66.957657  57.921562  48.582657  39.400936  31.748440 
 29.960575  35.980782  44.177189  52.781097  61.124687  68.579376  75.009216  79.417656  80.730156  78.586563  73.916092  67.272186  59.733124  51.740784  43.360313  35.370155  29.743282 
 29.010677  32.255470  38.187187  45.565624  52.773590  59.207497  64.540939  67.909843  68.954689  67.406563  63.622345  58.162346  51.736404  44.799061  37.428593  31.593594  28.582550 
 27.544010  29.688179  32.603020  38.018539  44.238388  49.467087  54.031357  56.883385  57.650101  56.576149  53.564217  49.148392  43.551197  37.499062  31.999222  29.113384  27.337967 
 } 
 GR Channel
 {
 49.851509  55.376091  61.424057  70.904221  80.321304  88.658226  94.891617  98.860832  100.314949  98.889114  95.120361  88.689583  80.336975  70.961197  61.820099  56.163544  52.329796 
 54.451096  60.870468  71.121559  83.321091  94.827347  104.610313  112.335159  117.376251  119.025162  116.926407  112.098907  104.338753  94.384064  83.331406  71.503441  61.515625  55.642296 
 57.250153  67.550781  80.677345  94.677185  108.023438  119.849686  129.471558  136.033432  138.193909  135.541092  128.971725  118.960007  107.287346  94.586716  80.965782  68.054375  57.873535 
 60.604530  74.360153  89.182030  104.546722  119.820618  134.374374  146.470001  154.945618  157.588120  154.212662  145.909225  133.200943  118.884216  104.272659  89.413437  74.621094  61.634216 
 64.173126  79.600624  95.727188  112.188599  129.585312  146.546875  161.110626  170.607498  173.654999  169.955307  160.286713  145.547501  128.480316  112.014526  95.781715  79.903122  65.383125 
 66.753700  83.242653  100.165627  117.572815  136.234222  155.223434  171.043442  180.967194  183.654694  179.902344  170.011414  153.727188  135.055161  117.169373  100.143280  83.599373  68.049789 
 67.861359  84.424690  101.859375  119.639374  138.601715  158.194061  174.390930  184.075775  186.705933  183.170319  174.068909  157.574844  138.323746  119.894379  101.937187  84.752968  68.968597 
 67.034691  83.063438  100.078438  117.499069  135.786713  154.443588  170.519226  180.585312  183.145935  179.597031  170.603439  154.217194  135.346725  117.302338  100.110313  83.567657  67.957451 
 64.466820  79.649529  95.582809  112.423599  129.313431  146.217346  160.941711  170.675934  173.593277  169.738907  159.998749  145.322189  128.622025  112.218445  96.177345  80.325470  65.674011 
 60.669586  74.182503  88.975937  104.224686  119.356247  133.759537  146.113434  154.464844  157.212662  153.876556  145.408752  133.104370  118.812347  104.381561  89.525780  74.822968  62.039848 
 57.569420  67.964218  81.057816  94.703438  108.118591  119.945007  129.924850  136.720779  138.869843  135.998276  129.027191  119.066406  107.368279  94.804535  81.305939  68.372345  58.892128 
 55.554947  61.951408  71.902496  83.608597  95.245003  105.355156  113.484375  118.576096  120.188278  117.932190  112.518280  104.399841  94.558441  83.528122  71.868126  62.211563  56.774483 
 52.118698  57.198692  62.562080  71.388382  81.152504  89.508286  96.518959  100.635887  101.971413  100.112602  95.953072  89.317558  80.752602  71.396461  62.530624  57.586143  53.805313 
 } 
 GB Channel
 {
 50.712654  55.942657  61.771355  71.026619  80.511879  88.713020  94.786766  98.835838  99.980415  98.218224  94.480148  88.221718  79.789948  70.469009  61.602760  56.005264  52.275261 
 55.260155  61.519531  71.675934  83.742653  95.094376  104.789688  112.219681  117.285004  118.651245  116.394058  111.545784  103.763596  93.947655  82.875465  71.117966  61.279221  55.588600 
 57.769684  68.219688  81.432030  95.409378  108.546875  120.190308  129.472351  136.025787  137.994370  134.976089  128.549377  118.561874  106.868126  94.223595  80.685783  67.794685  57.928848 
 61.169586  75.097504  90.107498  105.595154  120.717346  134.810776  146.623901  155.183441  157.687653  154.170471  145.678909  132.937653  118.780945  104.190628  89.213127  74.396721  61.510674 
 64.786194  80.501404  96.898438  113.507339  130.665787  147.362030  161.607025  171.128128  174.117188  170.175476  160.285156  145.442032  128.412338  111.979691  95.637657  79.697029  65.133492 
 67.260422  84.038750  101.253441  118.855774  137.418121  155.844055  171.362503  180.997818  183.903275  179.938904  169.868118  153.532028  135.018433  117.142975  100.020157  83.434845  67.838806 
 68.263390  85.036095  102.657028  120.747192  139.656723  158.631088  174.349380  183.872650  186.673599  182.872650  173.570618  157.117661  138.082962  119.671097  101.757034  84.457970  68.535263 
 67.349213  83.536095  100.778595  118.399689  136.704849  154.826248  170.480774  180.398911  182.914841  179.250153  170.016403  153.655624  134.951401  117.109375  99.848282  83.145309  67.597397 
 64.772652  80.079529  96.151093  112.920151  129.841095  146.397659  160.665619  170.305466  173.099838  169.126404  159.368744  144.673904  128.157181  111.932655  95.790314  79.987656  65.274948 
 60.978958  74.588127  89.427658  104.634377  119.618744  133.639526  145.588593  153.782028  156.437027  153.048599  144.506561  132.227341  118.174377  103.886566  89.075623  74.409065  61.737396 
 57.770943  68.195938  81.146721  94.806252  107.868591  119.398438  129.061722  135.631409  137.725159  134.845779  127.925476  118.052185  106.516251  94.201096  80.865936  68.008278  58.512245 
 55.964478  62.044060  71.821404  83.439842  94.753754  104.662811  112.444839  117.469223  119.055786  116.824844  111.392029  103.314842  93.649063  82.869690  71.294060  61.795937  56.586769 
 52.533646  57.375320  62.475365  71.127556  80.743340  88.665733  95.597549  99.828171  100.907654  99.260887  94.878487  88.456718  80.007401  70.523857  61.913231  57.045105  53.553017 
 } 
 B Channel
 {
 32.950523  36.770519  41.064167  47.587193  54.323700  60.021667  64.242760  66.890411  67.793129  66.660889  64.197136  59.763382  53.841980  47.149059  40.638851  36.738335  34.503334 
 35.989269  40.635937  48.001251  56.533440  64.377655  71.004997  75.905472  79.131248  80.164375  78.798592  75.563591  70.322342  63.592812  55.792816  47.392189  40.522499  37.017918 
 38.012867  45.478905  54.970314  64.703751  73.567184  81.275154  87.358597  91.362343  92.672188  91.005157  86.817810  80.250626  72.309532  63.631561  54.108597  45.177345  38.748386 
 40.716095  50.306717  61.108749  71.755470  81.716721  90.933907  98.634216  103.773750  105.442032  103.389061  97.968597  89.634842  80.139847  70.337814  60.068596  49.965469  41.531925 
 43.358799  54.041092  65.549065  77.109375  88.388748  98.993439  108.192810  114.138123  116.028442  113.592651  107.258904  97.543594  86.448906  75.587502  64.500938  53.717186  44.417187 
 44.990520  56.434685  68.324219  80.584373  92.664375  104.544060  114.414993  120.642975  122.342346  119.916870  113.463120  102.813438  90.727341  78.918282  67.375153  56.172188  46.034267 
 45.608593  57.085472  69.112190  81.470940  94.137032  106.272186  116.464844  122.559219  124.339996  122.002182  116.046249  105.195160  92.803596  80.798279  68.677345  57.079216  46.826511 
 45.045834  56.165001  67.973282  79.998123  92.161560  103.992813  114.091873  120.327820  121.979538  119.521713  113.576569  103.155312  90.992653  79.035156  67.400940  56.262344  46.178799 
 43.222656  53.720779  64.779373  76.299377  87.689842  98.538124  107.886093  113.859680  115.480469  112.791245  106.635155  97.146721  86.302345  75.607658  64.637032  53.910309  44.427399 
 40.444530  49.810158  60.072342  70.529373  80.760780  90.231873  97.962502  103.108597  104.561874  102.324066  96.958122  88.949066  79.717659  70.193436  59.982185  49.991722  41.828590 
 38.142033  45.235157  54.450470  63.842186  72.926407  80.953590  87.389374  91.439377  92.547813  90.639061  86.133904  79.691093  72.025467  63.496407  54.146408  45.412655  39.342033 
 36.467293  40.898125  47.784531  55.996872  63.960159  70.934845  76.321251  79.520782  80.381721  78.879219  75.259689  69.828438  63.143440  55.643593  47.440937  40.871876  37.797291 
 34.515629  37.889793  41.596821  47.801456  54.975365  60.775055  65.718750  68.408905  69.077339  68.038177  64.839684  60.143440  54.272186  47.575050  41.316353  37.974373  35.958542 
 } 


 White Balance Data with optical Center Data
 r_center_x =  640 r_center_y =  461 
 gr_center_x =  633 gr_center_y =  485 
 b_center_x =  645 b_center_y =  470 
 gb_center_x =  631 gb_center_y =  471 
 r/gr 0.603411 
 b/gr 0.665528 
 gb/gr 0.999834 
 r_oc_ave 113.071106 
 b_oc_ave 124.711105 
 gr_oc_ave 187.386673 
 gb_oc_ave 187.355560 

 [AWB]
 RGr =  0.603411 
 BGr =  0.665528 
 GbGr =  0.999834 
 r_oc_ave =  113.071106 
 b_oc_ave =  124.711105 
 gr_oc_ave =  187.386673 
 gb_oc_ave =  187.355560 