 LEFT LENS SHADING DATA
 RED Channel
 {
 39.962185  43.709690  48.931458  56.342812  63.030937  68.681770  73.655525  76.936714  77.926666  76.257866  72.717293  67.003906  60.051926  52.322807  44.900784  40.541664  38.165417 
 41.948856  45.765938  53.864372  63.820313  72.937187  80.958435  87.473434  91.549843  92.855003  90.753906  86.130623  79.209534  70.809219  61.807816  52.238907  44.336250  39.828331 
 43.063232  50.972809  61.999687  73.434532  84.174690  94.017342  102.297028  107.813904  109.367653  106.543747  100.480469  91.678123  81.536407  71.104065  60.077972  49.555466  41.686512 
 45.618435  56.919685  69.398750  82.251564  94.789528  106.919846  117.537338  124.893433  126.892807  123.153900  115.123596  103.984528  91.779221  79.502342  67.153435  55.019218  44.562344 
 48.850883  61.777344  75.460312  89.523903  104.104065  118.438904  131.468277  140.069534  142.588593  138.288437  128.572189  115.193588  100.465622  86.417030  72.805153  59.647186  47.642609 
 51.452194  65.217186  79.511406  94.595001  110.679535  126.894226  141.500931  150.592651  153.322189  149.093277  138.846878  123.586411  106.901566  91.515160  76.799843  63.005470  49.907349 
 52.522812  66.595314  81.347504  96.990311  113.802185  130.889526  145.869690  155.120163  157.894058  153.559692  143.631409  127.824371  110.687187  94.353279  78.815155  64.218597  50.981720 
 51.820831  65.712502  80.172966  95.416718  111.844063  128.406403  143.110153  152.518280  155.115158  150.868118  141.091095  125.643433  108.241875  92.398750  77.493591  63.357658  50.312454 
 49.863808  62.887344  76.650940  90.893127  105.870468  120.707657  134.161560  143.094223  145.724533  141.559219  131.542664  117.700317  102.676559  88.317970  74.182030  60.673126  48.443962 
 46.849171  58.248749  70.914841  83.850471  96.941719  109.652191  120.856720  128.429382  130.970932  127.178589  118.904846  107.269379  94.511253  81.763748  68.854218  56.368591  45.690472 
 44.051563  52.937813  63.924377  75.569847  86.983124  97.415939  106.476250  112.440781  114.253754  111.337029  104.758125  95.304688  84.728127  73.627968  62.024841  51.231094  43.183804 
 42.261612  47.650158  55.985001  66.114998  75.922966  84.679375  91.682030  96.267029  97.705154  95.624374  90.436874  82.997345  74.115784  64.444374  54.300316  46.345627  41.673542 
 39.844948  43.493698  48.110001  55.820839  64.033173  71.237701  77.030991  80.777657  81.819954  80.314796  76.358963  70.320045  62.771820  54.649788  46.860729  42.777710  39.405624 
 } 
 GR Channel
 {
 48.626823  53.781822  60.586983  69.979370  79.069328  86.343071  91.858490  95.404160  96.256721  94.514793  90.679008  84.436974  76.847809  68.028755  59.174576  53.504631  49.847549 
 52.862244  60.047028  70.219063  81.836876  92.018280  100.710785  107.477028  111.807503  113.169846  110.899376  106.166718  98.897812  89.754059  79.553749  68.493752  58.639847  52.807968 
 56.399216  67.204842  80.183441  93.103592  104.810471  115.325775  124.049530  129.865463  131.665466  128.778748  122.589066  113.318909  102.363747  90.589996  77.904221  65.249062  55.387817 
 60.561607  74.488907  88.790154  102.980156  116.657654  129.575623  140.975159  148.816254  151.337967  147.482025  139.296570  127.529846  114.047974  100.417191  86.294533  71.943283  59.159737 
 64.641876  80.270622  95.722809  111.088593  126.743744  142.257660  156.585785  165.908752  168.871719  164.697815  154.732498  140.257507  124.137970  108.523285  93.157654  77.627655  62.952034 
 67.841354  84.373436  100.556564  116.939377  134.114838  151.854691  167.946091  177.902039  180.975464  176.514847  166.157349  149.727188  131.450150  114.292343  97.696716  81.541565  65.773643 
 69.101875  85.871872  102.538284  119.645630  137.659531  156.368912  172.929214  183.071564  186.016098  181.686401  171.493591  154.741409  135.931091  117.775940  100.161560  83.183907  67.176193 
 68.353439  84.903435  101.328438  117.955307  135.726715  153.934845  170.261566  180.352966  183.217651  178.901093  168.996246  152.384537  133.169373  115.513443  98.708282  82.224373  66.561043 
 66.103806  81.573593  97.257500  113.003906  129.307037  145.699066  160.563751  170.382965  173.084534  169.127182  158.757187  143.855316  127.110931  111.135628  95.070000  79.196251  64.323334 
 62.099167  76.176247  90.698128  105.281876  119.616257  133.612030  145.972183  153.979538  156.744217  153.245789  144.786560  132.207657  118.066406  103.819847  88.942184  74.057816  60.867393 
 58.350464  69.594841  82.589066  95.867035  108.556564  119.985153  129.682816  136.247818  138.309998  135.367966  128.421249  118.551559  106.816093  94.250153  80.704216  67.545158  57.629532 
 55.469894  62.707809  72.949219  84.687035  95.748283  105.350311  113.041092  117.967651  119.575623  117.479691  111.944061  103.975937  94.180626  83.177345  71.086250  61.254059  55.074898 
 51.139061  56.733650  62.693596  71.925156  81.558067  89.626564  95.632133  99.724945  101.193542  99.487602  95.282402  88.756767  80.249786  70.752136  61.315414  56.226143  51.355316 
 } 
 GB Channel
 {
 48.775726  54.122398  61.250053  71.200058  80.674484  88.426247  94.251976  97.962868  99.218803  97.364372  93.145943  86.411194  78.228958  68.892288  59.623543  53.888695  50.272865 
 52.746979  60.102814  70.598595  82.694847  93.362816  102.503754  109.855316  114.437653  115.998596  113.708130  108.598434  100.826408  91.036873  80.351875  68.759377  58.663910  52.687035 
 55.847702  67.006874  80.295311  93.545158  105.847656  116.887192  126.094376  132.314682  134.220474  131.221405  124.696716  114.907501  103.419533  91.104218  77.908905  64.921875  54.832298 
 59.579636  73.883591  88.526253  103.175934  117.259064  130.814682  142.731567  151.018127  153.797501  149.774536  141.160156  128.796875  114.717194  100.575623  85.905937  71.269379  58.335205 
 63.483490  79.303284  95.045311  110.651253  126.770782  142.800629  157.553284  167.364838  170.719223  166.298904  155.902344  141.050308  124.301407  108.157814  92.345940  76.549065  61.782806 
 66.310577  83.039528  99.451874  116.099686  133.590149  151.591248  167.922653  178.482651  181.894684  177.539841  166.645309  149.745316  131.050308  113.410934  96.554222  80.131874  64.163956 
 67.499115  84.435158  101.163437  118.478912  136.626724  155.558441  172.329376  182.863281  186.114212  181.754837  171.443436  154.165161  135.073288  116.612656  98.731720  81.560936  65.458855 
 66.605888  83.279846  99.796562  116.610931  134.521408  152.906250  169.399216  179.983749  183.114380  178.705307  168.429840  151.703903  132.085785  114.156403  97.128593  80.564529  64.904320 
 64.596817  80.073280  95.865311  111.636406  128.097351  144.666718  159.710007  169.873276  172.945007  168.774689  158.363129  143.127975  125.986404  109.839066  93.553436  77.649689  62.737602 
 60.889427  74.837967  89.461876  104.091095  118.554382  132.698120  145.140472  153.618286  156.557663  153.090317  144.308899  131.546402  117.030945  102.519531  87.557030  72.623596  59.527962 
 57.319740  68.365784  81.496872  94.862190  107.743904  119.277191  129.268906  135.947662  138.106094  135.284058  128.128601  117.927185  106.012497  93.260155  79.549217  66.362503  56.622917 
 54.832344  61.939217  72.157501  84.043747  95.253441  105.120628  113.017029  118.120941  119.772812  117.504059  111.916092  103.722343  93.691559  82.469376  70.239372  60.334221  54.266930 
 50.817757  56.292763  62.322083  71.815414  81.612602  89.953545  96.314735  100.371346  101.751976  100.111977  95.452553  88.639633  80.081146  70.391869  60.754791  55.698174  50.827759 
 } 
 B Channel
 {
 15.281092  17.699844  20.832188  25.628334  30.850101  35.340107  38.244011  39.891716  40.125053  39.303593  37.374531  34.378441  30.696041  26.451302  22.096355  19.420418  18.462917 
 17.159428  21.996719  27.242188  32.862499  37.709686  41.764687  44.820469  46.536095  46.971092  45.912968  43.761406  40.403439  36.035625  31.219845  25.880936  21.333752  19.302914 
 19.613853  25.808437  32.096718  38.085312  43.499374  48.229065  51.921722  54.356247  54.874222  53.556564  50.812035  46.613438  41.568127  36.219688  30.188908  24.325157  20.553280 
 22.275883  29.168594  36.003750  42.571564  48.710312  54.292191  58.926872  62.077187  63.072189  61.297028  57.793907  52.518440  46.552189  40.400780  33.869686  27.363438  22.250938 
 24.442085  31.836250  39.086563  46.106407  52.980156  59.459846  65.240784  68.921722  70.098122  68.128128  63.888283  57.697189  50.624374  43.751564  36.755314  29.885780  23.935574 
 25.886826  33.548283  40.958908  48.425629  55.936409  63.158279  69.562035  73.454529  74.555000  72.747498  68.341248  61.258125  53.461716  46.007030  38.714375  31.521252  25.209579 
 26.480621  34.160625  41.726563  49.355003  57.075783  64.689842  71.229530  75.137970  76.278435  74.460159  70.229843  63.021248  54.984375  47.307655  39.611404  32.196720  25.819427 
 26.066978  33.607811  41.080467  48.511406  55.999535  63.358437  69.883125  73.937965  75.036720  73.190002  69.074844  62.077812  53.793434  46.349686  38.928749  31.632969  25.300262 
 24.910728  32.029064  39.204689  46.227032  53.049217  59.721565  65.716873  69.720314  70.826096  69.044846  64.760155  58.214066  51.220627  44.299217  37.204220  30.192032  24.088490 
 23.010521  29.345936  36.116875  42.584999  48.672501  54.426559  59.627029  62.998123  64.090622  62.467812  58.807968  53.384529  47.305000  41.075626  34.510155  27.818283  22.500576 
 21.163853  26.290939  32.304844  38.265781  43.732346  48.634842  52.908905  55.566559  56.373283  55.092346  51.988747  47.654221  42.567814  36.935623  30.864376  24.866875  20.836460 
 19.848591  23.056717  27.749531  33.131092  38.097187  42.444687  45.826717  47.952656  48.537659  47.511875  45.099220  41.531094  36.997345  32.034531  26.431095  21.910000  19.676666 
 18.128597  20.330261  22.960159  27.316303  31.717186  35.544270  38.311928  40.162865  40.656616  39.970627  37.736507  34.790051  30.962551  26.519741  22.014221  19.617916  17.852501 
 } 


 White Balance Data with optical Center Data
 r_center_x =  631 r_center_y =  504 
 gr_center_x =  643 gr_center_y =  514 
 b_center_x =  664 b_center_y =  506 
 gb_center_x =  631 gb_center_y =  515 
 r/gr 0.849077 
 b/gr 0.408918 
 gb/gr 1.000119 
 r_oc_ave 158.600006 
 b_oc_ave 76.382225 
 gr_oc_ave 186.791107 
 gb_oc_ave 186.813339 

 [AWB]
 RGr =  0.849077 
 BGr =  0.408918 
 GbGr =  1.000119 
 r_oc_ave =  158.600006 
 b_oc_ave =  76.382225 
 gr_oc_ave =  186.791107 
 gb_oc_ave =  186.813339 