 LEFT LENS SHADING DATA
 RED Channel
 {
 27.704220  30.257969  33.955467  40.006668  46.124481  51.439217  55.451981  57.924736  58.382767  57.085098  54.261040  49.900833  44.427448  38.465572  32.718700  29.187080  27.240417 
 29.327137  33.377342  39.989845  47.622501  54.911560  61.046097  65.839066  68.933281  69.710472  67.954689  64.370628  59.111252  52.610153  45.644531  38.176407  31.981251  28.485001 
 30.980415  37.744999  46.320625  55.152657  63.415314  70.707970  76.689529  80.635155  81.747810  79.471565  74.837341  68.192657  60.574684  52.567345  44.121876  35.966408  29.699532 
 33.505104  42.323437  52.060158  61.917191  71.335159  79.989059  87.515472  92.633591  93.988594  91.190155  85.330467  77.012657  67.942184  58.764999  49.325157  40.161720  31.911930 
 36.078491  46.033279  56.685783  67.387497  77.914841  87.896561  96.933441  102.750778  104.324371  101.222504  94.421875  84.745781  74.053284  63.761566  53.446251  43.530155  34.318699 
 37.830154  48.614532  59.766716  70.977028  82.575157  93.804062  103.595940  109.600471  111.110153  108.164215  100.878754  90.151718  78.304375  67.092033  56.284843  45.857811  35.834064 
 38.612083  49.711250  61.095779  72.619690  84.583748  96.307030  106.116562  112.191559  113.661087  110.691872  103.791878  92.760780  80.634064  69.021721  57.666092  46.701096  36.524216 
 38.219479  49.026566  60.059219  71.446716  83.038437  94.280472  103.752190  109.908279  111.361877  108.323593  101.505623  90.671562  78.789528  67.564377  56.711250  46.080936  36.153019 
 36.602085  46.619999  57.285934  68.102501  78.733284  88.868752  97.406097  103.314217  104.873436  101.851715  94.822189  85.348434  74.738129  64.532028  54.244377  44.083908  34.637447 
 34.167030  43.071407  53.042503  62.985001  72.316406  80.922813  88.269844  93.201721  94.495155  92.136566  86.152969  78.084846  68.964531  59.818283  50.266403  40.821720  32.534012 
 32.017815  38.935314  47.681564  56.714844  64.949532  72.207344  78.291092  82.220779  83.150154  81.167343  76.330002  69.800316  62.238907  53.942184  45.216408  36.912342  30.625885 
 31.019482  35.021561  41.505157  49.230316  56.647972  62.914688  67.892029  70.959534  71.819687  70.116409  66.337654  61.006874  54.404686  47.059219  39.422031  33.127029  29.527660 
 29.635315  32.084061  35.359116  41.219894  47.603172  52.874687  57.189323  59.740150  60.297188  59.373276  56.234116  51.683540  46.024273  39.655258  33.962654  30.466404  28.068493 
 } 
 GR Channel
 {
 52.276253  57.327919  63.457558  73.015724  82.713905  90.838074  96.954323  100.768745  101.835670  100.102081  95.960884  89.427605  81.046455  71.550003  62.381203  56.532707  53.205627 
 55.490417  62.583748  73.232346  85.130310  96.362030  105.988281  113.442032  118.336243  119.705475  117.437500  112.281097  104.345940  94.390625  83.317497  71.457657  61.423126  55.324371 
 58.385994  69.659531  83.053749  96.686096  109.503754  121.057037  130.196243  136.591400  138.633743  135.648285  128.902039  118.979691  107.165466  94.488594  81.084373  67.960472  57.564011 
 62.454849  76.679222  91.932190  107.053909  121.506409  135.206726  146.970627  155.081726  157.581100  153.961716  145.604691  133.107651  118.853287  104.380936  89.544998  74.752815  61.304062 
 66.487808  82.341560  98.645782  115.053436  131.398590  147.220306  161.483276  170.467819  173.292038  169.292969  159.806244  145.190781  128.383438  112.204224  96.103127  80.171875  65.077705 
 69.321564  86.126564  103.261566  120.295776  138.099686  155.829849  171.095474  180.468903  182.807190  179.225784  169.268127  153.352036  135.023743  117.529068  100.418594  83.822029  67.578072 
 70.367599  87.580940  104.906563  122.428909  140.659683  159.153442  174.430618  183.964539  186.348587  182.600159  173.432037  157.217026  138.637650  120.464996  102.606720  85.092033  68.558067 
 69.312233  86.334534  103.249374  120.492661  138.228912  155.746246  170.824371  180.470627  183.072662  179.205933  169.887650  153.852814  135.304688  117.695160  100.813438  83.980003  67.813751 
 66.994431  82.740471  98.954216  115.531250  131.862350  147.601257  161.417191  170.443436  173.263443  169.391251  159.628601  145.363129  128.882339  112.707184  96.678284  80.528282  65.315575 
 62.930573  77.109528  92.369064  107.722504  121.963913  135.374847  146.952194  154.760162  157.174850  154.104218  145.788589  133.676559  119.557343  105.329376  90.267654  75.272034  61.559326 
 59.497864  70.733910  84.363907  98.151718  110.792816  121.954224  131.254211  137.477188  139.322342  136.716095  130.008911  120.341568  108.685158  95.890625  82.114998  68.817345  58.525879 
 57.346146  64.400314  74.661720  86.632187  97.904999  107.478592  115.047180  119.865158  121.380463  119.211563  113.921875  106.062347  96.134529  84.788910  72.687187  62.594215  56.581512 
 54.145729  59.135727  64.589424  73.895943  83.784584  91.824226  98.450104  102.123695  103.240265  101.893227  97.559380  91.037964  82.415993  72.509529  63.349266  57.884010  53.830261 
 } 
 GB Channel
 {
 53.422142  58.282555  64.504631  74.121254  83.829376  92.230782  98.375992  102.275414  103.341873  101.195984  96.863434  90.140778  81.475883  71.868179  62.307236  56.612343  53.289848 
 56.337135  63.433594  74.232346  86.422501  97.830627  107.516403  114.942032  119.796249  121.153122  118.525787  113.024689  104.881409  94.691093  83.516716  71.482033  61.232971  55.128174 
 58.931252  70.339996  84.210938  98.021095  111.058441  122.567963  131.752502  137.988907  140.030945  136.791870  129.751877  119.543594  107.436874  94.470779  80.836090  67.559685  56.963860 
 62.693489  77.387032  92.908127  108.382187  123.002975  136.773743  148.475937  156.398743  158.767654  154.916870  146.263443  133.468750  118.941879  104.247498  89.093750  74.056564  60.495735 
 66.793022  82.935936  99.637032  116.266251  132.782501  148.515320  162.473129  171.623276  174.113434  169.859680  160.066406  145.194382  128.272812  111.796722  95.300156  79.237190  63.990517 
 69.521255  86.570000  104.104691  121.213593  139.162186  156.679840  171.766556  180.905777  183.306091  179.431564  169.092194  152.922501  134.447968  116.645630  99.461876  82.663284  66.379738 
 70.217339  87.867966  105.396873  123.074844  141.399063  159.517502  174.579056  183.771561  186.219849  182.268433  172.766251  156.319382  137.595474  119.344681  101.326874  83.710472  67.152763 
 69.232132  86.476097  103.560158  120.808899  138.531723  155.823593  170.552658  180.024063  182.522964  178.427185  168.862030  152.711090  134.081100  116.468277  99.342346  82.542969  66.326508 
 66.733803  82.667343  99.021248  115.699692  131.976089  147.423431  160.757965  169.777039  172.406097  168.398911  158.393906  143.998749  127.544220  111.517029  95.247498  79.131721  63.903175 
 62.817024  77.070160  92.453125  107.683746  121.807190  134.890472  146.052032  153.779068  155.877350  152.758591  144.215317  132.225632  118.176712  103.892815  88.878128  73.938904  60.339111 
 59.368858  70.587189  84.290314  97.868591  110.312187  121.263596  130.284531  136.341248  137.895004  135.250778  128.424683  118.679214  107.253441  94.487503  80.808128  67.579529  57.462654 
 57.366035  64.236877  74.439217  86.310158  97.477188  106.752342  114.157349  118.802505  120.200775  117.866882  112.478439  104.612816  94.650780  83.442184  71.495468  61.472656  55.477448 
 54.301048  58.964378  64.294846  73.487030  83.328438  91.330048  97.680054  101.400002  102.363075  100.868958  96.268852  89.688644  81.293907  71.251778  62.222343  56.876198  52.810783 
 } 
 B Channel
 {
 35.317497  38.964165  43.474323  50.453384  57.370682  63.367599  67.679848  70.381561  71.106827  69.736458  66.933273  62.366875  56.455566  49.762344  42.963650  38.623905  36.611408 
 37.027500  41.917500  49.559532  57.959846  65.836716  72.507187  77.651718  80.796562  81.594528  80.049377  76.655159  71.390625  64.652031  56.964218  48.567810  41.328281  37.485992 
 38.903595  46.820469  56.333595  65.918907  74.769684  82.556877  88.823128  92.859840  94.035469  92.141716  87.684372  81.242966  73.257347  64.559219  55.206879  45.832813  39.038227 
 41.638645  51.641563  62.433128  72.937187  82.803749  91.875153  99.649063  104.678284  106.279533  103.875313  98.467659  90.284065  80.932343  71.130470  60.883591  50.392342  41.673805 
 44.447556  55.446091  66.866875  78.161095  89.210472  99.505936  108.691406  114.496567  116.336243  113.762192  107.689690  98.022346  87.031250  76.167030  65.217972  54.164528  44.366405 
 46.299686  57.880936  69.850784  81.538124  93.350784  104.850311  114.595306  120.711090  122.319534  119.941254  113.422348  102.907028  90.876404  79.283905  67.904686  56.454529  45.982239 
 46.742085  58.901253  70.894844  82.832031  94.785782  106.610779  116.477966  122.477814  124.159378  121.746872  115.562653  104.789841  92.789375  81.082809  69.315002  57.340157  46.629536 
 46.167393  58.086563  69.906250  81.493591  93.182655  104.476097  113.964844  120.065155  121.572815  119.116562  113.152191  102.829689  90.916878  79.467186  68.118591  56.579376  46.217712 
 44.671040  55.763123  67.119377  78.337189  89.103752  99.179688  107.910622  113.479996  115.031876  112.566559  106.290779  97.238594  86.769531  76.396095  65.589691  54.387032  44.511406 
 42.004585  52.021248  62.725624  73.044846  82.563904  91.060783  98.273750  103.095154  104.455315  102.465935  97.287186  89.702187  80.764687  71.445778  61.316254  50.870781  41.964741 
 39.728752  47.568748  57.165939  66.588905  75.003281  82.137970  88.009689  91.806564  92.857033  91.243904  87.084846  80.958595  73.516716  65.039375  55.735466  46.416874  39.810627 
 38.358017  43.200939  50.379997  58.624374  66.246094  72.499062  77.408127  80.397186  81.247185  80.007500  76.706566  71.656403  65.055939  57.388123  49.033592  41.949062  38.135311 
 36.082184  39.496773  43.312504  49.626877  56.410889  62.067818  66.217293  68.858856  69.407188  68.641251  65.974060  61.579109  55.837608  48.933128  42.567554  38.564480  35.954479 
 } 


 White Balance Data with optical Center Data
 r_center_x =  614 r_center_y =  479 
 gr_center_x =  620 gr_center_y =  472 
 b_center_x =  623 b_center_y =  495 
 gb_center_x =  649 gb_center_y =  489 
 r/gr 0.609287 
 b/gr 0.665036 
 gb/gr 0.998575 
 r_oc_ave 114.004440 
 b_oc_ave 124.435562 
 gr_oc_ave 187.111115 
 gb_oc_ave 186.844452 

 [AWB]
 RGr =  0.609287 
 BGr =  0.665036 
 GbGr =  0.998575 
 r_oc_ave =  114.004440 
 b_oc_ave =  124.435562 
 gr_oc_ave =  187.111115 
 gb_oc_ave =  186.844452 