 LEFT LENS SHADING DATA
 RED Channel
 {
 26.461559  29.084480  32.647293  38.673176  44.795315  50.090256  54.241463  56.717293  57.539268  56.089996  53.242966  48.657600  43.405415  37.380417  31.615887  28.450729  26.600311 
 28.031979  31.970314  38.559376  46.196720  53.332809  59.662971  64.659378  67.850624  68.689690  66.912498  63.197342  57.829689  51.375000  44.346249  36.987343  30.899063  27.618649 
 29.563335  36.342499  44.931873  53.823441  62.043282  69.435310  75.752968  79.840935  80.821716  78.518906  73.896248  67.107498  59.504845  51.318436  42.753437  34.719688  28.707188 
 32.168545  41.046875  50.824066  60.639374  70.155312  78.973122  86.532967  91.833908  93.139374  90.423126  84.558594  76.184845  66.889999  57.582031  48.075157  38.731876  30.736042 
 34.798332  44.868752  55.496559  66.266563  77.013748  87.197655  96.059059  101.905624  103.571716  100.536095  93.793434  83.917503  73.226563  62.649689  52.214066  42.156250  32.940414 
 36.756145  47.469063  58.645309  70.138283  81.850937  93.022186  102.579216  108.737190  110.292503  107.437653  100.319061  89.471878  77.703751  66.130936  55.165939  44.694843  34.645470 
 37.559689  48.525940  60.013283  71.959846  83.966721  95.531097  105.256248  111.380783  112.925003  110.047340  103.256096  92.113594  79.897812  68.063438  56.511406  45.492657  35.490780 
 37.013645  47.967812  59.300934  70.774841  82.169533  93.430313  103.206718  109.357811  110.718437  107.703278  100.958595  90.087189  77.997498  66.529533  55.556252  44.982967  35.069012 
 35.471039  45.801876  56.482033  67.263435  77.897186  88.174377  97.098282  102.946564  104.383438  101.389221  94.536720  84.684685  73.969528  63.542503  53.193596  43.023281  33.735153 
 33.190052  42.197342  52.031876  62.075623  71.611877  80.332031  87.762497  92.781097  94.087502  91.521561  85.573441  77.184998  68.009529  58.739998  49.196564  39.780781  31.670155 
 31.104061  37.954063  46.782345  56.014847  64.418747  71.636871  77.693909  81.669685  82.657028  80.433746  75.552658  68.819687  61.140472  52.870316  44.193127  35.998436  29.766354 
 29.758175  33.987968  40.726250  48.706406  56.042969  62.290939  67.299843  70.269684  71.051094  69.322968  65.567970  60.001717  53.449066  46.156250  38.528282  32.285000  28.830414 
 28.274010  31.027760  34.734997  40.511200  46.916931  52.048439  56.387131  58.877602  59.496719  58.244011  55.160675  50.721100  44.904064  38.571667  32.908489  29.571667  27.319164 
 } 
 GR Channel
 {
 51.867920  56.532082  62.366722  71.656609  81.025887  89.249947  95.689583  99.394379  100.892509  99.051666  94.594582  87.781975  79.773643  70.479843  61.527336  56.165108  53.249275 
 54.777077  61.376251  71.694847  83.490158  94.602341  104.410156  112.046249  117.236877  118.679993  116.036255  110.466248  102.391563  92.556564  81.592972  70.027969  60.317184  54.872604 
 57.542923  68.323753  81.652031  95.428436  108.285004  119.909378  129.607651  136.138748  137.843903  134.594376  127.663132  117.373123  105.463905  92.765938  79.347969  66.607811  56.821983 
 61.607292  75.518127  90.708748  105.830002  120.700150  134.771713  146.769058  154.570786  156.948914  153.303131  144.648743  131.807968  117.368912  102.673904  87.736717  72.985001  60.034164 
 65.702026  81.473907  97.726410  114.311249  131.125626  147.263443  161.080780  170.217026  172.955307  168.901871  159.182663  144.304535  127.214996  110.624222  94.253906  78.369843  63.586304 
 68.698074  85.500778  102.495628  119.954529  138.342346  156.054840  171.083588  180.552811  182.998596  179.210785  169.275787  152.895004  134.348434  116.163132  98.737816  82.349533  66.472649 
 69.925568  86.935783  104.377190  122.599060  141.154373  159.520935  174.720932  184.175934  186.762192  183.054840  173.805313  157.043900  137.878601  119.183289  101.065315  83.648285  67.530151 
 68.861610  85.851410  103.084061  120.542969  138.597961  156.509216  171.708755  181.192657  183.804382  179.835312  170.533752  153.867966  134.856720  116.742035  99.294220  82.665779  66.758911 
 66.416351  82.558441  98.871719  115.523743  132.335159  148.570786  162.542664  171.765930  174.395782  170.301559  160.337494  145.266403  128.352188  111.738129  95.468285  79.527969  64.500259 
 62.824532  77.037659  92.244530  107.577034  122.443588  136.408127  148.249527  156.138596  158.434845  154.957504  146.232193  133.503281  118.780319  104.133278  89.153595  74.311249  61.252502 
 59.355370  70.537659  84.091248  98.206718  111.370941  122.772186  132.413757  138.543121  140.394836  137.466248  130.138275  119.793747  107.772034  94.757034  81.207809  68.216095  58.175880 
 56.966042  64.286873  74.784843  86.946404  98.385468  108.015472  115.799683  120.654526  121.977966  119.550629  113.935623  105.619064  95.521873  84.152809  72.171410  62.217972  56.506508 
 53.901039  59.087708  64.910461  74.086197  83.863182  91.887337  98.547607  102.467239  103.272346  101.810211  97.195625  90.504066  81.654785  71.960732  63.026611  57.586510  53.679008 
 } 
 GB Channel
 {
 52.826874  57.143951  63.137650  72.531670  81.984367  90.436874  96.789787  100.866402  102.048073  100.028435  95.446869  88.402924  80.218651  70.816460  61.641045  56.351204  53.514114 
 55.314377  62.026878  72.384529  84.496246  95.688126  105.615623  113.338120  118.452026  119.913284  117.058441  111.433128  103.056252  92.977814  81.875626  70.180626  60.367653  54.957443 
 57.775887  68.773590  82.326096  96.418907  109.433128  121.037659  130.755463  137.290161  138.901871  135.547180  128.338913  117.989212  105.932816  92.902344  79.331093  66.358124  56.473122 
 61.620575  75.888283  91.352814  106.778748  121.798599  135.891098  147.765778  155.630005  157.985779  154.020004  145.272034  132.317505  117.662506  102.701561  87.522972  72.589996  59.520416 
 65.482498  81.678749  98.135468  114.975006  131.929535  148.164536  161.829529  170.877182  173.675308  169.504532  159.658279  144.456406  127.420471  110.489685  93.821091  77.721878  62.886459 
 68.244690  85.335938  102.613907  120.388748  138.741257  156.336716  171.146088  180.582657  183.157806  179.109680  169.006714  152.584534  133.950943  115.495468  98.030312  81.370003  65.525002 
 69.357292  86.556877  104.327660  122.629059  141.089539  159.294525  174.262817  183.632339  186.235626  182.420944  173.136246  156.285629  137.096100  118.326401  100.020782  82.562813  66.383644 
 68.221878  85.339378  102.789215  120.350937  138.305939  155.912964  171.014221  180.348587  183.029068  178.897186  169.459061  152.818436  133.825623  115.667969  98.221878  81.497810  65.569061 
 65.797142  82.027344  98.547028  115.092194  131.794998  147.799377  161.559692  170.688126  173.302032  169.204681  159.148132  144.080307  127.201248  110.613281  94.282028  78.310158  63.469948 
 62.259689  76.579689  91.737190  107.199219  121.791245  135.479691  147.097351  154.927032  157.017807  153.527496  144.748749  132.031723  117.583435  102.894684  87.904846  73.122658  60.156616 
 58.835365  70.100159  83.704689  97.670158  110.602501  121.757813  131.100311  137.207336  138.913132  135.811096  128.588913  118.281723  106.394997  93.623909  80.044373  67.036247  57.260422 
 56.746674  63.775002  74.213440  86.280159  97.621719  107.053749  114.682190  119.325150  120.580307  118.038132  112.569061  104.154846  94.200310  82.926094  71.122658  61.251251  55.751671 
 53.760834  58.606667  64.516777  73.666199  83.225670  91.284164  97.705513  101.497032  102.519066  100.783546  96.124481  89.211723  80.537811  70.932556  61.933273  56.665001  52.862915 
 } 
 B Channel
 {
 34.796303  38.472553  43.145988  50.287560  57.377136  63.303070  68.080521  70.684898  71.592819  70.317657  67.316246  62.550728  56.738487  49.829063  42.989742  39.058853  37.345104 
 36.344635  41.243595  48.883278  57.554840  65.489845  72.429535  77.715935  81.036560  81.891563  80.369530  76.951248  71.442810  64.530785  56.646561  48.270782  41.119686  37.883438 
 38.269268  46.017189  55.789215  65.616249  74.671722  82.535469  88.977188  93.152191  94.411873  92.532188  88.097969  81.270935  73.197189  64.274376  54.692657  45.448906  39.009945 
 41.003437  51.170937  62.111565  72.820625  82.994064  92.418121  100.284691  105.628906  107.221092  104.797653  99.320938  90.908752  81.235626  71.152496  60.645622  50.019218  41.496098 
 43.844425  55.169220  66.791252  78.404221  89.651253  100.454063  109.721878  115.750153  117.601715  115.026245  108.683441  98.778435  87.652657  76.495155  65.139847  53.784218  43.926094 
 45.693127  57.679375  69.814529  81.893593  94.074066  105.925629  115.831879  122.057663  123.759995  121.405319  114.767654  104.142815  91.948906  79.856560  67.965935  56.369690  45.885517 
 46.409534  58.617653  70.908279  83.309532  95.792343  107.864059  117.830002  124.041245  125.857971  123.489380  117.361404  106.331879  93.873596  81.680313  69.342499  57.072502  46.585827 
 45.895470  57.971092  70.176094  82.258278  94.132187  105.786247  115.815628  121.934998  123.527496  121.054535  115.186249  104.393440  92.003441  79.898903  68.106873  56.301407  45.983280 
 44.122810  55.690315  67.485626  79.087967  90.115311  100.708908  109.867653  115.807816  117.389526  114.934219  108.496246  98.626877  87.618126  76.574844  65.349846  54.045471  44.304844 
 41.521564  52.017815  63.024216  73.708435  83.627029  92.827812  100.388435  105.259216  106.665466  104.549065  98.939690  90.730003  81.185783  71.352188  60.962189  50.388908  41.773281 
 39.266979  47.620312  57.340469  67.268593  76.333435  83.773750  89.755783  93.668121  94.665314  92.722343  88.135941  81.593285  73.580002  64.792191  55.275002  45.962502  39.583748 
 37.869686  43.032188  50.668594  59.442184  67.428596  73.954842  78.863129  81.780624  82.430939  80.900467  77.392815  71.893440  65.082809  57.247345  48.768593  41.698750  38.258751 
 35.506771  39.353020  43.825054  50.351357  57.199219  62.830887  67.089790  69.639793  70.262604  69.227760  66.289902  61.683022  55.605728  48.649635  42.172970  38.272083  36.182083 
 } 


 White Balance Data with optical Center Data
 r_center_x =  642 r_center_y =  490 
 gr_center_x =  625 gr_center_y =  486 
 b_center_x =  628 b_center_y =  481 
 gb_center_x =  644 gb_center_y =  499 
 r/gr 0.603157 
 b/gr 0.673737 
 gb/gr 0.996398 
 r_oc_ave 113.106674 
 b_oc_ave 126.342224 
 gr_oc_ave 187.524445 
 gb_oc_ave 186.848892 

 [AWB]
 RGr =  0.603157 
 BGr =  0.673737 
 GbGr =  0.996398 
 r_oc_ave =  113.106674 
 b_oc_ave =  126.342224 
 gr_oc_ave =  187.524445 
 gb_oc_ave =  186.848892 