 LEFT LENS SHADING DATA
 RED Channel
 {
 27.976665  30.359585  34.185055  40.247654  46.612026  52.168861  56.500107  59.052917  59.747192  58.361671  55.344688  50.879372  45.250729  39.103279  33.363907  29.837395  27.949482 
 29.490002  33.485001  40.171093  48.002029  55.432655  62.007187  67.153435  70.446251  71.203438  69.419998  65.709686  60.135628  53.565315  46.386406  38.880783  32.531563  29.021145 
 30.930313  37.676563  46.417343  55.440941  64.064377  71.764061  78.148285  82.323906  83.447189  81.200935  76.450623  69.459846  61.625313  53.470001  44.819374  36.555782  30.253906 
 33.234375  42.138126  52.107346  62.082809  72.014374  81.089996  88.857185  94.091408  95.692810  92.896248  86.863434  78.463280  69.121094  59.747971  50.124687  40.652031  32.428490 
 35.622135  45.911095  56.646408  67.677498  78.634842  89.096878  98.191719  104.165314  105.908279  102.880157  95.912811  86.165001  75.324684  64.807343  54.340935  43.974064  34.718231 
 37.408855  48.293434  59.539215  71.290939  83.219688  94.728592  104.470779  110.628441  112.306412  109.327499  102.241409  91.543121  79.666252  68.291565  57.147034  46.322033  36.248489 
 37.955990  49.045784  60.712814  72.798126  84.918594  96.760780  106.658127  112.821716  114.560944  111.771095  105.067970  94.092499  81.933746  70.112190  58.421410  47.109688  36.923023 
 37.152447  48.136406  59.592186  71.311874  82.959999  94.447189  104.163437  110.337502  112.047501  109.109688  102.547188  91.794060  79.903282  68.468750  57.324997  46.444530  36.312241 
 35.552029  45.712658  56.655785  67.643127  78.349686  88.612030  97.614372  103.419846  105.214066  102.097656  95.600471  86.183746  75.570465  65.294220  54.568596  44.264217  34.894009 
 33.167290  42.119373  52.034218  62.100471  71.664215  80.573280  88.052658  93.143906  94.663437  92.208908  86.541718  78.381721  69.379372  60.175629  50.414841  40.775780  32.718906 
 31.549793  37.865623  46.509842  55.524529  64.005623  71.515625  77.792030  81.757813  83.017189  81.094528  76.426247  69.835938  62.083595  53.938904  45.055000  36.791405  30.623283 
 30.440418  33.981251  40.167187  47.865002  55.345940  61.875938  66.951096  70.140938  71.152809  69.679222  66.019844  60.591721  54.020782  46.747971  39.051720  32.969219  29.767345 
 28.577915  31.061249  34.116772  39.797501  45.964684  51.528435  55.940468  58.505936  59.376144  58.354004  55.311295  50.967339  45.246822  38.890259  33.354427  30.345680  28.125259 
 } 
 GR Channel
 {
 52.425003  57.576248  63.883125  73.266563  82.706718  91.013176  97.411507  101.485466  102.637703  100.484795  96.205254  89.468697  80.984581  71.725311  62.668861  57.155785  53.925369 
 55.860413  62.635002  73.268127  85.306564  96.587341  106.369217  114.105469  118.967346  120.273132  117.790619  112.494217  104.150154  94.132500  83.286560  71.693436  61.763908  55.934532 
 58.619637  69.432343  82.997185  96.707657  109.848282  121.517975  131.095001  137.364380  139.144684  136.084534  129.195160  118.894531  106.785004  94.232033  80.958282  68.117500  57.953339 
 62.280518  76.347191  91.683907  106.942184  122.007034  135.838913  147.714539  155.432663  157.920151  154.173279  145.682037  133.063599  118.641251  104.140472  89.312347  74.615784  61.268494 
 66.052444  81.992653  98.341560  115.126877  131.961090  147.972504  161.784378  170.577347  173.218750  169.327026  159.769836  145.104370  128.232498  111.882660  95.886253  79.844215  64.988594 
 68.980263  85.847969  102.926559  120.653900  138.745468  156.448914  171.247498  180.234375  182.826401  178.912964  169.056870  153.211868  135.067505  117.384537  100.261719  83.489845  67.424225 
 69.906456  86.871872  104.600937  122.921570  141.196716  159.506256  174.573914  183.735474  185.950317  182.265778  173.325623  157.126404  138.754379  120.349686  102.377342  84.797653  68.569115 
 68.560463  85.624847  103.013283  120.659225  138.546875  156.177185  170.948593  180.172348  182.722809  178.817505  169.791565  153.985779  135.566406  117.791718  100.442657  83.541092  67.618385 
 66.049271  81.970940  98.696404  115.486252  131.905624  147.895157  161.661560  170.459839  173.309845  168.980469  159.662811  145.547653  128.890472  112.711563  96.294373  80.199844  65.217552 
 62.429733  76.354530  91.678284  107.169998  121.778900  135.544998  147.070313  154.824844  157.337967  153.987183  145.854691  133.546722  119.302185  104.747810  89.744377  74.793907  61.720360 
 59.502289  70.056877  83.345314  97.242340  110.129059  121.757187  131.295944  137.426254  139.352661  136.589996  129.976563  120.029221  107.991409  95.165939  81.411247  68.391090  58.628387 
 57.286560  63.795311  73.590469  85.489685  96.841095  106.719841  114.695938  119.481567  121.076248  118.862503  113.475311  105.438438  95.369690  84.018906  72.082184  62.414528  56.860992 
 53.432396  58.685318  63.871925  72.516357  82.141716  90.622131  97.034264  100.989899  102.390831  100.842087  96.471153  89.925522  81.150520  71.445786  62.754272  57.895157  54.019325 
 } 
 GB Channel
 {
 53.420624  58.314796  64.653648  74.220367  83.834740  92.454529  98.883125  102.928490  103.825569  101.507187  97.120049  90.190056  81.479530  71.876984  62.887962  57.210892  54.227966 
 56.728127  63.410622  74.207809  86.445160  97.839531  107.785156  115.553131  120.424530  121.604538  118.850937  113.224838  104.777344  94.582657  83.406563  71.608597  61.626091  55.890465 
 58.958595  70.066719  83.893753  97.914528  111.182655  122.927185  132.404221  138.685944  140.389847  137.013596  129.984070  119.397812  107.189217  94.367966  80.845467  67.817970  57.634010 
 62.523079  76.845779  92.500626  107.991875  123.251251  137.156097  148.899841  156.752350  159.077026  155.183121  146.225632  133.458130  118.800934  104.110313  89.050934  74.097343  60.792137 
 66.285416  82.455002  99.179222  116.195313  133.186096  149.178436  162.926254  171.710938  174.350159  170.074371  160.184692  145.299225  128.259995  111.674217  95.417030  79.225311  64.127815 
 68.751457  86.061874  103.479530  121.557190  139.706406  157.365463  171.989838  180.949219  183.480942  179.334213  169.169998  153.090149  134.762192  116.958908  99.616249  82.634529  66.513489 
 69.544006  86.957970  105.009377  123.563751  141.903595  160.084381  174.820465  183.919220  186.135468  182.218124  172.979996  156.627502  138.092972  119.636566  101.498283  83.744064  67.346146 
 68.239891  85.586563  103.224060  121.144379  138.985779  156.412033  171.071564  180.238754  182.542038  178.354370  169.198441  153.226257  134.833282  116.959381  99.457970  82.489059  66.459061 
 65.767235  81.933281  98.793434  115.613754  131.974686  147.812347  161.247971  169.967499  172.735779  168.199524  158.610153  144.635941  127.903275  111.752968  95.206566  79.178123  64.071869 
 62.249634  76.314842  91.652191  107.073441  121.536713  135.059998  146.421097  154.075943  156.329681  152.851868  144.619370  132.391724  118.105469  103.602654  88.670471  73.756096  60.839630 
 59.432503  69.779999  83.081566  96.819687  109.663437  121.016556  130.341873  136.402969  138.282974  135.280624  128.688278  118.726563  106.807190  94.112816  80.414215  67.502655  57.728699 
 57.466354  63.569687  73.308128  85.022499  96.247498  106.056252  113.649368  118.554840  119.993591  117.719528  112.213120  104.150780  94.178596  82.969376  71.096405  61.529533  56.196404 
 53.792610  58.425941  63.557709  72.232086  81.807503  90.124580  96.528542  100.345467  101.650475  100.093910  95.619797  88.992661  80.253387  70.673119  61.967445  57.201408  53.275162 
 } 
 B Channel
 {
 34.783386  38.519634  43.296406  50.400261  57.558327  63.568176  67.880112  70.370262  71.203903  69.579849  66.781822  62.003906  55.889793  49.098541  42.517967  38.257915  36.680416 
 36.760883  41.762344  49.572029  58.306717  66.408752  73.195465  78.248436  81.330467  82.074532  80.267967  76.658279  71.080780  64.210625  56.643127  48.378593  41.178749  37.662914 
 38.692139  46.631092  56.595467  66.423752  75.518906  83.236717  89.465309  93.336716  94.394844  92.126877  87.618439  80.777496  72.827812  64.249687  54.962814  45.716564  39.196976 
 41.359585  51.537498  62.613434  73.375626  83.533905  92.603752  100.280312  105.206718  106.560471  103.852501  98.164841  89.951248  80.585159  70.910622  60.697502  50.286720  41.501507 
 44.003857  55.489685  67.284531  78.799217  89.841248  100.250938  109.230782  114.761719  116.291412  113.420944  107.035309  97.597969  86.759064  75.926559  65.040314  53.865471  44.066929 
 45.784634  58.012344  70.159691  82.186409  93.956566  105.390778  114.809372  120.592972  122.025314  119.384064  112.883438  102.625778  90.825310  79.240623  67.767815  56.168282  45.761410 
 46.319061  58.730316  71.182816  83.318436  95.124062  106.888748  116.322662  122.078125  123.600311  120.987976  115.209213  104.835159  92.973747  81.080627  69.111565  56.900467  46.363174 
 45.729015  57.915466  70.023438  81.884064  93.341408  104.475311  113.645004  119.389374  120.916092  118.606873  113.142502  103.036407  91.151253  79.527496  67.850784  56.101410  45.664112 
 44.011402  55.458282  67.069374  78.292816  88.840309  98.739845  107.213127  112.749069  114.556717  111.942970  106.228752  97.329376  86.735626  76.231873  65.106720  53.859528  44.028904 
 41.565624  51.441872  62.114059  72.508278  81.955627  90.404686  97.567184  102.505936  104.027344  102.227654  97.214066  89.384377  80.401093  70.830780  60.554688  50.035156  41.462864 
 39.537762  46.796719  56.229065  65.646248  74.105934  81.317184  87.357811  91.318123  92.569374  91.038750  86.910469  80.568909  72.821564  64.289528  54.705627  45.471561  38.966560 
 37.703438  42.277187  49.177498  57.323906  65.019066  71.528748  76.615158  79.821404  80.900940  79.621559  76.222656  70.894218  64.167343  56.372032  47.915001  40.976875  37.519375 
 34.806770  38.405518  41.903332  48.181198  54.877808  60.631660  65.154526  67.916618  68.862602  67.866982  64.976196  60.405670  54.372971  47.453495  41.160835  37.632710  35.181877 
 } 


 White Balance Data with optical Center Data
 r_center_x =  635 r_center_y =  488 
 gr_center_x =  616 gr_center_y =  484 
 b_center_x =  630 b_center_y =  503 
 gb_center_x =  631 gb_center_y =  484 
 r/gr 0.617240 
 b/gr 0.664731 
 gb/gr 0.999857 
 r_oc_ave 115.240005 
 b_oc_ave 124.106674 
 gr_oc_ave 186.702225 
 gb_oc_ave 186.675552 

 [AWB]
 RGr =  0.617240 
 BGr =  0.664731 
 GbGr =  0.999857 
 r_oc_ave =  115.240005 
 b_oc_ave =  124.106674 
 gr_oc_ave =  186.702225 
 gb_oc_ave =  186.675552 