 LEFT LENS SHADING DATA
 RED Channel
 {
 27.618332  29.716248  33.154476  38.899738  45.082863  50.550575  54.559319  57.186775  57.877968  56.550835  53.876671  49.420784  43.875626  37.917030  32.228748  28.800156  26.889740 
 29.310413  32.845001  39.217812  46.812031  54.202660  60.542030  65.590782  68.850937  69.801094  68.062500  64.532501  58.958908  52.440628  45.322655  37.935001  31.728283  28.403488 
 30.780571  37.119530  45.579063  54.372185  62.779060  70.282967  76.620316  80.901878  82.108749  79.974373  75.224220  68.404533  60.423752  52.320938  43.853439  35.741875  29.733959 
 33.257446  41.628906  51.313591  61.169998  70.801247  79.711716  87.620941  93.018280  94.595314  91.870941  85.796875  77.220154  67.999374  58.564217  49.053123  39.823124  31.924377 
 35.695362  45.363907  55.831093  66.737968  77.583282  87.914688  97.198441  103.484375  105.263748  101.964066  95.075623  85.127815  74.156563  63.551872  53.205627  43.183281  34.114323 
 37.010941  47.848438  58.864059  70.429375  82.281876  93.884064  103.939842  110.380623  112.113434  108.985466  101.656403  90.680000  78.635002  67.078125  56.078125  45.528282  35.658073 
 37.024532  48.598907  60.035309  71.929062  84.090309  96.160469  106.117035  112.526413  114.350632  111.354843  104.647972  93.361092  80.928749  68.889534  57.397659  46.382343  36.361717 
 36.240940  47.562187  58.899529  70.444847  82.148438  93.754059  103.675781  110.094215  111.889847  108.933746  102.231094  91.148590  79.015312  67.451248  56.376091  45.631405  35.906616 
 34.988541  44.958126  55.807968  66.900154  77.757500  88.019066  97.215309  103.292503  105.046722  101.894684  95.122658  85.538284  74.719063  64.279999  53.687035  43.632656  34.377449 
 32.980518  41.227188  51.036873  61.341560  71.051720  79.867500  87.573906  92.937965  94.383125  91.844376  85.995628  77.777496  68.648125  59.352028  49.604530  40.223438  32.224274 
 31.359375  37.219376  45.572189  54.741096  63.441406  70.997498  77.195000  81.362343  82.631409  80.720627  75.882813  69.219063  61.438591  53.258591  44.388748  36.238907  30.302448 
 30.416302  33.666092  39.498749  47.214062  54.835785  61.474220  66.620468  69.913750  70.919373  69.321404  65.528435  60.099220  53.433907  46.196251  38.618595  32.459999  29.241249 
 28.585468  31.019638  33.951248  39.373230  45.852650  51.494423  55.860680  58.552917  59.181877  58.254112  55.253860  50.592758  44.890362  38.673332  33.000465  29.986668  27.879169 
 } 
 GR Channel
 {
 52.518074  56.723488  62.523132  71.690781  81.513596  89.631821  95.833229  99.709221  100.988182  99.151146  95.455414  88.806305  80.555313  71.288849  62.134476  56.556511  53.117348 
 56.100990  62.490784  72.691872  84.550156  95.849220  105.564529  113.104065  118.131088  119.730469  117.491562  112.412506  104.377342  94.522812  83.555939  71.862816  61.805466  56.026932 
 58.959641  69.469841  82.767189  96.399063  109.220001  120.709381  130.264526  136.671097  138.615631  135.840775  129.200150  119.221100  107.257965  94.665466  81.398903  68.442970  58.374008 
 62.962921  76.532501  91.699844  106.737343  121.360474  135.070938  147.136414  155.014999  157.679993  153.998901  145.576401  133.065628  118.936249  104.588440  89.752342  75.158592  62.077141 
 66.740417  82.339996  98.491409  115.067810  131.450623  147.473907  161.445618  170.688751  173.407974  169.326874  159.628128  145.288910  128.603287  112.391876  96.444534  80.606094  65.737968 
 68.780365  86.075157  102.959061  120.411560  138.488129  156.078430  171.111877  180.604538  183.292191  179.397964  169.464539  153.431244  135.210938  117.402039  100.569374  83.970154  68.114113 
 68.832336  87.176720  104.855316  122.746872  141.032974  159.417664  174.435776  183.852493  186.809845  182.928131  173.645462  157.092026  138.599060  120.447662  102.730934  85.452187  69.143440 
 67.715004  85.517502  103.126717  120.650162  138.407349  156.161087  171.186874  180.537964  183.133591  179.185776  170.056091  153.989532  135.805161  118.138596  101.038910  84.223282  68.470993 
 65.699745  81.629532  98.516716  115.549683  132.084213  147.919525  161.993118  170.707809  173.178757  168.903595  159.693756  145.721725  129.257034  113.072495  96.849373  80.978127  66.127289 
 62.122551  75.823593  91.238434  107.123283  122.066254  135.718597  147.211243  155.130936  157.377502  154.046875  146.090317  133.929214  119.830307  105.462814  90.448441  75.519531  62.457237 
 59.394844  69.599220  83.054062  97.285622  110.697029  122.324219  131.649841  137.808899  139.839844  137.113586  130.315308  120.483902  108.766403  96.022186  82.112816  68.992966  59.110268 
 57.297966  63.543594  73.387810  85.618439  97.517654  107.713127  115.327820  120.257965  121.883743  119.710632  114.251099  106.116409  96.035782  84.700310  72.627655  62.662186  57.062187 
 53.396309  58.926720  63.809898  72.736763  82.779121  91.615623  98.442810  102.419014  103.662086  102.130211  97.663795  90.800362  82.130989  72.305313  63.311195  58.066353  54.319267 
 } 
 GB Channel
 {
 53.209328  57.326401  63.189529  72.449013  82.416405  90.810623  97.150734  100.982079  102.213127  100.478340  96.417290  89.534164  81.052498  71.561302  62.482086  56.740105  53.378441 
 56.690567  63.039528  73.355156  85.416718  96.893280  106.656876  114.309067  119.389999  121.016876  118.673752  113.374374  105.147499  95.063751  83.983597  72.093750  61.969688  56.332184 
 59.304527  69.923904  83.356407  97.187187  110.209373  121.819061  131.373749  137.876404  140.014374  137.035629  130.157181  119.961243  107.795311  95.085159  81.562653  68.457809  58.440727 
 63.303276  76.957657  92.354843  107.590157  122.376877  136.291092  148.180466  156.251877  158.814682  155.155624  146.611557  133.806091  119.508438  104.855316  89.849533  74.985153  61.887863 
 66.910004  82.711250  99.115311  115.855469  132.343445  148.222809  162.208588  171.689682  174.501724  170.350784  160.424530  145.824524  129.093277  112.658127  96.397034  80.247658  65.354111 
 68.660309  86.291565  103.429062  120.975784  139.079224  156.602493  171.577194  181.059067  183.841873  179.876724  169.790939  153.755463  135.304993  117.403122  100.257813  83.562500  67.565422 
 68.669739  87.135780  104.957031  122.987030  141.292969  159.489838  174.374222  183.677032  186.762192  182.808594  173.531097  156.996399  138.434372  120.126251  102.282967  84.843750  68.562500 
 67.156822  85.404533  103.148903  120.698441  138.337341  155.952026  170.794693  180.151413  182.732346  178.906876  169.634842  153.658905  135.380310  117.819214  100.481873  83.538750  67.696671 
 65.114326  81.317032  98.275780  115.424057  131.821243  147.602188  161.357193  170.093277  172.716721  168.414215  159.092819  145.113907  128.701569  112.462967  96.137344  80.249535  65.173065 
 61.704842  75.451721  91.017654  106.881721  121.677032  135.105621  146.480942  154.230164  156.516556  153.252975  145.235001  133.070465  119.039063  104.738594  89.840935  74.742653  61.793701 
 59.045212  69.308128  82.659378  96.874222  110.156250  121.541412  130.747650  136.766098  138.922974  136.222504  129.374069  119.681870  107.879684  95.315468  81.454842  68.310936  58.592186 
 57.253540  63.195625  73.015472  85.119217  96.849060  106.870628  114.436569  119.485779  121.147659  118.804688  113.313126  105.183128  95.262970  84.005936  71.956093  62.120781  56.646408 
 53.452286  58.487709  63.436096  72.299423  82.402397  91.101036  97.814896  101.734741  102.954948  101.511353  97.108543  90.147705  81.453590  71.622185  62.588806  57.533493  53.952240 
 } 
 B Channel
 {
 34.605885  37.295052  41.209637  47.926304  54.803909  60.534637  64.975212  67.523697  68.185516  67.326401  64.693596  60.129692  54.404373  47.917709  41.448383  37.385521  35.481354 
 37.226719  41.397343  48.447342  56.723595  64.535782  71.142342  76.331879  79.677658  80.684685  79.228279  75.934219  70.678436  63.904373  56.283127  48.199844  41.205936  37.664688 
 39.482864  46.376408  55.533279  64.940781  73.683281  81.297188  87.647499  91.895157  93.247345  91.365158  87.108124  80.395309  72.427658  63.981247  54.773438  45.860783  39.647240 
 42.359478  51.526566  61.751091  71.985001  81.748436  90.813751  98.602188  103.832497  105.488747  103.197655  97.771095  89.570938  80.189529  70.474686  60.451874  50.404373  42.143955 
 44.560055  55.528595  66.592186  77.597656  88.364685  98.821564  107.755783  113.696411  115.559998  113.060318  106.846252  97.381561  86.468437  75.649376  64.802345  54.020622  44.675625 
 45.648182  57.754219  69.554222  81.097504  92.752190  104.132965  113.669525  119.515930  121.463440  119.079681  112.686722  102.341095  90.517029  78.966873  67.575157  56.454529  46.476826 
 45.210308  58.137810  70.442810  82.447815  94.278748  105.957809  115.486404  121.358902  123.236252  120.839844  115.177811  104.458282  92.468597  80.677971  68.773125  57.241409  47.037449 
 44.127705  56.769379  69.078590  80.922813  92.621719  103.703125  113.044998  118.976563  120.720306  118.508911  112.942337  102.700470  90.766716  79.257034  67.635941  56.294533  46.500984 
 42.850262  53.855469  65.800003  77.534691  88.551559  98.561562  107.156250  112.787964  114.481247  111.802658  106.004997  97.058281  86.467346  75.965622  64.903748  54.185783  44.827656 
 40.719425  49.825470  60.624687  71.642967  81.801720  90.638596  97.832184  102.716248  104.081718  102.041878  96.994377  89.278748  80.276566  70.792503  60.573906  50.428284  42.246822 
 38.858803  45.601093  54.807190  64.662971  73.989845  81.787346  87.779999  91.503906  92.709534  91.041405  86.715935  80.511253  72.867188  64.308907  54.825470  45.877029  39.905155 
 37.379482  41.475311  48.087341  56.543747  64.753281  71.792191  76.964996  80.094376  80.944687  79.650940  76.109688  70.892967  64.193748  56.547813  48.139374  41.442188  38.325520 
 35.144897  38.889065  42.474636  48.827499  55.901817  62.023018  66.959587  69.664787  70.288857  69.213020  66.310524  61.652344  55.638336  48.992813  42.433544  38.852188  36.922607 
 } 


 White Balance Data with optical Center Data
 r_center_x =  653 r_center_y =  480 
 gr_center_x =  624 gr_center_y =  495 
 b_center_x =  644 b_center_y =  466 
 gb_center_x =  646 gb_center_y =  467 
 r/gr 0.611910 
 b/gr 0.660733 
 gb/gr 1.000973 
 r_oc_ave 114.582230 
 b_oc_ave 123.724442 
 gr_oc_ave 187.253326 
 gb_oc_ave 187.435562 

 [AWB]
 RGr =  0.611910 
 BGr =  0.660733 
 GbGr =  1.000973 
 r_oc_ave =  114.582230 
 b_oc_ave =  123.724442 
 gr_oc_ave =  187.253326 
 gb_oc_ave =  187.435562 