 LEFT LENS SHADING DATA
 RED Channel
 {
 27.423073  29.928905  33.566929  39.657970  46.109531  51.499222  55.823013  58.575462  59.492966  58.306458  55.567818  51.139267  45.509533  39.326042  33.396198  29.778748  27.695831 
 28.875160  32.678280  39.142967  47.009842  54.446404  60.877342  66.015938  69.357346  70.334846  68.830627  65.457809  60.069687  53.525154  46.333126  38.732655  32.392502  28.727917 
 30.250053  36.688595  45.288437  54.306091  62.779373  70.343285  76.679375  80.962967  82.350784  80.418747  75.980316  69.263123  61.510002  53.405624  44.707031  36.413437  29.988022 
 32.443905  41.070782  50.898438  60.795784  70.511566  79.464691  87.361252  92.751404  94.476563  92.109840  86.413910  78.223595  69.007813  59.740311  50.090622  40.715469  32.279842 
 34.766094  44.626720  55.285309  66.199219  77.029221  87.380783  96.624062  102.812187  104.780472  102.125153  95.596252  86.079216  75.328125  64.784531  54.354065  44.132343  34.688385 
 36.363487  47.012032  58.210625  69.720627  81.504684  93.026566  103.062035  109.501717  111.466248  108.870941  101.979843  91.518280  79.669373  68.122658  57.125000  46.387657  36.149117 
 36.891460  47.816875  59.323753  71.173904  83.200783  95.067345  105.190628  111.836876  113.827652  111.327812  105.041405  93.924065  81.830467  69.904221  58.396873  47.248749  36.971252 
 36.329010  47.037968  58.281876  69.808907  81.423126  92.974846  102.914841  109.377655  111.422813  108.844841  102.564529  91.747658  79.937653  68.457809  57.360001  46.600780  36.459320 
 34.737606  44.682186  55.381409  66.277031  77.131096  87.589996  96.506248  102.684685  104.613129  101.714066  95.457031  86.216408  75.579216  65.225937  54.711090  44.482967  34.926094 
 32.455677  41.101719  51.017189  61.111404  70.610001  79.551407  87.104530  92.335159  94.012184  91.998749  86.460472  78.535469  69.331718  60.141563  50.658592  41.073750  32.658752 
 30.585575  37.060780  45.662498  54.628906  63.139999  70.555626  76.782028  81.137657  82.500153  80.898903  76.482185  69.996094  62.242035  54.091873  45.284218  36.930939  30.412186 
 29.658230  33.310314  39.490623  47.284531  54.786873  61.307503  66.506721  69.868279  70.983284  69.646248  66.087654  60.760628  54.267029  47.030937  39.330936  32.922344  29.255886 
 27.883232  30.599480  33.750622  39.470570  45.798122  51.475006  55.901505  58.703491  59.439316  58.448334  55.614113  51.227295  45.612240  39.337185  33.428024  29.977966  27.675884 
 } 
 GR Channel
 {
 51.626144  56.377396  62.266251  71.675987  81.647293  89.901611  96.719482  100.952866  102.326927  100.792137  96.865051  90.125107  81.664948  71.928078  62.625626  56.986877  53.646049 
 54.561142  61.051559  71.266251  83.535782  95.083122  105.002655  112.939056  118.137650  119.804214  117.746094  112.722351  104.602188  94.481407  83.313278  71.445625  61.261871  55.243538 
 56.990372  67.448906  80.941559  94.896095  108.203278  119.905319  129.728912  136.283905  138.535629  135.973587  129.445938  119.397339  107.326721  94.484375  80.863281  67.724998  57.236252 
 60.671562  74.480316  89.694847  105.010941  120.053131  134.168121  146.403748  154.670944  157.491882  154.350311  145.979538  133.678909  119.418274  104.821877  89.545158  74.612190  60.951767 
 64.280777  80.023903  96.569221  113.335464  130.087341  146.387497  160.763748  170.278442  173.323914  169.818436  160.392654  146.231720  129.304840  112.867493  96.304840  80.117966  64.743599 
 66.827339  83.787971  101.088280  118.821869  136.966873  154.911407  170.474060  180.331100  183.490936  179.970627  170.223129  154.562973  136.262650  118.239685  100.855621  83.778435  67.298019 
 67.639641  85.058594  102.777344  120.988754  139.376251  157.956726  173.733124  183.755463  187.013596  183.575775  174.964539  158.440933  139.742340  121.294220  103.078278  85.194221  68.545670 
 66.872078  83.753754  101.162811  118.907974  136.994690  154.874222  170.336716  180.293594  183.684067  180.186401  171.518753  155.399063  136.921402  118.933441  101.266716  84.142654  67.853691 
 64.319267  80.093437  96.647186  113.613434  130.542191  146.796097  160.981873  170.482651  173.819839  169.693436  160.666718  146.598587  130.024841  113.622192  96.853592  80.732346  65.317131 
 60.573441  74.435936  89.702347  105.495003  120.458130  134.461411  146.481720  154.783127  157.456406  154.679535  146.659378  134.495163  120.019836  105.343903  90.321716  75.287811  61.596153 
 57.483543  68.108124  81.640778  95.536720  108.879219  120.759369  130.498444  137.162659  139.558289  137.225311  130.573441  120.711868  108.634064  95.753128  81.906563  68.634689  58.168442 
 55.597397  62.124062  71.974220  84.081566  95.753128  106.024689  114.116714  119.413132  121.190475  119.259369  113.849380  105.870941  95.857346  84.495316  72.265778  62.139999  56.267082 
 52.119484  57.372391  62.636513  71.333221  81.368950  89.980934  96.814011  101.176041  102.417763  100.936043  96.516457  90.145103  81.388802  71.643639  62.424324  57.140831  53.443336 
 } 
 GB Channel
 {
 52.356041  56.914375  62.984482  72.526825  82.680725  91.313278  97.850212  102.267601  103.583328  101.798279  97.535156  90.629745  81.890938  71.980156  62.746872  56.838539  53.486877 
 54.969795  61.534378  71.951561  84.359528  96.104065  106.091408  114.056870  119.317184  120.891251  118.566406  113.392029  104.995781  94.832184  83.328278  71.215622  61.099373  55.148132 
 57.199898  67.874062  81.528122  95.812965  109.179840  121.015930  130.797501  137.354065  139.559845  136.785934  130.017349  119.672348  107.470314  94.455780  80.665154  67.299530  56.775574 
 60.550880  74.591095  90.146248  105.811096  121.084213  135.189224  147.404068  155.747650  158.478287  155.001404  146.419693  133.890152  119.219849  104.550156  89.061249  73.918434  60.116348 
 63.909531  80.110153  96.989059  113.960785  130.920776  147.187195  161.370789  171.068756  174.131088  170.373749  160.708588  146.163132  129.071243  112.362350  95.647659  79.151253  63.818756 
 66.421829  83.683281  101.175934  119.105316  137.426712  155.299377  170.845627  180.622345  183.813431  180.003601  170.110153  154.164215  135.702194  117.440308  99.907341  82.681404  66.087036 
 67.086876  84.743126  102.618126  121.018433  139.493591  158.010941  173.574066  183.502655  186.716248  183.315628  174.131256  157.650162  138.977341  120.314377  101.918907  83.984688  67.279274 
 66.411720  83.339844  100.944221  118.909851  136.997650  154.753433  170.033432  180.010468  183.155624  179.493439  170.651566  154.459686  135.922028  117.806870  100.064690  82.843437  66.514694 
 63.747704  79.690628  96.435471  113.517029  130.359528  146.505463  160.426254  169.918747  173.184372  168.962662  159.681244  145.619690  128.927658  112.515625  95.755310  79.462654  64.103699 
 60.012398  74.061562  89.518280  105.285934  120.138275  133.965775  145.752502  153.935944  156.613586  153.635620  145.453751  133.330933  118.910156  104.343750  89.233749  74.123749  60.519997 
 57.105675  67.705467  81.289841  95.159378  108.395935  120.053131  129.671875  136.165619  138.508438  136.059998  129.393906  119.448120  107.421722  94.661095  80.854378  67.647499  57.276672 
 55.525368  61.798904  71.649376  83.732033  95.299843  105.422340  113.389526  118.606247  120.311722  118.288910  112.781876  104.724686  94.754372  83.415779  71.281250  61.343285  55.433899 
 52.417030  57.242027  62.323540  71.131409  81.175056  89.732132  96.635986  100.782494  101.969429  100.463692  95.883957  89.403023  80.654373  71.026825  61.798332  56.433899  52.787231 
 } 
 B Channel
 {
 35.406303  39.045052  43.579479  50.675423  58.072601  64.277344  68.836662  71.806931  72.693642  71.522758  68.960983  64.167297  57.984840  50.910942  44.075054  39.694950  37.692863 
 36.969635  41.678593  49.232811  58.176247  66.407188  73.397972  78.727501  82.026718  82.949066  81.514221  78.107033  72.698128  65.695465  57.863434  49.353592  42.043907  38.382866 
 38.472553  45.948593  55.651093  65.550934  74.809059  82.716560  89.094688  93.282341  94.459061  92.752502  88.455780  81.804222  73.716560  64.948593  55.475471  46.141876  39.357288 
 40.951199  50.708908  61.771721  72.485153  82.708908  91.964996  99.999222  105.260155  106.890472  104.728127  99.323128  91.198441  81.643127  71.836403  61.404221  50.896561  41.917393 
 43.332451  54.635155  66.269531  77.718437  88.982033  99.715309  109.055779  115.052963  117.053284  114.722504  108.703438  99.205154  88.072029  77.023903  65.849533  54.603439  44.736771 
 45.041462  56.951874  69.015312  81.086250  92.994690  104.783127  114.851715  121.279221  123.257187  121.013443  114.662659  104.178749  92.160004  80.227341  68.518127  56.869377  46.326878 
 45.524849  57.596718  69.782188  82.034218  94.115311  106.269531  116.517349  123.203278  125.215942  122.930161  117.185944  106.244690  93.982346  81.960159  69.919846  57.666718  47.044422 
 44.857292  56.584373  68.539215  80.561874  92.423752  104.270935  114.301559  120.704849  122.788284  120.539841  114.875153  104.389847  92.444221  80.498749  68.696564  56.978592  46.641720 
 42.984013  54.049217  65.682968  77.161720  88.360153  98.999847  108.135155  114.220779  116.132034  113.603745  107.836876  98.849686  87.958908  77.135941  65.992966  54.877968  44.798592 
 40.411564  50.191559  61.063591  71.861565  81.749535  90.902031  98.484528  103.618439  105.292816  103.670311  98.580627  90.769066  81.557968  71.954842  61.705780  51.149689  42.288437 
 38.210415  45.783749  55.402191  65.098434  74.082657  81.827812  88.113129  92.373909  93.708908  92.303909  88.252342  81.882660  74.031403  65.384529  55.766403  46.463593  39.760468 
 36.926147  41.570313  48.726875  57.271721  65.393906  72.309532  77.525780  80.889221  81.888596  80.702812  77.388596  72.114532  65.412498  57.635941  49.053596  41.837189  38.270107 
 34.694897  38.286560  42.224373  48.935669  55.862450  61.923904  66.605576  69.216095  70.082558  69.011559  66.083809  61.662239  55.781250  48.841354  42.259636  38.355938  36.109268 
 } 


 White Balance Data with optical Center Data
 r_center_x =  652 r_center_y =  477 
 gr_center_x =  658 gr_center_y =  480 
 b_center_x =  622 b_center_y =  495 
 gb_center_x =  651 gb_center_y =  485 
 r/gr 0.608164 
 b/gr 0.669668 
 gb/gr 0.999029 
 r_oc_ave 114.088882 
 b_oc_ave 125.626663 
 gr_oc_ave 187.595551 
 gb_oc_ave 187.413330 

 [AWB]
 RGr =  0.608164 
 BGr =  0.669668 
 GbGr =  0.999029 
 r_oc_ave =  114.088882 
 b_oc_ave =  125.626663 
 gr_oc_ave =  187.595551 
 gb_oc_ave =  187.413330 