 LEFT LENS SHADING DATA
 RED Channel
 {
 27.765572  30.435154  34.158073  40.109222  46.450832  51.769585  55.765938  58.346191  58.970467  57.756569  54.703484  49.994850  44.466145  38.157970  32.426041  29.352554  27.246304 
 29.235573  33.280781  39.835781  47.554844  54.887497  61.253754  66.228439  69.390160  70.173592  68.490311  64.694534  59.089218  52.285309  45.072342  37.536877  31.463593  28.269638 
 30.597660  37.385780  45.991093  54.894218  63.377342  70.806717  77.073280  81.151253  82.317032  80.004845  75.166092  68.225159  60.347031  51.953125  43.136250  35.031876  29.139374 
 33.080677  41.964218  51.682816  61.623436  71.220467  80.268280  88.097969  93.258438  94.779846  91.910156  85.644379  77.073280  67.693436  58.174377  48.376251  39.037033  31.067657 
 35.623127  45.668125  56.281876  67.161247  78.097504  88.489685  97.724060  103.824684  105.293594  102.029533  94.903595  84.770470  73.865158  63.076248  52.560158  42.391563  33.349064 
 37.437241  48.203278  59.256721  70.797188  82.894379  94.421875  104.440781  110.658752  112.139374  108.798279  101.265312  90.285004  78.186249  66.410934  55.183746  44.585938  34.867188 
 38.198589  49.147972  60.413437  72.225311  84.589066  96.582031  106.812187  112.760162  114.285461  111.302971  104.144684  92.476563  79.954689  68.045158  56.500626  45.430313  35.395313 
 37.675156  48.395782  59.631874  71.094688  82.900627  94.472969  104.269531  110.475624  112.063431  108.985626  101.698128  90.764221  78.800316  66.919220  55.565781  44.839531  34.928490 
 35.984169  46.070000  56.664215  67.432030  78.367340  88.705467  97.788750  103.661407  105.144684  102.026253  95.195313  85.227501  74.166252  63.538437  53.039841  42.857033  33.600574 
 33.462757  42.385468  52.098747  62.039528  71.649376  80.527344  88.191719  93.303284  94.569534  91.916718  85.719063  77.369843  68.036720  58.645157  49.052658  39.571251  31.611668 
 31.249584  38.018749  46.676876  55.532654  63.872810  71.253128  77.547028  81.563126  82.672188  80.624374  75.758904  68.998283  61.079063  52.785156  43.968281  35.723125  29.760628 
 30.023750  33.965000  40.524532  48.390472  55.671875  61.982346  66.992500  70.160156  70.914528  69.299530  65.447029  59.942970  53.240784  45.967342  38.310471  32.090313  28.754478 
 28.932499  31.234581  34.783489  40.695675  46.981873  52.213799  56.283752  58.597450  59.393074  58.141411  54.977661  50.341507  44.642239  38.358383  32.757343  29.491982  27.540726 
 } 
 GR Channel
 {
 52.737816  58.023232  64.124580  73.495575  83.400787  91.360268  97.516151  101.569534  102.765053  101.140625  96.884270  89.846504  81.344582  71.495934  62.384949  57.052811  53.526985 
 55.951141  63.069061  73.491249  85.509529  96.713905  106.430466  114.119064  119.017654  120.524841  118.170624  112.742188  104.384216  94.183746  82.909691  70.930153  61.086563  55.616142 
 58.528801  69.623596  83.197815  96.813438  109.839691  121.357498  131.076874  137.232025  139.046402  136.040161  129.148438  118.828598  106.999222  93.888908  80.144684  67.033592  57.221306 
 62.615623  76.794373  91.935471  107.017029  121.693283  135.665161  147.603912  155.532349  157.947662  154.273132  145.531876  132.810776  118.431564  103.619690  88.465157  73.599220  60.523178 
 66.663803  82.583595  98.777191  115.066879  131.660934  147.832657  161.866562  171.103439  173.686096  169.648132  159.670776  144.554993  127.970001  111.347969  94.943748  78.981094  64.136307 
 69.465469  86.438591  103.343750  120.468445  138.682495  156.392349  171.611557  181.058899  183.620468  179.496567  169.089844  152.937805  134.479065  116.590942  99.174843  82.362968  66.592758 
 70.771873  87.870628  104.954376  122.598282  141.099060  159.303909  175.031876  184.181717  186.699524  183.029999  173.468277  156.257965  137.284225  119.106400  101.317497  83.926247  67.654999 
 69.852341  86.622971  103.858910  120.913910  138.774063  156.335312  171.516556  180.986877  183.508286  179.763748  169.943756  153.899063  135.635162  117.400314  99.682503  82.773285  66.822655 
 67.097397  83.046562  99.222656  115.501556  132.114212  148.273132  162.083755  171.062653  173.595474  169.802963  160.138123  145.251404  128.247498  111.986877  95.602814  79.513435  64.592194 
 63.099586  77.309998  92.256096  107.545471  122.119064  135.898285  147.703278  155.410934  157.574692  154.355942  145.627182  133.192810  118.849686  104.352341  89.411095  74.449219  61.254005 
 59.386192  70.548904  84.012344  97.675468  110.588753  122.005310  131.717026  137.812027  139.614380  136.871246  129.921249  119.902191  107.940781  95.113434  81.371094  68.172340  58.137131 
 56.994797  64.085625  74.502029  86.641563  98.086563  107.764221  115.581406  120.420471  121.646561  119.362656  113.858749  105.854843  95.480934  84.206718  72.187347  62.119377  56.566460 
 54.249786  59.048546  65.103905  74.433647  84.346565  92.531921  98.727455  102.516930  103.791145  101.874107  97.485420  90.575050  81.920517  71.988182  62.848389  57.560204  54.091034 
 } 
 GB Channel
 {
 53.731827  58.600990  64.829994  74.512390  84.315987  92.663025  98.818230  102.678284  103.871407  102.065147  97.577553  90.116661  81.401665  71.571724  62.213387  56.994064  53.488647 
 56.531822  63.724533  74.308746  86.480316  97.818283  107.490936  115.156555  120.093903  121.398285  118.854538  113.113586  104.483749  94.143753  82.758591  70.698593  60.841560  55.390732 
 59.026825  70.105782  83.953751  97.799065  110.941719  122.407349  131.973282  138.142975  139.854691  136.632507  129.410782  119.010162  106.913597  93.690155  79.752502  66.542343  56.635056 
 62.826721  77.176094  92.673126  108.030472  122.803284  136.820786  148.619843  156.447189  158.716095  154.775620  145.759537  132.785309  118.218597  103.252502  87.927345  72.836250  59.721664 
 66.650520  82.868439  99.361717  115.910934  132.545151  148.635941  162.558121  171.686722  174.230316  169.918594  159.582809  144.255157  127.490005  110.809532  94.157501  77.902809  63.176559 
 69.214165  86.562500  103.684685  121.097031  139.140625  156.913284  171.830780  181.205307  183.652817  179.259995  168.655319  152.319839  133.784531  115.692184  98.195938  81.170784  65.519325 
 70.291924  87.706718  105.178596  122.879059  141.464218  159.426559  174.697662  183.857346  186.304993  182.372971  172.471725  155.279068  136.213440  118.021561  100.169846  82.602966  66.350258 
 69.428955  86.486877  103.866875  121.104691  138.793274  156.203751  171.026093  180.425781  182.846725  178.983902  168.914841  152.829056  134.626724  116.256256  98.515778  81.420624  65.536041 
 66.808174  82.872971  99.154221  115.672348  132.108902  147.961868  161.708435  170.414215  172.814377  168.647507  158.968903  144.043442  127.090775  110.809372  94.418594  78.298904  63.530777 
 62.817085  77.113747  92.170471  107.475937  122.057190  135.462494  147.080780  154.599380  156.530151  153.022964  144.319839  131.928757  117.658279  103.225159  88.298752  73.216248  60.294586 
 59.195259  70.379219  84.015625  97.662811  110.363129  121.398911  130.745316  136.788132  138.407028  135.504532  128.405777  118.497192  106.732185  94.085785  80.330002  67.189064  57.184891 
 57.058594  63.919220  74.333595  86.430466  97.770782  107.151566  114.820465  119.412338  120.513123  118.221558  112.575317  104.496719  94.390778  83.163437  71.126717  61.188438  55.716766 
 54.429420  59.129005  65.169220  74.372757  84.099739  92.331978  98.427345  102.047966  103.064369  101.232399  96.412811  89.729424  80.932655  71.090935  62.003181  56.748436  53.258018 
 } 
 B Channel
 {
 36.562241  40.428486  44.937084  52.085724  59.350517  65.164223  69.551453  72.304901  73.068649  71.783798  68.757965  63.532761  57.490623  50.169685  43.458858  39.679165  37.664581 
 38.634739  43.925781  51.889999  60.791565  69.092186  75.981094  81.274376  84.440315  85.274063  83.741096  79.971092  74.087967  66.773125  58.603439  49.864685  42.628750  39.441666 
 40.214897  48.405312  58.471252  68.443436  77.784065  85.763596  92.294060  96.282967  97.376404  95.278908  90.663437  83.653122  75.341873  66.090622  56.119530  46.661564  40.346146 
 42.797134  53.092346  64.199684  75.045471  85.318436  94.849998  102.857033  108.100784  109.460785  107.071877  101.272186  92.454376  82.682816  72.389061  61.574371  50.936096  42.372967 
 45.380836  56.802498  68.494530  80.216095  91.709534  102.635315  111.901718  118.052505  119.526245  116.747971  110.070938  99.931877  88.544373  77.165939  65.606873  54.295937  44.755939 
 47.172554  59.268593  71.264221  83.467346  95.882813  107.780937  117.876724  124.039063  125.566711  122.764694  115.765320  104.882187  92.437187  80.173752  68.146408  56.393280  46.246826 
 47.944744  60.149529  72.300156  84.556877  97.061249  109.291092  119.424225  125.521881  127.122025  124.565781  118.037338  106.512657  93.878906  81.641876  69.386093  57.316719  46.974842 
 47.454426  59.320465  71.373749  83.287186  95.407341  107.054535  117.002350  123.101868  124.854843  122.350937  115.839691  105.137657  92.958595  80.716873  68.511719  56.643280  46.323486 
 45.540833  56.721252  68.209061  79.629997  90.765472  101.560783  110.673752  116.496567  118.129379  115.617966  109.360153  99.624535  88.298439  77.247185  65.821091  54.490936  44.862606 
 42.669064  52.622810  63.354530  74.001091  84.069687  93.187035  101.018906  105.972656  107.358284  105.339378  99.732033  91.516403  81.933594  72.058441  61.578590  50.997658  42.574532 
 39.960938  47.944687  57.656097  67.415779  76.297653  83.962189  90.233597  94.140160  95.377029  93.634377  89.218437  82.545311  74.493126  65.694687  55.980156  46.537342  40.340885 
 38.401409  43.552032  51.080315  59.705002  67.806877  74.275627  79.424690  82.542030  83.396248  82.002502  78.476250  72.939842  65.912033  58.022499  49.425468  42.328751  39.070831 
 36.612656  40.131405  44.400311  51.197090  58.334793  63.941460  68.285103  70.642654  71.233337  70.275002  67.390831  62.707970  56.544327  49.455421  42.861092  39.082916  36.988750 
 } 


 White Balance Data with optical Center Data
 r_center_x =  635 r_center_y =  489 
 gr_center_x =  631 gr_center_y =  486 
 b_center_x =  631 b_center_y =  486 
 gb_center_x =  628 gb_center_y =  498 
 r/gr 0.612438 
 b/gr 0.680050 
 gb/gr 0.997230 
 r_oc_ave 114.977783 
 b_oc_ave 127.671112 
 gr_oc_ave 187.737778 
 gb_oc_ave 187.217773 

 [AWB]
 RGr =  0.612438 
 BGr =  0.680050 
 GbGr =  0.997230 
 r_oc_ave =  114.977783 
 b_oc_ave =  127.671112 
 gr_oc_ave =  187.737778 
 gb_oc_ave =  187.217773 