 LEFT LENS SHADING DATA
 RED Channel
 {
 27.092289  29.628128  33.149426  39.427345  45.539898  50.946724  54.829689  57.155464  57.760681  56.293907  53.494995  48.927452  43.623177  37.473854  31.650051  28.092861  26.349113 
 28.953957  33.138126  39.795467  47.436718  54.602814  60.826096  65.828438  68.936096  69.607971  67.735779  63.971252  58.420158  52.017967  44.869686  37.394844  31.182655  27.759529 
 30.546562  37.470314  46.197033  55.079063  63.123123  70.496559  76.681091  80.710472  81.707657  79.470627  74.595779  67.732185  59.971405  51.777657  43.212032  35.071251  29.197914 
 32.946823  41.957031  51.837814  61.599998  70.973282  79.761871  87.358749  92.493126  94.021561  91.163750  85.006409  76.486565  67.313904  57.901093  48.442810  39.164532  31.341824 
 35.497654  45.593281  56.191559  66.974533  77.597504  87.838593  96.829529  102.718437  104.432343  101.057030  94.177185  84.157501  73.369530  62.860939  52.510941  42.553749  33.534168 
 37.379948  48.017654  59.090935  70.424690  82.201721  93.629219  103.299843  109.379219  110.934685  107.835938  100.424377  89.613281  77.704216  66.204216  55.234840  44.787655  35.114532 
 37.994793  48.886871  60.234222  72.018280  83.940315  95.775154  105.645470  111.676407  113.142029  110.218124  103.328751  92.108124  79.920784  68.011719  56.562965  45.595470  35.706093 
 37.423958  48.035622  59.115784  70.413597  81.980316  93.224846  102.954842  109.060783  110.662811  107.457344  100.714996  89.800781  77.769531  66.420624  55.506721  44.951874  35.241879 
 35.588177  45.686718  56.157341  66.926872  77.468750  87.540466  96.333122  102.203903  103.744217  100.701721  93.832497  84.054688  73.564529  63.282967  52.962654  42.945313  33.844479 
 33.037605  41.903439  51.595467  61.486404  70.770470  79.499062  86.799690  91.775154  93.139687  90.643127  84.779060  76.539841  67.551559  58.430153  48.929222  39.645313  31.746143 
 30.871513  37.594219  46.193905  55.088127  63.327034  70.467659  76.543434  80.461716  81.426559  79.492500  74.692497  68.090157  60.578590  52.426247  43.802658  35.691563  29.803230 
 29.539532  33.446407  39.929531  47.652813  54.927185  61.157814  66.048752  69.096405  69.824371  68.197189  64.547813  59.150002  52.777496  45.577499  38.051407  32.006248  28.745003 
 27.990364  30.713696  34.280159  40.281143  46.479687  51.772400  56.031242  58.549110  59.085205  57.934685  54.902397  50.558754  45.044170  38.726254  33.002445  29.827084  27.792915 
 } 
 GR Channel
 {
 51.924896  56.728645  62.653336  72.146713  81.628181  89.662392  95.900261  99.531670  100.540627  98.675209  94.545723  87.800369  79.576515  70.298386  61.039894  55.550369  52.289116 
 55.361977  62.592812  73.137497  84.984840  96.061722  105.717812  113.016724  117.857498  119.219376  116.698120  111.417816  103.352654  93.496719  82.507347  70.781563  60.760155  54.986618 
 58.306511  69.495468  83.037659  96.688751  109.229691  120.675308  130.078598  136.055466  138.078903  135.032654  128.270157  118.066711  106.227501  93.569374  80.197189  67.342659  57.252449 
 62.131607  76.340157  91.471252  106.480621  121.014847  134.799377  146.591873  154.671097  157.043900  153.328125  144.921249  132.126556  117.890320  103.313438  88.457657  73.908440  60.963013 
 65.985207  81.889374  98.020622  114.343750  130.809372  146.875473  161.006714  170.308289  173.095932  168.701721  159.008118  144.101563  127.432343  111.117966  94.957031  79.161560  64.771568 
 68.988441  85.607185  102.411873  119.548904  137.527344  155.414688  170.878601  180.444214  183.250000  179.297806  168.875000  152.589371  134.184372  116.354065  99.220467  82.782188  67.050934 
 69.945992  86.875778  104.068909  121.704849  139.938278  158.593124  174.343903  183.985626  186.744995  182.876724  173.460632  156.681717  137.806564  119.233124  101.287346  84.093124  68.246040 
 68.940361  85.581406  102.400627  119.500305  137.327347  155.189850  170.634537  180.439377  183.259369  179.458755  169.884369  153.350784  134.532501  116.678131  99.576408  82.997658  67.342445 
 66.147133  82.084846  97.965782  114.363754  130.783752  146.903275  160.999222  170.389694  173.209213  169.221558  159.302338  144.482346  127.884369  111.578438  95.457809  79.652191  64.927605 
 62.413170  76.372971  91.250153  106.349998  120.794373  134.668900  146.352966  154.401566  156.914215  153.638123  145.130463  132.597031  118.389069  103.973434  89.162971  74.375313  61.421974 
 58.757500  69.698753  82.980156  96.512344  109.393280  120.672180  130.262344  136.711411  138.645309  135.892029  128.957657  118.893753  107.237343  94.499222  80.932816  67.989220  58.250259 
 56.195419  63.162498  73.237343  85.126877  96.500153  106.155624  113.988586  118.775620  120.358902  118.070465  112.677338  104.553909  94.677971  83.484062  71.662346  61.854691  56.485939 
 53.024162  58.525414  64.277969  73.393959  83.230370  91.456871  98.079224  102.165207  103.467033  101.699432  97.404228  90.688278  82.289429  72.256981  63.494217  58.205101  54.720932 
 } 
 GB Channel
 {
 52.887863  57.454948  63.537544  73.202240  82.628746  90.980415  97.060158  100.712914  101.666092  99.524895  95.153542  88.220055  79.922554  70.248177  60.990784  55.307709  52.346039 
 56.162453  63.453903  74.186096  86.139534  97.326248  106.897499  114.189529  118.878754  120.115463  117.396561  111.855621  103.596092  93.602341  82.351715  70.530159  60.464378  54.784378 
 59.059784  70.370628  84.129845  98.002502  110.582031  121.929535  131.246094  137.105942  139.008438  135.760941  128.648743  118.256882  106.257034  93.377190  79.865471  66.848434  56.950523 
 62.710892  77.286095  92.793121  108.057343  122.555161  136.211411  147.915619  155.822037  158.001404  154.093750  145.254211  132.306244  117.786713  103.049530  87.996559  73.314842  60.378387 
 66.519432  82.800468  99.423904  115.897339  132.360931  148.420624  162.175156  171.319839  174.119064  169.490158  159.350006  144.192337  127.368912  110.765160  94.318909  78.399063  63.885307 
 69.326820  86.292030  103.482811  120.904068  138.837189  156.674683  171.716095  181.101257  183.837814  179.631561  168.855942  152.307190  133.820618  115.850784  98.515938  81.937813  66.214890 
 70.203903  87.444534  104.978279  122.725311  141.070786  159.515625  174.742813  184.205154  186.852661  182.904694  173.126877  156.201721  137.221558  118.651718  100.545937  83.102341  67.277550 
 69.164482  86.144066  103.141251  120.465469  138.359070  155.861404  170.958908  180.546097  183.262650  179.171097  169.408600  152.829681  133.969055  115.922806  98.630783  81.971405  66.416199 
 66.452446  82.472656  98.656876  115.146088  131.471725  147.334686  161.067810  170.448288  173.100311  168.825775  158.808441  143.917496  127.207504  110.911720  94.695465  78.756721  64.048592 
 62.496872  76.653122  91.723595  106.854691  121.304688  134.825317  146.384216  154.171875  156.519531  153.043442  144.369217  131.797974  117.636093  103.263908  88.296249  73.527657  60.689117 
 59.075363  70.136406  83.426094  97.036095  109.756096  120.857498  130.065308  136.357651  138.104691  135.195618  128.124222  118.203751  106.465935  93.652657  80.158905  67.169846  57.698799 
 56.795837  63.426247  73.544220  85.468285  96.655312  106.345001  113.796097  118.503906  119.880005  117.401093  111.873436  103.757965  93.857346  82.689377  70.978905  61.185310  56.060310 
 53.831253  58.759995  64.522339  73.802238  83.464478  91.557076  98.064629  101.988281  102.802086  101.023384  96.557610  89.915680  81.352554  71.730629  62.670364  57.521561  54.307404 
 } 
 B Channel
 {
 34.904793  38.290207  42.807449  49.590004  56.280991  62.044533  66.193222  68.592812  69.348953  68.094215  65.274269  60.660622  54.863960  48.100677  41.469376  37.407394  35.446148 
 37.251457  42.333126  50.068909  58.737503  66.450783  73.086403  78.125313  81.186562  81.943123  80.309845  76.822189  71.359375  64.474373  56.689217  48.201874  41.199062  37.642815 
 39.213383  47.214844  56.922966  66.764847  75.618591  83.443596  89.712814  93.699997  94.754059  92.853905  88.368126  81.553749  73.525627  64.604378  54.989059  45.844376  39.528538 
 41.788906  51.980782  62.860313  73.494217  83.514534  92.964218  100.821716  106.045158  107.692184  105.195313  99.497032  90.984375  81.469063  71.376251  60.892654  50.532501  42.172085 
 44.298595  55.651718  67.238281  78.738129  90.030624  100.738747  110.132347  116.118439  118.034225  115.391724  109.020470  99.109528  87.912033  76.652344  65.277344  54.225784  44.759739 
 46.191517  57.970467  69.916405  81.937500  94.096092  105.965935  115.964066  122.163437  124.060150  121.703125  115.031250  104.382813  92.129372  79.982498  68.157028  56.665939  46.534267 
 46.670048  58.571091  70.770622  83.069221  95.460159  107.693436  117.902344  124.070786  125.839371  123.432816  117.433289  106.429222  94.080780  81.840309  69.563591  57.514534  47.243904 
 46.007401  57.551559  69.438751  81.438904  93.538437  105.219841  115.387344  121.505157  123.259995  120.767181  114.997650  104.351715  92.079689  80.105469  68.292503  56.785156  46.693279 
 44.100990  55.133278  66.404221  77.824066  88.973282  99.712654  108.836563  114.932343  116.720154  114.138443  108.011871  98.432030  87.710312  76.790154  65.587029  54.650314  45.064060 
 41.456928  51.252968  61.819061  72.314529  82.123909  91.400314  99.112656  104.391251  105.927185  103.987343  98.527344  90.601563  81.258591  71.676872  61.264847  50.944221  42.452763 
 39.141460  46.704376  56.116409  65.676872  74.556252  82.184532  88.471878  92.711250  93.877029  92.350784  87.971252  81.428909  73.645309  64.933441  55.364220  46.289688  40.186356 
 37.412392  42.224064  49.498123  58.046249  65.985001  72.655624  77.900627  81.079689  82.031563  80.697189  77.282501  71.931717  65.225784  57.353439  48.901093  42.020782  38.891407 
 35.681980  39.516148  44.019791  50.978340  57.953331  63.850624  68.643539  71.227188  72.054901  71.023018  68.196251  63.641518  57.600571  50.500938  43.785053  39.989323  38.283905 
 } 


 White Balance Data with optical Center Data
 r_center_x =  649 r_center_y =  473 
 gr_center_x =  637 gr_center_y =  490 
 b_center_x =  633 b_center_y =  493 
 gb_center_x =  648 gb_center_y =  474 
 r/gr 0.604755 
 b/gr 0.673020 
 gb/gr 0.999692 
 r_oc_ave 113.511108 
 b_oc_ave 126.324448 
 gr_oc_ave 187.697784 
 gb_oc_ave 187.639999 

 [AWB]
 RGr =  0.604755 
 BGr =  0.673020 
 GbGr =  0.999692 
 r_oc_ave =  113.511108 
 b_oc_ave =  126.324448 
 gr_oc_ave =  187.697784 
 gb_oc_ave =  187.639999 