 LEFT LENS SHADING DATA
 RED Channel
 {
 28.379063  30.938644  34.369118  40.340836  46.417915  51.628906  55.363174  57.764954  58.284637  56.858902  54.092545  49.637711  44.203907  38.219738  32.534531  29.397133  27.452137 
 30.110729  34.025314  40.540157  48.153748  55.368752  61.383278  66.224220  69.212654  69.673592  68.043282  64.428596  58.971878  52.477028  45.432030  38.040157  31.961094  28.746719 
 31.793903  38.458282  47.071095  56.019844  64.186249  71.440468  77.416878  81.307343  82.167969  79.912971  75.117813  68.401878  60.697029  52.602814  44.044846  35.927189  29.931355 
 34.246613  43.255157  53.110626  62.989998  72.430626  81.181564  88.622810  93.617653  94.909691  91.987503  85.852654  77.409378  68.179222  58.832657  49.362968  40.048595  31.887138 
 36.848644  47.109062  57.907188  68.698906  79.468124  89.746407  98.752815  104.468437  105.923752  102.386406  95.388748  85.282967  74.442810  63.968124  53.570778  43.485783  34.117237 
 38.716354  49.868439  61.081406  72.678123  84.577499  96.121872  105.894379  111.856407  113.067963  109.759529  102.214844  91.135780  79.127502  67.582970  56.605621  46.005627  35.798122 
 39.696301  51.048592  62.694061  74.820938  87.030312  98.951248  108.968285  114.820007  116.224686  112.842972  105.573128  93.962654  81.627029  69.651253  58.057816  46.936562  36.736149 
 39.383438  50.458435  61.928749  73.625938  85.598747  97.137657  107.075935  113.019058  114.296722  110.947342  103.737968  92.258591  79.904846  68.226715  57.154221  46.420780  36.283073 
 37.814007  48.207970  59.217812  70.403595  81.459373  91.858597  100.850159  106.821091  108.109222  104.626091  97.216248  87.085938  76.078590  65.440628  54.861404  44.581562  34.900314 
 35.412186  44.715939  54.920471  65.166565  74.874687  83.910309  91.474998  96.566872  97.647034  94.777657  88.403748  79.824844  70.372971  60.765312  50.976715  41.285625  32.977707 
 33.482082  40.578751  49.481094  58.784218  67.514999  74.961876  81.175934  85.128128  85.913284  83.546249  78.484062  71.454529  63.495003  54.891251  45.927345  37.464062  31.002815 
 32.500679  36.515469  43.089218  51.205002  58.915466  65.384842  70.423439  73.428909  74.030785  72.156876  68.200157  62.385941  55.585938  47.999531  40.133751  33.700470  30.069427 
 30.801510  33.364010  36.820679  42.877499  49.419426  54.801720  59.304268  61.749107  62.110565  60.772293  57.522446  52.760109  46.790516  40.394321  34.438747  31.034840  28.694843 
 } 
 GR Channel
 {
 52.476204  57.429527  62.730995  72.076828  81.616043  89.535263  95.537605  99.434639  100.293236  98.395103  94.304008  87.688385  79.285942  69.916718  61.130516  56.241516  53.154427 
 55.788704  62.486404  72.695778  84.715782  95.631874  105.032967  112.549683  117.319839  118.409058  115.968445  110.732971  102.706093  92.867188  81.828590  70.062187  60.414215  55.055672 
 58.646927  69.460472  82.879219  96.538124  109.124847  120.519379  129.858597  136.093903  137.544846  134.428436  127.675003  117.549850  105.822029  93.210472  79.716873  66.779999  56.889168 
 62.608910  76.769531  92.000313  106.975784  121.533905  135.246567  146.863586  154.741882  156.791412  152.808899  144.317032  131.684692  117.592026  103.101875  88.329063  73.472656  60.277863 
 66.552864  82.686409  98.967972  115.303589  131.812027  147.916412  161.825150  170.612503  172.784531  168.491714  158.585632  143.857651  127.296875  111.085159  94.900002  78.883591  63.865059 
 69.711357  86.780937  103.800934  121.149994  139.278900  157.036255  172.197342  180.977188  182.896881  178.849686  168.457031  152.448288  134.327499  116.674530  99.520622  82.804535  66.620155 
 71.142502  88.324997  105.896873  123.865784  142.344849  160.703903  175.890320  184.749695  186.932037  182.706406  173.372192  156.871719  138.233124  119.967972  101.842659  84.244064  67.750313 
 70.298851  87.288437  104.633125  122.107193  139.925781  157.622498  172.715942  181.771713  184.118912  180.007187  170.588287  154.114212  135.336868  117.603745  100.217186  83.292191  67.090523 
 67.559845  83.850471  100.517502  117.224213  133.712494  149.615784  163.261093  172.316101  174.857346  170.717972  160.692184  145.827347  129.213745  112.804688  96.413437  80.287971  64.696510 
 64.004791  78.575623  94.038437  109.282501  123.747818  137.483124  148.872971  156.910782  159.058594  155.663284  146.994370  134.481094  120.074692  105.389221  90.167816  75.141876  61.415215 
 60.743805  72.087341  85.553596  99.579689  112.621399  123.980942  133.471558  139.766098  141.370621  138.279999  131.283905  120.977493  109.067970  96.036407  82.216095  68.822815  58.373650 
 58.579430  65.582970  75.772499  88.041092  99.483437  109.358437  117.018280  121.722183  122.958130  120.627350  114.979065  106.644531  96.511566  85.055153  72.801872  62.646408  56.695786 
 55.023178  60.034424  65.700836  75.012962  84.858437  93.067604  99.939735  103.628441  104.586876  102.668800  98.141563  91.355156  82.356140  72.607864  63.463959  58.186607  54.194534 
 } 
 GB Channel
 {
 53.486870  58.208542  63.804581  73.544685  83.069382  91.083023  97.362083  101.431145  102.538849  100.070732  95.792236  88.903175  80.076981  70.570786  61.390266  56.403587  53.185257 
 56.625626  63.154373  73.668747  85.852188  97.146873  106.728439  114.373749  119.237808  120.277191  117.632813  112.119537  103.724220  93.519066  82.197655  70.307968  60.464218  55.059006 
 58.944275  69.952187  83.723434  97.752342  110.490158  121.996246  131.507507  137.647659  139.187500  135.861404  128.818756  118.390472  106.376564  93.449532  79.671249  66.523125  56.613953 
 62.566612  77.072655  92.629372  107.848282  122.682343  136.478119  148.301254  156.248276  158.247818  154.128906  145.265930  132.387497  118.017029  103.233749  88.023903  72.926720  59.599014 
 66.213127  82.684372  99.352654  115.920944  132.731400  148.862976  162.871872  171.650940  173.830933  169.268906  159.116089  144.088745  127.361099  110.700157  94.276566  78.066254  62.859581 
 69.028381  86.499847  103.620003  121.338287  139.619064  157.310776  172.355164  181.225937  183.285461  178.922180  168.315002  152.079376  133.914536  115.935623  98.634216  81.711403  65.254951 
 70.177811  87.806564  105.559059  123.721100  142.160004  160.446411  175.444839  184.189529  186.382507  182.184845  172.587341  156.013596  137.169693  118.782181  100.603905  82.977654  66.147453 
 69.431931  86.519218  104.080467  121.549683  139.390472  156.848434  171.715317  180.805939  183.046249  178.915161  169.349213  152.776245  133.936096  116.212036  98.731873  81.745003  65.479996 
 66.595154  83.080780  99.870003  116.413437  132.932663  148.616714  161.967651  170.908905  173.417664  169.193909  158.992493  144.266251  127.617813  111.201561  94.825157  78.697502  63.257080 
 63.036140  77.814064  93.203903  108.271095  122.758591  136.049530  147.412964  155.229843  157.340469  153.834061  145.020462  132.431870  118.292969  103.607498  88.506561  73.527969  59.925255 
 60.091980  71.290314  84.749687  98.531715  111.319374  122.420944  131.807968  137.861252  139.348587  136.285782  129.307968  119.052811  107.210312  94.376717  80.669373  67.367813  57.025734 
 58.119423  64.757965  74.870316  87.011406  98.269531  107.867813  115.366409  120.104370  121.286087  118.932663  113.186722  104.902496  94.796097  83.429535  71.353439  61.328125  55.610207 
 54.759850  59.326927  64.941978  74.237030  84.029747  92.096977  98.727440  102.560631  103.383385  101.448280  96.664421  89.877502  80.950882  71.194740  62.069687  56.853127  53.005623 
 } 
 B Channel
 {
 34.726665  38.355831  42.469479  49.281616  56.065941  61.825264  66.239586  68.771973  69.404373  68.035103  65.413750  60.828278  54.763069  48.091881  41.772655  37.852345  36.097763 
 36.735001  41.472500  48.796562  57.220154  65.097191  71.781715  76.748749  79.955315  80.599373  79.083435  75.621246  70.101410  63.268280  55.583122  47.424530  40.556717  37.093594 
 38.632866  46.306408  55.831718  65.494690  74.347809  82.036720  88.145470  92.184059  93.227028  91.190628  86.672966  79.892342  71.897659  63.418121  54.041092  44.959061  38.425732 
 41.274166  51.169998  61.926247  72.471092  82.526253  91.670311  99.399216  104.436409  105.860779  103.137032  97.394844  88.918434  79.683441  69.974846  59.812035  49.447029  40.737240 
 43.760204  55.010628  66.604378  78.051720  89.189529  99.854530  108.971565  114.683289  116.092026  113.011093  106.402969  96.563278  85.881248  75.119843  64.167816  53.040001  43.149166 
 45.683594  57.576721  69.637970  81.688126  93.757813  105.465935  115.417496  121.043274  122.243912  119.244370  112.285461  101.966095  90.135002  78.502815  67.049065  55.519844  45.040886 
 46.377445  58.605156  71.025780  83.234840  95.470314  107.679222  117.414536  122.991562  124.250305  121.461868  114.934067  104.249374  92.238281  80.397346  68.422028  56.391716  45.681511 
 45.905567  57.959534  70.173592  82.024063  93.962341  105.549530  115.143753  120.757965  122.050934  119.510162  113.464218  102.803596  90.584534  78.898750  67.295311  55.692497  45.227085 
 44.220470  55.826096  67.367340  78.892029  89.915627  100.130470  108.856247  114.367661  115.968903  113.285156  106.933746  97.439690  86.493126  75.712029  64.742188  53.693283  43.662655 
 41.838284  52.161407  62.893906  73.450157  82.992188  91.804535  99.145309  104.134529  105.459846  103.453438  97.891090  89.834221  80.500153  70.784218  60.567345  50.205154  41.276615 
 39.903645  47.709061  57.187653  66.759842  75.374062  82.670937  88.929375  92.819847  93.817032  91.995628  87.677658  80.946404  73.142342  64.428123  55.024063  45.823280  39.162655 
 38.439949  43.200157  50.277809  58.663597  66.436562  73.064064  78.025780  81.159065  81.941719  80.455154  76.875000  71.460472  64.615784  56.932030  48.537186  41.486252  37.869167 
 36.054115  39.240364  43.069065  49.495049  56.389900  62.002396  66.573074  69.060730  69.775673  68.568283  65.540001  61.005676  54.928902  48.160995  41.890106  38.122082  35.741253 
 } 


 White Balance Data with optical Center Data
 r_center_x =  641 r_center_y =  462 
 gr_center_x =  638 gr_center_y =  472 
 b_center_x =  633 b_center_y =  494 
 gb_center_x =  625 gb_center_y =  466 
 r/gr 0.621716 
 b/gr 0.665182 
 gb/gr 0.996660 
 r_oc_ave 116.653336 
 b_oc_ave 124.808884 
 gr_oc_ave 187.631104 
 gb_oc_ave 187.004440 

 [AWB]
 RGr =  0.621716 
 BGr =  0.665182 
 GbGr =  0.996660 
 r_oc_ave =  116.653336 
 b_oc_ave =  124.808884 
 gr_oc_ave =  187.631104 
 gb_oc_ave =  187.004440 