 LEFT LENS SHADING DATA
 RED Channel
 {
 27.807919  30.514168  34.395153  40.561825  47.021194  52.582504  56.795685  59.324944  60.066093  58.754478  55.908913  51.404846  45.821144  39.493904  33.597706  30.371876  28.354374 
 29.256248  33.473751  40.230782  48.194534  55.735153  62.138748  67.282967  70.482658  71.449219  69.771561  66.224533  60.731720  54.050316  46.683281  39.110626  32.889374  29.499374 
 30.972656  37.737030  46.521717  55.651253  64.263596  71.794220  78.056404  82.258278  83.526093  81.472191  76.805939  69.973434  62.131561  53.832497  45.000626  36.639999  30.645416 
 33.351822  42.319530  52.257187  62.340469  72.023285  81.035934  88.930153  94.124687  95.598122  92.888596  87.056091  78.742500  69.514534  60.040939  50.260468  40.702499  32.625416 
 35.927551  45.999844  56.723434  67.720154  78.487030  89.044998  98.255783  104.217346  105.919846  102.724846  95.923126  86.252655  75.525314  64.955627  54.455627  44.031094  34.698803 
 37.448490  48.387032  59.702499  71.161560  83.030785  94.728752  104.515778  110.511253  112.321869  109.288597  102.067032  91.380783  79.653122  68.268440  57.208908  46.295937  36.187187 
 37.964634  49.149841  60.611252  72.506874  84.707970  96.738747  106.574532  112.793274  114.494217  111.507034  104.790779  93.697968  81.744843  69.942657  58.357033  47.061249  36.660831 
 37.331825  48.243279  59.378906  71.052498  82.882187  94.311722  103.992035  110.139847  111.919846  108.749847  102.092812  91.277344  79.624687  68.300934  57.148903  46.241093  36.111717 
 35.761406  45.763283  56.459686  67.439377  78.178436  88.486404  97.393280  103.218750  105.047340  101.665939  95.045311  85.650314  75.197342  64.848595  54.312035  44.037968  34.505676 
 33.022137  42.034843  52.041565  62.060936  71.469215  80.286720  87.795471  92.883438  94.308594  91.815941  86.040001  78.062347  69.005157  59.844688  50.097809  40.544064  32.369061 
 30.794949  37.801407  46.618126  55.533279  63.900627  71.369690  77.503906  81.502190  82.613907  80.691406  76.178436  69.626717  62.049065  53.722656  44.803123  36.562187  30.600105 
 29.498226  33.747814  40.201405  47.902657  55.358284  61.831093  66.893440  70.029373  71.005783  69.537659  65.885315  60.557655  54.015625  46.632500  38.874218  32.784843  29.535469 
 28.006561  30.627815  34.001617  39.911198  46.222237  51.629219  56.065933  58.667709  59.460991  58.252869  55.284889  50.928284  45.119373  38.885830  33.184845  30.099636  27.590050 
 } 
 GR Channel
 {
 52.789902  57.817398  64.127914  73.752914  83.840576  91.875885  98.046349  102.075104  103.322502  101.408440  97.274948  90.416298  81.777916  72.016243  62.903381  57.405418  53.567917 
 55.836143  62.795311  73.446251  85.887497  97.478279  107.114845  114.848434  119.619690  121.009995  118.658432  113.426407  105.152344  94.871246  83.593750  71.657341  61.668747  55.845833 
 58.626877  69.648125  83.413910  97.623123  110.911560  122.263596  131.799377  138.101410  139.943756  136.862183  130.105774  119.828598  107.728752  94.697342  80.932030  67.836716  57.933182 
 62.752502  76.875000  92.199532  107.919060  123.071716  136.738281  148.602814  156.423431  158.727341  154.785934  146.248901  133.681244  119.308594  104.438126  89.259064  74.227654  61.269531 
 66.728340  82.608749  99.279999  116.185318  133.090469  149.162506  162.982025  171.835312  174.379059  169.973434  160.193436  145.612350  128.564850  112.141876  95.851715  79.616096  64.670052 
 69.270210  86.380623  103.864998  121.434067  139.830933  158.017502  172.720627  181.591721  183.998901  179.865463  169.450623  153.138901  134.903442  117.348755  100.124222  83.090622  67.136879 
 69.929848  87.561722  105.309219  123.535934  142.201569  161.057037  176.154694  184.970001  187.168442  183.040466  173.587814  156.697815  138.345306  120.122498  102.147034  84.384842  67.840469 
 68.872559  86.173592  103.373123  121.216248  139.535934  157.446869  172.439056  181.524536  183.689224  179.500305  169.662506  153.299850  135.111099  117.409058  100.168434  83.040001  66.973747 
 66.344223  82.356094  98.889847  115.827972  132.715317  148.823914  162.567963  171.452820  173.993912  169.060150  158.876404  144.698746  128.241562  112.053757  95.715622  79.473282  64.395576 
 62.145622  76.430626  92.074997  107.563904  122.234848  136.050156  147.857025  155.506256  157.842651  154.068756  145.460007  132.976868  118.815475  104.284218  89.095001  74.034218  61.047340 
 58.511200  69.851410  83.630936  97.532967  110.522972  122.088120  131.603912  137.743912  139.488907  136.612350  129.735306  119.602966  107.771561  94.725471  80.757500  67.770622  58.271873 
 56.348183  63.434219  73.594376  85.593903  97.083748  106.997345  114.748901  119.687805  121.076248  118.727036  113.276566  105.140625  95.120003  83.587654  71.456718  61.798439  56.098854 
 53.455254  58.024849  63.488960  72.603279  82.191666  90.719635  97.238281  101.241150  102.331673  100.525566  96.182396  89.590630  80.858337  71.102448  62.154015  57.125099  52.726357 
 } 
 GB Channel
 {
 53.440727  58.105309  64.552551  74.440002  84.514427  92.749115  99.193275  103.194687  104.462029  102.446922  98.144585  91.157448  82.299530  72.412346  63.160522  57.762657  54.042244 
 56.149895  63.022812  73.846092  86.519997  98.299217  108.108910  115.823914  120.689682  122.177658  119.645462  114.289993  105.842659  95.412659  83.797966  71.763435  61.630783  56.073074 
 58.526459  69.893127  83.793121  98.345001  111.712029  123.220474  132.821091  139.134689  141.041092  137.881561  130.913284  120.469528  108.194847  95.002655  80.983597  67.714218  57.938591 
 62.456871  76.960625  92.595314  108.597656  123.893906  137.685944  149.675003  157.624222  159.811569  155.739212  147.032349  134.237976  119.797501  104.637032  89.179840  73.975937  61.050941 
 66.205421  82.550003  99.590309  116.745163  133.749374  149.944382  163.828751  172.780151  175.498749  170.956406  160.890778  146.108124  128.887344  112.267029  95.662498  79.168434  64.225937 
 68.747185  86.122185  103.921249  121.801254  140.413910  158.505005  173.185471  182.134369  184.588913  180.455002  169.915939  153.477493  135.005783  117.173279  99.767967  82.500626  66.398544 
 69.207031  87.187653  105.108437  123.534225  142.384369  161.057037  175.962494  185.000000  187.461716  183.225937  173.661087  156.773743  138.285461  119.852493  101.592972  83.701408  67.070366 
 68.214272  85.672188  103.170311  121.176559  139.573746  157.309372  172.232819  181.309372  183.699692  179.284683  169.534058  153.020630  134.868591  117.013596  99.567184  82.294373  66.036461 
 65.541878  81.875626  98.613281  115.659851  132.619370  148.581879  162.221100  171.243118  173.855942  168.759689  158.664993  144.457504  127.824997  111.626717  95.026405  78.791878  63.626045 
 61.433228  75.925316  91.774376  107.313591  121.976715  135.575317  147.260315  155.011093  157.252182  153.512650  144.856567  132.339996  118.251404  103.742966  88.449997  73.325310  60.355728 
 58.035156  69.499535  83.348434  97.136253  110.102341  121.607025  130.899536  137.012817  138.772812  135.929993  129.054688  118.949844  107.109688  94.176247  80.138123  67.118591  57.734222 
 56.119797  63.085625  73.331406  85.260468  96.600937  106.494377  114.183289  119.032654  120.461563  118.075943  112.447342  104.475624  94.383591  83.043121  70.918282  61.272812  55.867813 
 53.477287  57.775627  63.166191  72.429008  81.994270  90.372704  97.018898  100.804535  101.946556  100.046349  95.698807  89.141037  80.258385  70.553535  61.666824  56.621567  52.480728 
 } 
 B Channel
 {
 35.922970  39.447552  44.289898  51.388336  58.785469  64.834373  69.494736  72.062447  72.821877  71.563797  68.649635  63.868233  57.738853  50.723907  43.842548  39.719269  37.514267 
 37.494221  42.503593  50.152809  58.974998  67.177345  74.176872  79.344528  82.492653  83.411873  81.767342  78.431091  72.870316  65.853439  57.712029  49.199844  41.934689  38.360104 
 39.349480  47.296562  57.055466  67.077347  76.355621  84.350471  90.737503  94.652191  95.720154  93.831718  89.523750  82.727966  74.515778  65.507965  55.832184  46.354687  39.932186 
 42.255001  52.250000  63.211090  74.119377  84.374374  93.888748  101.797653  106.769379  108.089531  105.712502  100.110466  91.774216  82.208282  72.223434  61.535156  50.849998  42.239170 
 44.844273  56.125938  67.919060  79.580002  90.885002  101.750313  111.014687  116.723129  118.339691  115.508591  109.138596  99.328903  88.265312  77.201096  65.960472  54.500465  44.719429 
 46.546825  58.678284  70.737968  82.842033  95.101563  106.963905  116.822037  122.713593  124.392029  121.583282  114.709381  103.992035  92.095467  80.286095  68.694374  56.797188  46.460518 
 46.921612  59.288910  71.593437  83.984688  96.309998  108.629684  118.395004  124.432037  126.062347  123.236099  116.927338  105.885315  93.782188  81.920784  69.921562  57.665779  46.918495 
 46.298328  58.408752  70.430000  82.448753  94.445000  106.057343  115.842819  121.778275  123.279526  120.401566  114.341095  103.769997  91.884377  80.297028  68.651405  56.761566  46.426563 
 44.436043  55.930626  67.415001  78.909378  89.898903  100.443283  109.274689  114.833755  116.418747  113.345932  107.126251  98.015160  87.371719  76.801094  65.740311  54.495468  44.557343 
 41.726456  51.985626  62.810936  73.299530  83.070313  92.018280  99.381096  104.047653  105.433746  103.122185  97.934059  90.150467  81.059685  71.485779  61.257660  50.679840  42.129639 
 39.367607  47.338436  57.006561  66.510155  75.158279  82.732811  88.676720  92.427811  93.399063  91.732658  87.598122  81.378906  73.634842  65.077499  55.426559  46.130157  39.792034 
 37.764534  42.791405  49.978127  58.261406  66.015778  72.576721  77.514687  80.532654  81.452812  80.199684  76.933907  71.749687  65.085159  57.188126  48.718437  41.682343  38.143803 
 35.537865  38.989529  42.796455  49.227036  55.902657  61.609009  66.065102  68.513283  69.432816  68.392189  65.741196  61.320938  55.360367  48.464790  42.075523  38.303387  35.604218 
 } 


 White Balance Data with optical Center Data
 r_center_x =  626 r_center_y =  467 
 gr_center_x =  640 gr_center_y =  489 
 b_center_x =  634 b_center_y =  478 
 gb_center_x =  651 gb_center_y =  476 
 r/gr 0.611505 
 b/gr 0.673053 
 gb/gr 1.001750 
 r_oc_ave 114.897781 
 b_oc_ave 126.462219 
 gr_oc_ave 187.893326 
 gb_oc_ave 188.222229 

 [AWB]
 RGr =  0.611505 
 BGr =  0.673053 
 GbGr =  1.001750 
 r_oc_ave =  114.897781 
 b_oc_ave =  126.462219 
 gr_oc_ave =  187.893326 
 gb_oc_ave =  188.222229 