 LEFT LENS SHADING DATA
 RED Channel
 {
 27.479374  29.781876  33.727814  39.801353  46.301357  51.873123  56.068855  58.862816  59.700676  58.433540  55.628700  51.132813  45.456200  39.174740  33.416145  30.279114  28.264950 
 28.555210  32.559376  39.322811  47.205936  54.672188  61.188126  66.460938  69.851563  70.951721  69.299377  65.771408  60.229065  53.527657  46.228283  38.624062  32.517654  29.412868 
 29.895992  36.632030  45.321407  54.300934  62.899063  70.574532  77.131409  81.515312  82.955467  80.779686  76.199219  69.356560  61.401093  53.200310  44.336563  36.078125  30.280209 
 32.333126  41.146873  50.939529  60.851410  70.677032  79.878906  88.011871  93.374687  95.025780  92.402344  86.492813  78.180779  68.887810  59.426872  49.659218  40.116562  32.173229 
 34.741096  44.735470  55.389061  66.340469  77.313591  87.962029  97.435158  103.600471  105.415154  102.352814  95.635315  85.822029  75.017189  64.407028  53.885315  43.502342  34.190468 
 36.323597  47.081718  58.177345  69.822815  81.858597  93.733910  103.945465  110.244377  112.124374  108.974686  101.919373  91.139221  79.266563  67.803749  56.566254  45.620625  35.524376 
 36.719688  47.692188  59.133904  71.116096  83.400467  95.684219  105.833748  112.331253  114.017654  111.251091  104.656563  93.620003  81.421097  69.473434  57.765472  46.369373  36.234375 
 36.019062  46.865311  58.047966  69.551407  81.527191  93.178909  103.199684  109.683441  111.436096  108.583435  102.131096  91.195313  79.259689  67.844841  56.536247  45.562187  35.677605 
 34.408905  44.393280  54.977814  65.816719  76.802345  87.368752  96.566254  102.625778  104.497658  101.443596  94.945465  85.590309  74.853752  64.419998  53.700783  43.408749  34.137085 
 31.779476  40.671562  50.412971  60.284843  69.958122  79.013748  86.861252  92.071404  93.677971  91.365471  85.742500  77.727501  68.653282  59.230316  49.445938  39.872658  32.022449 
 29.718124  36.390625  44.953438  53.830315  62.279846  69.974846  76.307190  80.521721  81.860626  79.967033  75.509216  68.957344  61.322502  53.041252  44.087814  35.971092  30.242550 
 28.524635  32.487343  38.889843  46.590626  53.927032  60.377502  65.613747  69.077499  70.149063  68.701248  65.117500  59.777969  53.328903  45.908127  38.293282  32.394844  29.412136 
 27.060886  29.556301  33.016304  38.826462  45.093075  50.532921  55.024170  57.730827  58.502396  57.586250  54.571663  50.095261  44.452866  38.259373  32.669743  29.885052  27.895054 
 } 
 GR Channel
 {
 53.062805  57.702393  63.942505  73.572708  83.516464  91.815567  98.218224  102.214012  103.537239  101.611298  97.649948  90.759422  81.929382  72.195938  63.383018  58.131981  54.291565 
 55.554474  62.421562  72.995003  85.275627  96.836876  106.948280  114.682816  119.810471  121.353287  119.001099  113.711411  105.341721  95.100624  83.859688  71.997185  62.130310  56.709480 
 58.003120  68.985626  82.486877  96.472656  109.816559  121.573593  131.362976  137.776245  139.816254  136.742035  129.897659  119.688751  107.636871  94.802971  81.103592  68.059685  58.549271 
 61.946716  75.974846  91.133591  106.476875  121.729691  135.912338  148.052963  156.001251  158.504211  154.883743  146.174225  133.666870  119.370621  104.733437  89.512032  74.480003  61.679993 
 65.752815  81.720314  98.082497  114.833588  131.785629  148.244537  162.477966  171.502808  174.287964  169.968597  160.116089  145.523590  128.900940  112.444214  96.065002  79.784843  64.903381 
 68.379478  85.464066  102.684532  120.291245  138.754379  156.815308  172.163132  181.387497  183.857498  179.685318  169.456726  153.494370  135.406250  117.695618  100.323280  83.255936  67.205940 
 68.958382  86.437347  104.164841  122.551712  141.331726  160.039688  175.135315  184.529846  187.040787  183.003433  173.784378  157.383286  138.883286  120.576096  102.408905  84.349533  68.174736 
 67.798752  84.961250  102.338753  120.146408  138.692505  156.534531  171.574219  180.882965  183.290619  179.279846  170.131714  153.970779  135.571243  117.844223  100.287971  83.107658  67.324944 
 65.072342  81.205467  97.655472  114.544067  131.517029  147.991882  161.971405  170.700470  173.338593  168.938599  159.447662  145.364380  128.740936  112.597504  95.877342  79.653595  64.737129 
 61.185463  75.244843  90.576561  105.993752  120.992813  135.158432  147.190308  154.853745  157.032806  153.742035  145.559372  133.301880  119.138596  104.535309  89.241562  74.177811  61.578651 
 57.622299  68.553123  82.035622  95.930153  109.216095  121.080780  130.949997  137.161560  138.975311  136.247345  129.541718  119.637497  107.792816  94.732498  80.771561  67.905159  58.478279 
 55.437035  62.232658  72.519684  84.516876  96.173439  106.123283  114.107971  119.355164  120.814056  118.428284  113.012024  105.041092  94.909691  83.500626  71.596565  62.085785  56.865990 
 52.759949  57.427452  62.996361  72.091461  81.926765  90.403900  97.104836  101.350365  102.169899  100.276405  95.880157  89.334641  80.764275  71.032295  62.354065  57.721825  53.775574 
 } 
 GB Channel
 {
 53.530785  58.149536  64.509689  74.202507  84.387138  92.989891  99.487289  103.802864  105.010628  103.091721  98.882347  91.712189  82.785675  72.738388  63.595833  58.358543  54.779373 
 55.697449  62.627655  73.510941  85.998749  97.747345  107.926559  115.850632  121.127655  122.760620  120.286087  114.852966  106.202187  95.787971  84.324844  72.243752  62.304375  56.957703 
 57.992241  69.030785  82.922813  97.152031  110.681877  122.515320  132.443909  139.078430  141.325150  138.116089  130.987808  120.592026  108.242500  95.278435  81.320625  68.038750  58.527084 
 61.687035  75.938904  91.432030  107.125313  122.432343  136.736099  149.002029  157.243912  159.866714  156.037186  147.127808  134.540314  120.037338  105.134529  89.576721  74.287498  61.450424 
 65.219162  81.553749  98.198906  115.152191  132.363586  148.879211  163.224838  172.579376  175.402496  170.952820  160.952347  146.026566  129.160629  112.575623  95.961403  79.350471  64.440674 
 67.650162  84.997032  102.490158  120.372818  138.816559  157.055939  172.345627  181.919220  184.513596  180.221878  169.912033  153.678909  135.464691  117.555161  99.982033  82.650002  66.604996 
 68.052139  85.693596  103.704216  122.328430  141.108124  159.749695  174.849686  184.442032  187.155151  183.023743  173.627808  157.073288  138.621094  120.166870  101.852814  83.700157  67.382034 
 66.819168  84.233749  101.790001  119.728287  138.234848  156.118286  171.090149  180.515930  183.043747  179.142807  169.872818  153.598587  135.228287  117.349838  99.664528  82.277657  66.456612 
 64.193024  80.420937  97.034531  113.942032  131.048279  147.401871  161.274841  170.108749  172.922028  168.541092  159.065002  144.919846  128.391098  112.000305  95.268440  78.922340  64.159637 
 60.281197  74.593903  89.958908  105.384529  120.432190  134.468597  146.390778  154.149216  156.477188  153.119843  145.064682  132.701401  118.565781  103.884064  88.595314  73.528122  60.816460 
 56.934532  67.988907  81.567970  95.434372  108.661247  120.458908  130.165161  136.444687  138.330002  135.503906  128.871872  118.960159  107.085938  94.135628  80.227966  67.338440  58.080101 
 55.124680  61.768440  72.007965  84.027809  95.555153  105.484222  113.359070  118.653748  120.197495  117.816711  112.392502  104.379059  94.361252  83.014847  71.014847  61.672028  56.658485 
 52.573013  57.039276  62.556091  71.678230  81.600784  89.924843  96.595306  100.969170  101.898750  100.209846  95.673332  88.972404  80.402916  70.557549  61.983383  57.246826  53.571831 
 } 
 B Channel
 {
 36.408386  39.865051  44.521091  51.752754  58.948692  65.137657  69.683334  72.355469  73.084381  71.817078  69.083282  64.413750  58.000473  50.745209  44.280415  40.243748  38.072914 
 38.366718  43.464844  51.589218  60.701721  69.138908  76.184532  81.550003  84.937347  85.910622  84.349998  80.851410  75.105003  67.938591  59.776878  50.917503  43.668751  40.366249 
 39.927502  48.018753  58.266251  68.404846  77.837029  86.042656  92.827812  97.176720  98.578125  96.642029  92.053596  85.195465  76.728127  67.583435  57.577034  47.940624  41.671043 
 42.726093  53.026718  64.175156  74.975471  85.572029  95.369843  103.665627  109.124374  110.644844  108.227966  102.490784  94.033279  84.241409  74.045471  63.218597  52.245628  43.716877 
 45.307240  56.760780  68.598747  80.275627  91.809532  103.071404  112.710464  118.870316  120.656555  117.767975  111.148903  101.449371  90.071404  78.854218  67.364845  55.672188  45.757607 
 46.731926  58.865471  70.964691  83.227501  95.822029  108.137497  118.559525  124.842499  126.499069  123.760941  116.981720  106.120628  93.836876  81.793594  69.823593  57.795937  47.108852 
 46.960411  59.228752  71.631096  84.276405  96.912033  109.486565  119.906097  126.143753  128.078751  125.448120  119.197037  108.065628  95.687187  83.488594  71.068596  58.408127  47.760208 
 46.163021  58.329689  70.473122  82.618126  94.971252  107.018127  117.267029  123.588440  125.344055  122.922806  116.803284  106.050003  93.712189  81.758278  69.617500  57.497032  47.125156 
 44.327656  55.798279  67.414215  78.986877  90.361404  101.341408  110.688751  116.659378  118.632813  116.006714  109.757965  100.388283  89.331879  78.296249  66.779373  55.256409  45.370777 
 41.449635  51.607346  62.473282  73.204529  83.294373  92.727188  100.689217  105.926559  107.549217  105.677185  100.434685  92.492966  83.030785  72.951408  62.369217  51.462341  43.111301 
 38.803226  46.756561  56.542191  66.324844  75.545158  83.471878  89.992966  94.216095  95.576096  94.010628  89.884842  83.395622  75.400467  66.322502  56.406403  46.994999  40.946671 
 37.282967  42.413593  50.000313  58.645309  66.803284  73.601715  78.922966  82.314377  83.582497  82.288124  78.857346  73.477654  66.515938  58.352028  49.716248  42.761875  39.762291 
 35.536304  39.099216  43.222813  49.932396  57.016411  62.974007  67.517761  70.218124  71.112503  70.175629  67.394638  62.796196  56.688850  49.622658  43.119999  39.457291  37.287708 
 } 


 White Balance Data with optical Center Data
 r_center_x =  651 r_center_y =  473 
 gr_center_x =  622 gr_center_y =  482 
 b_center_x =  622 b_center_y =  477 
 gb_center_x =  636 gb_center_y =  485 
 r/gr 0.609026 
 b/gr 0.683838 
 gb/gr 0.999882 
 r_oc_ave 114.440002 
 b_oc_ave 128.497772 
 gr_oc_ave 187.906662 
 gb_oc_ave 187.884445 

 [AWB]
 RGr =  0.609026 
 BGr =  0.683838 
 GbGr =  0.999882 
 r_oc_ave =  114.440002 
 b_oc_ave =  128.497772 
 gr_oc_ave =  187.906662 
 gb_oc_ave =  187.884445 