 LEFT LENS SHADING DATA
 RED Channel
 {
 26.647289  29.321877  32.848278  38.902138  45.115105  50.563225  54.942032  57.519005  58.306099  56.917030  54.235527  49.758591  44.048386  38.131351  32.497707  29.308804  27.517971 
 28.076458  32.083126  38.621407  46.311092  53.732185  60.147812  65.403908  68.745468  69.657967  68.027657  64.428436  58.940468  52.356094  45.273438  37.804375  31.638596  28.601303 
 29.641144  36.402813  44.922813  53.942345  62.371559  70.119690  76.512497  80.890625  82.212029  80.048279  75.376877  68.596405  60.716560  52.529221  43.832031  35.571877  29.586460 
 32.010780  40.883907  50.857185  60.886406  70.582497  79.616096  87.635468  93.068596  94.766090  92.223595  86.372810  77.837341  68.567810  59.096878  49.384529  39.886719  31.725262 
 34.652241  44.844532  55.528122  66.509842  77.625000  88.049065  97.262032  103.562347  105.552658  102.540154  95.830467  85.869064  75.044220  64.418907  53.762497  43.492188  34.179272 
 36.605419  47.436249  58.790779  70.561722  82.576561  94.209373  104.262032  110.739998  112.600632  109.692657  102.465935  91.797028  79.861877  68.249687  56.877968  45.968437  36.013851 
 37.324535  48.580154  60.213753  72.395935  84.620628  96.776878  107.105469  113.575317  115.351257  112.517181  105.897346  94.820313  82.380936  70.313904  58.522659  47.067501  36.782497 
 36.994064  47.945313  59.351563  71.030312  83.060158  94.676872  104.980316  111.544060  113.283752  110.475471  103.814064  92.859375  80.603439  68.944221  57.535782  46.543282  36.384319 
 35.424847  45.794220  56.474846  67.654373  78.744843  89.337029  98.770935  104.999535  106.901878  104.078278  97.145470  87.359062  76.411873  65.659843  54.974998  44.556717  34.961929 
 33.097137  42.211094  52.156563  62.464996  72.303284  81.406876  89.190002  94.746872  96.377029  93.992653  88.150154  79.836716  70.306877  60.765160  50.895309  41.107346  32.774216 
 30.969425  37.976719  46.984219  56.314690  64.991722  72.592659  78.966560  83.346252  84.681404  82.763123  77.874062  71.117966  63.144379  54.649216  45.617970  37.137501  30.856667 
 29.779064  34.117813  40.843750  48.922340  56.567032  63.156250  68.384377  71.765938  72.873123  71.334999  67.540154  61.860466  55.012184  47.554062  39.668907  33.325157  30.036613 
 28.546566  31.184895  34.829586  40.914219  47.544327  53.045837  57.361038  60.177597  60.956039  59.693336  56.630783  51.989014  46.278858  39.735729  33.832027  30.625782  28.664951 
 } 
 GR Channel
 {
 52.390938  57.305107  63.147865  72.601555  82.044220  90.476563  97.025314  101.430412  102.548698  100.537918  96.488647  89.690628  81.073486  71.751198  62.774162  57.673798  54.294640 
 55.411354  62.084686  72.331406  84.245316  95.709846  105.612816  113.749069  118.882507  120.226410  117.926254  112.639069  104.378128  94.264534  83.191406  71.446251  61.568596  56.297546 
 57.999168  68.946251  82.242188  96.143593  109.342812  121.400620  131.248123  137.706100  139.788284  136.827347  129.921402  119.696564  107.555000  94.727028  81.147346  67.994530  58.179741 
 61.831100  75.954216  91.166252  106.682503  121.912659  136.335632  148.258118  156.627655  159.228287  155.572495  147.257813  134.249695  119.735474  104.998749  89.866722  74.824532  61.551407 
 65.745308  81.812813  98.231094  115.119370  132.335007  148.801712  163.101563  172.474838  175.422348  171.425156  161.873276  146.784225  129.857819  113.182037  96.639374  80.532188  65.493439 
 68.839211  85.842346  103.171875  121.170151  139.707657  157.911087  173.420624  183.189056  185.782654  182.066879  171.777496  155.630005  137.057037  119.022964  101.574066  84.528748  68.402916 
 70.056976  87.545311  105.333908  123.812347  142.649689  161.604370  177.279526  187.091721  189.721100  186.116714  176.785629  160.168121  141.212967  122.473587  104.041252  86.187500  69.869591 
 69.449432  86.600471  103.989998  121.740311  140.384216  158.549057  174.195007  184.196716  186.938431  183.113129  173.683289  157.317657  138.192810  120.062653  102.350311  85.254684  68.965935 
 66.962341  83.166718  99.597656  116.762817  134.069687  150.566559  164.839844  174.555939  177.354538  173.557663  163.607025  148.612350  131.692963  114.786560  98.216408  81.884377  66.671455 
 63.359428  77.646721  92.973434  108.775002  123.961563  138.239380  150.446243  158.796570  161.307663  158.193588  149.466873  136.848755  122.062500  107.162033  91.727028  76.457031  63.080162 
 59.753120  71.195625  85.216560  99.342812  112.787506  124.668900  134.516556  141.231247  143.174683  140.497345  133.405624  123.025162  110.905785  97.642815  83.552658  70.082809  59.824478 
 57.440361  65.008904  75.613129  88.114532  99.970467  110.158592  118.213120  123.247971  124.882965  122.635468  117.018906  108.485939  98.085785  86.511253  74.140778  63.883438  58.152184 
 54.732864  59.890366  65.787712  75.449738  85.837769  94.256714  100.845627  104.934837  106.116936  104.476929  99.804115  92.949265  84.114738  74.136253  64.631828  59.302605  55.509689 
 } 
 GB Channel
 {
 53.558067  58.380150  64.203491  73.693596  83.537292  92.022552  98.772392  103.098022  104.362297  102.095940  97.894432  90.768433  82.040215  72.578751  63.370941  58.229172  55.142502 
 56.207657  63.005783  73.459534  85.570465  97.298126  107.237343  115.372818  120.623444  121.950623  119.395935  113.946716  105.529686  95.265625  83.918747  71.984688  62.014999  56.850838 
 58.593330  69.660004  83.309372  97.417969  110.797501  122.918900  132.814056  139.373276  141.452499  138.168274  131.221725  120.705154  108.501404  95.344215  81.425934  68.087502  58.326668 
 62.070885  76.574844  92.130783  107.953590  123.401566  137.735626  149.666718  158.102036  160.678589  156.918900  148.340149  135.239212  120.505310  105.512970  90.098747  74.848122  61.413124 
 65.860992  82.352028  98.963593  116.125000  133.547180  149.880783  164.172028  173.627502  176.560776  172.364059  162.608902  147.311722  130.310623  113.451401  96.685623  80.276566  65.234062 
 68.772087  86.096252  103.588905  121.772186  140.405777  158.356094  173.766251  183.469528  186.156250  182.229370  171.998901  155.717651  137.113434  118.931717  101.277344  84.019844  67.817139 
 69.650108  87.342186  105.325470  123.958435  142.721405  161.508438  176.866409  186.589218  189.350632  185.615463  176.210464  159.667969  140.729691  121.935623  103.425781  85.498909  68.915779 
 68.951767  86.299690  103.772972  121.685623  140.046722  157.983597  173.439529  183.343124  186.099838  182.250000  172.739532  156.431870  137.495468  119.294998  101.615936  84.248283  68.100151 
 66.440262  82.747971  99.172501  116.324371  133.535156  149.630936  163.777969  173.354538  176.167038  172.125473  162.186096  147.371246  130.565781  113.851257  97.277809  80.888283  65.710983 
 62.918961  77.149376  92.512184  108.241249  123.237656  137.075150  148.945786  157.188599  159.622345  156.481567  147.752182  135.357971  120.770630  105.993591  90.641090  75.424065  62.285309 
 59.187653  70.744530  84.542816  98.723282  111.665939  123.203430  132.860153  139.372192  141.375778  138.522339  131.547028  121.327652  109.393753  96.345940  82.482971  69.116249  59.151672 
 57.224220  64.489845  75.129219  87.401718  98.866249  108.788597  116.590469  121.511093  122.921875  120.688904  115.115158  106.782188  96.702660  85.334999  73.080002  63.073593  57.447975 
 54.564217  59.414223  65.218597  74.781509  84.917915  93.142967  99.514427  103.703804  104.885216  103.074532  98.402031  91.503021  82.955368  73.172501  63.739578  58.392967  54.803795 
 } 
 B Channel
 {
 36.069271  39.940941  44.712238  52.090523  59.522659  65.576614  70.325630  72.998848  74.008751  72.485939  69.687035  64.799377  58.544632  51.392181  44.694740  40.674271  39.045937 
 37.598854  42.729687  50.502029  59.394684  67.688278  74.561409  80.061874  83.519684  84.362503  82.825935  79.391403  73.785622  66.606094  58.592186  49.965782  42.707188  39.558441 
 39.434219  47.509842  57.419373  67.461563  76.777191  84.890312  91.509216  95.837029  97.169998  95.173592  90.722343  83.739059  75.509842  66.479065  56.715309  47.044998  40.732914 
 42.121094  52.509216  63.686249  74.644997  85.147186  94.767967  102.859375  108.178596  109.964378  107.607971  102.143906  93.503441  83.825935  73.639687  62.945465  51.991409  43.253696 
 44.827450  56.570160  68.352654  80.213440  91.973122  102.990311  112.480164  118.630630  120.543594  117.886566  111.499062  101.622185  90.320778  79.064529  67.516090  55.962967  46.019009 
 46.952812  59.175316  71.542656  83.967659  96.611252  108.684532  118.924057  125.175781  126.889069  124.457962  117.726563  107.044060  94.773903  82.614845  70.555153  58.491875  47.898960 
 47.633854  60.189690  72.756096  85.588905  98.263123  110.747498  121.028595  127.399216  129.036407  126.615005  120.528275  109.489059  96.864845  84.563438  71.927185  59.537971  48.704422 
 47.056301  59.394844  71.910309  84.255936  96.650154  108.498436  118.850937  125.219223  126.947189  124.497192  118.448120  107.710938  95.095940  82.927498  70.799217  58.777191  48.160942 
 45.412548  57.193596  69.126404  80.956253  92.461876  103.213753  112.597351  118.784531  120.557037  118.099686  111.507500  101.783752  90.583908  79.408592  68.035004  56.535156  46.638702 
 42.742764  53.415466  64.540466  75.611565  85.758438  95.155472  102.868752  108.205627  109.596405  107.559372  101.912186  93.772972  84.087029  74.232033  63.561722  52.710938  44.053852 
 40.399952  48.822655  58.902969  68.993439  78.252968  85.922653  92.212814  96.290779  97.447029  95.701561  91.139687  84.530159  76.538910  67.630157  57.710785  48.123283  41.699322 
 38.960312  44.196564  52.098747  61.095467  69.273125  76.033440  81.160469  84.256409  85.119217  83.672966  80.188751  74.685310  67.787659  59.749062  50.905785  43.564220  40.264843 
 36.865311  40.508228  45.087086  51.899429  59.084793  64.910934  69.208176  72.162865  72.741508  71.714432  68.753754  64.149063  58.106201  51.011978  44.203072  40.144424  38.070259 
 } 


 White Balance Data with optical Center Data
 r_center_x =  610 r_center_y =  497 
 gr_center_x =  636 gr_center_y =  475 
 b_center_x =  631 b_center_y =  487 
 gb_center_x =  622 gb_center_y =  496 
 r/gr 0.607546 
 b/gr 0.678808 
 gb/gr 0.997597 
 r_oc_ave 115.720001 
 b_oc_ave 129.293335 
 gr_oc_ave 190.471115 
 gb_oc_ave 190.013336 

 [AWB]
 RGr =  0.607546 
 BGr =  0.678808 
 GbGr =  0.997597 
 r_oc_ave =  115.720001 
 b_oc_ave =  129.293335 
 gr_oc_ave =  190.471115 
 gb_oc_ave =  190.013336 