 LEFT LENS SHADING DATA
 RED Channel
 {
 28.003857  30.295105  34.330154  40.473595  46.825001  52.025162  56.224846  58.705727  59.167343  57.647400  54.456512  49.780418  44.054062  37.938545  32.310104  29.159374  27.278126 
 29.453434  33.680939  40.677032  48.490471  55.963753  62.338280  67.386719  70.407814  70.861717  68.819061  64.970467  59.131248  52.379059  45.253124  37.729687  31.790627  28.356876 
 31.098751  38.263748  47.084373  56.171410  64.851563  72.368279  78.684219  82.538910  83.344376  80.670624  75.518753  68.459221  60.470154  52.176559  43.512032  35.572033  29.542236 
 33.871613  42.971405  53.046562  63.074532  73.139999  82.105316  89.748749  94.546249  95.582184  92.340309  85.809998  77.182030  67.814064  58.362656  48.776093  39.523281  31.430992 
 36.376041  46.735626  57.601563  68.897972  80.049065  90.451248  99.315468  104.757813  105.824684  102.228752  94.845940  84.808746  73.827187  63.209999  52.833122  42.696251  33.533333 
 38.286457  49.201874  60.652496  72.656715  84.903435  96.307816  105.851097  111.283127  112.386093  108.714066  100.993752  89.999222  78.049377  66.599846  55.608437  44.979061  35.003647 
 38.972088  50.106247  62.062347  74.338753  86.520622  98.360001  107.957497  113.515472  114.603287  110.994377  104.051720  92.463593  80.172813  68.335159  56.883438  45.763439  35.730938 
 38.238071  49.409531  60.987503  72.798904  84.629532  95.976250  105.413124  111.040314  112.163589  108.618591  101.467186  90.213440  78.271721  66.956718  55.825157  45.051250  35.131664 
 36.516041  46.964375  57.977966  68.960938  79.857971  89.992813  98.662811  104.090469  105.286873  101.533127  94.596405  84.918282  74.077187  63.658279  53.177032  43.046719  33.864426 
 33.910259  43.121719  53.259689  63.344688  72.944221  81.662186  88.855782  93.633904  94.610466  91.687187  85.552811  77.327972  68.057503  58.713905  49.149529  39.684532  31.794743 
 31.897861  38.752655  47.585938  56.577972  65.007813  72.347031  78.328903  82.095001  82.872498  80.555779  75.605156  68.834061  61.090782  52.681877  43.889530  35.865311  30.192398 
 30.867340  34.609219  41.079845  48.856407  56.226250  62.566559  67.474373  70.356407  71.076874  69.301094  65.525314  59.928596  53.141716  45.776093  38.195000  32.459373  29.418541 
 29.516930  31.612343  34.870468  40.564114  46.948338  52.216148  56.296875  58.829529  59.278542  57.947128  54.898232  50.258797  44.420261  38.205051  32.725414  30.016457  27.849377 
 } 
 GR Channel
 {
 52.864372  57.599800  64.224892  73.669693  83.352859  91.489166  97.796349  101.712288  102.625526  100.479431  96.072395  89.303436  80.669952  71.152191  62.263641  57.201248  54.058334 
 56.092705  63.309372  74.194061  86.189690  97.530159  107.248749  114.977188  119.741882  120.948441  118.192963  112.730316  104.237190  94.120155  82.987190  71.225311  61.647499  56.009583 
 59.264999  70.506248  84.115311  97.879997  111.085159  122.588440  132.340469  138.507187  140.139694  136.789841  129.543747  119.189529  106.854378  93.997345  80.504059  67.747971  57.734428 
 63.450516  77.605934  92.859528  108.199684  123.249847  137.190308  148.993286  156.765625  158.948746  154.783432  145.855621  132.960007  118.551086  103.869217  88.763435  74.121407  60.962448 
 67.306770  83.383438  99.684998  116.417038  133.232193  149.407806  163.191254  171.994217  174.157654  169.606247  159.622971  144.914536  128.034378  111.511871  95.263435  79.219528  64.328903 
 70.165627  87.203125  104.280624  122.027969  140.418747  157.958435  172.766251  181.544998  183.718124  179.228119  168.844376  152.833755  134.647034  116.861557  99.581566  82.802032  66.676399 
 71.138489  88.389534  106.154686  124.214844  142.585785  160.825943  175.639374  184.618118  186.638748  182.397812  173.164993  156.672028  138.129059  119.751724  101.746407  84.056717  67.888596 
 70.105469  87.063591  104.445160  122.039688  139.805161  157.342651  171.959534  180.966873  183.223434  178.862350  169.780151  153.337494  134.873749  117.123123  99.739059  82.814690  66.815941 
 67.383331  83.376251  99.878281  116.228439  132.824066  148.661407  162.236557  170.798126  173.262344  168.487030  159.159058  144.830933  128.119995  111.782028  95.353279  79.516403  64.426201 
 63.198601  77.539215  92.772812  107.774063  122.338593  135.861252  147.200150  154.793121  156.820313  153.367493  144.889847  132.593445  118.399994  103.856720  88.788437  74.002655  61.064949 
 59.865364  70.865158  84.261719  97.783127  110.497971  121.755630  130.975632  137.008286  138.692505  135.766251  128.889526  118.965775  107.051720  94.119217  80.356560  67.688904  58.402031 
 57.706566  64.420311  74.373749  86.026093  97.161560  106.841248  114.361877  119.075943  120.402039  118.048279  112.620468  104.552498  94.304840  83.052345  71.292191  62.032814  57.048225 
 54.244896  58.985733  64.232506  72.999634  82.454475  90.727081  96.981453  100.464272  101.695984  100.132240  95.660263  88.901672  80.239632  70.720886  62.079269  57.863228  54.207397 
 } 
 GB Channel
 {
 54.071930  58.576508  65.300056  74.997398  84.877342  93.222397  99.488853  103.484848  104.395264  101.916771  97.302292  89.991196  81.145515  71.449944  62.439682  57.263855  54.095100 
 56.779846  64.166718  75.232346  87.581566  99.172966  109.092812  116.699692  121.429214  122.381714  119.427185  113.591873  104.871407  94.427185  83.047653  71.108437  61.527191  55.710106 
 59.573074  71.233284  85.192657  99.285782  112.825470  124.434998  134.138901  140.110474  141.595779  137.861099  130.211411  119.563751  107.089066  94.020782  80.377968  67.414375  57.229797 
 63.658279  78.207657  93.943123  109.704063  124.956726  138.946716  150.763123  158.266876  160.173431  155.683121  146.363434  133.282181  118.572342  103.640312  88.347809  73.580780  60.248077 
 67.249062  83.785309  100.535934  117.813431  134.860001  151.029526  164.583755  173.182190  175.187195  170.282501  159.949371  144.888123  127.928284  111.166565  94.645935  78.353127  63.513123 
 69.983284  87.301407  104.903282  123.022339  141.589844  159.204529  173.718124  182.254684  184.304382  179.561722  168.782028  152.491257  134.239685  116.162186  98.701874  81.777657  65.540359 
 70.739693  88.420937  106.562347  125.006256  143.562653  161.610779  176.104691  184.714218  186.689682  182.146713  172.586090  155.895935  137.248276  118.741409  100.623123  82.855003  66.492912 
 69.535881  87.132347  104.800468  122.545151  140.422501  157.681564  172.040939  180.789993  182.774994  178.381561  168.788284  152.317032  133.855316  115.900314  98.482033  81.536407  65.484108 
 66.750214  83.384377  100.104065  116.557495  133.117340  148.749695  161.961868  170.207336  172.457504  167.585785  157.955475  143.564224  126.814224  110.516403  94.043747  78.115311  63.022392 
 62.948547  77.504372  92.787186  107.894531  122.224060  135.527969  146.606400  153.866409  155.746567  151.958755  143.350937  131.119537  116.954376  102.529373  87.508904  72.730934  59.790939 
 59.763077  70.779533  84.208282  97.683128  110.169685  121.114532  130.188904  135.975937  137.440475  134.374695  127.290161  117.422180  105.578125  92.824371  79.129059  66.545471  57.308594 
 57.741714  64.269844  74.201096  85.797653  96.871872  106.268906  113.518280  118.060318  119.301880  116.730316  111.247032  103.239372  92.964844  81.721252  70.107971  60.988907  56.086197 
 54.710884  58.919632  64.109215  72.825363  82.207291  90.282860  96.555153  99.929062  101.023537  99.141563  94.661827  87.906876  79.075050  69.585838  61.094841  56.786201  53.304527 
 } 
 B Channel
 {
 35.024323  38.530991  43.406406  50.512337  57.592079  63.492912  67.946190  70.491669  71.126564  69.693077  66.697289  61.725212  55.416664  48.612137  42.161613  38.298851  36.469685 
 37.005989  42.272030  50.127029  58.917969  67.127502  73.883751  78.991409  82.068748  82.655312  80.862030  77.113129  71.303123  64.205002  56.414841  48.121407  41.208439  37.526772 
 39.072762  47.252968  57.250153  67.073593  76.327347  84.142342  90.549377  94.356094  95.240623  92.765472  88.023285  81.089996  72.854843  64.179062  54.748909  45.584217  38.868179 
 42.059063  52.257813  63.345154  74.209999  84.591095  93.856720  101.490471  106.261566  107.247971  104.279999  98.307030  89.977341  80.529846  70.810158  60.472809  50.029221  41.111095 
 44.648697  56.188904  67.979843  79.835938  91.131874  101.709534  110.536560  115.879837  117.013123  113.728439  107.033440  97.577972  86.690002  75.862190  64.814529  53.487343  43.534218 
 46.579536  58.776405  70.968597  83.274216  95.486252  106.952347  116.355469  121.504684  122.653122  119.513123  112.679062  102.380936  90.720314  79.049530  67.544685  55.837967  45.156094 
 47.082397  59.509064  72.234688  84.536095  96.646095  108.478127  117.609680  123.015625  124.086868  121.131256  115.162186  104.427811  92.640312  80.874847  68.884842  56.593437  45.759270 
 46.443958  58.796875  71.059532  82.943596  94.609062  105.898285  114.907349  120.254684  121.441254  118.752182  113.055161  102.566719  90.838440  79.244217  67.517815  55.771561  45.128647 
 44.551144  56.387810  67.971565  79.132660  90.008278  99.930939  108.290466  113.568283  115.039841  112.158432  106.229378  97.151405  86.542503  75.910469  64.773125  53.588593  43.345470 
 41.942032  52.365158  63.042969  73.324532  82.783127  91.236092  98.338127  102.970467  104.298592  102.183907  96.886253  89.091408  80.038284  70.465157  60.186409  49.684059  40.921562 
 39.765621  47.508125  56.949219  66.196091  74.609840  81.896561  87.715309  91.552185  92.662811  91.031715  86.670311  80.357346  72.535156  63.892654  54.282341  45.256405  38.837868 
 38.255466  42.806095  49.798752  57.906250  65.469063  71.856407  76.806564  79.848122  80.919998  79.449532  76.066254  70.767502  63.915154  56.022034  47.792343  41.097187  37.903019 
 36.051304  38.925468  42.423336  48.701256  55.467392  61.179947  65.412819  67.958130  68.582924  67.626404  64.704994  60.245415  54.261620  47.375153  41.196720  38.059685  35.561771 
 } 


 White Balance Data with optical Center Data
 r_center_x =  635 r_center_y =  481 
 gr_center_x =  636 gr_center_y =  496 
 b_center_x =  634 b_center_y =  496 
 gb_center_x =  631 gb_center_y =  466 
 r/gr 0.613042 
 b/gr 0.663398 
 gb/gr 0.999432 
 r_oc_ave 115.031113 
 b_oc_ave 124.479996 
 gr_oc_ave 187.639999 
 gb_oc_ave 187.533340 

 [AWB]
 RGr =  0.613042 
 BGr =  0.663398 
 GbGr =  0.999432 
 r_oc_ave =  115.031113 
 b_oc_ave =  124.479996 
 gr_oc_ave =  187.639999 
 gb_oc_ave =  187.533340 