 LEFT LENS SHADING DATA
 RED Channel
 {
 34.195625  37.910210  42.475990  50.016769  57.735626  64.623955  70.146873  73.510262  74.587608  72.930267  69.386353  63.641930  56.548492  48.776299  41.627758  37.537762  35.262760 
 36.474792  41.285625  49.150780  58.912186  68.350624  76.689377  83.430626  87.992966  89.432190  87.222969  82.520935  75.292969  66.575783  57.386093  48.081718  40.471718  36.643593 
 38.304062  46.284061  56.859222  68.172188  79.065155  89.396721  98.245316  104.176094  106.069687  103.362816  97.044685  87.767342  77.280472  66.532341  55.437500  45.272812  38.168228 
 41.238281  51.908905  64.108437  76.853905  89.763908  102.231407  113.283752  121.059692  123.803909  120.172806  112.167343  100.475311  87.564690  74.985939  62.465622  50.640625  40.941456 
 44.346462  56.655624  70.074219  84.171249  99.049530  113.624527  126.944534  136.247498  139.274689  135.162033  125.624695  111.894997  96.629059  82.183746  68.284218  55.237190  43.696354 
 46.652653  59.968285  74.082809  89.211403  105.580315  122.146881  136.885468  146.529373  149.624222  145.486557  135.542969  120.272964  103.188438  87.359840  72.325470  58.427345  46.075466 
 47.667866  61.341408  75.677032  91.488907  108.492653  125.914688  141.061569  150.716400  153.619064  149.615784  139.938431  124.288284  106.840469  90.139847  74.355316  59.831253  47.136662 
 47.135471  60.376091  74.693123  89.907501  106.435471  123.071716  137.884369  147.473434  150.519836  146.390625  136.941406  121.824219  104.176559  88.068909  72.959686  58.988907  46.587864 
 45.195263  57.420471  70.983749  85.422813  100.415939  115.364838  128.734070  137.769058  140.969849  136.951569  127.445465  113.782181  98.503906  83.807343  69.636093  56.334846  44.820049 
 42.095104  52.818436  65.246872  78.466721  91.497498  104.166092  115.173126  123.132507  125.867813  122.565002  114.512817  102.913597  89.888748  76.855934  64.135628  52.002342  42.118801 
 39.681511  47.790470  58.640472  70.156563  81.524529  91.880783  100.855469  107.095154  109.208282  106.609840  100.115784  90.816406  79.907654  68.641251  57.235466  46.875156  39.563698 
 38.461040  43.259377  51.112343  60.841721  70.486877  79.086876  86.177811  91.102814  92.791092  90.858749  85.693748  78.242966  69.172813  59.538597  49.644218  42.146095  38.124638 
 36.606876  39.810207  43.841301  50.962761  58.908539  66.163956  71.822807  75.505730  77.077133  75.620834  71.697502  65.731094  58.198639  50.069214  42.350262  38.642132  35.912968 
 } 
 GR Channel
 {
 46.540783  52.512871  58.413757  67.535522  76.507965  84.549583  90.538277  94.380051  95.562134  93.804893  89.696617  83.411873  75.318024  66.193230  57.479012  52.184898  48.743645 
 50.552452  57.472656  67.211250  78.435936  89.057343  98.481247  105.871407  110.849846  112.588593  110.234062  105.018906  97.228127  87.615936  77.140312  65.890472  56.366562  51.152817 
 53.600883  63.998596  76.433441  89.288124  101.773750  113.141403  122.632034  129.409683  131.815475  128.980164  122.098129  111.968437  100.241875  88.151718  75.139374  62.651718  53.468178 
 57.529587  70.697502  84.782341  99.231407  113.609848  127.492035  140.022964  149.160629  152.238281  148.462494  139.678589  126.758591  112.347961  98.047188  83.458595  69.340935  57.018021 
 61.282867  76.165154  91.565002  107.441872  123.914688  140.474380  156.055466  166.635620  169.892029  165.716568  155.551086  139.988586  122.654846  106.258751  90.426872  74.926094  60.774635 
 64.284691  80.055939  96.301559  113.042343  131.257034  150.196091  167.376251  178.355469  181.798126  177.465317  166.737808  149.410309  130.079224  112.153900  95.206879  79.019684  63.752190 
 65.429893  81.640312  98.140472  115.447968  134.562653  154.684372  172.101868  183.187973  186.577972  182.494537  171.987350  154.302032  134.526871  115.637817  97.790939  80.812813  65.119064 
 64.755989  80.634529  96.805626  113.837341  132.538284  151.552338  168.514374  179.670624  183.266251  178.908279  168.562500  151.482498  131.468277  113.331558  96.083122  79.745941  64.528015 
 62.336250  77.014999  92.756721  109.150154  125.965622  142.936096  158.223587  168.426086  172.047180  167.898438  157.515625  142.177185  124.888901  108.248283  92.107658  76.532967  62.182343 
 58.364738  71.753281  86.482033  101.528282  116.091873  130.348755  142.786880  151.547028  154.704056  151.303284  142.533905  129.660629  115.230316  100.508591  85.749374  71.292191  58.786766 
 54.964844  65.751717  78.838593  92.090157  104.927185  116.553589  126.456879  133.395462  135.766251  133.029373  125.949692  115.738586  103.642189  90.997658  77.528122  64.771095  55.191719 
 52.526566  59.800316  69.783279  81.403122  92.416092  102.058746  110.059685  115.367813  117.224533  115.035629  109.550629  101.285309  91.215469  80.203278  68.263908  58.650002  52.609589 
 48.683228  54.580315  60.409325  69.200211  78.789223  86.892494  93.207603  97.428230  99.121407  97.597702  93.033958  86.536980  77.969009  68.461823  58.788696  53.565834  49.049995 
 } 
 GB Channel
 {
 47.161926  53.027344  59.157036  68.607964  77.810829  86.121407  92.668434  96.613747  97.541458  95.639160  91.446304  84.850723  76.342964  66.856560  57.876823  52.369270  48.957191 
 50.674431  57.729218  67.726410  79.317345  90.406250  100.174530  107.860939  113.022507  114.751877  112.223755  106.722343  98.500313  88.467346  77.526566  65.985779  56.325935  51.214691 
 53.340363  63.908905  76.687653  89.885941  102.759377  114.504211  124.319687  131.294846  133.735306  130.633286  123.520157  113.182037  100.858437  88.231873  74.914688  62.247185  52.973862 
 56.910423  70.315002  84.742966  99.560310  114.314224  128.479691  141.321869  150.607193  153.909378  149.960159  140.796402  127.475006  112.501556  97.864998  82.907188  68.496094  56.267967 
 60.454796  75.618126  91.215622  107.446091  124.166870  140.824844  156.656876  167.462814  170.859375  166.720474  155.973129  140.158432  122.524536  105.719528  89.500778  73.801559  59.843224 
 63.200783  79.250153  95.602341  112.552963  130.896408  149.956879  167.180161  178.281403  181.933899  177.457809  166.388443  148.969681  129.409058  111.192184  93.940315  77.675934  62.411774 
 64.376144  80.606560  97.214691  114.706726  133.759369  153.883286  171.111557  182.327820  185.913284  181.592651  170.891556  153.214844  133.322815  114.410629  96.303749  79.234528  63.565987 
 63.498650  79.507813  95.644379  112.717651  131.517807  150.509842  167.267349  178.464996  182.154999  177.780472  167.191711  150.086716  130.210938  111.769379  94.511871  78.089066  62.976974 
 61.096611  75.895157  91.545158  107.941254  124.815628  141.509537  156.730942  167.151093  170.769836  166.416092  156.079376  140.688278  123.282806  106.687347  90.437035  74.858124  60.752708 
 57.266197  70.672653  85.396873  100.292816  114.877808  129.095154  141.571411  150.106094  153.321564  149.777496  141.012344  128.039688  113.497498  98.792343  84.094688  69.647972  57.351517 
 54.004326  64.750778  77.887344  91.138748  103.837029  115.224838  125.124527  131.867493  134.325623  131.512024  124.473907  114.135941  102.190002  89.362190  75.960312  63.316872  53.929382 
 51.879272  59.077187  68.985313  80.594688  91.539063  101.179062  108.958748  114.315155  115.999222  113.800934  108.244064  100.058281  89.854530  78.861565  66.952499  57.445778  51.670990 
 48.190933  53.748856  59.557816  68.495102  78.061562  86.099068  92.459579  96.508698  98.229843  96.775108  92.165306  85.448906  76.904327  67.352402  57.682915  52.581825  48.137245 
 } 
 B Channel
 {
 17.424896  20.229897  23.334114  28.091927  32.925625  37.006409  39.920624  41.567917  41.982708  40.939743  38.997707  35.873123  31.804737  27.107811  22.708229  20.246719  18.971722 
 18.731560  22.065311  27.040157  32.890469  38.241875  42.734531  46.155624  48.300003  48.878128  47.640781  45.100624  41.298126  36.645782  31.469063  25.972813  21.652344  19.625050 
 19.903748  24.911251  31.167969  37.705780  43.635780  48.902344  53.157341  55.890472  56.593285  55.158905  51.910782  47.313126  41.853905  36.147968  29.903126  24.251720  20.371925 
 21.750103  28.217186  35.372032  42.413593  49.060310  55.362343  60.680779  64.327034  65.241722  63.474846  59.495628  53.693909  47.099377  40.582657  33.746250  27.369530  22.090157 
 23.509846  30.914219  38.477188  46.099377  53.653282  60.968285  67.385468  71.585312  72.692810  70.732346  66.135002  59.354843  51.665627  44.172344  36.861252  29.901093  23.933804 
 24.935154  32.705780  40.575001  48.613434  56.772972  64.965935  71.861565  76.186874  77.413597  75.352028  70.647034  63.097031  54.594063  46.576405  38.848907  31.698124  25.189377 
 25.516769  33.427189  41.421719  49.587029  58.021248  66.440628  73.627815  77.945938  79.119064  77.127502  72.504219  64.865784  56.194374  47.997971  39.887501  32.427811  25.782810 
 25.211403  32.968281  40.908436  48.731247  56.879219  65.027344  72.102814  76.502655  77.678123  75.671875  71.107811  63.709534  54.991096  46.882030  39.152344  31.927811  25.471146 
 24.080418  31.389999  38.975937  46.374531  53.861717  61.173752  67.669220  71.904060  73.124374  71.072968  66.363594  59.581566  52.097809  44.662655  37.386093  30.513283  24.389320 
 22.350365  28.805157  35.846405  42.725311  49.401405  55.690628  61.011871  64.503754  65.673279  64.003281  60.012184  54.229691  47.882969  41.225155  34.491718  28.052032  22.700989 
 20.884533  25.802658  32.017811  38.396408  44.426876  49.598747  53.792816  56.587029  57.407501  56.074066  52.956406  48.352188  42.910625  37.027031  30.746876  25.031563  21.003227 
 19.663643  22.815311  27.648125  33.316093  38.566406  42.953907  46.397812  48.651093  49.279533  48.185158  45.706875  41.956249  37.295780  32.052967  26.411564  22.079689  19.686771 
 17.969063  20.393646  23.258961  27.574223  32.127029  35.991199  38.866978  40.637554  41.157238  40.509945  38.463543  35.315834  31.185158  26.635681  21.959476  19.703854  17.875103 
 } 


 White Balance Data with optical Center Data
 r_center_x =  636 r_center_y =  477 
 gr_center_x =  654 gr_center_y =  500 
 b_center_x =  621 b_center_y =  495 
 gb_center_x =  628 gb_center_y =  483 
 r/gr 0.823556 
 b/gr 0.423404 
 gb/gr 0.996556 
 r_oc_ave 154.111115 
 b_oc_ave 79.231110 
 gr_oc_ave 187.128891 
 gb_oc_ave 186.484451 

 [AWB]
 RGr =  0.823556 
 BGr =  0.423404 
 GbGr =  0.996556 
 r_oc_ave =  154.111115 
 b_oc_ave =  79.231110 
 gr_oc_ave =  187.128891 
 gb_oc_ave =  186.484451 