 LEFT LENS SHADING DATA
 RED Channel
 {
 25.482189  27.515102  31.016720  36.610935  42.650730  47.817608  51.582291  54.235733  54.848389  53.394478  50.571251  46.249897  40.829998  34.949371  29.604427  26.460938  24.940521 
 26.961357  30.573437  36.968594  44.503437  51.616562  57.964691  62.965622  66.137810  66.841095  64.992813  61.327499  55.750313  49.288750  42.270626  35.110470  29.245937  26.208435 
 28.261562  34.639061  43.038906  51.759529  60.192657  67.691254  74.028595  78.163750  79.322029  76.918121  72.069534  65.161873  57.183441  49.070000  40.750156  32.921719  27.243591 
 30.605835  39.013748  48.672501  58.461090  68.143906  77.166718  85.114372  90.365471  91.763123  88.823128  82.796875  74.051559  64.648903  55.213753  45.840782  36.864376  29.208126 
 33.148746  42.828751  53.195160  64.052971  75.034691  85.527969  94.765472  100.711876  102.427185  99.132500  92.154846  82.167656  71.049065  60.287498  49.898903  40.045311  31.314899 
 34.977707  45.346874  56.297813  67.789688  79.851715  91.624847  101.617340  107.801407  109.394844  106.141251  98.736717  87.857811  75.618904  63.866249  52.841560  42.325001  32.903751 
 35.602551  46.283592  57.618904  69.650940  81.843597  93.946877  104.054222  110.257813  111.769218  108.740784  101.838905  90.412659  77.949066  65.856094  54.239685  43.242344  33.615467 
 35.081562  45.431564  56.557655  68.205940  80.154686  91.835312  101.772972  107.975937  109.600784  106.447342  99.580002  88.382187  76.036873  64.355469  53.193123  42.586094  33.094215 
 33.551769  43.282188  53.838440  64.708908  75.695625  86.211563  95.451721  101.340782  103.031403  99.672340  92.712029  82.857498  71.776405  61.172966  50.750626  40.802032  31.678070 
 31.267918  39.709999  49.390160  59.390160  69.033279  77.942657  85.694534  90.853439  92.210472  89.688904  83.515778  75.088753  65.710938  56.267189  46.700157  37.459530  29.620571 
 29.300365  35.677658  44.022812  52.926407  61.433128  68.851410  75.144218  79.151718  80.254684  78.011719  73.170624  66.258904  58.454216  50.203590  41.517967  33.612186  27.812187 
 28.495472  31.927345  38.072811  45.684063  52.996094  59.338280  64.348434  67.450310  68.302185  66.530937  62.656876  57.222343  50.539528  43.323906  35.954376  30.059689  27.121353 
 27.165886  29.672966  32.858643  38.563229  44.938801  50.105576  54.400101  56.875320  57.329277  56.154266  52.921043  48.393799  42.863075  36.732449  31.145626  28.205105  26.201767 
 } 
 GR Channel
 {
 51.941414  56.079735  61.922447  70.836716  80.327187  88.123642  94.170776  98.073746  99.145683  97.092865  93.075157  86.473648  78.237915  69.123543  60.534271  55.262291  52.533958 
 54.914742  61.503281  71.732658  83.698593  94.890938  104.534065  112.230164  116.957504  118.107971  115.503906  110.214531  101.890312  92.114998  81.235626  69.809685  60.218124  54.845627 
 57.557297  68.148125  81.481094  95.107658  108.243752  119.738129  129.456879  135.759216  137.675781  134.266251  126.994217  116.807343  104.716408  92.130936  78.983597  66.310158  56.708282 
 61.280991  75.087029  90.245155  105.365311  120.367966  134.330780  146.412506  154.278595  156.709686  152.893753  144.028748  131.086716  116.445465  101.882347  87.118752  72.682503  59.992081 
 65.453232  81.030312  97.168121  113.832031  130.675476  146.999847  161.006561  170.197968  172.825775  168.562805  158.810623  143.851089  126.681870  109.964844  93.806091  77.940002  63.529579 
 68.293228  84.951561  101.866875  119.551559  137.854370  155.719681  171.023438  180.426407  183.009064  178.849380  168.600784  152.412659  133.699066  115.542816  98.285782  81.606720  66.097755 
 69.230988  86.357033  103.757813  121.895462  140.433121  159.093445  174.588593  184.024841  186.625000  182.648285  173.391098  156.309998  137.255310  118.753128  100.569534  83.024063  67.101974 
 68.351768  85.032188  102.128281  119.755157  137.789063  155.929688  171.314377  180.710938  183.463287  179.451874  169.927505  153.178757  134.325470  116.188278  98.753128  81.847969  66.317337 
 65.833076  81.538284  97.796410  114.387497  131.397964  147.764221  161.704376  170.874222  173.732193  169.302811  159.447815  144.686569  127.508286  111.009689  94.619843  78.763908  63.987030 
 62.167809  75.956566  91.082497  106.299843  121.094376  135.070938  146.977814  154.989059  157.329224  153.924057  145.196716  132.434219  117.956879  103.331879  88.250778  73.398590  60.405464 
 58.891563  69.460312  82.742500  96.501717  109.562965  121.057816  130.615158  137.045776  138.913284  135.893906  128.769379  118.560318  106.526718  93.654221  80.076874  67.045158  57.215782 
 56.969894  63.484062  73.378128  85.277496  96.577499  106.357811  114.073120  118.935776  120.450943  117.941879  112.345627  104.163597  93.986404  82.702660  70.944374  61.117340  55.672974 
 54.007813  59.183228  64.871872  74.029579  83.606247  91.941147  98.505211  102.238075  103.274269  101.606041  97.039787  90.157135  81.584526  71.807861  62.793549  57.687134  53.968384 
 } 
 GB Channel
 {
 52.748589  56.514847  62.517029  71.815208  81.283752  89.241669  95.564217  99.580162  100.616249  98.368019  93.886826  87.184578  78.667557  69.394897  60.636360  55.357452  52.551193 
 55.434837  61.936722  72.435158  84.595627  95.940002  105.682503  113.423599  118.332031  119.425003  116.638443  110.994530  102.535004  92.469841  81.392815  69.785934  60.058907  54.774117 
 57.564743  68.440781  82.043594  96.002342  109.232033  120.895157  130.672348  137.021408  138.893433  135.284058  127.776413  117.311874  104.971878  92.226563  78.819374  66.047501  56.359169 
 61.309898  75.286560  90.736565  106.140778  121.413284  135.394058  147.534683  155.542816  157.802963  153.805618  144.634369  131.362976  116.545624  101.658127  86.694847  72.029373  59.403122 
 65.328278  81.046410  97.391716  114.402969  131.465942  147.736252  161.840317  171.021255  173.584061  169.235153  159.078278  143.951569  126.417496  109.634529  93.119217  77.102814  62.636566 
 67.796822  84.733284  101.876251  119.666092  138.123123  156.018753  171.197662  180.710007  183.298599  178.949692  168.488434  152.107651  133.234375  114.854065  97.441559  80.524376  65.023544 
 68.446037  85.845627  103.575157  121.844849  140.421722  158.994370  174.115936  183.804535  186.347961  182.187500  172.781555  155.821564  136.677811  117.938751  99.607971  81.844376  65.951881 
 67.579483  84.487816  101.741249  119.509842  137.567657  155.393127  170.704529  180.242340  182.820160  178.662338  169.150620  152.391876  133.475159  115.256088  97.704689  80.684685  65.100937 
 65.172920  81.044998  97.313591  114.102966  130.822037  147.119690  161.026871  170.054688  172.941101  168.287186  158.420944  143.661255  126.495468  110.038284  93.462341  77.603439  62.839684 
 61.676559  75.432816  90.631721  105.810158  120.540939  134.272186  146.014847  153.846405  156.289215  152.678589  143.886246  131.238586  116.764374  102.076874  87.081093  72.235001  59.342918 
 58.465149  68.999535  82.345627  95.918434  108.801872  120.139999  129.606720  135.900314  137.760315  134.646561  127.447342  117.228912  105.316406  92.446716  78.960312  65.968124  56.321037 
 56.605835  63.040001  72.970779  84.724846  95.936249  105.576408  113.190308  118.009995  119.382034  116.854691  111.092972  102.908440  92.857033  81.679062  69.930466  60.268906  55.075783 
 53.802505  58.760834  64.353493  73.346725  83.011665  91.252441  97.551147  101.515831  102.158913  100.596764  95.926926  89.233025  80.454323  70.796150  61.977341  56.999107  53.457039 
 } 
 B Channel
 {
 34.782242  37.819321  42.328594  49.078178  56.065933  61.777237  65.836296  68.433853  69.145470  67.807968  65.026718  60.488800  54.392288  47.719212  41.211876  37.382813  35.714062 
 36.970158  41.628281  49.292969  57.956718  65.985939  72.763283  77.981094  81.063438  81.942345  80.178596  76.566093  71.037346  64.093124  56.358597  48.020622  40.947811  37.705315 
 38.668491  46.342030  56.191093  65.961090  75.048592  82.926407  89.439690  93.433907  94.759689  92.650314  88.004372  81.148285  72.882965  64.072502  54.625465  45.482346  39.264217 
 41.275520  51.248436  62.248909  73.048904  83.337029  92.676407  100.564064  105.704529  107.227654  104.702347  99.014534  90.497032  80.766403  70.687187  60.303436  49.984222  41.692341 
 44.097706  55.189377  66.817032  78.519844  90.092659  100.850471  110.214531  116.031723  117.626724  114.885468  108.413750  98.608749  87.150154  75.855469  64.740623  53.534531  44.075573 
 45.993908  57.712029  69.714218  81.909531  94.328590  106.303909  116.487350  122.512024  124.215775  121.427963  114.520462  103.834999  91.470779  79.333282  67.509216  55.923439  45.852192 
 46.496559  58.502815  70.813591  83.201248  95.681877  107.959846  118.248749  124.484222  126.347656  123.508911  117.313904  105.981247  93.472031  81.252502  68.927811  56.823441  46.463852 
 45.914738  57.690781  69.757965  81.851250  93.913750  105.753593  115.902649  122.130463  123.879059  121.426086  115.257507  104.266876  91.854691  79.647499  67.682190  55.951248  45.954166 
 44.146774  55.348434  66.946091  78.454689  89.704689  100.472809  109.684372  115.520462  117.341721  114.556564  108.229691  98.723122  87.434685  76.455627  65.044060  53.903435  44.216774 
 41.484585  51.453751  62.327660  73.045784  83.069687  92.091408  99.767342  104.899689  106.358597  104.279221  98.784531  90.608284  81.119690  71.227501  60.637657  50.147186  41.677189 
 39.214584  46.825001  56.536095  66.297653  75.340309  82.949532  89.165001  93.099846  94.182503  92.378128  87.930779  81.322189  73.345154  64.510628  54.881874  45.614689  39.250523 
 37.983852  42.683437  50.055000  58.724533  66.771408  73.662659  78.751564  81.800316  82.606407  81.129997  77.429222  72.007660  65.097809  57.144531  48.515778  41.532501  38.391666 
 36.197186  40.155102  44.512501  51.445152  58.942863  64.944115  69.375732  72.099060  72.656204  71.453751  68.421509  63.716614  57.354485  50.285156  43.537243  39.729168  37.894165 
 } 


 White Balance Data with optical Center Data
 r_center_x =  637 r_center_y =  472 
 gr_center_x =  635 gr_center_y =  505 
 b_center_x =  638 b_center_y =  489 
 gb_center_x =  633 gb_center_y =  493 
 r/gr 0.598066 
 b/gr 0.676059 
 gb/gr 0.997749 
 r_oc_ave 112.160004 
 b_oc_ave 126.786667 
 gr_oc_ave 187.537781 
 gb_oc_ave 187.115555 

 [AWB]
 RGr =  0.598066 
 BGr =  0.676059 
 GbGr =  0.997749 
 r_oc_ave =  112.160004 
 b_oc_ave =  126.786667 
 gr_oc_ave =  187.537781 
 gb_oc_ave =  187.115555 