 LEFT LENS SHADING DATA
 RED Channel
 {
 38.596668  41.764999  45.317135  52.109009  60.122971  67.076721  72.617447  76.053177  77.248337  75.865631  72.498177  66.673485  59.507652  51.836250  44.165573  39.638802  37.090050 
 40.686249  44.887501  52.046097  61.639221  71.188591  79.519844  86.275154  90.751717  92.355003  90.411873  85.805466  78.843285  70.310783  61.023750  51.329529  43.209843  38.701302 
 42.322289  49.681877  59.902657  71.436874  82.373909  92.496719  101.055153  106.939217  109.087189  106.706718  100.544060  91.716721  81.359840  70.631721  59.293747  48.580780  40.518070 
 44.750362  55.091408  67.287971  80.220467  92.812035  105.023285  115.924683  123.650314  126.474686  123.339691  115.601410  104.283905  91.805153  79.152969  66.387810  54.118439  43.487186 
 47.368855  59.645935  73.174377  87.373123  101.894379  116.242813  129.384689  138.405151  141.669846  138.269058  129.128281  115.776871  100.805153  86.331406  72.225624  58.692345  46.556297 
 49.842239  62.964531  77.280312  92.441872  108.422188  124.616257  139.042343  148.712341  152.059219  148.577820  139.043594  124.135315  107.298126  91.276093  76.109840  62.001091  48.994629 
 50.634537  64.386406  79.178436  94.783440  111.329689  128.246719  143.061401  152.728119  156.094849  152.634369  143.595001  128.145004  110.824844  94.124687  78.121872  63.286407  49.952858 
 50.177864  63.723907  78.257813  93.540466  109.498749  125.866409  140.333588  149.992188  153.384064  149.773132  140.792343  125.744995  108.263123  92.014687  76.730782  62.413437  49.420097 
 48.394798  61.016876  74.797501  88.970627  103.782501  118.378754  131.620468  140.767029  144.018753  140.550156  131.162506  117.592972  102.312813  87.622345  73.306877  59.837502  47.483753 
 45.740105  56.564690  69.047340  82.100159  95.193748  107.595154  118.522659  126.348434  129.111252  126.263123  118.285629  106.717499  93.762497  80.780312  67.812653  55.277657  44.322029 
 43.760628  51.553123  62.170937  73.899529  85.347191  95.598747  104.335625  110.468285  112.579681  110.208282  103.707497  94.488594  83.808746  72.572815  60.951408  49.885780  41.265156 
 42.596199  46.868908  54.493752  64.541718  74.333435  82.838280  89.888283  94.524689  96.144844  94.252655  89.326721  81.935936  73.078438  63.330315  53.088753  44.629845  39.500053 
 40.161194  43.257866  47.017910  54.479012  62.518028  69.743492  75.397232  79.085938  80.291718  78.950783  75.131927  69.267181  61.590942  53.292389  44.851250  40.466717  37.403385 
 } 
 GR Channel
 {
 50.693230  55.869476  60.691452  68.866150  78.136932  85.877556  92.091461  95.843124  96.904533  95.283646  91.093124  84.807076  76.749168  67.737343  58.958130  53.461716  49.862556 
 54.384903  60.422813  69.289375  80.559059  91.289215  100.691093  108.178123  112.873123  114.456406  111.887810  106.914375  99.002502  89.386253  78.914215  67.670624  57.977341  52.205887 
 56.986359  66.578438  78.976410  92.278282  104.722809  115.932343  125.214691  131.438431  133.538284  130.594681  123.838440  113.915466  102.352966  90.089996  77.186409  64.650940  54.790100 
 60.449577  73.327499  87.849686  102.687965  117.012650  130.553131  142.225784  150.477493  153.160934  149.631088  140.988586  128.616882  114.411407  100.158127  85.638123  71.285622  58.810211 
 64.059898  79.014061  94.893593  111.129845  127.410309  143.360001  157.518433  166.953125  170.000305  166.313599  156.374695  141.568436  124.725937  108.390625  92.486717  76.934372  62.465202 
 66.916618  83.033905  99.900314  117.047348  134.732971  152.419373  167.983444  177.980164  181.127502  177.378601  167.113586  150.838745  132.130936  114.204849  97.184219  80.913750  65.297913 
 68.187035  84.857658  102.075470  119.678589  138.063126  156.556091  172.524841  182.342499  185.558289  181.836563  172.136246  155.543900  136.301407  117.793274  99.750153  82.579529  66.733910 
 67.739319  84.117035  101.039528  118.184525  136.054382  154.014999  169.597504  179.516251  182.547974  178.607971  168.994217  152.795944  133.259537  115.218277  97.890160  81.331566  66.101982 
 65.394630  80.744843  96.920937  113.058289  129.499222  145.776871  159.927185  169.260941  172.394226  168.566101  158.543274  143.594376  126.456100  109.940628  93.728279  78.102028  63.525154 
 61.828117  75.346878  90.165314  105.064217  119.626556  133.267181  144.940628  153.131409  155.834061  152.684219  143.966568  131.093124  116.588120  102.176407  87.247810  72.701874  59.533958 
 59.024323  69.062035  81.880623  95.587502  108.278282  119.590775  129.026871  135.361252  137.510468  134.683899  127.483276  117.218750  105.270309  92.518127  79.223434  66.270622  55.892715 
 56.687347  63.034218  72.447502  84.252815  95.378593  104.888596  112.465469  117.403900  118.999527  116.636566  110.898903  102.786720  92.847191  81.777657  69.812187  59.751564  53.214058 
 52.336098  57.874008  62.960831  71.753647  81.182968  89.048386  95.346092  99.311615  100.483078  98.796974  94.425781  87.808174  79.422180  69.651619  59.698021  54.333229  50.053650 
 } 
 GB Channel
 {
 51.241562  56.379898  61.165314  69.854431  79.413383  87.722702  94.485313  98.457085  99.748596  97.845993  93.731720  86.806664  78.148071  68.753799  59.586517  53.871040  50.323540 
 54.411148  60.402809  69.536560  81.136719  92.452347  102.259377  110.134064  115.368744  117.201721  114.688278  109.224846  100.921249  90.835785  79.672340  68.002968  58.046875  52.171043 
 56.501503  66.074219  78.661560  92.376877  105.285934  117.050934  126.776718  133.565308  135.844849  132.872498  125.879532  115.488586  103.406250  90.493752  77.181404  64.290627  54.383545 
 59.509010  72.317970  87.037659  102.301407  117.017975  131.050308  143.281555  151.931412  155.027191  151.414688  142.658905  129.734070  114.967819  100.252815  85.237968  70.545158  57.826614 
 62.539635  77.499847  93.555313  110.000778  126.748123  143.061401  157.634216  167.584534  171.192657  167.252029  157.057663  142.134064  124.797974  107.923126  91.499847  75.767815  61.320732 
 65.078697  81.198906  97.944847  115.321411  133.376404  151.413437  167.296402  177.725006  181.210938  177.515625  167.149216  150.619690  131.497025  113.094849  95.786560  79.346252  63.853752 
 66.079948  82.632660  99.727966  117.585159  136.096100  154.899841  171.022812  181.341400  184.864212  181.186249  171.468597  154.733444  135.276093  116.295624  97.935783  80.689842  64.926720 
 65.536507  81.795471  98.622810  115.817657  133.919998  152.001251  167.712662  178.018600  181.376404  177.629211  168.011093  151.591400  131.853439  113.499069  96.093903  79.518753  64.235832 
 63.283379  78.634842  94.560623  110.789841  127.422653  143.664536  158.057816  167.791870  171.169067  167.515472  157.469528  142.426712  125.035461  108.254372  91.906876  76.225784  61.751411 
 60.168076  73.314529  88.106720  102.998596  117.663910  131.406097  143.278748  151.751556  154.707962  151.566559  142.889999  129.981247  115.350937  100.597656  85.603592  71.073593  58.024216 
 57.562714  67.413124  80.252655  93.854378  106.715622  118.040619  127.670319  134.253433  136.534225  133.758118  126.522034  116.274216  104.156715  91.316559  77.888435  64.908592  54.633385 
 55.538956  61.661873  71.066254  82.918282  94.214996  103.882500  111.612968  116.856247  118.414993  116.211090  110.376091  102.121094  91.990623  80.837502  68.718750  58.629845  52.155052 
 51.619370  56.793961  61.989166  70.808075  80.335838  88.572083  95.049431  99.277504  100.851669  98.950050  94.294220  87.501717  78.882294  69.037506  59.020836  53.305054  49.159225 
 } 
 B Channel
 {
 18.745262  21.136925  23.681618  27.789894  32.270260  36.283855  39.311821  41.033489  41.470730  40.680206  38.666096  35.505783  31.506771  27.005054  22.613853  20.053753  19.071667 
 19.828178  22.536720  26.898907  32.342812  37.496719  41.764687  45.294533  47.370781  48.104065  46.925625  44.505470  40.858906  36.310936  31.333595  25.918438  21.529999  19.379581 
 20.847553  25.332344  31.252811  37.568127  43.356094  48.513123  52.669373  55.372971  56.130310  54.798752  51.751717  47.276718  41.980782  36.282032  30.253437  24.563282  20.523075 
 22.339066  28.487812  35.372658  42.229843  48.709686  54.783592  60.075783  63.448906  64.550781  62.870628  59.086876  53.549065  47.234531  40.785625  34.060158  27.648125  22.354374 
 23.907345  30.949219  38.380783  45.722343  53.017654  60.061722  66.297966  70.314842  71.358597  69.664528  65.324844  58.957344  51.574371  44.269531  36.923439  30.114689  24.012184 
 25.177814  32.656563  40.301407  48.074371  55.996407  63.838593  70.430939  74.533127  75.648285  73.949532  69.697655  62.656715  54.499535  46.563595  38.917187  31.761875  25.291874 
 25.673748  33.331249  41.087189  49.070625  57.230316  65.325310  71.858910  75.880783  77.119377  75.516251  71.478279  64.386093  56.072029  47.941406  39.869843  32.435314  25.846565 
 25.448643  32.927811  40.636093  48.403282  56.316719  63.983910  70.516876  74.493439  75.783127  74.072968  70.256248  63.324371  54.792656  46.847187  39.122032  31.909218  25.506924 
 24.429062  31.367813  38.867657  46.253281  53.558281  60.407814  66.280624  70.154060  71.439529  69.995941  65.789688  59.452499  51.976410  44.623749  37.313908  30.380783  24.313076 
 22.757137  28.876095  35.877342  42.794689  49.217812  55.013596  59.914063  63.235939  64.426247  63.127655  59.517815  54.070938  47.773125  41.194843  34.448280  27.916561  22.332809 
 21.406773  26.018436  32.116562  38.441875  44.134064  49.034378  53.010315  55.791878  56.631096  55.547340  52.515312  48.085312  42.783905  36.963905  30.735626  24.829845  20.370888 
 20.382393  23.220314  27.725780  33.199532  38.267345  42.503750  45.788593  47.905312  48.575783  47.655781  45.231251  41.682186  37.159374  31.993282  26.314842  21.632030  19.023071 
 18.579063  20.896145  23.189739  27.381405  31.691719  35.408333  38.327972  40.019894  40.703072  39.916824  38.019581  34.963020  31.047710  26.348492  21.545887  18.997238  17.504326 
 } 


 White Balance Data with optical Center Data
 r_center_x =  642 r_center_y =  512 
 gr_center_x =  633 gr_center_y =  475 
 b_center_x =  651 b_center_y =  501 
 gb_center_x =  646 gb_center_y =  472 
 r/gr 0.841696 
 b/gr 0.414266 
 gb/gr 0.995445 
 r_oc_ave 156.862228 
 b_oc_ave 77.204445 
 gr_oc_ave 186.364441 
 gb_oc_ave 185.515549 

 [AWB]
 RGr =  0.841696 
 BGr =  0.414266 
 GbGr =  0.995445 
 r_oc_ave =  156.862228 
 b_oc_ave =  77.204445 
 gr_oc_ave =  186.364441 
 gb_oc_ave =  185.515549 