 LEFT LENS SHADING DATA
 RED Channel
 {
 26.969372  29.553959  33.416615  39.687656  45.785366  51.101616  55.264168  57.644325  58.461143  56.987343  53.810944  49.200729  43.489113  37.399635  31.769112  28.409271  26.491772 
 28.909374  33.274376  40.111404  47.940781  55.155159  61.361404  66.451248  69.573280  70.357811  68.497971  64.669685  58.997810  52.200157  44.899845  37.622658  31.412186  28.232189 
 30.659584  37.886250  46.711094  55.695160  63.760941  71.235779  77.516716  81.588280  82.648590  80.345779  75.326096  68.307343  60.420937  51.964378  43.442657  35.203125  29.298962 
 33.370415  42.526249  52.512497  62.376717  71.750626  80.619217  88.455940  93.539215  94.934219  92.016403  85.861092  77.159378  67.801720  58.305466  48.808907  39.286251  31.298748 
 36.258904  46.250782  57.061722  67.958595  78.719841  88.876404  97.909065  103.812813  105.362503  102.005623  94.887497  84.857658  73.941872  63.357811  53.005157  42.623123  33.399372 
 38.192921  49.037498  60.101410  71.681091  83.640312  94.888748  104.479530  110.400002  111.885628  108.664215  101.223907  90.213440  78.268753  66.940941  55.875938  45.015938  34.911770 
 38.688644  49.947815  61.491249  73.316719  85.552811  97.407654  106.928909  112.754059  114.084061  111.056564  104.008904  92.835472  80.696877  68.945778  57.174530  45.823437  35.641769 
 38.121563  49.072815  60.573593  71.771248  83.499062  94.919685  104.757034  110.463753  111.788597  108.619377  101.705002  90.878754  78.789375  67.260002  56.020157  45.014687  35.125938 
 36.381512  46.534218  57.299530  68.218903  78.904846  88.958595  98.016403  103.846252  105.142502  101.977188  94.840935  85.128128  74.399841  63.834686  53.255623  42.892811  33.723648 
 33.660778  42.698906  52.648285  62.674690  72.048592  80.770935  88.189529  93.233910  94.551872  91.749374  85.660156  77.516876  68.168121  58.797813  49.011093  39.416405  31.514534 
 31.354168  38.279999  47.036095  56.080002  64.441719  71.688126  77.692184  81.618279  82.655785  80.457031  75.456253  68.742653  60.939377  52.714218  43.736404  35.496719  29.781925 
 29.840836  33.937500  40.636093  48.392029  55.903435  62.136406  67.097656  70.061409  70.719528  69.100937  65.128128  59.587189  52.899841  45.601719  37.950470  31.914063  28.965313 
 28.291668  30.766666  34.359634  40.379742  46.738438  52.084946  56.259117  58.654114  59.152237  57.962601  54.856041  50.202606  44.342136  38.067757  32.382763  29.533646  27.572815 
 } 
 GR Channel
 {
 52.295578  57.218071  63.585678  73.001823  82.406357  90.244164  96.542603  100.343437  101.534119  99.721664  95.409325  88.782448  80.072449  71.151978  62.316154  56.868233  53.344894 
 56.081406  63.313278  73.959221  85.908279  96.883438  106.253754  113.895935  118.603439  120.246399  117.982498  112.764526  104.646408  94.577660  83.504059  72.035309  62.122810  56.631973 
 59.008652  70.450310  84.022186  97.585785  109.869217  121.252975  130.826721  137.140930  139.181870  136.423431  129.564682  119.555313  107.693909  94.765938  81.412659  68.334686  58.539680 
 63.183907  77.492035  92.772034  107.687500  121.857819  135.488907  147.576401  155.613586  158.148743  154.656876  146.216568  133.702347  119.497971  104.822815  90.061409  74.963127  61.899376 
 67.426773  83.128441  99.342812  115.767807  132.076248  147.747498  161.832504  170.904526  173.869217  169.864059  160.426559  145.794693  129.065475  112.805786  96.708595  80.229530  65.425156 
 70.263237  87.067810  103.819374  121.142807  139.247345  156.448288  171.524216  180.909058  183.600784  179.687973  169.580627  153.831253  135.537964  118.143280  100.973122  83.877502  67.855415 
 70.986305  88.322342  105.627029  123.459381  142.004684  160.297806  175.104691  184.134537  186.911880  183.054382  173.667343  157.645630  139.545776  121.654694  103.250153  85.221565  69.045731 
 70.090782  87.042656  104.243904  121.314682  139.091873  156.974838  172.246094  181.280945  183.730621  179.759995  170.562805  155.088745  136.679535  118.843750  101.266563  83.999535  68.223907 
 67.286819  83.195778  99.477501  116.104996  132.570618  148.496719  162.757660  171.819214  174.273438  170.431870  160.796570  146.658905  130.103287  113.695313  97.035309  80.679062  65.747810 
 63.112610  77.512184  92.765472  108.001564  122.572662  136.401245  148.079529  156.052505  158.501251  155.129379  146.833282  134.699997  120.572815  105.917503  90.427811  75.294685  62.250107 
 59.296143  70.697815  84.522499  98.420624  111.441719  122.775467  132.218597  138.409531  140.427032  137.772659  130.818436  120.991714  109.076248  96.128281  82.204529  68.894684  59.273438 
 56.813431  63.983437  74.649689  86.948441  98.508591  108.282654  115.901245  120.507339  122.017807  119.922974  114.393127  106.152969  96.077812  84.659218  72.607346  62.916878  57.586456 
 53.621353  58.638855  64.615936  74.035934  83.795052  92.155785  98.578339  102.551720  103.511978  101.979836  97.607292  90.866928  82.046982  72.298592  63.455055  58.543533  54.851875 
 } 
 GB Channel
 {
 53.052498  57.785416  64.096153  73.787910  83.284317  91.186462  97.334740  100.953178  102.072083  100.111351  95.627548  88.880829  80.194061  71.062393  62.091667  56.719223  53.122971 
 56.529167  63.862503  74.660309  86.779999  97.670784  107.010628  114.577026  119.205475  120.526245  118.045944  112.736099  104.629997  94.420311  83.270309  71.653748  61.761093  56.277969 
 59.447296  71.046875  84.824844  98.611877  110.752029  122.071716  131.465775  137.559219  139.387024  136.455933  129.584839  119.527969  107.427185  94.509842  80.933128  67.824066  58.136147 
 63.612915  78.067497  93.546249  108.710159  122.752350  136.447968  148.254532  156.142349  158.458130  154.830307  146.119843  133.480774  119.257813  104.418594  89.473595  74.297653  61.210777 
 67.711617  83.615158  100.108597  116.614059  132.981400  148.580307  162.337494  171.339371  174.070160  169.961243  160.154373  145.491257  128.627808  112.232498  95.984840  79.495468  64.525681 
 70.292915  87.452499  104.402657  121.887192  139.922806  157.063431  171.664993  180.948441  183.541092  179.513443  169.277496  153.310623  135.057968  117.501556  100.131721  82.989998  66.792496 
 71.252495  88.669998  106.278748  124.091721  142.508911  160.626099  175.110153  183.935471  186.644379  182.588913  173.093445  156.928589  138.783127  120.720154  102.177498  84.160156  67.761620 
 70.026611  87.377655  104.681564  121.777191  139.518127  157.119690  172.033279  180.857346  183.108444  179.020309  169.772034  154.274841  135.957336  117.991714  100.268906  82.964996  67.105835 
 67.298485  83.469528  99.926559  116.620941  132.850937  148.525467  162.414063  171.292343  173.672806  169.630783  159.949844  145.716721  129.245163  112.784058  96.060471  79.586716  64.711098 
 63.096405  77.737030  93.111092  108.300468  122.796875  136.221252  147.579849  155.366882  157.619690  154.255157  145.837341  133.607819  119.496567  104.889534  89.453278  74.205154  61.370781 
 59.520264  70.815468  84.743904  98.569534  111.356720  122.488907  131.671097  137.726868  139.629379  136.703430  129.691879  119.839844  107.961876  95.164528  81.186409  68.036407  58.609528 
 57.026825  64.043282  74.734375  86.873749  98.379997  107.822968  115.368439  119.813751  121.279999  119.076874  113.347031  105.091095  95.062187  83.655312  71.704376  62.108437  57.089272 
 53.932236  58.684326  64.538963  74.039162  83.873749  91.915260  98.418854  101.967499  103.009583  101.388954  96.797234  90.044640  81.098862  71.303230  62.644798  57.774269  54.451355 
 } 
 B Channel
 {
 34.968544  38.155209  42.683594  49.522552  56.437500  62.002815  66.558800  69.008072  70.040421  68.670677  65.622704  60.956825  54.904480  48.490211  42.076981  37.899166  35.487915 
 37.574371  42.676876  50.199219  58.656097  66.187500  72.622810  77.951096  81.220779  82.262497  80.649216  77.150627  71.669533  64.691559  56.998123  48.896561  41.738750  38.212917 
 39.968590  47.836720  57.418907  66.764999  74.974220  82.583435  88.943436  93.192032  94.527969  92.791252  88.319061  81.662033  73.631248  64.844688  55.492653  46.219219  39.969429 
 42.914375  52.948128  63.506561  73.697029  83.018753  91.940002  99.744217  104.988129  106.815628  104.593750  99.058594  90.834534  81.392029  71.574532  61.403282  50.891716  42.324848 
 45.640003  56.809998  68.070160  79.034065  89.662811  99.857498  108.883904  114.801559  116.861252  114.306091  108.148750  98.490936  87.661247  76.873749  65.985313  54.654533  44.995571 
 47.600155  59.348282  70.909065  82.498749  94.242500  105.375153  115.033127  120.902039  122.711090  120.462341  113.947495  103.616562  91.824684  80.429840  68.876091  57.167816  46.878643 
 47.805260  59.989220  71.958435  83.661247  95.820465  107.535469  117.018906  122.808746  124.552811  122.326401  116.315781  105.807030  94.145782  82.553123  70.161095  57.916092  47.510471 
 47.103180  58.949219  70.921410  82.338127  93.916405  105.313904  115.127029  120.795319  122.218597  119.816406  114.069061  104.158592  92.381721  80.734375  68.906563  57.098122  46.913124 
 45.150417  56.376251  67.786873  78.994530  89.679222  99.817345  108.852341  114.498444  116.111252  113.594528  107.504372  98.478752  87.939064  77.324684  66.118904  54.783905  45.216198 
 42.127865  52.295158  63.051559  73.516403  83.087967  91.767029  99.109528  104.100784  105.538437  103.459534  98.194847  90.617966  81.477188  72.024063  61.578125  50.863594  42.697136 
 39.361511  47.452969  57.173439  66.883591  75.589378  82.863747  88.910934  92.633751  93.788597  92.084999  87.784378  81.373596  73.831093  65.247032  55.579063  46.283749  40.334167 
 37.534897  42.600311  50.216721  58.836716  66.749687  73.211563  78.129372  81.008904  81.805313  80.485466  77.058746  71.682655  65.015160  57.259216  48.817345  41.929688  38.959270 
 35.566563  39.261562  43.687759  50.618179  57.787598  63.399063  67.756042  70.195786  70.621147  69.750259  66.795837  62.227028  55.995361  49.153175  42.735054  39.186356  37.395107 
 } 


 White Balance Data with optical Center Data
 r_center_x =  639 r_center_y =  465 
 gr_center_x =  647 gr_center_y =  492 
 b_center_x =  635 b_center_y =  484 
 gb_center_x =  656 gb_center_y =  478 
 r/gr 0.609920 
 b/gr 0.665151 
 gb/gr 0.997846 
 r_oc_ave 114.502228 
 b_oc_ave 124.871109 
 gr_oc_ave 187.733337 
 gb_oc_ave 187.328888 

 [AWB]
 RGr =  0.609920 
 BGr =  0.665151 
 GbGr =  0.997846 
 r_oc_ave =  114.502228 
 b_oc_ave =  124.871109 
 gr_oc_ave =  187.733337 
 gb_oc_ave =  187.328888 