 LEFT LENS SHADING DATA
 RED Channel
 {
 25.738750  28.355419  31.918644  37.631248  43.789742  49.295097  53.566193  55.972137  56.761406  55.618546  52.744118  48.367393  42.813908  37.003021  31.530678  28.416924  26.149010 
 27.358749  31.423752  37.879063  45.491249  52.868279  59.227188  64.356407  67.681091  68.315781  66.869377  63.331406  58.042816  51.557030  44.509689  37.144218  31.132969  27.690678 
 28.963284  35.600155  44.164688  53.167656  61.563591  69.156403  75.386093  79.545784  80.824997  78.788597  74.288284  67.596405  59.988594  51.867966  43.302345  35.214375  28.971458 
 31.333595  40.206718  50.020157  60.015312  69.613129  78.610939  86.228592  91.518906  93.128906  90.688591  84.990623  76.622032  67.602028  58.330315  48.771408  39.368908  30.958694 
 33.810310  43.924061  54.543594  65.535782  76.541878  86.916092  95.891563  101.914215  103.908905  100.947968  94.273125  84.696564  74.026253  63.537659  53.046410  42.790470  33.363178 
 35.767811  46.506561  57.713440  69.465782  81.355003  92.880310  102.820313  109.176559  110.996719  108.170624  100.995628  90.398903  78.646873  67.320778  56.049065  45.232346  35.042969 
 36.606720  47.561092  59.123909  71.198441  83.379997  95.445313  105.496719  111.858910  113.648285  110.967659  104.261719  93.264534  81.143280  69.235153  57.460785  46.228905  35.867031 
 36.269062  47.064064  58.441406  70.087814  81.945160  93.466095  103.483437  109.923904  111.667503  108.831406  102.252342  91.503441  79.517502  67.937347  56.557030  45.652500  35.436249 
 34.536613  44.963905  55.757965  66.808281  77.794685  88.297188  97.567657  103.588280  105.343124  102.570000  95.874222  86.321716  75.434845  64.707184  54.005783  43.678436  34.020523 
 32.336197  41.438908  51.421097  61.555626  71.237030  80.395470  88.198906  93.468597  95.002968  92.782188  87.039063  78.888123  69.444061  59.820160  49.937813  40.307186  32.022186 
 30.294582  37.273750  46.002029  55.181252  63.901878  71.450157  77.859688  82.126251  83.477028  81.640472  76.935471  70.218437  62.330940  53.748749  44.772343  36.413593  29.894218 
 29.130154  33.195782  39.880001  47.867500  55.541878  62.104065  67.375153  70.644531  71.616096  70.264847  66.561096  61.079376  54.160782  46.687187  38.846718  32.509220  28.893593 
 27.578903  30.106407  33.652081  39.765419  46.286873  51.875732  56.230370  58.942657  59.835052  58.761299  55.851295  51.272705  45.330990  38.877605  33.058178  29.578590  27.363594 
 } 
 GR Channel
 {
 51.177917  56.189171  62.117188  71.304848  80.850937  89.278496  95.624641  99.224739  100.620262  98.861198  94.741508  88.313286  79.741882  70.711510  61.897293  56.832703  53.067291 
 54.660416  61.568748  71.922188  83.816719  95.045937  105.015778  112.787338  117.730774  118.785461  116.546402  111.557968  103.668907  93.848122  82.794220  71.281876  61.523125  55.742706 
 57.463638  68.471565  81.909531  95.762810  108.757034  120.554062  130.080002  136.285004  138.175308  135.277039  128.737350  118.881561  107.082657  94.491249  81.089066  68.125153  57.706200 
 61.290733  75.541565  90.869217  106.338905  121.161880  135.067657  146.735474  154.640930  157.132660  153.786255  145.620468  133.238907  119.148285  104.660782  89.771873  74.767189  61.037605 
 65.245728  81.315315  97.805939  114.604218  131.434845  147.513748  161.203903  170.199997  173.105774  169.093903  159.834686  145.509064  129.133438  112.870316  96.347191  80.181252  64.888336 
 68.329483  85.245316  102.624687  120.345474  138.370789  156.163757  171.173431  180.342651  183.103592  179.296570  169.625931  154.039993  136.211411  118.436874  101.038750  84.102188  67.538017 
 69.476044  86.928123  104.564377  122.640472  141.099838  159.602966  174.893280  184.175308  186.829529  183.288132  174.468903  158.402496  140.018753  121.711716  103.414528  85.564529  68.753914 
 68.902496  86.101250  103.410782  120.793274  138.942963  156.655151  171.911560  181.372498  183.851257  180.287506  171.483902  155.821869  137.318283  119.308289  101.683281  84.549530  68.185577 
 66.466774  82.857185  99.345940  115.927032  132.775314  148.993118  162.959686  172.032974  174.813126  171.143433  161.582809  147.420776  130.814529  114.101089  97.713593  81.459061  65.791977 
 62.886414  77.417030  92.726715  108.071877  122.743118  136.840775  148.725784  156.572662  159.207504  156.256561  148.032974  135.919067  121.432816  106.544220  91.118591  76.147186  62.370522 
 59.340317  70.889061  84.453903  98.363907  111.442810  123.095001  132.632187  139.095306  141.251251  138.748123  132.101257  122.135162  110.139061  96.861404  82.940781  69.792343  59.060051 
 57.026611  64.188904  74.684845  86.895782  98.515625  108.416252  116.250000  121.130310  122.909378  121.021881  115.735153  107.554688  97.229691  85.714844  73.475311  63.272499  57.244583 
 53.570366  58.601196  64.571297  73.915985  84.029381  92.362915  98.797493  103.124481  104.301460  102.891876  98.652031  91.904686  82.934685  72.999634  63.797394  58.289169  54.640839 
 } 
 GB Channel
 {
 51.798485  56.873489  62.880836  72.279320  82.009018  90.646927  97.206047  101.103020  102.549843  100.663025  96.237289  89.414581  80.853226  71.287964  62.397293  57.222130  53.439217 
 55.018906  62.007034  72.528748  84.740784  96.394218  106.485466  114.570618  119.655945  120.654221  118.299683  112.968124  104.851250  94.659065  83.404846  71.489372  61.702347  55.818802 
 57.441040  68.663124  82.473747  96.709061  109.979691  122.031723  131.648438  138.010162  139.946564  136.824844  130.112976  119.916870  107.783752  94.927658  81.228752  68.010468  57.574013 
 60.959686  75.675934  91.348122  107.096405  122.241562  136.330627  148.196564  156.211090  158.856247  155.188431  146.739059  134.018906  119.707962  104.893593  89.735779  74.478127  60.546455 
 64.784843  81.087967  98.057503  115.193588  132.247192  148.453430  162.263901  171.310471  174.337814  170.177963  160.661087  146.043747  129.347961  112.878601  96.211090  79.676872  63.983963 
 67.630058  84.838593  102.560623  120.545776  138.801880  156.509369  171.515152  180.927811  183.639694  179.772812  169.803436  154.011414  135.970306  118.079849  100.525154  83.244690  66.374268 
 68.651459  86.244377  104.160622  122.418442  140.932495  159.527039  174.612183  184.083755  186.756714  183.168900  174.092499  158.018906  139.424683  121.060318  102.537971  84.549690  67.468018 
 67.945473  85.261093  102.934059  120.331879  138.460312  156.249527  171.292038  180.770782  183.515472  179.732651  170.774063  155.006088  136.462814  118.345154  100.574219  83.358910  66.702026 
 65.488861  82.045937  98.547340  115.209061  132.048279  148.155151  161.871399  171.018280  173.848907  170.186249  160.613434  146.281876  129.644531  113.066879  96.457497  80.082970  64.501923 
 61.972130  76.606094  91.899216  107.251091  121.863754  135.710007  147.445938  155.215775  157.786407  154.822495  146.566711  134.523743  120.075470  105.180939  89.940781  74.817970  61.260262 
 58.661514  70.049217  83.707497  97.536873  110.443436  121.841568  131.319839  137.710159  139.851410  137.285461  130.455307  120.629684  108.724846  95.597504  81.724060  68.582809  57.902817 
 56.483231  63.470314  73.941406  86.023903  97.557816  107.352814  115.022034  119.945160  121.608597  119.697342  114.360001  106.224533  95.925629  84.473747  72.298126  62.167343  56.162971 
 53.458229  57.976143  63.847862  73.337868  83.293648  91.735313  98.128487  102.194115  103.387962  101.987556  97.858749  90.837234  82.122711  72.036247  62.738960  57.330467  53.576714 
 } 
 B Channel
 {
 33.461563  37.133228  41.623646  48.418854  55.486511  61.727348  66.040001  68.581772  69.519218  68.216980  65.348755  60.768600  54.707191  48.125885  41.743649  38.007080  35.777916 
 35.583233  40.647812  48.189064  56.930939  65.105469  71.916718  77.216248  80.409691  81.071091  79.477814  76.148750  70.771721  63.973434  56.397346  48.129059  41.083752  37.380417 
 37.543800  45.461094  55.300003  65.290001  74.377968  82.309372  88.410156  92.454529  93.517502  91.642815  87.432503  81.025627  73.119377  64.625465  55.112816  45.740780  38.710571 
 40.116768  50.424690  61.571091  72.607971  82.565155  91.779846  99.286247  104.461250  105.862816  103.591408  98.335472  90.314690  81.213593  71.515472  61.174530  50.291092  41.127972 
 42.904690  54.385941  66.333435  78.101563  89.247032  99.625626  108.512497  114.189850  115.961243  113.299850  107.476563  98.433594  87.791718  77.004997  65.649529  54.044373  43.561459 
 44.924637  57.008591  69.442970  81.541718  93.399376  104.834999  114.547501  120.290161  122.130157  119.736877  113.565628  103.757034  92.234222  80.535156  68.623909  56.554688  45.434277 
 45.694736  58.067032  70.607498  82.672653  94.707657  106.614220  116.368912  122.328598  124.188904  122.083588  116.400162  106.249222  94.437500  82.482498  70.013748  57.486404  46.068699 
 45.300938  57.623436  69.727966  81.302658  93.147186  104.424065  114.217972  120.155151  121.992188  120.034058  114.722656  104.830154  92.878906  81.003906  68.813126  56.635941  45.540104 
 43.825623  55.390625  66.846878  77.959534  88.867340  99.161095  108.057343  113.952499  116.041245  114.120468  108.348747  99.372345  88.604378  77.458122  65.994530  54.458122  43.912296 
 41.345627  51.579376  62.184219  72.583122  82.225784  91.124687  98.730316  103.872345  105.729691  104.388596  99.505936  91.803909  82.241096  72.216560  61.497498  50.685310  41.524895 
 38.912815  46.922813  56.323280  65.723282  74.555153  82.135315  88.372345  92.606094  94.218597  93.200623  89.143440  82.709373  74.668594  65.533592  55.672188  46.079845  39.022137 
 37.221981  42.154064  49.389374  57.722343  65.767967  72.630936  77.821564  81.135155  82.413750  81.650627  78.265160  72.869217  65.674690  57.522346  48.766251  41.390781  37.528904 
 34.896980  37.990311  41.947708  48.615471  55.759842  61.801773  66.284058  69.297028  70.302917  69.644371  66.910782  62.161934  55.741768  48.468796  41.803333  37.786407  35.457237 
 } 


 White Balance Data with optical Center Data
 r_center_x =  653 r_center_y =  493 
 gr_center_x =  653 gr_center_y =  486 
 b_center_x =  631 b_center_y =  468 
 gb_center_x =  651 gb_center_y =  493 
 r/gr 0.608266 
 b/gr 0.663933 
 gb/gr 1.001138 
 r_oc_ave 114.075562 
 b_oc_ave 124.515549 
 gr_oc_ave 187.542221 
 gb_oc_ave 187.755554 

 [AWB]
 RGr =  0.608266 
 BGr =  0.663933 
 GbGr =  1.001138 
 r_oc_ave =  114.075562 
 b_oc_ave =  124.515549 
 gr_oc_ave =  187.542221 
 gb_oc_ave =  187.755554 