 LEFT LENS SHADING DATA
 RED Channel
 {
 26.423855  28.832188  32.338963  38.281563  44.739216  50.183853  54.510208  57.041145  57.779274  56.650513  53.740471  49.212090  43.676094  37.537033  31.729843  28.604271  26.407604 
 28.335941  31.935936  38.459373  46.395313  53.996094  60.477188  65.681877  68.915314  69.890938  68.345940  64.561096  59.158752  52.569221  45.115158  37.525467  31.464687  28.265102 
 29.783855  36.124687  44.746876  54.010941  62.758904  70.443436  76.771873  80.837967  82.135628  80.198593  75.398750  68.582184  60.712654  52.377190  43.475468  35.287033  29.362656 
 31.940311  40.509064  50.342033  60.566093  70.563278  79.667656  87.321251  92.546875  94.143753  91.723122  85.748749  77.279686  68.046410  58.607498  48.787811  39.361095  31.412136 
 34.196510  44.204220  54.796722  65.820000  76.977966  87.418907  96.511253  102.409843  104.172813  101.408127  94.700310  84.769379  74.007347  63.617966  52.884529  42.707813  33.574478 
 35.961563  46.762814  57.849998  69.372971  81.370316  93.058594  102.789841  108.953125  110.582344  107.849373  100.928436  90.110939  78.240936  66.858749  55.640938  44.996250  35.180000 
 36.706406  47.533279  58.914841  70.857811  82.976875  95.111404  105.074844  111.185623  112.804535  110.173592  103.741249  92.592346  80.169685  68.407654  56.862190  45.790470  35.837761 
 35.991562  46.787811  57.898125  69.332497  81.145309  92.731094  102.601250  108.870003  110.569847  107.712967  101.127968  90.250465  78.077347  66.664688  55.718903  45.055939  35.295940 
 34.453697  44.451405  55.045624  66.005157  76.728752  87.093750  96.074997  102.150940  103.806091  100.961716  94.255783  84.669998  73.814217  63.337814  52.977654  43.003906  33.801617 
 32.157917  40.793751  50.636406  60.599060  70.134529  78.872971  86.438751  91.668282  93.238594  90.992500  85.147812  76.930153  67.720627  58.376564  48.809219  39.547813  31.656979 
 30.194633  36.708595  45.141876  54.303596  62.626877  69.965157  76.115784  80.340935  81.650627  79.838593  74.972969  68.203278  60.520157  52.314529  43.656876  35.618752  29.731667 
 28.995365  32.791405  39.076096  46.837967  54.282967  60.571877  65.639374  68.855316  69.973907  68.467812  64.578278  59.086876  52.575623  45.305157  37.773438  31.797813  28.536564 
 27.353695  29.751198  32.972134  38.701511  45.077763  50.416046  54.770210  57.245308  58.164528  57.039894  53.875153  49.507294  43.775208  37.701199  31.898853  28.789894  26.924892 
 } 
 GR Channel
 {
 50.645317  55.684059  61.451355  70.803444  80.340576  88.826820  95.140465  99.098755  100.333076  98.501610  94.365723  87.764694  79.422920  70.009636  60.962921  55.928848  52.240517 
 54.459480  61.074066  71.392189  83.729691  95.363281  105.302032  113.073593  117.902496  119.567032  117.233902  111.950310  103.872185  93.796249  82.403595  70.561249  60.858437  55.422188 
 57.417496  67.830002  81.248283  95.520157  108.970779  120.942032  130.453278  136.664063  138.768753  135.815155  129.073593  118.912964  106.866249  93.939064  80.037971  67.132187  57.483849 
 61.075363  74.922653  90.098595  105.748749  121.159225  135.382034  147.139694  155.030777  157.502808  153.948746  145.612976  132.942963  118.403275  103.717812  88.471252  73.705154  60.707039 
 64.917816  80.627815  97.027969  113.851257  131.079056  147.424377  161.413437  170.336716  173.161560  169.292664  159.862656  144.921402  128.063126  111.509529  95.042816  79.063126  64.248955 
 67.741562  84.560310  101.669220  119.284378  137.587494  155.931412  171.145462  180.427338  182.854996  179.161255  169.448593  153.220779  134.731400  116.769058  99.436249  82.678749  66.826248 
 68.833534  85.829376  103.348747  121.561401  140.082962  159.046722  174.504684  183.887970  186.281876  182.653122  173.596405  157.189224  138.089218  119.575775  101.529060  84.018593  67.827553 
 67.769951  84.573906  101.807655  119.362976  137.477188  155.509995  171.032974  180.579056  183.128601  179.158600  170.137817  153.832657  134.778595  116.701874  99.477028  82.834373  66.942291 
 65.205994  80.958282  97.369064  114.138748  130.857651  147.145782  161.476715  170.824371  173.332504  169.317963  159.632660  145.061096  128.032654  111.458282  95.289841  79.540314  64.706566 
 61.463753  75.338753  90.528748  105.898438  120.798904  134.690475  146.591721  154.820938  157.352966  153.971725  145.325317  133.009995  118.452499  103.786095  88.817497  74.170471  61.184013 
 58.115944  68.914688  82.212341  96.287033  109.390938  120.939529  130.524994  137.211716  139.241562  136.359528  129.145157  119.039993  107.177498  94.186096  80.567345  67.741562  58.151985 
 55.996971  62.620316  72.674217  84.768127  96.289375  106.100784  113.973282  118.975311  120.652649  118.371872  112.836090  104.525002  94.430939  83.149689  71.151253  61.643753  56.348747 
 52.615730  57.586563  62.959007  71.788963  81.668129  89.823494  96.499321  100.362816  101.689117  100.151466  95.530464  88.917496  80.286354  70.472191  61.674576  56.759995  53.517082 
 } 
 GB Channel
 {
 50.834015  55.427345  61.279640  70.632919  80.498642  88.946617  95.293076  99.354797  100.524788  98.887764  94.536407  87.903488  79.117607  69.838234  60.764847  55.649170  52.161667 
 54.497345  60.782967  71.133591  83.583748  95.314064  105.218903  113.029526  118.071869  119.704376  117.305466  111.838280  103.650780  93.505936  82.057816  70.144218  60.459999  55.082497 
 56.965729  67.509064  81.023590  95.360313  108.915314  120.821411  130.255463  136.614059  138.614532  135.633911  128.705307  118.537186  106.490623  93.437965  79.481094  66.631409  56.902443 
 60.573334  74.476250  89.738907  105.512184  121.083130  135.393280  146.961090  155.016724  157.426559  153.962036  145.249374  132.543274  118.100311  103.234375  87.924690  73.084686  60.002602 
 64.257599  80.057190  96.698753  113.610931  130.934372  147.349686  161.309525  170.225159  173.144226  169.146255  159.555939  144.505005  127.622192  110.971405  94.373749  78.312035  63.463074 
 66.901566  83.896561  101.249847  118.902649  137.360474  155.708130  170.825775  180.141876  182.659683  178.794525  168.908752  152.631409  134.105774  115.957657  98.607971  81.792969  65.812767 
 67.655418  85.107498  102.645935  120.995941  139.627655  158.540466  173.942337  183.289688  185.759369  182.103439  172.945938  156.488754  137.222183  118.685318  100.456566  82.924690  66.824684 
 66.697449  83.821404  101.140778  118.699066  136.682190  154.800476  170.304214  179.928589  182.487656  178.463287  169.331100  153.051407  133.936249  115.859680  98.610939  81.836876  65.853119 
 64.254585  80.199997  96.701561  113.492661  130.214218  146.474213  160.704056  170.044525  172.751556  168.655624  158.934692  144.196091  127.242661  110.674217  94.512810  78.602501  63.603333 
 60.757652  74.564529  89.867813  105.366875  120.106247  133.969681  145.833755  154.049057  156.502029  153.319382  144.512192  132.185471  117.660629  102.944374  87.995316  73.293121  60.203125 
 57.571663  68.220001  81.577660  95.686096  108.770309  120.217499  129.751404  136.395935  138.579849  135.716248  128.285156  118.293900  106.396248  93.404533  79.854530  67.026566  57.404892 
 55.771828  62.162033  72.160309  84.250778  95.750000  105.496559  113.336563  118.415939  120.087341  117.671402  112.146088  103.764999  93.729218  82.467499  70.517189  60.989059  55.896141 
 52.631821  57.095161  62.551567  71.293076  81.182915  89.349068  96.150734  100.127602  101.365471  99.754532  95.170052  88.378334  79.726509  69.906670  61.025520  56.139061  53.019478 
 } 
 B Channel
 {
 33.554951  36.754948  41.056877  48.067139  55.127914  61.033180  65.374374  67.917290  68.565468  67.468544  64.578072  60.064430  53.936821  47.083130  40.526562  36.986717  34.934216 
 36.494530  40.965157  48.254372  57.243591  65.586250  72.372971  77.428123  80.455627  81.366096  79.853127  76.283279  70.814217  63.770782  55.670624  47.229061  40.552345  37.249218 
 38.405731  46.035313  55.435623  65.497345  74.889221  82.940002  88.899376  92.833748  93.941559  92.056404  87.587502  80.818283  72.704842  63.695465  54.049065  45.061874  38.814793 
 41.045570  51.090782  61.631561  72.421722  82.954529  92.440155  99.747658  104.764061  106.163437  103.883438  98.255783  89.973907  80.356560  70.348595  59.902496  49.781715  41.209431 
 43.712292  55.019379  66.514999  77.837967  89.345627  100.156715  109.063904  114.531250  116.197815  113.711716  107.408440  97.593437  86.601410  75.513435  64.213280  53.522034  43.700153 
 45.567966  57.602341  69.598282  81.205780  93.307816  105.353905  115.093445  120.787506  122.238907  119.776245  113.482346  102.739532  90.744843  78.696251  67.058281  55.809372  45.501461 
 46.289272  58.319687  70.441559  82.430626  94.595154  106.877502  116.892807  122.669373  124.150467  121.701874  115.743439  104.909218  92.380783  80.349060  68.220154  56.663597  46.136303 
 45.509583  57.500000  69.351875  81.030624  92.721092  104.442657  114.514999  120.454849  121.954224  119.272034  113.328903  102.812035  90.452660  78.491562  66.892189  55.833908  45.539944 
 43.825832  54.852501  66.368752  77.597809  88.409843  98.908752  108.086563  114.048126  115.527344  112.900787  106.539215  97.010155  86.058128  75.092346  64.127502  53.591560  43.959896 
 41.179379  50.840622  61.656876  72.119690  81.693748  90.654373  98.329529  103.537346  104.884842  102.790627  97.231247  89.191254  79.678749  69.933441  59.685471  49.865623  41.490208 
 38.890938  46.264687  55.739532  65.468903  74.109375  81.571877  87.752968  91.895782  93.135002  91.258278  86.647186  80.089996  72.188904  63.388908  53.902344  45.413124  39.274376 
 37.339893  41.742813  48.819221  57.412498  65.283440  71.723122  76.949219  80.180313  81.061409  79.555000  75.937035  70.416092  63.536095  55.649841  47.289688  40.919376  37.900623 
 34.962399  38.156979  42.045261  48.404587  55.475517  61.021042  65.559013  68.001976  68.854111  67.831665  64.634323  60.062553  54.082138  47.116718  40.784271  37.592705  36.109375 
 } 


 White Balance Data with optical Center Data
 r_center_x =  630 r_center_y =  482 
 gr_center_x =  634 gr_center_y =  491 
 b_center_x =  631 b_center_y =  498 
 gb_center_x =  633 gb_center_y =  481 
 r/gr 0.604809 
 b/gr 0.666191 
 gb/gr 0.997693 
 r_oc_ave 113.026672 
 b_oc_ave 124.497772 
 gr_oc_ave 186.880005 
 gb_oc_ave 186.448883 

 [AWB]
 RGr =  0.604809 
 BGr =  0.666191 
 GbGr =  0.997693 
 r_oc_ave =  113.026672 
 b_oc_ave =  124.497772 
 gr_oc_ave =  186.880005 
 gb_oc_ave =  186.448883 