 LEFT LENS SHADING DATA
 RED Channel
 {
 36.982971  40.312138  44.646042  52.000420  59.864738  67.020370  72.846405  76.483856  77.737129  76.427658  73.075775  67.221146  60.068802  51.992661  44.522343  40.448750  37.516666 
 38.753387  43.443592  51.453125  61.246246  70.787033  79.231407  86.358284  91.044685  92.836090  91.309532  86.857658  79.805313  71.063591  61.684532  51.670471  43.750000  39.647083 
 40.288227  48.479065  59.181717  70.620628  81.683907  92.041565  101.084686  107.132187  109.599686  107.430153  101.722343  92.932503  82.547501  71.442345  59.778748  48.895935  41.150524 
 42.988384  53.936096  66.278122  79.066093  91.997810  104.620316  115.797653  123.836868  126.943909  124.227188  116.770935  105.738281  92.973434  80.243439  67.233437  54.518906  44.192448 
 45.940205  58.476875  71.878441  86.021408  101.003754  115.790939  129.380005  138.798599  142.577026  139.367813  130.547653  117.278122  102.265778  87.646873  73.168121  59.393906  47.157444 
 48.134323  61.533279  75.710312  91.045624  107.537811  124.184525  139.239838  149.357025  153.153442  150.050476  140.604538  125.709686  108.991722  92.820465  77.246559  62.812965  49.390266 
 48.953392  62.648590  77.384377  93.471405  110.478592  127.909058  143.457504  153.734222  157.582657  154.402496  145.380310  130.125778  112.487808  95.567810  79.367966  64.180939  50.314690 
 48.320938  61.844688  76.478439  92.060623  108.583282  125.522507  140.783279  151.151566  154.954224  151.579849  142.635162  127.568130  110.103905  93.764847  77.992188  63.202034  49.693069 
 46.122341  59.187965  73.082497  87.649841  102.727654  117.897034  131.903275  141.852493  145.682037  142.332184  133.244370  119.536087  104.267654  89.211876  74.545158  60.448753  47.927502 
 43.450836  54.918747  67.610466  80.654373  93.906250  106.863281  118.498444  126.977188  130.376556  127.699524  119.928284  108.501251  95.434059  82.232498  68.829063  55.799530  45.057659 
 41.052708  49.749374  60.702499  72.480003  84.012344  94.691559  104.201721  110.779846  113.425308  111.288124  105.140312  95.860939  85.161247  73.619530  61.542656  50.199371  42.047291 
 39.714218  44.701096  52.962341  63.061562  73.061249  82.077034  89.576561  94.619064  96.467812  94.955154  90.199844  82.869064  73.869377  64.013123  53.524529  45.044846  39.997971 
 37.878799  40.685883  45.235886  52.857819  61.286255  68.774323  74.784058  78.630318  80.226143  78.986198  75.320885  69.498222  61.875206  53.480202  45.201824  40.922550  37.709217 
 } 
 GR Channel
 {
 49.207603  54.107605  59.671875  68.349579  77.298546  85.175156  91.454582  95.347404  96.684479  95.147186  91.122505  84.861198  76.579056  67.378799  58.753807  53.513794  49.717133 
 52.214264  58.562187  68.239372  79.533752  90.234375  99.538284  107.154999  112.097809  113.886566  111.869690  106.861252  99.133904  89.341560  78.607346  67.062347  57.788597  52.509216 
 54.631874  64.883125  77.652031  90.736565  103.122810  114.422974  124.049850  130.445313  132.596725  130.092346  123.758438  114.101089  102.425629  89.893753  76.618126  63.987503  54.708748 
 58.363701  71.538910  85.982658  100.666092  115.116882  128.822037  140.734222  149.193756  152.206558  148.814224  140.839066  128.554535  114.506088  100.243126  85.400780  70.613747  58.457077 
 61.975731  77.109062  92.751564  108.815315  125.310944  141.498749  156.064377  165.857193  169.286255  165.713287  156.188599  141.701721  125.026245  108.668282  92.371246  76.431877  62.020622 
 64.892288  80.964378  97.407501  114.660156  132.698120  151.024994  167.009064  177.540939  181.077972  177.355316  167.109848  151.111877  132.708908  114.707336  97.247032  80.566872  64.841461 
 66.076874  82.393127  99.419685  117.433441  135.993118  155.075150  171.654999  182.364532  185.782181  182.000000  172.433121  155.926086  136.730316  118.064224  99.883438  82.328903  65.905785 
 65.194061  81.454063  98.489532  115.674057  133.910629  152.414368  168.608597  179.289688  182.801880  179.030777  169.518433  153.252029  134.014221  115.805161  98.165779  81.050781  65.125572 
 62.639275  78.177185  94.378593  110.498436  127.324997  144.086090  158.986557  169.222809  172.811096  169.062347  159.156876  144.202026  127.142181  110.352814  93.887344  77.657341  62.775475 
 58.869797  72.936874  87.862190  102.628906  117.338593  131.577972  144.118118  152.899994  156.241409  152.986725  144.403275  131.744064  117.146408  102.344215  87.107498  71.927185  59.078438 
 55.680885  66.614845  79.585938  93.073280  105.979065  117.766098  127.884995  134.891556  137.242340  134.565933  127.679214  117.341568  105.355316  92.290627  78.560623  65.337502  55.305000 
 53.372192  60.200935  70.141563  81.832497  93.109688  102.986877  111.025780  116.374069  118.112350  116.005005  110.658440  102.485939  92.446877  81.186722  69.151566  59.106407  52.950775 
 49.903854  54.422188  60.129898  69.123337  78.622604  87.034370  93.388908  97.400734  99.000046  97.710838  93.321350  86.698853  78.244789  68.612755  58.924889  53.734947  49.543694 
 } 
 GB Channel
 {
 49.497917  54.387497  60.147285  69.152237  78.710052  87.066299  93.893326  98.050316  99.609734  97.952660  93.702240  86.747185  78.141144  68.485519  59.539009  54.038445  50.099274 
 52.188332  58.483749  68.425629  80.164528  91.413597  101.323593  109.492500  114.877808  116.937027  114.834534  109.459534  101.255936  90.892815  79.630936  67.600471  57.927185  52.645103 
 53.907761  64.317970  77.334373  90.959846  103.890160  115.740936  125.973587  132.949219  135.398743  132.850784  126.241714  116.015625  103.737503  90.632187  76.727654  63.810936  54.485931 
 57.065002  70.498749  85.305313  100.416092  115.361099  129.761414  142.301086  151.102036  154.519684  151.320786  142.891876  130.092819  115.406250  100.491722  85.189217  70.089996  57.707916 
 60.407188  75.595940  91.503128  107.991875  125.052505  141.897507  156.881409  167.212036  171.099213  167.348434  157.549850  142.660629  125.462814  108.497185  91.722969  75.499687  60.895523 
 62.872818  78.981560  95.548592  113.246567  131.791412  150.406097  166.889847  177.788589  181.931091  178.157028  167.841873  151.385620  132.504532  114.072495  96.186409  79.275940  63.556358 
 63.817398  80.149063  97.285622  115.590317  134.486404  153.938904  170.826096  181.707657  185.801559  182.171722  172.469681  155.738281  136.077499  116.922653  98.466721  80.692345  64.512970 
 62.862602  79.133438  96.256096  113.742035  132.218597  150.999069  167.581406  178.507660  182.422028  178.726715  169.140930  152.725311  133.195938  114.598755  96.731873  79.401718  63.589851 
 60.442032  76.082657  92.265312  108.595940  125.627808  142.500153  157.742035  168.431244  172.301880  168.559845  158.631714  143.563904  126.214691  109.233124  92.395309  76.075157  61.294113 
 57.158234  71.224060  86.092812  100.906250  115.792343  130.270004  143.043442  152.145462  155.684692  152.508743  143.939850  131.055939  116.289993  101.139687  85.867500  70.625313  57.822395 
 54.293694  65.205154  78.225471  91.798439  104.822968  116.660934  126.997025  134.247650  136.766724  134.228745  127.329224  116.901093  104.693283  91.477501  77.585625  64.270935  54.219688 
 52.408699  59.173904  69.091408  80.867035  92.297966  102.452812  110.734528  116.282349  118.145935  116.092194  110.682968  102.272346  92.074532  80.566254  68.384842  58.309532  52.055573 
 49.219528  53.754112  59.499115  68.723488  78.275261  86.800735  93.580574  98.023804  99.753021  98.149269  93.771507  86.925049  78.043488  68.415413  58.440880  53.285156  48.982658 
 } 
 B Channel
 {
 18.321354  20.778854  23.791824  28.335522  32.807396  36.835991  39.916092  41.767239  42.339115  41.559788  39.620884  36.410259  32.145416  27.378021  22.927341  20.552082  19.303749 
 19.128021  22.285938  27.159531  32.790939  38.047813  42.433281  45.969219  48.179535  49.008904  48.064377  45.637344  41.902969  37.138748  31.739689  26.090469  21.758751  19.863335 
 20.056667  25.169998  31.454533  37.884377  43.738125  48.921562  53.252968  56.055626  57.045158  55.851410  52.897812  48.407967  42.831562  36.832031  30.398594  24.554844  20.710884 
 21.716927  28.284218  35.425938  42.438595  49.081406  55.240623  60.683281  64.407028  65.629219  64.132347  60.347191  54.776093  48.170471  41.482033  34.435314  27.706718  22.513176 
 23.464634  30.867344  38.458282  45.901875  53.366409  60.637657  67.162498  71.380783  72.802971  71.115784  66.778282  60.214844  52.609840  45.043594  37.447811  30.302967  24.235260 
 24.703957  32.540627  40.313595  48.183281  56.334534  64.490623  71.517029  75.972969  77.247810  75.512810  71.010468  63.809059  55.573441  47.445313  39.418438  32.013748  25.448750 
 25.235264  33.017967  41.020000  49.125465  57.480621  65.917030  73.074684  77.483910  78.885155  77.030472  72.810158  65.453438  56.988434  48.627029  40.393280  32.665783  25.753075 
 24.741352  32.509689  40.359844  48.162498  56.439529  64.603905  71.602814  75.875000  77.212189  75.404533  71.393906  64.254997  55.736717  47.617500  39.551094  32.038437  25.349686 
 23.617550  30.938595  38.465157  45.888905  53.454689  60.787346  67.205627  71.442810  72.742188  71.099686  66.812187  60.286873  52.707809  45.272968  37.671093  30.462032  24.200573 
 21.913544  28.403126  35.430470  42.395939  48.976715  55.208908  60.549065  64.138435  65.437813  64.138283  60.366562  54.835159  48.379532  41.662342  34.637657  27.888126  22.316040 
 20.324326  25.344532  31.610313  37.971561  43.824375  48.985153  53.217033  56.059532  57.079689  55.975937  53.083595  48.518440  43.094063  37.137501  30.712814  24.661564  20.467812 
 19.212601  22.355938  27.145782  32.730782  37.841095  42.270626  45.696720  47.892811  48.694687  47.891407  45.581875  41.829220  37.224533  32.018593  26.244686  21.619373  19.086876 
 17.648857  19.844688  22.448490  26.702656  31.124634  34.947708  37.930679  39.847813  40.438435  39.817863  37.833542  34.636513  30.673069  26.123802  21.465523  19.074791  17.504379 
 } 


 White Balance Data with optical Center Data
 r_center_x =  655 r_center_y =  507 
 gr_center_x =  638 gr_center_y =  499 
 b_center_x =  629 b_center_y =  472 
 gb_center_x =  665 gb_center_y =  495 
 r/gr 0.848039 
 b/gr 0.423198 
 gb/gr 0.999381 
 r_oc_ave 158.217773 
 b_oc_ave 78.955559 
 gr_oc_ave 186.568893 
 gb_oc_ave 186.453339 

 [AWB]
 RGr =  0.848039 
 BGr =  0.423198 
 GbGr =  0.999381 
 r_oc_ave =  158.217773 
 b_oc_ave =  78.955559 
 gr_oc_ave =  186.568893 
 gb_oc_ave =  186.453339 