 LEFT LENS SHADING DATA
 RED Channel
 {
 26.988434  29.393856  33.116772  39.061718  45.137554  50.492973  54.394325  56.516197  57.025993  55.338127  52.272079  47.532185  42.035313  36.103851  30.469170  27.487602  25.819687 
 28.620937  32.857189  39.554688  47.208595  54.407341  60.679840  65.478279  68.303909  68.749535  66.730621  62.678749  57.015938  50.431564  43.309689  36.037498  30.128437  26.870522 
 30.387653  37.485783  46.138126  54.984062  63.387184  70.804062  76.749222  80.430939  81.135468  78.484222  73.422966  66.360313  58.426872  50.298592  41.880157  33.923126  27.781040 
 33.133804  42.256092  52.131561  62.130157  71.835625  80.637032  87.921097  92.571877  93.422813  90.400627  84.038437  75.158592  65.803436  56.496872  47.055157  37.930157  29.864529 
 35.883232  46.310314  56.970627  67.982346  78.789528  89.020782  97.662186  102.920158  104.039688  100.475784  93.261253  83.058746  72.028595  61.484840  51.152657  41.221718  32.145260 
 37.918282  48.981407  60.264687  71.898438  83.718597  95.023125  104.317345  109.791565  110.769379  107.297340  99.697502  88.591560  76.459686  65.005936  53.992653  43.581249  33.660000 
 38.700623  50.033127  61.814217  73.812500  85.828125  97.462967  106.878281  112.304214  113.435623  109.959686  102.750153  91.252815  78.833748  66.871246  55.432030  44.570469  34.396507 
 38.303959  49.428123  60.961563  72.541565  84.184532  95.396408  104.788750  110.314064  111.426720  107.980621  100.689842  89.500626  77.124687  65.528282  54.557190  43.983593  34.007553 
 36.774685  47.325939  58.175781  69.218750  79.836250  89.885941  98.583435  103.969841  105.064217  101.583748  94.306404  84.214378  73.161095  62.689217  52.256248  42.154842  32.786301 
 34.397758  43.644218  53.723907  63.863129  73.278748  81.901405  89.123749  93.727501  94.634689  91.809059  85.586563  77.011253  67.430626  58.024063  48.413750  39.062969  30.724010 
 32.440315  39.386562  48.129532  57.238747  65.700783  72.879684  78.910934  82.522186  83.240784  80.885315  75.743591  68.687813  60.634529  52.132034  43.490936  35.328125  29.078960 
 31.402340  35.285469  41.729843  49.658752  57.244064  63.480156  68.382660  71.188751  71.695313  69.824219  65.749535  59.851715  52.925156  45.439377  37.880936  31.773750  28.238335 
 29.505680  32.088596  35.410885  41.368332  47.780727  53.212029  57.315361  59.670837  60.024475  58.711090  55.416824  50.400261  44.524948  38.048542  32.311771  29.154167  26.841251 
 } 
 GR Channel
 {
 52.762665  57.417244  63.399063  72.532608  81.745201  89.833542  95.585205  98.839424  99.503021  97.167702  92.684319  85.847443  77.540001  68.651405  59.924850  55.093849  52.109688 
 56.178078  63.289528  73.782814  85.533440  96.409378  105.896873  113.138123  117.250473  118.124695  115.239380  109.500778  101.260155  91.388748  80.414528  68.985466  59.430939  53.886772 
 59.172913  70.601250  83.959999  97.655472  110.498123  121.724838  130.701248  136.190308  137.413910  133.731400  126.561401  116.148438  104.301247  91.550003  78.346878  65.584061  55.414894 
 63.399689  78.094688  93.340469  108.526405  123.410782  136.770004  148.052032  155.190475  156.643600  152.442657  143.475937  130.487183  116.101563  101.444061  86.635468  71.856094  58.570473 
 67.865570  84.205780  100.564217  117.321716  133.903275  149.772034  162.956558  171.152649  172.748276  167.956253  158.041718  142.941101  125.907654  109.416718  93.093750  77.180939  62.213020 
 71.075684  88.220467  105.501091  123.224838  141.280777  158.600464  172.965469  181.078430  182.586090  178.271255  168.019226  151.648132  133.092651  114.842972  97.453590  80.840935  64.641769 
 72.156303  89.852341  107.720940  125.912338  144.206726  162.121567  176.602966  184.854843  186.473755  182.037338  172.646408  155.976715  136.638748  118.022339  99.807030  82.309059  65.450729 
 71.317078  88.754997  106.292656  123.776245  141.734070  158.996246  173.470779  181.915314  183.718750  179.258743  169.721405  153.117661  133.962189  115.665314  98.111717  81.261093  64.886307 
 68.737076  85.400002  101.821564  118.620163  135.114685  150.650620  164.154068  172.510941  174.577347  170.063278  159.849213  144.754684  127.548599  110.959061  94.473434  78.330154  62.730362 
 65.109947  79.733910  95.014374  110.292030  124.725784  138.143280  149.456253  156.886566  158.709686  155.107025  146.147339  133.222351  118.343277  103.487656  88.257660  73.205940  59.413025 
 61.758385  72.946091  86.539528  100.249535  113.035934  124.115463  133.373901  139.440155  140.939224  137.700317  130.313599  119.742035  107.629684  94.387497  80.514999  67.337814  56.733650 
 59.777657  66.428284  76.505157  88.537498  99.928436  109.532501  116.982819  121.489380  122.537506  120.087662  114.281250  105.662346  95.184219  83.629219  71.503128  61.572029  55.321823 
 55.770569  60.715996  66.052864  75.177917  85.086769  93.117920  99.579063  103.333954  104.001671  102.091606  97.380409  90.092972  81.281090  71.210678  62.265617  57.056824  53.093491 
 } 
 GB Channel
 {
 53.510567  58.281403  64.578964  74.019684  83.474800  91.958023  98.050888  101.107292  101.665421  99.259995  94.366554  87.237137  78.556931  69.213852  60.246414  55.173378  52.310883 
 56.613899  63.898285  74.678123  86.908440  98.184372  107.658440  115.079849  119.310623  120.044998  116.923752  110.886566  102.263596  92.052971  80.735939  69.055779  59.247345  53.662964 
 59.333122  71.031876  84.838440  98.830627  111.922813  123.429214  132.459213  138.006256  139.026245  135.145004  127.704681  116.903748  104.629219  91.749222  78.142189  65.136253  54.977921 
 63.334267  78.303436  93.833748  109.477501  124.639694  138.238754  149.559692  156.689529  157.884842  153.418121  144.082657  130.800003  116.018127  101.166878  86.055779  71.098434  57.723015 
 67.479218  84.086090  100.846092  117.975464  134.897034  150.751099  164.008438  172.144531  173.703430  168.650620  158.186722  142.857025  125.500000  108.743904  92.206566  76.037659  60.994942 
 70.313339  87.885002  105.441254  123.495316  141.622192  159.047653  173.343124  181.514694  182.973282  178.179062  167.553284  151.027496  132.002502  113.708435  96.162971  79.462189  63.058861 
 71.306564  89.220314  107.441254  125.666245  144.107193  162.062500  176.332809  184.477188  186.047028  181.313599  171.611099  154.872971  135.416565  116.580002  98.241249  80.698128  63.887283 
 70.282761  88.016716  105.734062  123.309845  141.277649  158.387650  172.695007  181.077652  182.803589  178.034531  168.301880  151.679840  132.394058  114.045776  96.539841  79.507965  63.040680 
 67.758224  84.562813  101.166092  117.991714  134.409531  149.780472  163.235306  171.415466  173.397186  168.589371  158.236404  143.063126  125.767502  109.283592  92.686096  76.504059  61.039063 
 64.228859  78.914688  94.304535  109.534378  123.870163  137.172974  148.356720  155.661560  157.254532  153.380310  144.286407  131.258438  116.418274  101.693123  86.494843  71.479378  57.756874 
 61.180939  72.277191  85.774216  99.444687  112.182968  123.056412  132.176559  138.039368  139.324371  135.889694  128.439224  117.853287  105.591095  92.566872  78.743591  65.574844  55.202553 
 59.267242  65.793282  75.768753  87.762497  99.092972  108.457497  115.843124  120.207504  121.109222  118.283905  112.447815  103.796410  93.330002  81.916092  69.975311  60.030159  54.025368 
 55.769745  60.103912  65.457909  74.560417  84.327766  92.246674  98.709373  102.157913  102.773170  100.768280  95.662811  88.502861  79.740829  69.711296  60.896149  55.822029  52.117447 
 } 
 B Channel
 {
 35.177448  38.685364  43.475521  50.467499  57.667236  63.965363  68.171455  70.397652  70.891876  69.137085  65.723282  60.901665  54.745003  48.040466  41.677292  37.854893  36.132397 
 37.132450  42.437656  50.390938  59.394997  67.675781  74.508904  79.544373  82.388283  82.865623  80.756248  76.822655  71.038750  64.061249  56.144844  47.808125  40.772812  37.085312 
 39.109478  47.511562  57.552658  67.877968  77.229843  85.041252  91.285156  94.915939  95.662033  93.045624  88.203125  81.228439  73.027031  64.048752  54.515312  45.161407  38.261200 
 41.993179  52.730469  64.104378  75.429535  85.906876  95.051872  102.735939  107.357658  108.086403  105.164528  99.278908  90.654999  80.963905  70.839066  60.320465  49.662186  40.534687 
 44.760311  56.900314  69.108749  81.205627  92.751717  103.399529  112.298431  117.465317  118.353119  115.257813  108.793594  98.860153  87.457657  76.166878  64.748436  53.275467  43.035679 
 47.016354  59.612190  72.335625  84.817810  97.204376  108.817497  118.309845  123.475784  124.463120  121.743912  115.041245  104.326561  91.841721  79.591873  67.492653  55.681252  44.665417 
 47.633125  60.629372  73.628441  86.216408  98.717033  110.603752  120.065475  125.277496  126.509689  123.881256  117.762650  106.605621  93.712189  81.417816  68.930779  56.566406  45.137863 
 47.128235  59.941559  72.483597  84.615471  96.657654  107.883904  117.347961  122.921875  124.402969  121.745941  115.764374  104.888283  92.174377  79.868279  67.773750  55.718124  44.641460 
 45.587650  57.629532  69.381096  81.039688  91.917191  102.111092  110.907188  116.550156  118.117188  115.521713  109.094528  99.281563  87.685158  76.548904  65.169220  53.596252  43.063335 
 43.130470  53.547340  64.436562  74.986565  84.610626  93.370316  100.848282  105.827972  107.379997  105.410156  99.733437  91.259689  81.381409  71.253593  60.702187  49.939064  40.435310 
 40.924999  48.705002  58.211716  67.679062  76.392029  83.844528  90.007660  94.111717  95.512184  93.591721  88.873596  81.903282  73.733284  64.696404  54.941872  45.459686  38.488438 
 39.524952  43.885155  50.808281  59.108284  66.955780  73.570000  78.849998  82.061409  82.994217  81.532814  77.751717  71.942810  64.802971  56.765472  48.257187  41.209686  37.298435 
 36.900780  39.687447  43.053490  49.436829  56.480156  62.252090  66.839996  69.512863  70.256935  69.129486  65.974838  60.882393  54.834427  47.745678  41.478439  37.765942  35.542603 
 } 


 White Balance Data with optical Center Data
 r_center_x =  629 r_center_y =  499 
 gr_center_x =  635 gr_center_y =  489 
 b_center_x =  626 b_center_y =  479 
 gb_center_x =  623 gb_center_y =  473 
 r/gr 0.607404 
 b/gr 0.679165 
 gb/gr 0.997318 
 r_oc_ave 113.759995 
 b_oc_ave 127.199997 
 gr_oc_ave 187.288895 
 gb_oc_ave 186.786667 

 [AWB]
 RGr =  0.607404 
 BGr =  0.679165 
 GbGr =  0.997318 
 r_oc_ave =  113.759995 
 b_oc_ave =  127.199997 
 gr_oc_ave =  187.288895 
 gb_oc_ave =  186.786667 