 LEFT LENS SHADING DATA
 RED Channel
 {
 26.423592  29.058174  33.095001  39.379688  45.518803  51.074852  55.265518  57.919525  58.638275  57.210678  54.492546  49.946663  44.273540  38.160522  32.436981  28.985470  27.295883 
 27.874428  32.179218  38.903751  46.798439  54.184845  60.540466  65.762184  69.073906  69.823906  68.205467  64.543594  59.025002  52.415627  45.180939  37.644062  31.482346  28.245468 
 29.459167  36.619999  45.270939  54.321251  62.728592  70.414528  76.739532  80.932190  82.137810  80.025154  75.341248  68.504059  60.632813  52.226250  43.526249  35.374531  29.343906 
 32.047916  41.186249  51.022034  60.967972  70.670937  79.744530  87.587654  93.008751  94.564064  91.852028  85.984062  77.442032  68.033440  58.625153  48.863907  39.424217  31.442345 
 34.621716  44.786095  55.429535  66.378441  77.463440  87.915627  97.044533  103.114372  104.863129  101.927185  95.102188  85.233124  74.286873  63.643593  53.018280  42.870937  33.764687 
 36.596146  47.335312  58.565002  70.104218  82.105316  93.547501  103.494530  109.740311  111.380310  108.381561  101.505936  90.758904  78.735313  67.182816  55.972343  45.206718  35.268177 
 37.247868  48.260155  59.727966  71.617188  83.737816  95.767189  105.792191  111.864685  113.476410  110.669998  104.076248  93.155937  80.880936  68.916405  57.167343  46.032345  35.916718 
 36.694275  47.564686  58.753281  70.176094  81.955467  93.457809  103.339066  109.479218  111.153748  108.101563  101.550156  90.783127  78.729378  67.336250  56.178284  45.345001  35.514584 
 35.072033  45.258907  55.761253  66.695778  77.589378  88.011093  96.804535  102.822029  104.362968  101.449219  94.677658  85.261406  74.578751  64.091560  53.631248  43.233124  33.954376 
 32.649582  41.575001  51.410309  61.530472  71.060158  79.901566  87.334373  92.425003  93.870003  91.480934  85.664528  77.673439  68.500778  59.278595  49.407814  39.915314  31.872395 
 30.640102  37.343437  46.180626  55.245781  63.697029  71.032341  77.190941  81.155159  82.429375  80.414528  75.787346  69.086716  61.383591  53.095001  44.185158  36.039063  30.340729 
 29.658909  33.623280  40.070469  47.858906  55.298126  61.767502  66.709061  69.871872  70.723595  69.228439  65.606720  60.032028  53.392502  46.053749  38.467499  32.499844  29.570465 
 28.292240  31.036823  34.184425  39.827446  46.211456  51.408745  55.746567  58.398544  59.055473  57.975517  55.004845  50.435989  44.636669  38.365414  32.953751  30.075054  28.108383 
 } 
 GR Channel
 {
 51.965729  56.539482  62.737343  72.360046  81.796043  90.314476  96.545990  100.732140  101.971298  99.881462  95.704163  89.051407  80.204163  70.973289  61.842758  56.603073  53.810989 
 54.521149  61.667816  72.281715  84.257347  95.551872  105.332809  113.400787  118.396088  119.517349  117.119370  111.791252  103.479530  93.381248  82.220154  70.444221  60.629532  55.485985 
 57.271561  68.624062  82.037811  95.985313  109.044373  120.940002  130.823746  136.946716  138.784851  135.875778  128.987503  118.675781  106.399216  93.468750  79.834686  66.836563  57.076981 
 61.312080  75.708748  90.872185  106.221252  121.292969  135.522659  147.514847  155.401245  158.026871  154.247025  145.889069  133.029068  118.229538  103.352501  88.258278  73.404533  60.489738 
 65.391769  81.322189  97.719528  114.484222  131.671570  147.785934  161.874374  171.043594  173.656555  169.664536  160.085938  145.114059  128.031876  111.218903  94.725311  78.724533  64.013077 
 68.390831  85.169998  102.349533  120.084839  138.401566  156.280472  171.609528  180.906403  183.320313  179.444214  169.617340  153.429062  134.819839  116.694839  99.270782  82.505470  66.618172 
 69.243492  86.594528  104.107811  122.383118  140.952499  159.653275  174.955627  184.051712  186.731873  182.859222  173.618591  157.209381  138.367661  119.705307  101.405624  83.894379  67.666039 
 68.233223  85.351563  102.535469  120.072342  138.396408  156.234680  171.372025  180.731400  183.296875  179.087036  169.812500  153.688126  134.928436  116.914841  99.616409  82.626251  66.832916 
 65.832237  81.627029  97.929688  114.892975  131.720932  147.934372  161.738754  170.753128  173.272812  169.251877  159.432190  145.034531  128.333755  111.854065  95.472191  79.212654  64.447029 
 61.927811  75.926559  91.216560  106.806564  121.612976  135.482346  147.195465  154.870468  157.131882  153.826096  145.359528  133.084061  118.720779  104.086563  88.924377  73.958435  61.151360 
 58.710052  69.474846  83.177345  97.055153  110.287033  121.738281  131.264847  137.383591  139.274841  136.438126  129.531723  119.423431  107.381561  94.447502  80.537659  67.673279  58.309326 
 56.811562  63.491562  73.638123  85.641090  97.122810  107.033905  114.736404  119.560776  120.994370  118.661713  113.212494  104.943909  94.728752  83.314529  71.408440  61.994690  56.852180 
 54.074478  58.766563  63.950203  72.861305  82.601143  90.473694  97.260361  101.423904  102.322708  100.763184  96.132500  89.469116  80.520004  71.031410  62.403015  57.743019  53.893433 
 } 
 GB Channel
 {
 52.768227  57.074898  63.353592  73.115776  82.852814  91.413803  98.036049  102.051201  103.282814  101.033180  96.653801  89.751091  80.942345  71.252396  62.063957  56.850784  54.194534 
 54.850731  62.040314  72.782967  85.138908  96.610313  106.548592  114.593124  119.760162  120.931564  118.347961  112.824844  104.294220  93.830467  82.391563  70.431877  60.633904  55.509537 
 57.368492  68.800781  82.633591  96.797813  110.028595  122.057190  131.901413  138.167343  140.016876  136.797501  129.724213  119.160629  106.817970  93.599220  79.795311  66.581406  56.980362 
 61.249329  75.732033  91.258125  106.933281  122.296249  136.562027  148.417191  156.513275  159.148132  155.249695  146.526718  133.434525  118.542191  103.374062  87.995003  72.941719  59.953171 
 64.956352  81.117188  97.885941  114.906097  132.375778  148.451569  162.543747  171.645935  174.480164  170.157654  160.391556  145.269226  127.952820  110.945465  94.229530  78.054222  63.225266 
 67.712807  84.819061  102.280785  120.130936  138.646255  156.485779  171.525162  181.022339  183.389374  179.499069  169.318588  152.975632  134.343597  116.056564  98.532654  81.590782  65.579315 
 68.376869  85.956879  103.801247  122.044693  140.660004  159.213440  174.272812  183.444214  186.140930  182.214844  172.760315  156.306412  137.375778  118.924683  100.235153  82.634842  66.511307 
 67.421822  84.614532  101.985001  119.558746  137.685150  155.397812  170.349380  179.753128  182.394379  178.004837  168.679535  152.467026  133.836563  115.888901  98.414688  81.386093  65.575462 
 64.809998  81.006248  97.322968  114.228912  130.996719  146.997192  160.567963  169.573746  172.090317  167.974838  158.036880  143.689850  127.064056  110.665939  94.165779  78.023285  63.295158 
 61.120369  75.173904  90.426094  106.086090  120.679382  134.366089  145.702499  153.425476  155.683899  152.233902  143.792969  131.609680  117.243439  102.724686  87.626877  72.715469  59.986504 
 57.902290  68.724373  82.405312  96.224220  109.160469  120.306870  129.762192  135.801086  137.490463  134.599686  127.725006  117.784851  105.890312  93.015778  79.303123  66.570465  57.459015 
 56.261040  62.828125  72.861404  84.806091  96.037033  105.628906  113.219528  117.862656  119.298599  116.916092  111.519844  103.231247  93.265312  82.019997  70.245316  60.942345  55.956299 
 53.598961  58.117287  63.256203  72.039215  81.680161  89.398705  96.080986  99.934120  101.044632  99.529221  94.947128  88.172501  79.175316  69.812912  61.364479  56.795464  53.166718 
 } 
 B Channel
 {
 35.219685  38.872604  43.739010  50.958755  58.243538  64.397446  68.780525  71.621773  72.336090  71.199379  68.284843  63.614220  57.308075  50.367599  43.494480  39.440575  38.093903 
 36.459270  41.740936  49.544220  58.321251  66.321877  73.106407  78.442184  81.679688  82.616722  81.124374  77.679222  72.072342  65.070778  57.135941  48.690315  41.555782  38.430157 
 38.410625  46.594376  56.352814  66.166878  75.165466  83.175781  89.714531  93.868126  95.096878  93.148125  88.802811  81.955467  73.802185  64.818596  55.227814  45.859531  39.586403 
 41.119740  51.529533  62.431091  73.047501  83.380783  92.893127  100.804062  106.158905  107.788597  105.478279  99.947029  91.292816  81.573593  71.668121  61.089691  50.488907  42.069111 
 43.930882  55.311096  66.978592  78.389999  90.070160  100.958282  110.259689  116.242188  118.012024  115.412506  109.092346  99.142654  87.989685  76.746719  65.377815  54.133904  44.448696 
 45.943806  57.828590  69.818436  81.915627  94.301872  106.267815  116.241562  122.365463  123.963745  121.512344  115.017181  104.348434  92.193283  80.054375  68.287186  56.499222  46.160263 
 46.472969  58.646095  70.878128  83.333282  95.767189  107.934372  117.992966  123.985474  125.843903  123.327499  117.230316  106.371719  93.992966  81.850159  69.470940  57.209373  46.823956 
 45.780361  57.862656  69.943283  81.916405  94.018906  105.660004  115.528122  121.676254  123.392654  120.710632  114.633911  103.965622  91.702187  79.896248  68.109062  56.338593  46.120892 
 44.111771  55.508438  67.117188  78.597191  89.742340  100.269844  109.270622  114.997345  116.571716  114.067810  107.632500  98.242340  87.386566  76.515938  65.305779  54.039063  44.419479 
 41.386402  51.740784  62.541092  73.249847  83.125778  92.108910  99.521561  104.376564  105.690315  103.611877  98.164688  90.222809  80.912033  71.255310  60.771561  50.369530  42.064323 
 39.273434  47.250938  56.923279  66.719688  75.592033  83.030159  89.033752  92.747498  93.819847  91.970154  87.644379  81.213905  73.268127  64.681252  55.009064  45.934845  40.075470 
 38.067863  42.781406  50.243591  58.797966  66.712654  73.154846  78.022659  80.972969  81.775940  80.349998  76.811562  71.500000  64.692497  56.814690  48.478905  41.745312  38.744896 
 36.032032  39.455780  43.326305  49.829849  56.522034  61.969635  66.345779  68.858170  69.451775  68.573334  65.804901  61.312500  55.032921  48.222610  42.098278  38.645729  36.437393 
 } 


 White Balance Data with optical Center Data
 r_center_x =  629 r_center_y =  479 
 gr_center_x =  631 gr_center_y =  476 
 b_center_x =  627 b_center_y =  485 
 gb_center_x =  636 gb_center_y =  487 
 r/gr 0.607245 
 b/gr 0.674281 
 gb/gr 0.997699 
 r_oc_ave 113.773331 
 b_oc_ave 126.333328 
 gr_oc_ave 187.360001 
 gb_oc_ave 186.928894 

 [AWB]
 RGr =  0.607245 
 BGr =  0.674281 
 GbGr =  0.997699 
 r_oc_ave =  113.773331 
 b_oc_ave =  126.333328 
 gr_oc_ave =  187.360001 
 gb_oc_ave =  186.928894 