 LEFT LENS SHADING DATA
 RED Channel
 {
 26.710472  29.411720  33.115936  39.341248  45.415466  50.893181  55.073029  57.407188  58.188484  56.900421  54.075722  49.706825  44.307552  38.212448  32.530678  29.117966  27.274635 
 28.566719  32.561092  39.182186  46.937500  54.186096  60.666718  65.793434  68.998436  69.892029  68.278748  64.572815  59.230782  52.721092  45.675156  38.116718  31.938595  28.741302 
 30.073856  36.843437  45.383751  54.259689  62.636719  70.171562  76.586250  80.922188  82.047188  79.906563  75.219215  68.491249  60.753128  52.500626  43.905781  35.796249  29.762085 
 32.556145  41.297813  51.048592  60.984528  70.484840  79.551094  87.404060  92.936874  94.548279  91.756874  85.850624  77.303749  68.109375  58.729378  49.251091  39.894062  31.896149 
 34.900051  45.012344  55.491096  66.307816  77.205154  87.827347  97.122032  103.260002  105.118439  101.988747  95.124222  85.148750  74.264847  63.729530  53.244064  43.074844  34.026302 
 36.780106  47.383438  58.447815  69.930779  81.863907  93.599686  103.792503  110.134842  111.761093  108.693436  101.671722  90.731560  78.685783  67.105003  56.034218  45.476093  35.678383 
 37.440990  48.237030  59.573280  71.426720  83.572029  95.788124  106.008438  112.284058  114.035461  111.087654  104.362503  93.272972  80.814529  68.864845  57.328125  46.354530  36.390156 
 36.796040  47.485626  58.495941  70.008904  81.805313  93.421562  103.382660  109.753281  111.414688  108.496246  101.851563  90.918282  78.829216  67.264687  56.159531  45.584373  35.951042 
 35.065887  45.119843  55.496246  66.407028  77.187653  87.634842  96.734840  102.823593  104.599686  101.595154  94.913437  85.140312  74.484688  63.994843  53.632813  43.541248  34.589584 
 32.788124  41.440624  51.127190  61.106873  70.502029  79.402031  87.022972  92.248436  93.751404  91.382813  85.610313  77.348122  68.217812  59.003754  49.532188  40.254219  32.413593 
 30.898178  37.359219  45.697033  54.608597  63.055313  70.498436  76.781876  80.934059  82.051559  80.044685  75.390312  68.802498  61.178909  53.057968  44.467030  36.401093  30.826305 
 30.124844  33.691719  39.823124  47.578125  54.940468  61.386871  66.591873  69.858749  70.782341  69.132187  65.492188  60.228127  53.721878  46.478439  39.053123  33.110939  30.284687 
 28.791096  31.380680  34.668541  40.406876  46.923176  52.246460  56.710625  59.333336  60.012558  58.893021  55.868858  51.563965  45.844376  39.870518  34.236042  31.276356  29.165520 
 } 
 GR Channel
 {
 51.913849  56.556763  62.564476  72.068649  81.504944  89.917030  96.175316  99.902657  101.048546  99.009682  94.684219  88.310829  80.047554  70.616875  61.529747  56.222549  52.979630 
 55.170929  62.003441  72.512810  84.701561  95.857658  105.837654  113.580307  118.478287  119.921875  117.367188  111.986092  103.866249  93.947342  82.864372  71.113281  61.116096  55.511299 
 57.790993  68.767029  82.309219  96.160156  109.198906  120.869843  130.600937  137.086411  138.951721  135.768127  128.948120  118.555161  106.569847  93.828125  80.366562  67.382187  57.271355 
 61.756096  75.821716  91.053123  106.416878  121.220001  135.312653  147.376099  155.719055  158.212662  154.383286  145.601410  132.628281  118.225632  103.603127  88.714844  73.844841  60.559631 
 65.646927  81.595467  98.014534  114.733124  131.380630  147.793121  162.131088  171.441101  174.222504  170.086243  159.928589  144.816711  127.757187  111.284531  95.008438  79.049843  64.025887 
 68.463593  85.455467  102.573593  120.157181  138.329376  156.526566  172.038589  181.573746  184.091568  180.027344  169.810150  153.275940  134.686096  116.610001  99.405624  82.763748  66.688744 
 69.448074  86.794533  104.277344  122.362350  140.758743  159.782501  175.324371  184.807663  187.533752  183.547974  174.042496  157.360001  138.295319  119.589691  101.461403  84.050316  68.049896 
 68.540672  85.494217  102.646095  120.097656  138.015930  156.140625  171.473907  181.090469  183.713593  179.776245  170.324066  153.698914  134.757660  116.733749  99.513283  82.870781  67.120575 
 65.859634  81.701096  97.952660  114.702499  131.300308  147.420151  161.419525  170.646713  173.335312  169.551086  159.520309  144.656097  127.829056  111.537971  95.421562  79.591408  64.746613 
 62.125153  75.995781  91.102341  106.455627  121.001724  134.905319  146.501724  154.465775  156.853119  153.617493  144.928909  132.436722  118.029526  103.711876  88.854378  74.224533  61.385994 
 58.965050  69.497345  82.729378  96.615311  109.632965  121.127350  130.688599  136.920471  138.765152  135.906723  128.940155  118.761719  106.987656  94.287498  80.946091  68.098907  58.720787 
 57.207603  63.560936  73.458282  85.518127  97.076721  107.030937  114.825150  119.573441  121.006882  118.804840  113.348129  105.283127  95.131409  83.972191  72.351715  62.628906  57.708702 
 54.363022  59.414268  64.873901  73.909370  83.857758  92.088028  99.014114  103.033012  104.187294  102.358803  98.146461  91.397713  82.773705  73.115105  64.294014  59.249947  55.531197 
 } 
 GB Channel
 {
 52.477242  56.922234  63.091461  72.824318  82.339996  91.014694  97.603806  101.441925  102.725891  100.377922  96.066040  89.317604  80.550003  71.160728  61.814735  56.531357  53.591774 
 55.341408  62.345779  72.973122  85.325783  96.820000  106.780937  114.702347  119.817963  121.083588  118.523743  113.081879  104.710938  94.536247  83.192810  71.298279  61.229691  55.740944 
 57.712349  68.934219  82.672340  96.861092  110.030472  121.827026  131.624527  138.229218  140.161880  136.968277  129.847961  119.399689  107.126091  94.118752  80.411560  67.170311  57.184479 
 61.326981  75.839066  91.360939  106.935936  121.960632  135.998444  148.376877  156.629532  159.467026  155.419998  146.485779  133.305161  118.641403  103.705315  88.546562  73.435471  60.079002 
 65.171356  81.329689  97.999847  115.005936  131.863281  148.169373  162.659531  172.065933  175.046722  170.586090  160.490463  145.076569  127.849213  111.155937  94.642654  78.475159  63.432442 
 67.797180  84.908440  102.258751  119.982971  138.264847  156.514847  172.015152  181.598434  184.304062  180.084686  169.800629  153.253281  134.446716  116.220932  98.797501  81.834999  65.977081 
 68.598549  85.996872  103.665154  121.846405  140.379684  159.183594  174.677505  184.212967  187.137192  183.057968  173.523743  156.809845  137.747345  118.998276  100.774063  83.134529  67.065155 
 67.577652  84.700783  101.859062  119.521408  137.393433  155.211090  170.486099  180.256088  182.909225  179.016251  169.522659  152.991882  134.003754  115.990936  98.667191  81.835472  66.253174 
 64.874168  80.813751  97.030312  113.944214  130.434692  146.396713  160.441406  169.642181  172.490463  168.605469  158.524368  143.739212  126.975311  110.674843  94.478905  78.529221  63.929848 
 61.315575  75.189529  90.297966  105.629532  120.095306  133.771713  145.322662  153.309998  155.698441  152.427505  143.744690  131.329529  116.990158  102.639999  87.868439  73.193909  60.510780 
 58.159897  68.732811  81.947968  95.734222  108.646721  120.036255  129.423279  135.687347  137.529694  134.657349  127.614380  117.590149  105.898285  93.284531  79.912498  67.118752  58.060410 
 56.656982  62.971565  72.804840  84.834846  96.091721  105.952347  113.643280  118.460159  119.743286  117.477661  112.024841  103.991409  94.111877  83.045937  71.412811  61.909531  57.155159 
 54.091141  58.910721  64.161308  73.170883  83.073593  91.149635  98.075989  101.971199  102.855568  101.309113  96.950050  90.398277  81.807289  72.241348  63.488228  58.573906  55.180161 
 } 
 B Channel
 {
 34.911980  38.099480  42.472187  49.342026  56.195831  62.161194  66.577087  68.949219  69.787231  68.614265  65.793549  61.174118  55.276825  48.516457  42.034115  38.172863  36.407864 
 37.052395  41.966564  49.458435  58.057655  66.062500  72.856407  78.126251  81.393593  82.310783  80.708435  77.256874  71.672653  64.759529  57.040627  48.593903  41.558907  38.217033 
 38.646095  46.517967  56.322029  66.181877  75.211716  83.238594  89.700310  93.866096  95.079529  93.155159  88.680313  81.777191  73.536407  64.627029  55.137184  45.952656  39.643284 
 41.302971  51.317345  62.165627  72.998436  83.231560  92.947655  101.062035  106.425468  108.053123  105.523590  99.839218  91.145935  81.518127  71.350624  60.888123  50.469841  41.975471 
 43.961773  55.100937  66.644684  78.120781  89.726563  100.868126  110.404221  116.576401  118.530945  115.677963  109.267189  99.186096  87.705627  76.571091  65.204842  53.969376  44.291042 
 45.872654  57.659531  69.541252  81.549217  93.971878  106.036720  116.275787  122.542191  124.197495  121.717346  115.080154  104.313126  91.930466  79.740471  67.882347  56.306404  46.182869 
 46.559895  58.510315  70.641403  82.833595  95.369217  107.787033  117.931870  124.105316  126.048599  123.469681  117.354843  106.413597  93.800468  81.558907  69.189690  57.122498  46.884998 
 45.897289  57.681877  69.559998  81.651718  93.764061  105.565155  115.633591  121.851410  123.481873  120.862808  115.072037  104.242966  91.627815  79.643906  67.808907  56.287811  46.310730 
 44.020935  55.118439  66.517502  78.103905  89.394844  100.184219  109.297813  115.179840  116.859222  114.344528  108.005157  98.372658  87.194534  76.225784  65.073128  54.017967  44.741508 
 41.442188  51.217186  61.884064  72.562035  82.490784  91.777031  99.382034  104.512497  105.958122  103.959534  98.413910  90.250626  80.660782  70.921410  60.592812  50.354843  42.247135 
 39.257763  46.822968  56.215782  66.032654  75.009842  82.779373  89.166092  93.241562  94.364372  92.539215  88.138908  81.479691  73.481560  64.726715  55.266563  46.220470  40.404842 
 38.306408  42.912033  50.167191  58.897499  66.993126  73.910469  79.312035  82.508591  83.467186  81.937187  78.375465  72.910469  65.966560  58.071251  49.582970  42.796406  40.142868 
 36.503490  40.273907  44.324268  50.927917  58.178543  64.144424  68.901398  71.669212  72.415520  71.270103  68.328590  63.599007  57.616982  50.679169  44.112343  40.616615  38.635365 
 } 


 White Balance Data with optical Center Data
 r_center_x =  623 r_center_y =  489 
 gr_center_x =  662 gr_center_y =  494 
 b_center_x =  631 b_center_y =  485 
 gb_center_x =  633 gb_center_y =  465 
 r/gr 0.607258 
 b/gr 0.671924 
 gb/gr 0.998135 
 r_oc_ave 114.315552 
 b_oc_ave 126.488892 
 gr_oc_ave 188.248886 
 gb_oc_ave 187.897781 

 [AWB]
 RGr =  0.607258 
 BGr =  0.671924 
 GbGr =  0.998135 
 r_oc_ave =  114.315552 
 b_oc_ave =  126.488892 
 gr_oc_ave =  188.248886 
 gb_oc_ave =  187.897781 