 LEFT LENS SHADING DATA
 RED Channel
 {
 28.640362  30.856617  34.537914  40.565105  46.901981  52.184013  56.287392  58.685783  59.325157  58.007294  55.265160  50.675056  45.031979  38.834583  32.898853  29.360989  27.233490 
 30.626614  34.371407  41.007500  48.965935  56.364059  62.604218  67.436562  70.673904  71.317032  69.553123  65.959534  60.453590  53.870316  46.641251  38.880936  32.379532  28.874325 
 32.244896  38.824062  47.608280  56.566559  65.070313  72.399841  78.512184  82.620628  83.675468  81.408127  76.601563  69.968437  62.121559  53.934219  44.864689  36.494999  30.220833 
 34.687084  43.642502  53.552032  63.555779  73.164841  81.902191  89.464378  94.620468  96.048752  93.195625  87.072342  78.877655  69.611717  60.189064  50.295158  40.778126  32.562706 
 37.483749  47.674999  58.335625  69.197502  80.099060  90.197189  99.060310  105.072655  106.757034  103.457031  96.345467  86.703438  75.865311  65.289063  54.582031  44.136250  34.750416 
 39.215988  50.300781  61.506874  73.013435  84.840935  96.177498  105.900002  112.058121  113.633911  110.585785  102.980621  92.329842  80.353127  68.841248  57.405159  46.540314  36.506561 
 39.818905  51.264534  62.950470  74.863434  86.967033  98.677498  108.513748  114.690308  116.320618  113.151413  106.343437  95.011406  82.647499  70.743752  58.790779  47.378281  37.225571 
 39.231304  50.344841  61.808281  73.481873  85.327972  96.720314  106.351250  112.560150  114.134689  111.095467  104.161247  92.944534  80.803436  69.349998  57.815468  46.650467  36.786510 
 37.632187  47.924686  58.854218  69.863747  80.785469  91.146721  99.860153  105.779533  107.377815  104.179375  97.261253  87.460472  76.619217  66.064529  55.183907  44.680157  35.202450 
 35.127968  44.189842  54.330154  64.492035  74.161720  83.120628  90.456566  95.477188  96.757347  94.207970  88.215622  79.882034  70.541878  60.990623  51.050934  41.226563  32.805313 
 32.974689  39.862186  48.770157  57.961403  66.646721  74.039688  80.269379  84.150002  85.175468  83.052658  78.205002  71.334373  63.385628  54.858910  45.663906  37.110939  30.773434 
 31.741928  35.810471  42.334530  50.304688  57.912971  64.398438  69.281403  72.457344  73.122185  71.408905  67.551872  62.007813  55.115623  47.651405  39.580624  33.147655  29.551617 
 29.790676  32.629425  35.973907  42.070103  48.488594  53.933861  58.229950  60.727966  61.239273  59.973694  56.771873  52.115730  46.082287  39.786613  33.553543  30.074532  27.826614 
 } 
 GR Channel
 {
 52.082344  56.365677  62.373695  71.680161  81.038437  89.090363  95.436722  99.351509  100.652504  98.654579  94.813126  88.208275  79.890572  70.464630  61.433327  55.882820  52.476982 
 55.861092  62.152969  72.381409  84.343285  95.717186  105.326408  112.916092  117.956726  119.274994  117.065002  112.100632  104.173904  94.283279  83.157341  71.125000  61.176559  55.385307 
 58.674324  69.078278  82.333435  95.992035  109.154533  120.475464  129.976868  136.409851  138.435776  135.648285  129.040619  119.346878  107.439529  94.654533  80.803123  67.741096  57.670883 
 62.551308  76.234840  91.190468  106.202499  121.183746  134.573593  146.490936  154.585632  157.305161  153.763596  145.438904  133.551559  119.486725  104.683594  89.429688  74.576721  61.474007 
 66.554161  82.168747  98.074532  114.513275  131.052505  146.552505  160.581253  169.958588  172.989685  169.114685  159.714371  145.524689  129.075943  112.688599  96.233597  80.073593  65.042976 
 69.254272  86.080940  102.748436  119.999695  137.898438  155.250153  170.352814  180.080933  182.955627  179.402191  169.359222  153.793121  135.821716  118.160461  100.616562  83.754372  67.768539 
 70.225624  87.413124  104.691872  122.348434  140.610153  158.596558  174.024368  183.724060  186.665314  183.002350  174.207504  157.937347  139.519058  121.333130  102.902344  85.130623  68.847702 
 69.304070  86.067810  103.261253  120.489532  138.341095  155.897339  170.923904  180.680618  183.664688  180.282654  171.234528  155.099686  136.674530  118.932190  101.195778  83.977654  68.220367 
 66.721405  82.604530  98.845314  115.504211  132.033432  148.100464  161.848755  171.206406  174.082336  170.409378  161.137650  146.766876  130.181870  113.850937  97.095627  80.816254  65.620827 
 62.844948  76.922653  92.109222  107.404060  122.228592  135.917343  147.811401  155.760162  158.174850  155.348434  147.289215  134.925308  120.651413  106.013748  90.545158  75.301094  61.987976 
 59.557137  70.464844  83.875465  97.863434  111.109222  122.544846  132.058594  138.391098  140.415619  137.774841  131.345932  121.456253  109.387657  96.247658  81.997658  68.889687  58.674271 
 57.104065  64.106560  74.212029  86.346252  97.947968  107.955154  115.694214  120.600159  122.151566  119.953278  114.613586  106.674377  96.325935  84.809845  72.366875  62.409531  56.596825 
 53.326981  58.844070  64.361412  73.499168  83.261101  91.838699  98.291931  102.514107  103.628647  101.828072  97.345055  90.729370  81.980934  72.054634  62.661880  57.330986  53.703484 
 } 
 GB Channel
 {
 52.942818  56.926979  63.034164  72.291145  81.974632  89.979790  96.434219  100.286247  101.365471  99.567657  95.248756  88.618690  80.065155  70.292389  61.220154  55.714012  52.313171 
 56.559059  62.686562  73.084999  85.224060  96.724846  106.328125  113.853592  118.860001  120.071091  117.527039  112.354996  104.253906  94.124535  82.951561  70.739532  60.740471  54.999840 
 59.115944  69.538437  82.971252  96.814529  110.038124  121.343445  130.770462  137.167496  139.056412  135.921875  129.104218  119.238434  107.267342  94.263748  80.227814  67.150314  57.107811 
 62.766930  76.602966  91.766716  107.109222  122.160461  135.601563  147.434845  155.384369  157.871246  154.008911  145.482025  133.299225  119.082031  104.148285  88.630623  73.676872  60.479790 
 66.700523  82.567184  98.834999  115.269058  131.941254  147.605774  161.260941  170.527817  173.540787  169.283432  159.540787  145.155151  128.516724  111.900314  95.216873  79.004532  63.975151 
 69.101822  86.214531  103.180939  120.483902  138.389694  155.817963  170.712967  180.107971  182.961716  179.090149  168.856567  153.152039  134.923752  117.047974  99.381248  82.489998  66.410416 
 70.024849  87.339218  104.812187  122.683746  140.876099  158.781723  173.727661  183.405319  186.202026  182.350464  173.239380  156.927963  138.312027  119.964371  101.528282  83.754684  67.402603 
 69.071198  85.890160  103.124062  120.579681  138.290314  155.662338  170.453278  180.104370  182.930313  179.294067  170.136719  153.751877  135.459839  117.676880  99.768280  82.507034  66.597649 
 66.594688  82.404686  98.831406  115.409058  131.894531  147.703278  161.283127  170.332809  173.146881  169.202820  159.844055  145.462814  128.843277  112.561874  95.635468  79.358437  64.175110 
 62.777504  76.824997  92.079063  107.461563  122.065933  135.515778  147.097031  154.792191  157.168121  154.010468  145.930939  133.526413  119.322189  104.628128  89.156403  74.030937  60.745934 
 59.430779  70.392654  83.743752  97.657654  110.733910  121.950775  131.423431  137.579224  139.414841  136.685318  130.058594  120.062973  107.967346  95.015938  80.769379  67.631874  57.554794 
 57.255836  64.023750  74.153435  86.171097  97.622658  107.482658  115.069687  119.947968  121.276093  119.042038  113.492188  105.511719  95.113281  83.647499  71.307503  61.347031  55.640572 
 53.656250  58.698746  64.054276  73.347130  83.187447  91.416199  98.120522  102.062347  103.130058  101.258492  96.555519  89.777763  81.018494  71.139587  61.652908  56.498909  52.933487 
 } 
 B Channel
 {
 35.013542  37.805626  42.115414  49.011414  55.993851  61.727135  65.984840  68.608963  69.177658  67.821098  65.217758  60.680626  54.832870  48.056305  41.565731  37.479897  35.367397 
 37.692707  42.089375  49.432503  58.073280  66.108437  72.649841  77.639221  80.870628  81.669533  80.014221  76.682968  71.406876  64.732658  57.024841  48.489059  41.435314  37.790726 
 39.601250  47.195000  56.537346  65.969841  75.073128  82.671097  88.905937  92.971565  94.152969  92.146873  87.745628  81.415939  73.562500  64.912186  55.278435  46.273594  39.650887 
 42.530155  52.235779  62.815781  73.006561  82.975311  91.971405  99.762344  104.937500  106.597809  104.143280  98.509377  90.559059  81.405472  71.675316  61.321716  51.049065  42.540310 
 45.374321  56.309532  67.566254  78.476563  89.396561  99.727028  108.785309  114.968277  116.814682  114.204056  107.750465  98.304840  87.614372  76.880310  65.789528  54.858284  45.219738 
 47.354008  58.897972  70.436096  82.032028  93.605003  104.955315  114.833130  121.174683  123.195313  120.636719  113.923431  103.575310  91.870628  80.280472  68.584686  57.375778  47.030991 
 47.750988  59.707031  71.514221  83.442810  95.276405  106.861877  116.789993  123.072342  125.143600  122.541870  116.571243  105.700470  93.848122  82.108124  70.015160  58.258904  47.830784 
 47.220158  58.812035  70.490471  82.166092  93.765160  104.975159  114.662033  120.880310  122.839371  120.689529  114.832809  104.184998  92.210625  80.687347  69.012810  57.550934  47.343433 
 45.355206  56.339378  67.611404  78.786407  89.599373  99.743904  108.377502  114.510162  116.375153  113.992661  108.030937  98.749374  87.913284  77.327812  66.199684  55.359375  45.690205 
 42.610104  52.454689  62.929222  73.489532  83.233284  91.842499  99.186562  104.300629  105.892189  104.128281  99.076561  91.085785  81.820313  72.157028  61.828590  51.549377  42.951038 
 40.075729  47.916561  57.322502  66.943283  75.920471  83.291565  89.283592  93.172653  94.538750  92.914688  88.790779  82.390778  74.443123  65.682343  55.932030  46.947811  40.494061 
 38.372864  43.275158  50.476875  59.012970  67.048592  73.679535  78.650154  81.682968  82.631874  81.329063  78.057030  72.747810  65.820465  57.946091  49.178909  42.337345  38.906715 
 35.775780  39.662865  43.731041  50.399422  57.447144  63.292236  67.507446  70.323593  70.898544  69.838646  66.850159  62.441986  56.421928  49.272972  42.463699  38.893803  36.801716 
 } 


 White Balance Data with optical Center Data
 r_center_x =  632 r_center_y =  470 
 gr_center_x =  642 gr_center_y =  475 
 b_center_x =  664 b_center_y =  475 
 gb_center_x =  653 gb_center_y =  482 
 r/gr 0.622779 
 b/gr 0.669647 
 gb/gr 0.997581 
 r_oc_ave 116.697784 
 b_oc_ave 125.479996 
 gr_oc_ave 187.382217 
 gb_oc_ave 186.928894 

 [AWB]
 RGr =  0.622779 
 BGr =  0.669647 
 GbGr =  0.997581 
 r_oc_ave =  116.697784 
 b_oc_ave =  125.479996 
 gr_oc_ave =  187.382217 
 gb_oc_ave =  186.928894 