 LEFT LENS SHADING DATA
 RED Channel
 {
 28.981663  31.256252  34.977451  41.004269  47.279373  52.764793  56.871872  59.239273  59.903130  58.634331  55.578598  50.915619  45.351871  39.052658  33.559063  30.504845  28.191929 
 30.751251  34.392502  41.168907  49.204689  56.653122  63.094376  68.218124  71.354691  72.144379  70.393280  66.487968  60.805626  54.015625  46.672031  39.012814  33.096718  30.100262 
 32.263748  38.722500  47.461720  56.833435  65.469215  73.219841  79.529533  83.612190  84.736252  82.330002  77.348434  70.234528  62.134529  53.790939  44.918751  36.652031  31.086407 
 34.449791  43.321877  53.143127  63.400940  73.503128  82.778122  90.595467  95.902969  97.208748  94.268280  88.036720  79.130310  69.536407  59.971252  50.207184  40.637814  32.924480 
 36.476616  46.976406  57.544533  68.715157  80.129684  90.982033  100.236252  106.232346  107.847191  104.445465  97.197342  86.784843  75.565315  64.830780  54.190155  43.912655  34.844528 
 38.050785  49.227654  60.534691  72.156563  84.576561  96.600784  106.882347  112.926407  114.359070  111.125778  103.421722  92.179062  79.881409  68.033127  56.767815  46.077499  36.288334 
 38.821774  49.820938  61.572342  73.678909  86.221718  98.695000  109.072815  115.216400  116.597031  113.448441  106.308441  94.693748  81.930626  69.738594  57.971878  46.811249  36.835835 
 38.237450  48.931404  60.275780  72.002029  84.145309  96.138123  106.382034  112.694214  114.140472  110.875153  103.717972  92.257187  79.840935  68.080780  56.768593  46.029842  36.230469 
 36.593178  46.561718  57.235313  68.244843  79.450623  90.094528  99.500465  105.550781  107.177032  103.802345  96.494064  86.327034  75.268906  64.612656  54.054688  43.820156  34.716614 
 34.219063  42.955311  52.720467  62.639847  72.302811  81.605782  89.430000  94.729691  96.025002  93.259064  86.983749  78.532501  69.064377  59.609062  49.851250  40.352188  32.668438 
 32.002396  38.679062  47.196407  56.131409  64.602501  72.212814  78.724686  82.715935  83.806564  81.582657  76.532654  69.636093  61.872185  53.466721  44.629219  36.500313  30.831142 
 30.823597  34.582970  40.911407  48.684845  56.076408  62.464378  67.701096  70.873596  71.752815  69.963440  66.112968  60.426247  53.791405  46.462345  38.897655  32.956406  30.014950 
 29.239845  31.526928  34.769115  40.535885  46.709110  52.018951  56.419212  59.167137  59.662392  58.585518  55.441925  50.872086  45.164116  38.838799  33.342865  30.393696  28.467030 
 } 
 GR Channel
 {
 52.052345  56.881935  63.193909  72.626411  82.287033  90.545258  96.573853  100.078438  101.497292  99.645210  95.677864  88.818748  80.499214  70.952286  62.351250  57.423798  53.347137 
 56.007347  62.555466  73.242035  85.470779  96.810158  106.427971  114.025940  118.628433  120.261871  117.881882  112.657654  104.611252  94.709846  83.569374  71.599998  62.098595  56.981308 
 58.850883  69.508591  83.005783  97.134529  110.019379  121.633911  131.112656  137.218124  139.174057  136.203903  129.533432  119.472656  107.523903  94.836250  81.155312  68.061562  58.772812 
 62.673126  76.483124  91.478439  106.929840  121.930786  136.063278  147.913132  155.911407  158.339218  154.627975  146.183121  133.457031  119.088287  104.510941  89.570160  74.523750  61.980415 
 65.997032  82.113907  98.128128  114.736725  131.899216  148.319214  162.401871  171.485153  174.401718  170.169373  160.487503  145.534851  128.732819  112.304535  95.948906  79.891876  65.371040 
 68.557083  85.631248  102.577812  119.795471  138.496872  156.673752  172.280777  181.593277  184.027039  180.159058  170.084381  153.935150  135.380005  117.371246  100.297340  83.465935  67.744690 
 69.437088  86.537498  103.959534  121.747498  140.609680  159.648438  175.408905  184.895157  187.216873  183.356873  174.193130  157.787506  138.808594  120.289215  102.118279  84.665466  68.758179 
 68.498436  85.000938  102.021248  119.292343  137.432663  155.851410  171.725311  181.229843  183.791565  179.915466  170.668747  154.282974  135.569687  117.657349  100.252968  83.349373  67.646461 
 66.008385  81.412346  97.557655  113.943588  130.766724  147.328751  161.949692  171.144058  174.016876  169.987976  160.119995  145.342651  128.542191  112.342499  95.977966  79.969063  65.366562 
 62.211929  75.877968  90.625000  105.731720  120.312805  134.694061  146.887344  155.199844  157.722504  154.435623  145.786255  133.343124  119.058899  104.610001  89.469528  74.467812  61.806152 
 58.556252  69.303749  82.484840  96.009216  108.858910  120.591873  130.666718  137.231094  139.345779  136.494537  129.571243  119.530151  107.807655  94.814064  81.184372  68.216873  58.853539 
 56.285522  62.907188  72.864059  84.673439  95.874222  105.811409  114.009689  118.919846  120.682495  118.493591  113.048752  104.915314  94.904846  83.645157  71.889847  62.523438  57.430939 
 53.227600  57.696770  63.041557  72.088852  81.470261  89.447861  96.334274  100.632973  101.712090  100.220467  95.827919  89.317810  80.733803  71.136192  62.619217  58.133430  54.812187 
 } 
 GB Channel
 {
 52.059738  56.650986  62.901192  72.436043  81.947754  90.218079  96.349686  99.991302  101.085983  99.193069  94.760307  88.007706  79.375572  69.916565  61.111404  56.216400  52.055161 
 55.833076  62.223282  72.848907  85.136871  96.486717  106.075783  113.542191  118.239838  119.572037  117.069534  111.586563  103.316872  93.284531  82.067810  70.227028  60.809532  55.788071 
 58.444321  69.062035  82.588127  96.830002  109.795158  121.177505  130.479538  136.529373  138.243286  135.111725  128.207962  117.861252  106.007347  93.231247  79.523125  66.520935  57.439270 
 62.035156  76.077034  91.209686  106.694374  121.725464  135.588440  147.263443  155.116714  157.394684  153.487503  144.791870  131.963593  117.611877  102.851097  87.791092  72.813278  60.248070 
 65.253120  81.478127  97.820313  114.457657  131.647339  148.024841  161.954849  170.827194  173.491257  169.021561  159.074997  144.028442  127.174057  110.570313  94.171875  78.053436  63.468018 
 67.726669  84.881248  102.155937  119.615005  138.230164  156.285461  171.610306  180.755936  183.207336  178.975464  168.513748  152.304214  133.661407  115.531250  98.258438  81.479530  65.773071 
 68.746773  85.723434  103.482346  121.560150  140.437347  159.232819  174.819061  183.957336  186.210785  182.259995  172.784851  156.101410  137.008118  118.362808  100.194847  82.643593  66.793800 
 67.821350  84.522186  101.474686  119.067184  137.277039  155.516251  171.090317  180.562805  182.915466  178.748444  169.243286  152.625153  133.917496  115.789993  98.280472  81.444847  65.849213 
 65.226303  81.008591  97.110626  113.678436  130.708435  147.112808  161.477966  170.565781  173.292969  168.962189  158.856094  144.025620  127.144379  110.749847  94.243591  78.191093  63.500473 
 61.641251  75.616249  90.410156  105.475311  120.256256  134.514374  146.592819  154.776093  157.140778  153.663757  144.768280  132.102966  117.693283  103.130936  87.954063  73.000153  60.312866 
 58.482338  69.171722  82.394844  95.883278  108.707344  120.493912  130.455154  136.776871  138.862656  135.827499  128.599686  118.450943  106.498283  93.565628  79.933441  66.991249  57.855835 
 56.520576  62.919533  72.865784  84.708282  96.017654  105.842033  113.884369  118.828125  120.552185  118.004684  112.314056  104.055466  93.903908  82.609840  70.790779  61.520157  56.708275 
 53.610992  57.805153  63.148071  72.088905  81.484535  89.643066  96.412712  100.583130  101.750519  100.093857  95.424896  88.711098  79.924942  70.264633  61.845581  57.322441  54.436607 
 } 
 B Channel
 {
 34.064426  37.063175  41.729061  48.575417  55.429581  60.982918  65.116722  67.555046  68.362137  67.184998  64.365570  59.708855  53.895050  47.054218  40.832554  37.280468  34.837551 
 36.866928  41.211720  48.659065  57.578751  65.555000  72.097504  77.054840  80.039841  80.912346  79.341248  75.899529  70.309685  63.394844  55.611092  47.268593  40.639843  37.705887 
 38.808437  46.130936  55.540779  65.578590  74.691406  82.475159  88.525627  92.313126  93.502815  91.572189  87.151566  80.381721  72.256248  63.473595  53.928123  44.913280  39.132240 
 41.394634  50.973595  61.610939  72.318909  82.762032  92.096405  99.654686  104.554535  105.995316  103.631721  98.100784  89.590782  80.080780  70.189064  59.765625  49.465309  41.491146 
 43.820572  54.802032  66.155159  77.554222  89.233437  100.099846  109.154846  114.737030  116.352814  113.596405  107.225159  97.490784  86.343285  75.265625  64.103905  53.120468  43.843594 
 45.535938  56.990936  68.823906  80.737968  93.230469  105.360466  115.423752  121.041412  122.467346  119.866562  113.227036  102.602341  90.512344  78.482971  66.824066  55.525940  45.635101 
 46.184425  57.562965  69.541252  81.850471  94.390312  106.952187  117.283127  123.017975  124.293594  121.786560  115.553284  104.714996  92.377655  80.268593  68.131874  56.391563  46.364891 
 45.684170  56.742500  68.153595  80.063126  92.285934  104.263435  114.621567  120.527039  121.934219  119.251877  113.267975  102.782501  90.474846  78.539215  66.814377  55.455940  45.513851 
 43.931873  54.359375  65.115311  76.347969  87.909065  98.561249  108.038750  113.902344  115.543121  112.654694  106.239998  96.733910  85.898903  75.101250  63.970314  53.105156  43.956200 
 41.283855  50.635941  60.543282  70.608284  80.722504  90.174065  98.042503  103.328125  104.704689  102.482498  96.873596  88.947502  79.553284  69.932968  59.619377  49.459373  41.416462 
 38.954945  46.161407  55.050781  64.055313  72.868279  80.837189  87.390625  91.493126  92.720627  90.750313  86.275467  79.709061  71.991249  63.289688  53.935471  45.098907  39.484116 
 37.314842  41.649220  48.458282  56.379219  64.047028  70.945625  76.373283  79.618279  80.642815  79.164841  75.426247  70.093750  63.287971  55.661407  47.472813  41.062031  38.443073 
 35.453590  38.353596  41.945988  48.029846  54.430992  60.033546  64.712662  67.645988  68.435318  67.412132  64.425003  59.846672  53.924843  47.272449  41.350727  38.185154  36.675987 
 } 


 White Balance Data with optical Center Data
 r_center_x =  625 r_center_y =  476 
 gr_center_x =  639 gr_center_y =  482 
 b_center_x =  643 b_center_y =  477 
 gb_center_x =  647 gb_center_y =  488 
 r/gr 0.622946 
 b/gr 0.663356 
 gb/gr 0.995484 
 r_oc_ave 117.088882 
 b_oc_ave 124.684448 
 gr_oc_ave 187.960007 
 gb_oc_ave 187.111115 

 [AWB]
 RGr =  0.622946 
 BGr =  0.663356 
 GbGr =  0.995484 
 r_oc_ave =  117.088882 
 b_oc_ave =  124.684448 
 gr_oc_ave =  187.960007 
 gb_oc_ave =  187.111115 