 LEFT LENS SHADING DATA
 RED Channel
 {
 27.447346  29.779427  33.565678  39.660831  45.887135  51.386406  55.679787  58.311356  58.819321  57.624992  54.611771  50.028435  44.508907  38.423176  32.785782  29.724846  27.949429 
 29.236092  33.397968  39.957970  47.813751  55.204842  61.690781  66.853127  70.190941  70.914528  69.173752  65.545937  59.944687  53.269531  46.012970  38.421406  32.454220  29.462341 
 30.770679  37.769218  46.445625  55.342346  63.846405  71.616722  78.039688  82.347191  83.455780  81.185783  76.302185  69.432343  61.491249  53.112503  44.334530  36.201717  30.513180 
 33.208126  42.345627  52.168594  62.208282  71.901253  81.149216  89.115784  94.475159  96.010628  93.193748  86.993904  78.441254  69.018593  59.435936  49.704689  40.339218  32.431927 
 35.856197  45.958908  56.751091  67.667503  78.712654  89.477188  98.749062  104.918121  106.640938  103.375000  96.242966  86.144997  75.148438  64.473595  53.821251  43.577499  34.658337 
 37.766144  48.381561  59.639061  71.283592  83.331879  95.186249  105.318283  111.637970  113.274063  110.065155  102.727654  91.584999  79.451096  67.904999  56.612503  45.948750  36.110832 
 38.535259  49.295471  60.689217  72.879997  85.181252  97.422966  107.625938  113.816559  115.310944  112.247025  105.338593  94.000626  81.459373  69.506561  57.770470  46.614532  36.720989 
 37.646305  48.474846  59.519218  71.180000  83.250313  94.884064  104.919998  111.188278  112.679382  109.547340  102.723595  91.612816  79.325935  67.802971  56.688751  46.016094  36.098801 
 35.775520  45.988438  56.482033  67.413124  78.528595  88.953751  97.884842  103.985779  105.528282  102.535934  95.581253  85.765472  74.960472  64.400467  54.018280  43.857033  34.838490 
 33.391148  42.266563  52.048592  61.870941  71.473434  80.591721  88.123596  93.258904  94.678123  92.172966  86.170471  78.014847  68.724220  59.429222  49.744377  40.435623  32.716873 
 31.275627  37.974377  46.577969  55.495468  63.854218  71.319221  77.701408  81.751091  82.859375  80.678123  75.881409  69.155624  61.394684  53.277496  44.465939  36.493439  31.109268 
 30.127865  33.916405  40.257969  48.074066  55.313591  61.734062  66.779533  69.991249  70.699684  69.157814  65.351097  59.878906  53.279221  46.091564  38.578594  32.889374  30.046875 
 28.487034  30.822865  34.261925  40.021976  46.352135  51.500725  55.825989  58.455421  59.002602  57.835312  54.905884  50.311195  44.774841  38.498642  33.118801  30.432709  28.476044 
 } 
 GR Channel
 {
 52.082916  56.423340  62.418282  72.011566  81.637024  90.297134  96.643959  100.378593  101.547394  99.744690  95.691414  88.790466  80.458130  70.958443  62.003075  57.087807  53.579895 
 55.579170  62.556252  72.997658  85.072815  96.387657  106.252342  114.145630  119.201721  120.570313  118.089691  112.934525  104.682343  94.661873  83.482185  71.532028  61.852814  56.758644 
 58.266510  69.611717  82.984840  96.658127  109.707184  121.618591  131.378906  137.983749  139.942963  136.779068  129.960785  119.754684  107.641251  94.729065  81.122498  68.144844  58.622971 
 62.096138  76.602814  91.688591  106.841721  121.769684  136.084381  148.306091  156.613586  159.297180  155.446716  146.723587  133.922653  119.544998  104.762657  89.600471  74.824371  61.992287 
 66.207764  82.139221  98.438126  114.849060  131.639694  148.239685  162.682495  172.109070  175.089066  170.883911  161.013275  146.133911  129.200470  112.733276  96.254997  80.184219  65.729843 
 69.122398  85.759064  102.864685  120.242493  138.554993  156.659683  172.279373  182.083435  184.632965  180.679382  170.460938  153.975464  135.575623  117.859848  100.512344  83.760780  68.186409 
 70.324577  87.167503  104.302658  122.506088  141.091873  159.850784  175.412186  185.080475  187.510162  183.567963  174.266098  157.562805  138.886246  120.661560  102.327499  84.813126  69.006874 
 69.258904  85.842033  102.647812  120.062195  138.320465  156.079529  171.559845  181.198746  183.634216  179.893600  170.723907  154.427811  135.523911  117.781403  100.554222  83.652031  67.925987 
 66.212601  82.067184  98.045784  114.501404  131.442810  147.562347  161.438431  170.947968  173.520309  169.937805  160.138748  145.544373  128.803757  112.491714  96.414215  80.457657  65.890366 
 62.204010  76.319221  91.302185  106.304062  120.868439  134.868439  146.529694  154.792816  157.203903  154.045776  145.675003  133.367035  119.094055  104.754684  89.644997  74.947502  62.524582 
 58.787292  69.651878  83.107185  96.732811  109.671562  121.055161  130.857346  137.199219  139.261871  136.501556  129.626877  119.577347  107.914063  95.163910  81.382660  68.639374  59.531868 
 56.487862  63.188904  73.334846  85.341248  96.685623  106.443596  114.339539  119.291718  120.714691  118.557495  113.156403  105.042816  94.944847  83.719063  71.901093  62.684532  57.658905 
 53.298698  58.212456  63.695053  72.725410  82.198959  90.339630  97.013908  101.216515  102.331352  100.716248  96.480370  89.606560  80.919632  71.175308  62.618385  58.126404  54.525162 
 } 
 GB Channel
 {
 52.961670  57.211250  63.305519  73.108803  83.121040  91.581093  98.123123  102.104164  103.074997  101.225883  96.763756  89.659119  80.961662  71.543289  62.354790  57.337288  54.146042 
 56.349167  63.182503  73.852188  86.148590  97.685623  107.609222  115.693130  120.690002  122.018753  119.473587  113.961243  105.593903  95.231247  83.852654  71.685623  61.974373  56.882706 
 58.695000  70.122498  83.863434  97.812035  110.990784  122.971405  132.747192  139.372025  141.302963  138.035156  130.938278  120.414993  108.137657  95.006248  81.199844  68.035469  58.533180 
 62.325111  77.067184  92.579376  107.888596  122.929840  137.322815  149.712341  157.968750  160.482025  156.638748  147.614212  134.520004  119.906723  104.888596  89.500465  74.507660  61.651611 
 66.339066  82.522812  99.185310  115.952499  132.848434  149.444061  163.852493  173.199524  176.146561  171.765472  161.602966  146.396561  129.265625  112.566559  95.938751  79.608749  65.012497 
 69.094948  85.930153  103.307655  120.992813  139.433441  157.432343  172.903595  182.572968  185.046249  180.886093  170.373123  153.837036  135.294373  117.451569  99.866409  83.064529  67.411819 
 70.070885  87.212341  104.577347  122.984848  141.512497  160.177338  175.553131  185.051407  187.540466  183.402039  173.900314  157.199692  138.333435  119.978745  101.632187  83.965935  68.056778 
 68.800056  85.702347  102.606247  120.252502  138.414215  156.067963  171.327820  180.771561  183.203125  179.381256  170.115631  153.791870  134.831406  117.052032  99.696404  82.771721  67.129425 
 65.918282  82.020157  98.065628  114.537659  131.337494  147.315155  161.040466  170.304214  172.897339  169.154068  159.300781  144.682968  128.000778  111.777969  95.530624  79.539688  65.108017 
 61.828598  76.209221  91.308128  106.284843  120.686722  134.422806  145.962814  153.961090  156.235779  153.159058  144.525787  132.336563  118.193436  103.857033  88.698441  74.079689  61.573433 
 58.539375  69.529373  82.864220  96.512497  109.206093  120.404526  130.030151  136.197342  138.080154  135.267029  128.320160  118.423904  106.806091  94.208435  80.486404  67.765778  58.972656 
 56.463280  63.038910  73.123749  85.123283  96.289528  105.790466  113.576096  118.361877  119.604843  117.433121  112.030151  103.942657  93.990936  82.825310  71.028122  61.940781  57.028908 
 53.270363  57.859947  63.451668  72.448486  82.040573  89.689018  96.442551  100.589790  101.618797  99.874794  95.524536  88.731621  80.172607  70.501556  61.864372  57.434738  54.154739 
 } 
 B Channel
 {
 34.324688  37.355522  41.709793  48.681923  55.689003  61.699738  66.065208  68.684372  69.388855  68.159737  65.301971  60.677711  54.773232  48.096985  41.560051  37.907444  35.918697 
 36.839272  41.655937  49.031876  57.606720  65.671722  72.512032  77.971878  81.130623  81.869690  80.413284  77.049065  71.476875  64.562813  56.721565  48.267342  41.458908  38.315781 
 39.033596  46.622971  56.069221  65.683128  74.745468  82.824371  89.365471  93.596878  94.713905  92.714844  88.346718  81.543594  73.440468  64.521873  54.959999  45.928905  39.939949 
 41.801720  51.507347  62.120781  72.635002  82.808128  92.377655  100.420937  105.857033  107.475159  104.927811  99.296097  90.881248  81.367188  71.353592  60.847656  50.560310  42.294899 
 44.516769  55.364685  66.611565  77.990158  89.309845  100.235001  109.604065  115.744217  117.620163  114.826401  108.353127  98.650002  87.509842  76.523903  65.137497  54.181252  44.814999 
 46.453911  57.839531  69.443283  81.247810  93.546097  105.424843  115.501724  121.721405  123.428284  120.998901  114.343903  103.609688  91.621407  79.836716  68.016403  56.664688  46.435940 
 47.044273  58.655937  70.383125  82.623909  94.937035  107.214218  117.160461  123.401245  125.204224  122.675476  116.440475  105.610466  93.430626  81.559219  69.199532  57.412033  47.268490 
 46.098850  57.719688  69.254219  80.955780  93.067345  104.771095  114.790161  120.991257  122.572189  120.197342  114.211868  103.560783  91.360466  79.655159  67.887344  56.611404  46.684952 
 44.122501  55.139999  66.185158  77.390938  88.635941  99.164215  108.187653  114.267975  115.805161  113.487656  107.189529  97.791252  86.976715  76.269997  65.120003  54.286247  45.095833 
 41.285786  51.102654  61.546249  71.831253  81.543747  90.759064  98.396721  103.548752  104.986092  103.047188  97.779533  89.812653  80.564064  70.982033  60.573280  50.513283  42.563072 
 39.018337  46.514999  55.855621  65.183746  73.924377  81.536720  87.930939  91.960938  93.230934  91.444221  87.146408  80.659218  72.931404  64.280937  54.765938  46.083282  40.455154 
 37.269638  41.931095  49.073906  57.357033  65.030312  71.639061  76.815941  80.086403  80.899689  79.573753  76.200157  70.789688  64.110313  56.318596  48.071251  41.740780  39.081825 
 35.311302  38.793800  42.756615  49.295990  56.057808  61.519485  66.103851  68.969528  69.719269  68.618332  65.802452  61.166771  55.159058  48.333801  42.128334  39.036827  37.257240 
 } 


 White Balance Data with optical Center Data
 r_center_x =  607 r_center_y =  479 
 gr_center_x =  650 gr_center_y =  468 
 b_center_x =  635 b_center_y =  454 
 gb_center_x =  640 gb_center_y =  476 
 r/gr 0.615812 
 b/gr 0.667281 
 gb/gr 1.003050 
 r_oc_ave 115.764450 
 b_oc_ave 125.440002 
 gr_oc_ave 187.986664 
 gb_oc_ave 188.559998 

 [AWB]
 RGr =  0.615812 
 BGr =  0.667281 
 GbGr =  1.003050 
 r_oc_ave =  115.764450 
 b_oc_ave =  125.440002 
 gr_oc_ave =  187.986664 
 gb_oc_ave =  188.559998 