 LEFT LENS SHADING DATA
 RED Channel
 {
 35.301456  38.611462  43.301769  50.386925  58.265930  65.095833  70.823753  74.286148  75.875420  74.777397  70.940834  65.324738  58.342026  50.519745  43.223072  38.905834  36.255417 
 37.663544  42.623123  50.562187  59.982971  69.280937  77.408752  84.404999  89.231560  90.910004  89.232811  84.620003  77.770782  69.213905  60.018280  50.405785  42.628750  38.366665 
 39.469479  47.841564  58.326096  69.324997  79.941559  89.858437  98.765312  104.983749  107.480934  105.147034  99.168434  90.415779  80.083435  69.347191  58.247345  47.863281  40.165989 
 42.637501  53.401253  65.463280  77.951096  90.203278  102.278282  113.496094  121.641724  124.818130  121.782806  113.985779  102.787033  90.269844  77.832970  65.433907  53.401566  43.240311 
 45.668068  58.074532  71.188904  84.838440  98.966408  113.356247  126.760941  136.338745  139.948914  136.468124  127.462814  113.957504  99.206566  85.038124  71.245003  58.201408  46.297447 
 47.887661  61.220779  75.073280  89.577347  105.198280  121.370621  136.229843  146.168747  150.019531  146.707657  137.189056  122.229218  105.704842  90.135941  75.206253  61.461090  48.710884 
 48.914902  62.362816  76.461876  91.577499  107.871094  124.739380  140.013443  150.031097  153.694061  150.456100  141.139694  126.045151  108.811722  92.713440  77.134842  62.695000  49.346252 
 48.376465  61.383125  75.363129  89.942810  105.745468  122.009064  136.816406  146.751877  150.354065  146.972504  137.754211  123.229218  106.099533  90.525002  75.767967  61.645622  48.573959 
 46.156826  58.375778  71.766563  85.401405  100.023750  114.480164  127.850937  137.248444  140.867188  137.350632  128.134369  114.958588  100.233124  86.038597  72.319061  58.879997  46.583752 
 43.289165  53.790001  65.989220  78.533440  91.403748  103.738434  114.712967  122.614685  125.675781  122.951569  115.116714  104.065941  91.581566  79.174530  66.573906  54.284843  43.772549 
 40.634010  48.535469  59.084373  70.498436  81.698280  91.949997  100.784691  106.953590  109.431091  107.212814  100.815002  92.026405  81.722656  70.734375  59.605621  48.988434  40.980106 
 38.909740  43.634533  51.381561  61.148903  70.866096  79.442032  86.681091  91.379219  93.340157  91.593750  86.817497  79.563278  70.797340  61.438438  51.812187  43.845001  39.180832 
 36.720154  39.840988  44.011143  51.589951  59.453384  66.841408  72.489220  76.286926  77.671204  76.521667  72.651245  66.814323  59.491302  51.768021  44.395939  39.990002  37.009998 
 } 
 GR Channel
 {
 47.552494  53.463753  59.784370  68.750519  78.032806  86.078751  92.322708  95.949173  97.650566  96.216148  92.430153  86.209740  78.004745  68.801201  59.768646  53.937294  49.043953 
 51.490829  58.862503  69.013123  80.494690  91.292816  100.682503  108.156876  113.352493  115.135788  113.409058  108.543282  101.078278  91.493279  80.912659  69.412811  59.385628  53.015205 
 54.730362  65.606407  78.627502  91.729378  104.010155  115.332809  124.953430  131.511093  134.026718  131.791718  125.343750  115.759842  104.301872  92.102814  79.137032  66.120003  55.948746 
 58.656044  72.253128  86.771721  101.347656  115.499222  129.174530  141.557343  150.186569  153.447495  150.475311  142.180161  130.030777  116.034378  102.107658  87.635468  72.951721  60.011925 
 62.567451  77.896408  93.415939  109.030785  125.070618  141.487503  156.576874  166.927811  170.546570  167.021561  157.353439  142.773911  126.052658  110.043282  94.356247  78.604065  63.718651 
 65.556816  81.660782  97.868279  114.465622  132.047806  150.412186  167.192505  177.999527  181.730316  178.117813  168.225159  151.735474  133.180313  115.611404  98.755936  82.497971  66.538589 
 66.614120  83.071404  99.610626  116.673599  135.009369  154.006409  171.025467  182.062195  185.719223  182.291412  172.751877  156.165787  136.925476  118.863586  101.208748  84.047653  67.498283 
 65.703545  81.993126  98.297501  114.794525  132.593445  151.020935  167.782181  178.551712  182.327652  178.808899  169.223587  153.045151  133.858276  116.324524  99.464218  82.800781  66.694328 
 63.195778  78.566406  94.279373  110.019844  126.415161  142.739685  157.748596  167.955627  171.647034  168.247025  158.467194  143.871094  127.199524  111.235153  95.495941  79.455780  64.230988 
 59.553383  73.012344  87.711563  102.332497  116.839691  130.667969  142.903275  151.385315  154.544220  151.830780  143.692032  131.576096  117.658279  103.630623  88.967186  74.005783  60.595573 
 55.858025  66.558441  79.579216  92.949532  105.814377  117.315155  126.916565  133.652496  136.059219  133.795151  127.225006  117.789993  106.337967  93.939377  80.674530  67.367653  57.064529 
 53.086250  60.033752  70.044220  81.896721  93.236252  103.004997  110.705627  115.794220  117.648743  116.005936  110.906403  103.324532  93.543907  82.702034  70.927498  60.627029  54.013496 
 48.467918  54.131248  60.268593  69.564011  79.258339  87.488754  94.025208  97.957344  99.456665  98.153854  94.258278  87.872658  79.638275  70.303070  61.029999  54.982246  50.120987 
 } 
 GB Channel
 {
 48.202499  54.057915  60.413536  69.609634  79.337448  87.688126  94.152916  98.260101  99.979317  98.616249  94.439529  87.796822  79.310310  69.782608  60.357292  54.260574  49.575150 
 51.858330  59.262497  69.623123  81.409843  92.552658  102.228127  110.190002  115.549683  117.549530  115.722504  110.606407  102.702034  92.650314  81.570938  69.733124  59.447029  52.911407 
 54.647285  65.613129  78.904846  92.380157  105.100159  116.628281  126.631714  133.468124  136.279846  133.837036  127.184998  117.357498  105.299843  92.658752  79.178284  65.927032  55.539330 
 58.331200  72.098907  86.926720  101.749847  116.282806  130.225784  142.958435  151.929993  155.511719  152.367340  143.887650  131.100937  116.694687  102.300468  87.395622  72.441872  59.366043 
 61.844376  77.403122  93.130936  108.974533  125.365311  141.879684  157.220932  168.119537  172.106873  168.520782  158.413132  143.450623  126.297180  109.989845  93.742813  77.735153  62.584946 
 64.424530  80.751404  97.018127  113.990158  131.704224  149.982498  166.797028  178.143127  182.129532  178.529846  168.471558  151.803284  132.820160  115.056564  97.910782  81.282188  65.110100 
 65.537239  81.987030  98.514847  115.739838  134.031876  152.961868  170.203903  181.449692  185.425629  182.076401  172.444839  155.493439  135.970627  117.865005  99.915466  82.467499  66.072083 
 64.512764  80.847969  97.071404  113.615311  131.396408  149.749695  166.454224  177.555313  181.594528  178.102341  168.499527  152.124374  132.762970  115.108749  97.937813  81.183594  65.230888 
 62.005318  77.277809  92.941254  108.709221  124.941254  141.323288  156.357346  166.825150  170.837967  167.483749  157.602493  142.741089  126.017181  109.913124  93.945625  77.870781  62.690155 
 58.382912  71.815002  86.479530  101.008751  115.388901  129.130936  141.409058  150.023590  153.408127  150.721558  142.519531  130.511414  116.439529  102.351715  87.628754  72.621094  59.186302 
 54.937294  65.561874  78.412811  91.816872  104.541252  115.916245  125.626099  132.221725  134.864838  132.777496  126.192032  116.623596  105.145622  92.805466  79.381409  66.104691  55.857185 
 52.214737  59.108284  69.004845  80.861565  92.099220  101.915466  109.632965  114.713745  116.755157  115.002182  110.077347  102.350311  92.519066  81.729530  69.897499  59.665466  53.133179 
 48.036407  53.402237  59.488388  68.825310  78.428177  86.723595  93.275673  97.542084  99.136200  97.868858  93.605461  87.164894  78.849060  69.545570  60.349167  54.235260  49.239014 
 } 
 B Channel
 {
 16.987450  19.630779  22.431721  26.785992  31.299843  35.086201  37.962551  39.631199  40.356457  39.595211  37.801613  34.901356  30.952606  26.475624  22.163902  19.434166  17.910000 
 18.531612  21.897655  26.601093  32.037033  37.069218  41.340157  44.659843  46.937656  47.676876  46.873123  44.672657  41.144688  36.630936  31.690624  26.267033  21.695000  19.416252 
 19.949898  25.026562  31.096718  37.247971  42.769218  47.708126  51.794998  54.605782  55.696564  54.725159  51.874374  47.533127  42.317814  36.766876  30.705002  24.789845  20.811722 
 21.811199  28.132656  34.884377  41.638439  47.876251  53.597031  58.783752  62.420311  63.876404  62.491249  58.820160  53.377815  47.285156  41.064686  34.551563  27.878750  22.645836 
 23.608124  30.686874  37.916248  45.005157  51.991875  58.606094  64.766876  69.145935  70.752655  69.211250  64.925468  58.589691  51.409065  44.532032  37.497814  30.460938  24.367188 
 24.887810  32.346561  39.746876  47.228283  54.651566  62.029533  68.861877  73.440468  74.996559  73.437035  69.105782  62.082184  54.229691  46.824375  39.477814  32.199219  25.769012 
 25.387447  32.848907  40.360470  47.929688  55.556717  63.307655  70.331879  74.806717  76.435471  74.809685  70.608284  63.580467  55.597031  48.048279  40.413750  32.794998  26.091671 
 24.883228  32.314064  39.744843  47.014217  54.403122  61.879845  68.819687  73.244843  74.767654  73.114845  69.040314  62.357971  54.335159  46.979843  39.542656  32.194374  25.612293 
 23.636044  30.661877  37.854374  44.806408  51.526566  58.379532  64.585938  68.926094  70.351563  68.721565  64.602654  58.463905  51.585159  44.736404  37.793125  30.657814  24.424477 
 21.872292  28.003124  34.761406  41.220627  47.381874  53.232811  58.412033  61.987190  63.143127  61.858910  58.375626  53.296875  47.444218  41.374531  34.793907  28.067032  22.583908 
 20.059013  25.014217  30.911251  36.986404  42.615780  47.590313  51.825623  54.595154  55.557968  54.456879  51.567497  47.566875  42.567814  37.072033  31.044846  25.027344  20.757969 
 18.887028  21.925156  26.484531  31.911564  37.087189  41.500313  44.970936  47.139843  47.856407  46.986561  44.816563  41.356564  36.992813  31.993439  26.529842  21.914845  19.314217 
 16.900784  19.244949  21.927658  26.334892  30.884274  34.800728  37.763855  39.616302  40.149944  39.468231  37.604481  34.617813  30.741146  26.348438  22.078384  19.272552  17.489220 
 } 


 White Balance Data with optical Center Data
 r_center_x =  637 r_center_y =  506 
 gr_center_x =  638 gr_center_y =  482 
 b_center_x =  625 b_center_y =  514 
 gb_center_x =  670 gb_center_y =  498 
 r/gr 0.826969 
 b/gr 0.410432 
 gb/gr 0.997090 
 r_oc_ave 154.106674 
 b_oc_ave 76.484444 
 gr_oc_ave 186.351105 
 gb_oc_ave 185.808884 

 [AWB]
 RGr =  0.826969 
 BGr =  0.410432 
 GbGr =  0.997090 
 r_oc_ave =  154.106674 
 b_oc_ave =  76.484444 
 gr_oc_ave =  186.351105 
 gb_oc_ave =  185.808884 