 LEFT LENS SHADING DATA
 RED Channel
 {
 27.363857  29.698437  33.221355  39.127758  45.725368  51.434738  55.743286  58.600624  59.144165  57.917183  55.139526  50.468025  44.844318  38.623177  32.900101  29.533543  27.621456 
 29.259274  32.993439  39.530937  47.440468  55.053909  61.785782  67.117653  70.630623  71.562500  69.648438  66.036407  60.480934  53.803284  46.459217  38.825939  32.460625  29.047707 
 30.599998  37.242500  45.968124  54.982498  63.677345  71.487656  78.047813  82.492500  83.952187  81.655785  76.767342  70.070313  62.060310  53.652496  44.786251  36.431095  30.457138 
 33.028126  41.778126  51.805779  61.745468  71.584061  80.775314  88.937347  94.485153  96.322815  93.566872  87.414688  78.987503  69.635628  60.011719  50.219063  40.641407  32.564945 
 35.614376  45.591873  56.356407  67.325470  78.269844  88.989998  98.344063  104.666092  106.811249  103.714996  96.715157  86.782188  75.904533  65.138748  54.500000  44.044064  34.769066 
 37.415833  48.077499  59.225311  71.003593  83.012032  94.783752  104.905624  111.399216  113.353439  110.530472  103.248123  92.350784  80.316719  68.609688  57.259689  46.317032  36.260990 
 38.026875  49.116875  60.559059  72.649529  84.951721  97.086403  107.323906  113.812653  115.792664  112.834061  106.301720  94.988907  82.618591  70.416718  58.551247  47.157970  36.848595 
 37.315258  48.236717  59.544373  71.059532  83.114998  94.885941  104.855003  111.265938  113.178589  110.353592  103.868439  92.805000  80.621719  68.902191  57.305313  46.400467  36.484009 
 35.682758  45.839218  56.702034  67.465782  78.420784  89.155785  98.333748  104.394684  106.240471  103.214531  96.620003  87.023903  76.119064  65.466095  54.589218  44.240623  34.901875 
 33.283176  42.165470  52.176247  62.166878  71.723282  80.744377  88.562965  93.764534  95.308128  92.877190  87.214066  79.071877  69.817497  60.331093  50.321404  40.709373  32.560207 
 31.134270  37.842186  46.628593  55.666092  64.191719  71.758278  77.988434  81.982811  83.170311  81.114532  76.641403  70.203125  62.565781  54.154060  44.961407  36.634377  30.518124 
 29.881042  33.776875  40.280468  48.187187  55.652496  62.079063  67.002190  70.037811  71.024216  69.501717  65.844841  60.792969  54.358124  46.941563  39.029999  32.654064  29.298229 
 28.341042  30.768127  34.180260  40.148853  46.539581  51.886978  56.091354  58.475311  59.259842  58.146927  55.297966  51.196510  45.637711  39.185310  33.257084  29.936977  27.788647 
 } 
 GR Channel
 {
 52.097702  56.793961  62.805046  72.050941  81.942291  90.469734  96.862450  101.030724  102.318329  100.418846  96.293022  89.913071  81.657349  72.412346  63.657143  57.966461  54.339371 
 56.029793  62.444374  72.761093  84.672188  96.193123  106.242035  114.340149  119.456558  121.037506  118.574692  113.644684  105.693283  95.846718  84.871719  73.291092  63.256874  57.439796 
 58.443756  69.176247  82.510628  96.052811  109.153435  120.830933  130.820465  137.551559  139.831879  136.835007  130.327499  120.536880  108.701874  96.074066  82.592346  69.726097  59.774628 
 62.238953  76.053123  91.044998  105.911873  120.717194  134.650620  147.036713  155.427505  158.433441  155.048752  146.762192  134.517181  120.365463  105.939064  91.019997  76.206253  63.254997 
 66.119949  81.560158  97.690468  114.045776  130.232819  146.568756  160.922974  170.591095  173.979538  170.242035  160.927658  146.522186  129.932343  113.777649  97.683281  81.593903  66.792450 
 68.915627  85.253128  101.972031  119.441406  137.169525  155.101715  170.380463  180.127975  183.472351  179.987656  170.312195  154.762817  136.659378  119.175629  102.044685  85.226097  69.314636 
 69.797188  86.632187  103.743904  121.636719  139.872345  158.044067  173.463287  183.248276  186.555313  183.115784  174.868439  158.775314  140.509995  122.145935  104.171249  86.466560  70.251984 
 68.654480  85.424065  102.253593  119.394531  137.174377  154.904373  170.319061  179.789688  183.075775  179.954849  171.555466  155.885162  137.384537  119.577652  102.189377  85.309372  69.645210 
 65.902863  81.718903  98.002029  114.263275  130.587662  146.779221  160.957336  170.145782  173.507507  170.010941  161.307037  147.379837  130.703598  114.437653  98.007965  81.956718  66.985260 
 62.114532  76.193909  91.343437  106.469841  120.797653  134.614685  146.516724  154.583435  157.240784  154.700623  147.173279  135.335785  121.153442  106.604378  91.419373  76.434059  63.238228 
 58.914795  69.705627  83.210938  96.964531  109.737656  121.131561  130.467026  136.662659  138.886871  136.454224  130.693436  121.451721  110.057343  97.095627  83.103905  69.913597  59.820053 
 56.406090  63.422966  73.666718  85.602188  96.890312  106.607658  113.886093  118.375305  120.169067  118.378281  113.549683  106.634842  97.090469  85.886871  73.688126  63.511253  57.725830 
 53.198174  58.205261  63.954430  73.328850  82.888641  91.036194  97.042976  100.598656  101.629890  100.408073  96.642189  90.985054  83.025261  73.073128  63.821877  58.289169  54.706253 
 } 
 GB Channel
 {
 52.696404  57.292656  63.045776  72.545578  82.308640  90.834946  97.356247  101.427765  102.457603  100.522087  96.419319  89.815208  81.262192  71.885521  63.051559  57.408691  53.807449 
 56.430573  62.833282  73.222656  85.342033  96.779060  106.765160  114.611252  119.696716  121.120941  118.448746  113.417038  105.421875  95.378441  84.228439  72.502815  62.575157  56.824112 
 58.887657  69.525780  83.028595  96.703278  109.756409  121.444839  131.192963  137.640930  139.848282  136.657501  129.975784  120.199997  108.142342  95.365623  81.889374  68.808594  58.987968 
 62.465576  76.355782  91.599998  106.678909  121.552963  135.411880  147.474533  155.679382  158.560623  154.876099  146.378601  133.960464  119.673752  105.116875  90.052185  75.082809  62.265312 
 66.503593  81.895470  98.311874  114.876724  131.247650  147.337189  161.524368  170.954849  174.208130  170.134689  160.465149  145.862503  129.148132  112.789063  96.517189  80.365784  65.536827 
 69.008850  85.597191  102.468750  120.101257  137.944687  155.670944  170.728287  180.240005  183.416092  179.660629  169.780777  153.985626  135.770462  118.024368  100.685783  83.799065  68.025726 
 69.699844  86.904221  104.118126  122.206726  140.548431  158.504532  173.774994  183.077820  186.253601  182.627502  174.013123  157.933121  139.330933  120.852341  102.675781  85.028748  68.880005 
 68.603851  85.613434  102.680000  119.846558  137.570160  155.332809  170.206100  179.578278  182.845001  179.348129  170.761246  154.877350  136.264694  118.320938  100.754997  83.753281  68.244316 
 66.031349  81.954689  98.405472  114.783905  131.021561  147.063599  160.969055  169.950943  173.145309  169.439056  160.435318  146.372498  129.548279  113.200150  96.620941  80.529999  65.520836 
 62.260315  76.467812  91.750778  106.909691  121.136414  134.715317  146.392029  154.227188  156.949692  154.034531  146.267807  134.253128  120.061096  105.417191  90.181252  75.264374  62.061882 
 59.035522  69.960938  83.506721  97.282654  109.943436  121.259537  130.387497  136.319214  138.408279  135.672974  129.630157  120.355621  108.867966  95.882347  81.963127  68.800316  58.768646 
 56.886253  63.601250  73.892502  85.913750  97.148438  106.666405  113.824219  118.256256  119.820160  117.718903  112.718903  105.720779  96.099060  84.932655  72.673439  62.489372  56.950623 
 53.710419  58.472916  64.060417  73.342087  83.011772  91.217453  97.174431  100.580833  101.713280  100.362450  96.267029  90.225990  82.081146  72.245789  63.080940  57.602707  54.214378 
 } 
 B Channel
 {
 34.038437  37.165939  41.354481  48.259483  55.441620  61.559166  66.066978  68.727448  69.276932  67.961143  65.111504  60.575058  54.782867  48.270004  41.797398  37.678593  35.529427 
 36.948441  41.252186  48.567810  57.131561  65.340157  72.316254  77.792816  81.063904  81.862968  79.957809  76.467972  71.128593  64.493904  56.889999  48.707809  41.554218  37.969009 
 39.009743  46.178280  55.647812  65.111717  74.133591  82.062035  88.634689  92.969841  94.167191  92.031250  87.603592  81.122498  73.087341  64.630936  55.385780  46.297657  39.879948 
 41.799534  51.265160  61.742500  72.026718  81.868904  91.045624  99.108597  104.638908  106.385628  103.943748  98.287346  90.167343  80.760315  71.215782  61.191093  50.960938  42.584270 
 44.429325  55.167030  66.339531  77.329063  88.194687  98.722343  107.919846  114.355621  116.551880  113.883911  107.562500  98.014999  87.037811  76.378593  65.552032  54.588280  45.079323 
 46.198071  57.649529  69.102501  80.699532  92.340157  103.898590  113.883911  120.292191  122.604843  120.220779  113.747818  103.375000  91.234062  79.667343  68.207657  56.971565  46.812397 
 46.605885  58.459846  70.228439  81.963753  93.864220  105.591721  115.606094  121.837189  124.394379  122.138748  116.374222  105.519218  93.379997  81.457970  69.399689  57.562035  47.505161 
 45.759007  57.527969  69.162346  80.527969  92.168747  103.629219  113.215942  119.455627  121.761414  119.741714  114.253128  103.838905  91.807816  79.996719  68.153748  56.664375  46.892708 
 43.778645  54.954063  66.378441  77.227341  87.886406  98.257500  107.315941  113.109528  115.324371  113.022964  107.400627  98.254532  87.479530  76.646561  65.358437  54.389687  44.916355 
 41.101978  50.926559  61.647972  71.914841  81.381561  90.134064  97.743279  102.878441  104.531403  102.975784  98.205780  90.559685  81.332344  71.582344  61.038284  50.614998  42.208336 
 38.522816  46.314064  55.872032  65.480003  74.104065  81.397346  87.424065  91.221565  92.384064  91.078125  87.426247  81.532814  73.962341  65.195625  55.343750  46.108437  39.720940 
 36.892132  41.692345  49.076874  57.595467  65.348122  71.730156  76.265938  79.160469  80.189529  79.146721  76.190468  71.647186  65.190315  57.370941  48.718124  41.573437  38.131771 
 34.777550  38.337551  42.554794  49.173592  56.241043  61.722862  65.650520  67.833595  68.576408  67.896927  65.529007  61.817192  56.085312  49.160103  42.370625  38.443855  36.375519 
 } 


 White Balance Data with optical Center Data
 r_center_x =  647 r_center_y =  471 
 gr_center_x =  639 gr_center_y =  472 
 b_center_x =  655 b_center_y =  487 
 gb_center_x =  648 gb_center_y =  472 
 r/gr 0.619389 
 b/gr 0.666082 
 gb/gr 0.997486 
 r_oc_ave 116.084442 
 b_oc_ave 124.835556 
 gr_oc_ave 187.417770 
 gb_oc_ave 186.946671 

 [AWB]
 RGr =  0.619389 
 BGr =  0.666082 
 GbGr =  0.997486 
 r_oc_ave =  116.084442 
 b_oc_ave =  124.835556 
 gr_oc_ave =  187.417770 
 gb_oc_ave =  186.946671 