 LEFT LENS SHADING DATA
 RED Channel
 {
 35.799793  39.167294  43.120728  50.091507  57.955681  64.580421  69.951981  73.440880  74.498802  72.727707  69.078911  63.594894  56.535370  48.936516  42.000469  38.050156  35.795158 
 38.349792  42.608124  50.210312  59.751717  68.955467  77.137497  83.832809  88.233597  89.783592  87.521873  82.807030  75.784065  67.315155  58.296722  48.964844  41.414532  37.357658 
 40.119686  47.729687  58.157501  69.389687  80.144684  90.090157  98.575310  104.468903  106.310310  103.728592  97.392502  88.477341  78.300156  67.610001  56.605621  46.413906  38.914532 
 42.947655  53.384529  65.614059  78.219376  90.727501  102.741875  113.445160  121.155624  123.755310  120.188904  112.328598  101.143280  88.662346  76.237656  63.751251  51.683441  41.755100 
 45.859379  58.145622  71.651566  85.640625  99.874374  114.077652  127.111404  136.158905  139.184372  135.124847  125.779694  112.450150  97.628441  83.319061  69.503441  56.298752  44.487499 
 48.026093  61.445465  75.735626  90.755310  106.543282  122.581726  137.131088  146.718277  149.843750  145.864059  135.901718  120.917191  104.345779  88.522499  73.628441  59.705002  46.682499 
 48.989845  63.032967  77.714531  93.252655  109.797813  126.712494  141.731720  151.432343  154.457962  150.447815  140.763596  125.260941  108.036720  91.566559  75.769531  60.918282  47.727657 
 48.700623  62.226875  76.764534  91.827034  108.080154  124.518280  139.261871  148.835938  152.029526  147.902649  138.319534  123.117966  105.738747  89.624222  74.403595  60.304535  47.310150 
 46.889530  59.355156  73.119377  87.318123  102.186409  117.100159  130.423431  139.600632  142.641876  138.577194  129.013443  115.202820  100.008751  85.321564  71.124535  57.667191  45.512180 
 43.954739  54.825783  67.403435  80.380310  93.336876  105.905937  117.175934  125.037811  127.733444  124.228592  116.095474  104.333595  91.356873  78.456093  65.714691  53.261093  42.632553 
 41.730679  49.657967  60.330315  72.022659  83.311249  93.783440  102.882347  109.044060  111.120155  108.280312  101.610313  92.165779  81.459846  70.149063  58.846718  48.056252  39.854580 
 40.171616  44.751408  52.592812  62.552345  72.170158  80.945160  88.249535  92.886093  94.451561  92.292969  87.023285  79.514061  70.578438  60.955467  50.930000  42.988750  38.050835 
 37.856201  40.858696  44.995312  52.186714  60.400780  67.529533  73.290985  76.871300  78.245728  76.810265  72.803070  66.619064  59.019691  51.096092  43.043331  38.969997  36.149582 
 } 
 GR Channel
 {
 48.577499  54.189583  59.599579  68.415779  77.572182  85.258171  91.144997  94.691505  96.039955  94.091461  90.413643  84.340569  76.503334  67.659119  59.095467  53.645729  50.079063 
 52.939995  59.294998  68.693748  80.162659  90.834686  99.905472  107.116249  111.785469  113.387650  111.165627  106.215309  98.840782  89.489998  79.062653  68.048592  58.507813  52.805725 
 56.019844  65.886719  78.477188  91.542191  103.983597  115.026871  124.152496  130.531250  132.524841  129.598434  123.103912  113.663437  102.303123  90.371246  77.574844  65.047501  55.344162 
 59.784424  72.737968  87.291565  101.642342  115.665787  129.361252  141.225784  149.464218  152.263596  148.685623  140.302338  128.161407  114.073120  100.186874  85.954842  71.665779  58.864746 
 63.403801  78.507347  94.253754  109.749847  125.683746  141.872192  156.675003  166.304840  169.555786  165.522507  155.756256  141.141556  124.376556  108.240623  92.685783  77.145157  62.571609 
 66.311455  82.628128  99.112343  115.729538  133.224213  151.343445  167.623749  178.020004  181.192337  177.219681  166.959839  150.637192  131.876724  114.190933  97.471092  81.230316  65.553642 
 67.620682  84.177971  101.079376  118.584381  136.921249  155.709839  172.344849  182.784378  185.917496  182.002182  172.149536  155.544525  136.271255  117.793274  99.996407  82.876091  66.833389 
 66.995834  83.306252  99.973907  116.832184  135.140778  153.824997  170.084213  180.204681  183.351715  179.220627  169.349380  152.911560  133.332809  115.240631  98.205627  81.858749  66.305412 
 64.693489  80.074532  95.966721  111.932030  128.514526  145.424057  160.613434  170.673904  173.758911  169.489532  159.113754  143.982193  126.743118  110.368904  94.345627  78.809685  64.178024 
 61.211205  74.847656  89.472191  104.069374  118.532806  132.801880  145.413910  154.116089  157.029694  153.543594  144.945313  132.076874  117.559692  103.052811  88.467659  73.771095  60.708801 
 57.872139  68.541092  81.385315  94.597031  107.431717  119.010941  129.119064  135.644531  137.988434  135.297806  128.131409  118.025940  106.201408  93.558594  80.278435  67.264221  56.706093 
 55.183174  62.104218  72.052658  83.769997  94.719376  104.489845  112.119843  117.353287  119.037811  116.852661  111.353439  103.304840  93.578590  82.595001  70.698441  60.748283  54.059319 
 50.878593  56.454430  62.350365  71.290009  80.752296  88.907967  95.208801  98.948906  100.450737  99.045776  94.627182  88.184639  79.768387  70.373749  60.451767  55.075157  50.523911 
 } 
 GB Channel
 {
 49.407448  54.945778  60.559738  69.676094  79.148018  87.203804  93.466614  97.443901  98.700203  96.850624  92.732292  86.217606  77.975471  68.623909  59.810570  54.270935  50.678017 
 53.365364  59.715157  69.343285  81.164215  92.304688  101.716095  109.390160  114.290787  116.110626  113.769379  108.596878  100.762184  90.918594  80.097031  68.650780  58.808441  53.055939 
 55.906929  66.055466  78.857658  92.401405  105.073593  116.612183  126.307968  132.963745  135.182663  132.211243  125.436401  115.565475  103.604530  91.064842  77.826561  64.949371  55.216042 
 59.380882  72.546097  87.320160  101.991096  116.482651  130.502502  142.937973  151.646713  154.682343  150.941879  142.301407  129.572189  115.040787  100.622971  85.929688  71.262184  58.435944 
 62.730103  78.013435  93.931564  109.589844  125.829376  142.399063  157.554688  167.721405  171.320465  167.229996  157.043900  141.989685  124.875931  108.305153  92.257660  76.423439  61.728439 
 65.398331  81.666252  98.354691  115.014526  132.600311  150.900314  167.470779  178.325775  181.892349  178.037964  167.500305  150.691254  131.682037  113.707962  96.613281  80.225937  64.368851 
 66.418907  83.129532  99.955940  117.519684  135.835785  154.602036  171.432343  182.147339  185.849533  182.059692  172.146088  155.103592  135.633911  116.782349  98.789215  81.525780  65.499741 
 65.842239  82.059532  98.581253  115.476563  133.714539  152.347183  168.850784  179.365463  182.852661  178.683441  168.732498  152.162506  132.341568  114.144379  96.834534  80.304062  64.992813 
 63.536613  78.843903  94.613129  110.425003  127.084381  144.019531  159.457962  169.861877  173.213120  168.976563  158.557816  143.119064  125.798904  109.213753  93.110153  77.355156  62.731194 
 60.138649  73.586563  88.290939  102.782967  117.295776  131.559998  144.351089  153.433746  156.539368  153.046570  144.228439  131.305466  116.509216  102.022659  87.215157  72.527809  59.430733 
 57.068329  67.567497  80.350624  93.686249  106.407501  118.014069  128.212662  135.044220  137.416718  134.747345  127.492188  117.205933  105.295784  92.629997  79.230934  66.190781  55.702652 
 54.548698  61.316406  71.158752  82.788750  93.937653  103.747498  111.683594  116.925934  118.807968  116.562027  110.865158  102.813751  92.837967  81.886406  69.948128  59.876404  53.296608 
 50.635368  55.775780  61.753334  70.784164  80.363701  88.696663  95.035057  99.212608  100.536514  99.171829  94.527031  87.958748  79.305679  69.852036  59.909370  54.454948  49.998695 
 } 
 B Channel
 {
 17.391613  19.844112  22.585052  26.931408  31.338177  34.998699  37.925209  39.573074  39.941353  38.956406  37.168022  34.166721  30.342499  26.087917  21.852188  19.322552  18.162136 
 18.873699  21.710155  26.361095  31.755783  36.720470  41.038906  44.319374  46.238281  46.672188  45.577030  43.299686  39.942345  35.627499  30.748749  25.477188  20.988594  18.935051 
 20.090832  24.833752  30.879688  37.023750  42.633595  47.601875  51.610466  54.132965  54.662811  53.294846  50.459999  46.347969  41.317814  35.853127  29.794998  23.971249  20.074169 
 21.841721  28.072342  34.917500  41.603905  47.935001  53.856247  58.806877  62.052811  62.962967  61.215157  57.652809  52.415154  46.357655  40.194530  33.582188  26.967499  21.841251 
 23.571354  30.639687  38.012970  45.119686  52.264374  59.128754  65.092972  68.866096  69.967812  68.125313  63.914063  57.768753  50.669846  43.619373  36.536564  29.456249  23.434998 
 24.864948  32.386406  40.023907  47.535625  55.254997  62.867188  69.395157  73.416405  74.574684  72.864532  68.531250  61.614059  53.654686  45.987030  38.463436  31.239063  24.765732 
 25.434952  33.138905  40.833595  48.585472  56.508751  64.372032  71.120316  75.168747  76.462189  74.781403  70.612503  63.366722  55.257660  47.326248  39.472187  31.887501  25.367920 
 25.212395  32.624062  40.255157  47.791248  55.580627  63.192657  69.769684  73.934219  75.296875  73.543594  69.504997  62.518127  54.115158  46.254219  38.738281  31.428280  25.016403 
 24.074741  31.044533  38.450157  45.577656  52.673126  59.543594  65.661720  69.772034  71.175468  69.428436  65.182968  58.683907  51.411720  44.212502  36.977345  29.994530  23.866825 
 22.352238  28.504532  35.367031  41.993282  48.236404  54.056717  59.232811  62.894218  64.127342  62.619377  59.001717  53.445938  47.112656  40.772655  34.117970  27.484062  22.145313 
 20.696930  25.540470  31.580624  37.643436  43.204689  48.258438  52.481247  55.292969  56.176720  55.034843  51.967499  47.469532  42.135624  36.528751  30.390469  24.441875  20.191040 
 19.437656  22.525780  27.094845  32.463436  37.441875  41.797188  45.170467  47.489845  48.211876  47.227814  44.789688  41.109688  36.656876  31.566406  25.997032  21.419220  18.794010 
 17.603905  19.853905  22.436718  26.629272  31.018124  34.848438  37.739010  39.465885  40.113960  39.498646  37.510105  34.370522  30.453960  25.987865  21.391823  18.804844  17.126926 
 } 


 White Balance Data with optical Center Data
 r_center_x =  665 r_center_y =  508 
 gr_center_x =  642 gr_center_y =  514 
 b_center_x =  636 b_center_y =  488 
 gb_center_x =  654 gb_center_y =  493 
 r/gr 0.832658 
 b/gr 0.410346 
 gb/gr 1.000763 
 r_oc_ave 155.244446 
 b_oc_ave 76.506668 
 gr_oc_ave 186.444443 
 gb_oc_ave 186.586670 

 [AWB]
 RGr =  0.832658 
 BGr =  0.410346 
 GbGr =  1.000763 
 r_oc_ave =  155.244446 
 b_oc_ave =  76.506668 
 gr_oc_ave =  186.444443 
 gb_oc_ave =  186.586670 