 LEFT LENS SHADING DATA
 RED Channel
 {
 28.426613  30.857033  34.410152  40.439274  46.905315  52.305313  56.571510  59.086151  60.034843  58.512291  55.502296  51.137917  45.494686  39.260002  33.655785  30.569530  28.317863 
 29.970364  33.822655  40.513283  48.450935  55.917816  62.272812  67.402969  70.657814  71.490471  69.775627  66.218124  60.764999  54.039688  46.706249  39.100155  33.026405  29.730782 
 31.333908  38.193283  47.092186  56.239845  64.748596  72.220001  78.539841  82.719841  83.877342  81.718750  77.005310  70.215157  62.430000  54.069061  45.168282  36.897655  30.827450 
 33.758492  42.823280  52.900940  63.087967  72.651093  81.758438  89.379532  94.737343  96.280472  93.477814  87.487503  79.080154  69.810936  60.391251  50.578903  41.031094  32.847134 
 36.335835  46.717499  57.640778  68.597969  79.506874  89.954529  99.097343  105.057343  106.832344  103.527657  96.693123  86.823906  76.100471  65.516563  54.864998  44.532032  35.082657 
 38.175419  49.238747  60.727654  72.404846  84.448753  96.050629  106.033905  112.163437  113.860626  110.624535  103.210938  92.352341  80.495155  69.095779  57.974533  47.118126  36.714790 
 38.978390  50.259842  61.997345  74.171875  86.580002  98.708435  108.687653  114.756882  116.347031  113.361725  106.468750  95.132660  82.883591  70.984222  59.368752  48.093437  37.481358 
 38.567036  49.586403  61.175629  72.992966  85.070625  96.760468  106.477341  112.653748  114.212662  111.149063  104.169060  93.033440  80.956718  69.557190  58.465782  47.511093  37.144222 
 36.753021  47.257187  58.251564  69.537186  80.583748  91.144684  100.211090  106.121246  107.654533  104.649376  97.565155  87.758904  76.961090  66.499374  55.918282  45.372032  35.724739 
 34.253281  43.611404  53.868439  64.149689  73.880936  82.981407  90.647972  95.698753  97.251717  94.688904  88.498123  80.222191  71.056717  61.599533  51.752968  41.995312  33.343643 
 32.143074  39.370781  48.352188  57.492340  66.182968  73.772972  80.113594  84.152191  85.377342  83.324684  78.429222  71.558907  63.959373  55.519684  46.487812  37.862656  31.412449 
 31.076355  35.223438  41.912655  50.009842  57.652031  64.113594  69.353592  72.518280  73.517342  71.892815  68.013596  62.488434  55.931091  48.433594  40.480625  33.965782  30.261822 
 29.658852  32.028019  35.703285  41.855053  48.311821  53.890472  58.347549  60.975159  61.603394  60.592400  57.480881  53.007195  47.140472  40.669220  34.687706  31.116405  28.501408 
 } 
 GR Channel
 {
 51.969841  57.013596  62.854736  72.158699  81.907654  89.915733  96.316612  100.222191  101.641922  99.757866  95.737610  88.962036  80.458961  71.137451  62.289169  57.270622  53.611450 
 55.259422  62.147972  72.518280  84.645157  95.904533  105.601563  113.305161  118.343445  119.940475  117.547653  112.457184  104.337654  94.196877  82.880157  71.016251  61.495628  56.187286 
 58.099220  68.853592  82.641563  96.603752  109.565315  120.932037  130.406876  136.945465  138.979843  136.045471  129.365784  119.333908  107.385155  94.400940  80.659378  67.624847  58.021301 
 61.786194  75.942657  91.414841  106.867653  121.554688  135.277817  147.139694  155.288589  157.697342  154.008591  145.681870  133.130005  119.051559  104.281250  89.091721  74.157501  61.057076 
 65.693695  81.778908  98.300781  115.142029  131.615005  147.584534  161.725464  170.685471  173.341721  169.244995  159.804993  145.067337  128.631882  112.222183  95.772034  79.555466  64.581093 
 68.593590  85.739220  103.230469  120.866409  138.887344  156.736099  171.847961  181.060944  183.387344  179.215149  169.256088  153.414063  135.374695  117.697662  100.427185  83.561874  67.296043 
 69.944839  87.222969  105.042030  123.198288  141.691254  160.425308  175.429840  184.380005  187.075150  183.161560  173.950317  157.526413  139.026566  120.807816  102.861404  85.134377  68.592712 
 69.302811  86.125313  103.779999  121.344849  139.533752  157.378433  172.316879  181.526093  184.113281  180.063431  170.728287  154.480942  136.093903  118.432816  101.137032  84.157501  67.684166 
 66.522034  82.723907  99.474998  116.365005  133.257660  149.386871  163.237503  172.065002  174.595627  170.667038  160.802963  146.280777  129.773285  113.553757  97.103279  80.833435  65.464272 
 62.619370  77.101875  92.781876  108.325310  123.126724  136.888748  148.699066  156.339539  158.837662  155.488754  146.942337  134.580154  120.340942  105.850937  90.718437  75.444534  61.967659 
 59.171516  70.742966  84.490471  98.455467  111.550156  123.258591  132.833282  139.063904  140.902969  138.013596  130.970474  120.975937  109.183594  96.335785  82.407654  69.017654  58.704948 
 57.228394  64.298592  74.626564  86.803284  98.375000  108.292969  116.078598  120.857346  122.442505  120.117813  114.544220  106.488747  96.432190  85.070938  72.820938  62.775002  56.835831 
 54.102142  58.816719  64.600723  73.861824  83.802086  92.050682  98.637131  102.712547  103.678749  102.276566  97.782753  91.239998  82.410522  72.633438  63.445938  57.899582  53.928329 
 } 
 GB Channel
 {
 53.285622  58.141037  63.966400  73.446930  83.319633  91.794060  98.236092  102.127342  103.490417  101.319008  96.888222  89.810837  81.240837  71.458229  62.454590  57.438644  53.791977 
 56.249794  63.008125  73.683281  86.079216  97.593597  107.386566  115.152969  120.277969  121.681244  119.099213  113.510315  105.047501  94.690002  83.124062  70.993752  61.394066  56.124893 
 58.494949  69.681404  83.741409  98.019218  111.246407  122.662338  132.226868  138.652191  140.565628  137.288910  130.325943  119.999695  107.742188  94.446404  80.528908  67.373283  57.703903 
 62.229538  76.696404  92.574219  108.431252  123.278595  137.059845  148.911880  157.003281  159.337494  155.379211  146.700943  133.784225  119.212341  104.192657  88.807816  73.592659  60.388283 
 65.974068  82.435310  99.314377  116.446716  133.159531  149.286713  163.243439  172.174057  174.908752  170.237976  160.463593  145.433746  128.556412  111.876091  95.109528  78.699066  63.761147 
 68.562965  86.122345  103.743904  121.847031  139.989838  157.836243  172.804840  181.905945  184.237808  179.717194  169.476410  153.337036  134.921875  117.084061  99.618126  82.427345  66.069221 
 69.864326  87.354530  105.433128  123.853912  142.389999  161.078125  175.881409  184.721252  187.306091  183.154373  173.739838  156.981094  138.220306  119.873276  101.618126  83.800629  67.283539 
 68.965828  86.001251  103.930779  121.779694  139.876877  157.565308  172.426712  181.363434  183.908432  179.671097  170.184067  153.600937  135.023132  117.269836  99.927498  82.782814  66.398232 
 66.205780  82.600159  99.450310  116.537659  133.353592  149.217499  162.700623  171.505630  173.981567  169.710159  159.856567  145.278442  128.751877  112.235626  95.787971  79.544373  64.088959 
 62.306877  77.020622  92.743439  108.248909  122.930786  136.528275  147.982971  155.467651  157.929688  154.290787  145.575150  133.273590  119.009689  104.518440  89.390312  74.193748  60.753746 
 58.987396  70.597809  84.319221  98.135468  111.137657  122.551880  131.997971  138.009842  139.801254  136.863907  129.729065  119.699066  107.877502  95.090782  81.212814  67.931091  57.731300 
 57.171402  64.108284  74.476410  86.441093  97.996872  107.692657  115.281555  120.026413  121.506409  119.039215  113.339539  105.312035  95.315781  83.919998  71.783905  61.751251  55.980003 
 54.206406  58.626404  64.524940  73.796295  83.606461  91.606621  98.115318  102.155357  103.144531  101.494011  96.965569  90.276398  81.572655  71.832504  62.519531  57.161659  53.259583 
 } 
 B Channel
 {
 34.485725  38.198647  42.689533  49.514061  56.562340  62.433228  66.915833  69.469017  70.344429  69.043121  66.271042  61.481773  55.389793  48.672546  42.053852  38.295208  36.028957 
 36.514061  41.347813  48.811409  57.461563  65.431717  72.062813  77.372498  80.416718  81.319221  79.856873  76.395622  70.964691  63.994377  56.092346  47.662186  40.735626  37.343540 
 38.428177  46.242970  55.916565  65.695625  74.610466  82.276566  88.683594  92.568123  93.867500  91.862968  87.514999  80.719376  72.754372  63.846718  54.358597  45.074375  38.672707 
 41.075001  51.129997  62.062653  72.688278  82.641403  91.856560  99.474060  104.669373  106.174377  103.510628  97.896561  89.485153  80.120781  70.346565  60.001877  49.500000  40.939587 
 43.581043  55.089378  66.765312  78.194687  89.207809  99.803284  108.744217  114.546875  116.256088  113.119537  106.656097  96.926720  86.084846  75.432190  64.312035  53.123596  43.360050 
 45.550053  57.564842  69.744377  81.704216  93.687965  105.328125  115.053436  121.012497  122.337494  119.233749  112.375931  101.902809  90.264374  78.787971  67.406403  55.810158  45.034534 
 46.435627  58.504372  70.807190  83.102966  95.272034  107.348907  117.150787  122.880005  124.311096  121.356094  115.077499  104.112190  92.403282  80.647812  68.798279  56.728752  45.905418 
 45.798599  57.805466  70.022972  81.900314  93.754532  105.304688  114.883743  120.549377  121.867661  119.056244  113.032806  102.548126  90.684059  79.176720  67.740471  56.156250  45.461254 
 44.201664  55.581253  67.212967  78.513435  89.503441  99.867188  108.646095  114.103592  115.332809  112.707504  106.419060  97.266716  86.788750  76.116562  65.220779  54.062653  43.864117 
 41.488438  51.784691  62.665466  73.109222  82.713593  91.522812  98.848595  103.377968  104.731094  102.699066  97.384842  89.722809  80.641876  71.112816  60.927185  50.389999  41.565830 
 39.118542  47.321877  56.970940  66.435310  75.028435  82.336876  88.293907  91.945313  93.127342  91.352966  87.175934  80.883751  73.323593  64.854218  55.352654  45.989063  39.308643 
 37.723331  42.717499  50.028122  58.315002  66.007187  72.472656  77.397972  80.388435  81.433281  80.055466  76.730621  71.379997  64.834686  57.192657  48.691254  41.509842  37.837555 
 35.479168  38.804585  42.831463  49.253754  56.106361  61.641197  65.982346  68.643021  69.333908  68.550255  65.660210  61.367088  55.423859  48.579948  42.089169  38.009220  35.506718 
 } 


 White Balance Data with optical Center Data
 r_center_x =  643 r_center_y =  488 
 gr_center_x =  634 gr_center_y =  476 
 b_center_x =  636 b_center_y =  476 
 gb_center_x =  611 gb_center_y =  488 
 r/gr 0.621688 
 b/gr 0.664188 
 gb/gr 1.000450 
 r_oc_ave 116.697784 
 b_oc_ave 124.675552 
 gr_oc_ave 187.711105 
 gb_oc_ave 187.795563 

 [AWB]
 RGr =  0.621688 
 BGr =  0.664188 
 GbGr =  1.000450 
 r_oc_ave =  116.697784 
 b_oc_ave =  124.675552 
 gr_oc_ave =  187.711105 
 gb_oc_ave =  187.795563 