 LEFT LENS SHADING DATA
 RED Channel
 {
 27.372032  29.521614  33.006721  38.910732  45.420727  50.885414  55.038490  57.656143  58.354630  57.285049  54.383904  50.050415  44.399895  38.362865  32.503700  29.135990  26.995159 
 29.199947  32.698906  39.123592  46.929062  54.454063  60.937500  66.043282  69.426559  70.363594  68.732346  65.180779  59.542503  53.045311  45.947655  38.416405  32.034531  28.577240 
 30.607288  36.923126  45.300156  54.275467  62.962814  70.522812  77.032814  81.455315  82.697968  80.524063  75.764999  68.982033  61.109528  52.967186  44.334843  36.007500  29.726250 
 32.840103  41.257187  51.041878  60.965469  70.818436  79.857185  87.904221  93.446877  95.053436  92.399529  86.266403  77.852654  68.524376  59.130783  49.509216  40.164845  31.992970 
 35.024845  44.932968  55.476097  66.352341  77.320160  87.892189  97.366875  103.714691  105.626564  102.511566  95.481873  85.498123  74.682190  64.096878  53.649841  43.431252  34.351250 
 36.643177  47.377968  58.505936  69.975311  81.883438  93.644997  103.907814  110.462654  112.333755  109.257813  101.844528  90.940315  78.931252  67.426720  56.343437  45.669376  35.885208 
 37.180103  48.198441  59.600311  71.499062  83.708748  95.678749  106.036873  112.619843  114.598587  111.603127  104.890160  93.464996  81.030785  69.053436  57.616722  46.475624  36.501457 
 36.865574  47.238281  58.467186  70.130470  81.919060  93.419373  103.434845  109.955627  111.853592  108.963593  102.262497  91.116249  79.079842  67.626251  56.469528  45.674999  35.990417 
 35.212711  44.900623  55.458595  66.438591  77.379684  87.687813  96.721565  102.962814  104.793282  101.707809  94.970779  85.317657  74.568748  64.091873  53.642967  43.581875  34.315208 
 32.827084  41.252499  50.884529  60.889374  70.540154  79.401093  87.051559  92.319534  93.820313  91.429062  85.612656  77.489532  68.292816  58.940155  49.425781  40.019844  32.041302 
 30.903648  37.137814  45.474064  54.392189  63.009064  70.385780  76.553596  80.677498  81.942657  79.940781  75.289841  68.707809  61.052185  52.773903  44.146561  36.006718  30.121094 
 29.845207  33.386875  39.339687  46.951561  54.397034  60.837502  65.812500  69.071404  69.981247  68.483749  64.807190  59.536407  52.973282  45.677967  38.129532  32.175156  29.000782 
 28.158543  30.599792  33.513855  39.044483  45.245987  50.720001  54.962502  57.501617  58.202080  57.177086  54.410103  49.924950  44.408489  38.201096  32.590572  29.549530  27.711613 
 } 
 GR Channel
 {
 51.594688  56.005516  61.953285  71.351921  81.385681  89.701775  96.024117  100.183067  101.314896  99.715263  95.633278  89.062759  80.563492  71.004524  61.674629  56.153694  52.331192 
 55.382607  61.570938  71.935158  84.147972  95.782967  105.800934  113.522659  118.662033  120.179062  117.755463  112.686401  104.585472  94.569534  83.502655  71.622345  61.308907  55.343697 
 58.194374  68.419373  81.738129  95.702660  109.086250  120.825623  130.625626  137.137192  139.143600  136.264847  129.534851  119.380157  107.415314  94.686562  81.221252  67.791092  57.465469 
 61.768013  75.339691  90.624687  105.861877  121.116882  135.180161  147.558441  155.787659  158.423431  154.758286  146.040314  133.596725  119.202194  104.488281  89.428749  74.503754  61.277496 
 65.294426  81.087967  97.375465  114.048431  131.030472  147.409058  161.977661  171.737030  174.590942  170.594376  160.749069  145.747345  128.755157  112.062500  95.885941  79.702660  65.167023 
 67.894478  84.904060  101.932655  119.386414  137.668442  156.011719  171.915787  181.886566  184.781403  180.786560  170.493439  153.904373  135.243439  117.249374  100.062500  83.264534  67.358070 
 68.718018  85.927185  103.507347  121.620468  140.360779  159.100464  175.197662  185.008118  187.818130  183.922028  174.717499  157.716568  138.769531  120.276093  102.218903  84.616249  68.475838 
 68.115410  84.485001  101.897659  119.604065  137.725632  155.900162  171.274841  181.076401  183.990158  180.340775  171.130157  154.550781  135.749222  117.716721  100.427971  83.385780  67.556824 
 65.312340  80.922966  97.348747  114.301254  131.112030  147.299850  161.416245  170.831726  173.930161  169.872818  160.468445  145.782181  128.880630  112.371094  95.972031  79.900314  64.931145 
 61.620056  75.306091  90.450783  105.996719  120.962494  134.903275  146.747498  154.947189  157.578751  154.356873  145.988129  133.599686  119.183121  104.393280  89.392029  74.397812  61.306984 
 58.319946  68.783905  82.139534  95.989220  109.417656  121.003906  130.736557  137.183121  139.081558  136.535309  129.675003  119.730164  107.647499  94.693283  80.965469  67.818909  58.055779 
 56.016617  62.615158  72.492340  84.472504  96.019844  106.199219  113.898285  118.954529  120.568756  118.420471  112.920151  104.918907  94.828903  83.298279  71.362816  61.551559  56.109901 
 52.596611  57.808701  62.929222  71.739998  81.376297  89.868172  96.452240  100.545570  101.705414  100.140259  95.820786  89.260368  80.608696  70.714325  61.844055  56.851151  53.692818 
 } 
 GB Channel
 {
 52.377655  56.534325  62.390465  72.095833  82.294006  90.667442  97.203743  101.211769  102.089684  100.391411  96.202599  89.413803  80.853493  71.220108  61.626976  55.970154  52.392662 
 55.867653  62.082031  72.569847  84.938751  96.737968  106.768906  114.600006  119.670944  120.977188  118.484528  113.224686  104.847343  94.728279  83.528435  71.514061  61.142029  55.136406 
 58.462601  68.915939  82.426407  96.555153  110.099060  121.818436  131.731567  138.201874  140.116089  137.024063  130.066711  119.758286  107.668907  94.762810  81.013596  67.599373  57.200630 
 61.864586  75.842499  91.313438  106.845001  122.205780  136.345154  148.769226  156.974838  159.614212  155.652191  146.845932  133.897964  119.485626  104.523438  89.329216  74.221252  60.726250 
 65.371674  81.521248  98.161095  115.116257  132.202820  148.540466  163.174057  172.985474  175.748749  171.562653  161.321091  146.159225  129.005005  112.130783  95.564217  79.235001  64.450829 
 67.819786  85.126877  102.531563  120.365784  138.767349  157.044998  172.859680  182.708588  185.758743  181.615631  170.820313  154.166870  135.335007  117.147964  99.709061  82.667656  66.656204 
 68.641251  86.076248  103.932968  122.336868  141.186722  159.783752  175.686874  185.497818  188.416718  184.290314  174.766556  157.758591  138.531097  119.922806  101.726875  84.028122  67.522713 
 67.884476  84.656563  102.204216  120.171249  138.470306  156.351089  171.693436  181.368118  184.313599  180.566559  171.123901  154.401245  135.534683  117.265625  99.857498  82.641716  66.811935 
 65.267967  80.994843  97.616096  114.672806  131.582504  147.625931  161.659851  170.985153  174.125626  169.787811  160.216400  145.689682  128.549530  111.940468  95.418434  79.277809  64.274902 
 61.658028  75.255936  90.471718  106.142189  121.162964  134.843445  146.695786  154.958130  157.407654  154.222351  145.763596  133.241562  118.747971  103.993904  88.865936  73.723907  60.657448 
 58.399429  68.939217  82.262032  96.090782  109.526253  121.051880  130.594055  136.875473  138.908432  136.140625  129.205780  119.206558  107.159531  94.248436  80.348747  67.197189  57.651352 
 56.519791  62.720627  72.597656  84.496094  96.110313  106.184685  113.784058  118.921402  120.352188  118.216873  112.562653  104.482498  94.354843  82.886719  70.870941  61.100937  55.850937 
 53.213951  58.076462  63.023705  71.768379  81.444901  89.780518  96.585320  100.509117  101.613853  100.101456  95.554955  88.900833  80.242966  70.374016  61.459686  56.655106  53.482185 
 } 
 B Channel
 {
 34.447815  37.590309  41.684162  48.323441  55.488487  61.372086  65.831512  68.554008  69.113434  68.015991  65.312340  60.645630  54.741615  48.001099  41.541458  37.446774  35.378857 
 37.219482  41.659061  48.831253  57.377190  65.440781  72.207497  77.517967  80.794220  81.657188  80.137032  76.736717  71.134377  64.276405  56.595467  48.315628  41.228439  37.478024 
 39.210987  46.488281  55.915314  65.441254  74.523750  82.336090  88.839066  93.139534  94.368752  92.439529  87.999535  81.137032  73.068283  64.313126  54.945778  45.859531  39.180153 
 41.866299  51.394844  62.153748  72.511719  82.605316  91.847191  99.956718  105.347969  107.001717  104.668121  98.997810  90.588280  80.923592  70.931564  60.627190  50.480934  41.886356 
 44.429897  55.245316  66.744530  78.030785  89.164528  99.703751  109.199371  115.519684  117.491562  114.831253  108.336716  98.468903  87.303909  76.088753  64.989845  54.142967  44.367344 
 46.115883  57.766090  69.684998  81.468124  93.438126  105.093750  115.214996  121.664063  123.676254  121.228439  114.487976  103.774841  91.439377  79.404373  67.610466  56.465157  46.102863 
 46.688900  58.450783  70.466095  82.642967  94.930313  106.675934  116.828278  123.183121  125.342819  122.897812  116.985306  105.824844  93.306717  81.083748  68.874687  57.281097  46.724628 
 46.090519  57.442184  69.288750  81.240784  93.101410  104.544060  114.257507  120.611557  122.704376  120.658279  114.627502  104.050156  91.626404  79.598907  67.715782  56.382965  46.140259 
 44.189220  54.937347  66.196564  77.706566  88.816719  99.196877  108.112816  114.004379  116.032974  113.474838  107.575157  98.274841  87.119377  76.045624  64.761719  54.057030  44.220989 
 41.544426  50.989220  61.475624  72.135468  82.096878  91.052971  98.464066  103.510780  105.092659  103.317657  98.206093  90.116249  80.683441  70.781403  60.360779  50.288910  41.751194 
 39.236977  46.330311  55.662186  65.241562  74.348907  81.994690  87.992653  91.847191  93.026566  91.587814  87.410469  81.092812  73.033279  64.182655  54.606720  45.755001  39.625420 
 37.579010  41.990467  48.899529  57.200783  65.324532  72.121407  77.019531  80.132660  80.995628  79.748283  76.432503  71.190628  64.284065  56.356873  47.826405  41.262032  38.177654 
 35.609848  39.107346  42.694740  48.989746  55.908905  62.052864  66.383080  68.866615  69.432297  68.560570  65.807503  61.341454  55.353226  48.219383  41.780365  38.543907  36.828487 
 } 


 White Balance Data with optical Center Data
 r_center_x =  620 r_center_y =  479 
 gr_center_x =  634 gr_center_y =  472 
 b_center_x =  650 b_center_y =  490 
 gb_center_x =  616 gb_center_y =  484 
 r/gr 0.609636 
 b/gr 0.667178 
 gb/gr 1.004127 
 r_oc_ave 114.893326 
 b_oc_ave 125.737778 
 gr_oc_ave 188.462219 
 gb_oc_ave 189.240005 

 [AWB]
 RGr =  0.609636 
 BGr =  0.667178 
 GbGr =  1.004127 
 r_oc_ave =  114.893326 
 b_oc_ave =  125.737778 
 gr_oc_ave =  188.462219 
 gb_oc_ave =  189.240005 