 LEFT LENS SHADING DATA
 RED Channel
 {
 41.603333  44.020416  49.311829  57.405258  65.310783  72.220940  77.419846  80.949951  82.035103  80.532394  77.177818  71.815674  65.045410  57.401619  49.864479  44.898697  42.608700 
 43.244999  48.699997  57.297028  67.129219  76.315155  84.534691  91.270470  95.565155  97.052185  95.145309  90.694061  84.174217  76.067497  67.172653  57.584061  49.178909  44.111614 
 45.484898  54.455315  65.072968  76.200157  86.799217  96.594688  105.090469  110.909218  112.781250  110.542191  104.627342  96.157341  86.413597  76.311722  65.364372  54.747498  46.341248 
 48.857025  60.077660  71.921562  84.125938  96.298592  108.243904  119.000473  126.332336  128.921570  125.817032  118.509064  107.782814  95.926559  84.125938  72.158440  60.226563  49.574898 
 52.161354  64.399689  77.308594  90.511406  104.568436  118.545624  131.166092  139.628754  142.653748  139.187195  130.578751  118.117188  104.033440  90.660782  77.470001  64.666878  52.502701 
 54.321823  67.372032  80.830627  95.022499  110.461403  125.966095  139.437195  148.628601  151.567810  148.206558  139.241257  125.575943  109.847809  95.132187  81.020309  67.728127  54.959793 
 55.032913  68.356247  82.343750  97.231873  112.842499  129.103287  142.750000  152.051254  155.144226  151.749374  142.987350  129.009216  112.869064  97.558128  82.743752  68.707184  55.558441 
 54.340309  67.440315  80.957970  95.301407  110.626877  126.075623  139.820007  148.962189  152.116882  148.511719  139.808289  126.481094  110.260315  95.207497  81.065002  67.552971  54.992340 
 52.150307  64.511566  77.493279  90.906250  104.867035  118.589844  131.082809  139.823288  142.970001  139.478119  130.677338  118.371399  104.425156  90.787971  77.544220  64.696877  52.730629 
 48.911766  60.003441  72.020622  84.054222  96.249847  107.943596  118.497650  125.828278  128.607651  125.934219  118.577652  107.834999  96.045158  84.105782  72.082497  60.167656  49.441193 
 45.572029  54.655159  65.340622  76.201874  86.685936  96.309845  104.753441  110.570313  112.764999  110.668282  104.716408  96.193596  86.453278  76.110153  65.237030  54.627655  46.276196 
 43.543648  49.141563  57.816254  67.397034  76.344376  84.263435  90.863907  95.299065  97.034691  95.447029  90.895157  84.263596  76.072655  67.130470  57.392189  49.147659  44.340778 
 42.121983  44.614063  49.816254  57.518494  65.432701  72.042191  77.073692  80.679474  81.890930  81.111404  77.536613  72.088799  65.134117  57.460266  48.828018  44.855778  42.850780 
 } 
 GR Channel
 {
 55.459839  59.306091  65.915627  75.274323  84.112503  91.427605  96.688339  99.999016  101.642662  100.111824  96.764427  91.286354  84.052658  75.604164  66.830734  60.833847  57.182190 
 58.519012  65.642967  75.828125  86.854530  96.737503  105.399689  112.324997  116.794220  118.545776  116.797028  112.299225  105.553436  96.942032  87.378754  76.609062  66.670937  60.114693 
 61.997658  72.799530  85.002968  97.226715  108.437347  118.944214  127.792969  133.936249  136.262817  133.909378  128.058441  119.125473  108.785934  97.871246  85.835625  73.593750  63.314171 
 66.167610  79.504684  92.680466  105.964066  119.100006  132.146408  143.819839  151.855469  154.720779  151.691254  144.180939  132.718903  119.649841  106.926872  93.887657  80.305153  67.504951 
 70.221504  84.540466  98.667816  113.008438  128.224686  143.731567  157.960632  167.153442  170.730469  167.189377  157.898743  144.424530  128.769379  114.160461  99.925781  85.527657  71.403275 
 73.049797  88.013123  102.736717  118.198120  134.925629  152.360001  167.709381  177.571243  180.956558  177.476563  168.008438  153.066711  135.426254  119.138901  103.879059  89.035782  74.223068 
 73.808960  89.191872  104.506874  120.510788  137.442337  156.033752  171.279526  181.420151  184.945160  181.602966  172.487976  157.288284  139.422501  122.450317  106.136719  90.311722  74.935257 
 72.854790  88.115623  102.968903  118.391251  135.266403  152.627975  168.296722  178.321411  181.962814  178.675476  169.507339  154.756882  136.463593  119.695938  104.132660  88.975471  74.127350 
 70.254532  84.761406  99.025002  113.530319  128.821091  144.516251  158.817810  168.551086  172.212036  168.717651  159.406097  145.746094  129.941254  114.769836  100.181877  85.718750  71.627922 
 66.204430  79.552971  92.992966  106.228592  119.557037  132.731247  144.558121  152.702972  155.885162  153.393600  145.509689  133.780777  120.655777  107.397499  93.931404  80.348434  67.603020 
 62.070160  73.264534  85.454216  97.568596  109.117966  119.667343  128.935776  135.246567  137.860474  135.792496  129.435944  120.246246  109.607033  98.209061  85.982811  73.658905  63.424110 
 59.360573  66.532028  76.675156  87.452499  97.554840  106.171722  113.243912  117.996567  120.020630  118.444687  113.694382  106.558441  97.549843  87.637344  76.642815  66.788597  60.543808 
 56.676826  60.637245  66.994118  75.752083  84.575050  92.079430  97.677864  101.434059  102.835625  101.774269  98.271873  92.343018  84.701302  75.939217  65.790314  60.908386  58.037132 
 } 
 GB Channel
 {
 55.596352  59.440102  66.322762  76.138954  85.458900  93.157501  98.797867  102.771980  104.271400  102.739578  99.069740  93.181976  85.304787  76.437546  67.278122  61.050369  57.375359 
 58.163017  65.370941  75.951721  87.300629  97.892029  106.958748  114.331406  119.165314  121.118286  119.266251  114.438278  107.317810  98.258125  88.112343  76.818123  66.613907  59.843697 
 60.945885  72.108597  84.710159  97.451096  109.229065  120.064056  129.476410  136.174530  138.606873  136.230774  130.023285  120.657806  109.743279  98.309532  85.841721  73.169846  62.595047 
 64.905106  78.439690  92.025154  105.681564  119.482819  132.901245  145.082504  153.472504  156.723907  153.690933  145.875000  133.804993  120.217194  107.011093  93.400002  79.464066  66.518227 
 68.561562  83.182816  97.650314  112.349686  127.866257  143.759842  158.368439  168.217819  172.058289  168.455627  158.938431  145.009995  128.956726  113.819061  99.048279  84.407654  70.065369 
 71.067551  86.251091  101.177032  116.857819  133.899689  151.598907  167.419693  177.690475  181.397186  178.116089  168.353592  153.000305  134.978287  118.314850  102.687347  87.521561  72.646141 
 71.653595  87.069221  102.642342  118.953278  136.207504  154.766724  170.289841  180.778275  184.690002  181.454681  172.092346  156.520157  138.494995  121.175781  104.526405  88.591560  73.071564 
 70.668594  85.892967  100.977814  116.489532  133.499695  151.055161  166.828903  177.350784  181.309067  178.007034  168.788589  153.919846  135.382507  118.290939  102.456879  87.150154  72.208282 
 68.148277  82.613907  96.993439  111.678123  127.000153  142.911880  157.403595  167.415466  171.467194  168.143433  158.736877  144.864059  128.846878  113.396561  98.430153  84.075935  69.730103 
 64.300728  77.655312  91.166252  104.470314  117.951569  131.242966  143.331558  151.707031  155.218445  152.766098  144.814224  132.931717  119.585007  106.051247  92.385468  78.828278  65.976410 
 60.662140  71.738594  83.962502  96.163750  107.757347  118.496567  127.978745  134.555618  137.315628  135.382339  128.970306  119.512650  108.709373  97.091560  84.720627  72.322502  62.217087 
 57.991928  65.304222  75.360466  86.294060  96.496407  105.340935  112.571564  117.575623  119.693588  118.231400  113.387650  106.117188  96.918747  86.849998  75.688904  65.692497  59.601669 
 55.549431  59.513596  66.100677  75.083237  84.080780  91.678436  97.389061  101.478546  102.947975  101.955368  98.292458  92.250938  84.425423  75.339584  64.967445  60.000000  57.196671 
 } 
 B Channel
 {
 20.507446  21.891617  24.943909  29.532658  34.087292  37.715523  40.179947  41.670261  42.136513  41.304840  39.631302  37.082394  33.497711  29.314632  24.995834  22.233124  21.068127 
 21.682449  24.845158  29.547031  34.873280  39.795624  43.888439  47.002655  48.940468  49.440468  48.484222  46.369843  43.231564  39.181873  34.643593  29.435001  24.905624  22.293961 
 23.045681  28.181717  33.926250  39.584999  44.933750  49.789688  53.839844  56.321877  56.939377  55.769844  53.007347  48.994377  44.357498  39.270626  33.682499  28.161564  23.706562 
 24.976822  31.204533  37.463593  43.501095  49.430000  55.149216  60.280312  63.607498  64.496559  62.929062  59.517967  54.465622  48.808128  43.149845  37.180157  31.189220  25.682343 
 26.923382  33.489845  40.108437  46.474377  53.009842  59.732811  65.807968  69.519066  70.647972  68.950935  64.908752  59.107033  52.453278  46.074062  39.685936  33.477345  27.357136 
 28.142815  34.901562  41.597656  48.399063  55.439529  62.681091  69.208282  73.209846  74.327660  72.683128  68.603592  62.297813  54.871719  47.972343  41.271873  34.942188  28.714684 
 28.423595  35.236717  42.124531  49.136871  56.211563  63.728905  70.074371  74.255157  75.589691  73.953751  69.999222  63.594215  56.099533  49.002029  42.025936  35.398438  29.047184 
 27.847137  34.621094  41.281876  48.013435  54.980934  62.073128  68.386566  72.632500  73.973907  72.356094  68.385002  62.384377  54.764374  47.705311  41.005936  34.635624  28.682709 
 26.639999  33.003750  39.445000  45.791405  52.144531  58.416405  64.208435  68.247498  69.669533  68.109375  64.185471  58.492500  51.914215  45.538280  39.219376  33.148438  27.327190 
 24.648804  30.587345  36.628750  42.470779  48.036873  53.362030  58.082657  61.557655  62.902031  61.731094  58.421562  53.482811  47.981251  42.247501  36.405155  30.676094  25.399635 
 22.717918  27.633751  33.110783  38.553436  43.468281  47.774532  51.571404  54.305000  55.425156  54.551094  51.865311  47.946251  43.317501  38.293907  32.836876  27.614689  23.431770 
 21.342392  24.466564  29.025467  33.970314  38.377029  41.976250  44.985626  47.061562  47.970470  47.310314  45.314999  42.117188  38.085312  33.606407  28.614689  24.452812  22.053646 
 20.538647  22.027813  24.984425  29.085316  33.206406  36.492500  38.780624  40.553230  41.259842  40.879059  39.192917  36.524689  32.982815  28.804531  24.003021  22.111980  21.369061 
 } 


 White Balance Data with optical Center Data
 r_center_x =  646 r_center_y =  500 
 gr_center_x =  665 gr_center_y =  484 
 b_center_x =  661 b_center_y =  456 
 gb_center_x =  659 gb_center_y =  510 
 r/gr 0.839680 
 b/gr 0.407851 
 gb/gr 0.999760 
 r_oc_ave 155.635559 
 b_oc_ave 75.595558 
 gr_oc_ave 185.351105 
 gb_oc_ave 185.306671 

 [AWB]
 RGr =  0.839680 
 BGr =  0.407851 
 GbGr =  0.999760 
 r_oc_ave =  155.635559 
 b_oc_ave =  75.595558 
 gr_oc_ave =  185.351105 
 gb_oc_ave =  185.306671 