 LEFT LENS SHADING DATA
 RED Channel
 {
 27.505524  30.178436  34.034691  40.192917  46.296928  51.344109  55.349472  57.654274  58.093903  56.847137  53.778229  49.311623  43.907398  37.778072  32.181252  28.963486  27.006405 
 29.395939  33.490936  40.308437  48.050003  55.299217  61.327660  66.284065  69.207184  69.803284  67.876091  64.235313  58.736404  52.077812  45.102032  37.633751  31.555782  28.139740 
 31.120937  38.154686  46.943905  55.822655  64.091408  71.364532  77.519531  81.385941  82.063438  79.605621  74.877968  68.053909  60.300629  52.249062  43.573593  35.449375  29.291458 
 33.880989  42.947033  52.838593  62.653435  72.340157  81.123436  88.665779  93.453438  94.504845  91.374847  85.426872  76.951721  67.778282  58.346718  48.792969  39.484688  31.464687 
 36.567711  46.910625  57.617966  68.588753  79.558281  89.661873  98.459061  103.910156  105.201874  101.616562  94.620628  84.698280  73.906250  63.366249  52.980156  42.882500  33.605415 
 38.527813  49.549065  60.895782  72.681877  84.457657  95.818909  105.311562  110.987190  112.241089  108.756248  101.252655  90.173439  78.327660  66.886253  55.908752  45.205002  35.226665 
 39.341923  50.670471  62.425468  74.579529  86.630623  98.401253  107.950310  113.838120  115.244537  111.631248  104.342499  92.995941  80.895935  68.961250  57.378128  46.258751  35.930416 
 38.880001  50.051247  61.654686  73.309372  85.129684  96.505157  105.953903  111.898590  113.070786  109.548126  102.528282  91.274376  79.206406  67.788750  56.580780  45.770626  35.670624 
 37.234844  47.844219  58.851250  69.857971  80.615784  90.899689  99.702499  105.412186  106.608284  102.920784  95.941719  86.132965  75.299690  64.745781  54.155785  43.891407  34.324951 
 34.779373  44.268124  54.320313  64.521408  73.953903  82.763435  90.297501  95.046097  96.054840  93.305313  87.236717  78.794533  69.523438  59.997971  50.215309  40.595627  32.279789 
 32.684170  39.876251  48.819534  57.932968  66.385941  73.876091  79.925316  83.682190  84.572968  82.387970  77.334686  70.487968  62.659843  54.173126  45.135937  36.739220  30.569843 
 31.554531  35.637657  42.298283  50.250626  57.794373  64.199532  69.105316  72.250626  73.047653  71.233124  67.311409  61.584221  54.880470  47.226093  39.387032  33.125782  29.555153 
 29.648281  32.318699  35.793491  41.872707  48.348122  53.668068  57.987816  60.457291  61.176201  59.850624  56.711617  52.001923  46.079426  39.571304  33.733906  30.428909  27.689743 
 } 
 GR Channel
 {
 51.607445  56.689529  63.015518  72.519684  82.100471  90.122971  96.429482  100.127495  100.864113  98.814018  94.425621  87.539642  79.057137  69.378540  60.705154  55.634949  52.237030 
 55.207863  62.335159  73.068436  85.180939  96.429840  106.079842  113.551559  118.053757  119.008911  116.287964  110.936874  102.643593  92.524841  81.426872  69.653282  59.941406  54.349525 
 58.208694  69.650154  83.333122  97.133751  110.245468  121.561096  130.832184  136.701401  138.003281  134.591400  127.754059  117.519531  105.481873  92.814064  79.184532  66.102188  56.233017 
 62.659164  77.050003  92.398750  107.535469  122.563599  136.138443  147.635162  155.077026  156.872650  152.804688  144.134689  131.382339  117.235931  102.674530  87.570000  72.638908  59.522446 
 66.861244  83.092499  99.591873  116.149841  132.638275  148.457504  161.901718  170.591400  172.624847  167.997818  157.889526  143.232193  126.739532  110.271721  94.086876  77.916565  63.106560 
 69.973122  87.169373  104.320625  121.799225  139.591400  157.077347  171.908752  180.776093  182.627808  177.817505  167.626877  151.423431  133.351410  115.662186  98.564377  81.559845  65.435051 
 71.065315  88.809059  106.619377  124.525940  142.490936  160.593277  175.399841  184.237503  186.225632  181.763123  172.166870  155.518127  137.089066  118.807663  100.732185  82.997032  66.676819 
 70.251511  87.740471  105.115936  122.563904  140.296097  157.674057  172.280624  181.201721  183.168900  178.735001  169.115631  152.670944  134.255463  116.659851  99.186722  82.055626  65.769371 
 67.778496  84.237030  100.832031  117.365311  133.685623  149.179840  162.856247  171.318436  173.353287  168.651093  158.947968  144.498444  127.972504  111.755157  95.148285  78.851097  63.627556 
 63.805267  78.567970  93.993126  109.246246  123.601410  136.871094  148.280624  155.520782  157.395630  153.831726  145.356400  132.878128  118.868118  104.210159  88.856094  73.638283  60.452652 
 60.212234  71.820778  85.509377  99.244064  112.136246  123.350006  132.316101  137.935776  139.658600  136.711243  129.800476  119.651566  107.728279  94.664528  80.599686  67.427345  57.541298 
 57.830002  64.856247  75.241409  87.316719  98.676407  108.299065  115.626404  120.303909  121.771713  119.372025  113.780151  105.504059  95.330315  83.690315  71.380310  61.575157  55.699524 
 54.072090  59.114174  64.659111  74.092758  83.825783  91.949890  98.434532  102.175774  103.391930  101.497658  97.246613  90.302399  81.293228  71.167397  62.142815  56.831200  52.292450 
 } 
 GB Channel
 {
 52.704590  57.555832  64.097763  73.845993  83.597496  91.824577  98.163383  101.971779  102.688698  100.499687  95.926407  88.749733  80.009789  70.122704  61.117081  56.026138  52.699478 
 55.860420  62.958748  74.002968  86.342033  97.822502  107.573753  115.307343  119.910934  120.716400  117.808441  112.248276  103.740784  93.278122  82.000626  69.948753  60.064064  54.492401 
 58.715317  70.149063  84.274529  98.392029  111.576721  123.039993  132.462967  138.392975  139.525162  135.959686  128.829529  118.361252  106.122971  93.183441  79.285004  66.082970  56.120682 
 62.782654  77.458282  93.204216  108.675629  123.836090  137.560776  148.995163  156.381882  158.229691  153.837967  144.934998  132.096878  117.704849  102.801872  87.407814  72.301094  58.934639 
 66.635628  83.325623  100.156876  116.982193  133.759689  149.540314  163.087662  171.621872  173.734528  168.714066  158.391403  143.532181  126.837189  110.195465  93.684059  77.213593  62.150887 
 69.389061  87.084061  104.652031  122.373276  140.287506  157.650467  172.248444  181.056870  182.955307  177.932663  167.516403  151.234848  133.042664  115.110626  97.803749  80.598434  64.242195 
 70.313751  88.334999  106.425934  124.531876  142.503281  160.413437  175.053131  183.793594  185.823120  181.176712  171.481400  154.777039  136.306244  117.935150  99.733910  81.773903  65.272446 
 69.356094  87.204216  104.761566  122.230621  139.863586  156.982025  171.380783  180.144684  182.126404  177.589371  167.874695  151.539063  133.159531  115.433441  97.917656  80.709686  64.398018 
 66.918648  83.496559  100.141563  116.730774  132.825775  148.150940  161.426559  169.858749  171.952652  167.082809  157.218903  142.917969  126.619995  110.358910  93.789528  77.483284  62.175995 
 62.962349  77.806717  93.148750  108.371246  122.616714  135.664215  146.731720  153.789063  155.517654  151.976715  143.482819  131.157028  117.199692  102.789063  87.450623  72.319534  59.155159 
 59.458694  70.956406  84.641403  98.271248  110.851563  121.780472  130.576874  136.119843  137.633118  134.588440  127.723587  117.821869  106.123123  93.177811  79.150002  66.089218  56.219841 
 57.302391  64.087814  74.313751  86.275780  97.420624  106.913124  114.028442  118.642502  119.862183  117.369537  111.809845  103.726715  93.645157  82.147659  70.049843  60.295158  54.661613 
 53.759895  58.299057  63.915413  73.230576  82.927704  90.994789  97.185936  100.904167  101.917183  99.999321  95.445045  88.615265  79.787033  70.005783  61.008392  55.797447  51.576614 
 } 
 B Channel
 {
 34.658279  38.334530  43.127239  50.045311  57.142860  62.819374  66.968964  69.419838  70.000259  68.581718  65.473022  60.771042  54.804115  48.037132  41.598019  37.893543  35.918961 
 36.792862  41.837658  49.559532  58.209061  66.192657  72.653122  77.666878  80.577972  81.147972  79.279846  75.709686  70.115623  63.212654  55.688591  47.418438  40.528126  36.963959 
 38.958073  46.940781  56.633591  66.408440  75.355156  82.834686  88.991096  92.775314  93.434059  91.105621  86.625465  79.877968  71.957031  63.500778  54.122658  44.942501  38.456249 
 41.927032  52.020157  62.888123  73.360313  83.420937  92.371872  99.802185  104.628906  105.646721  102.803436  97.143906  88.905312  79.719215  70.088753  59.878593  49.439529  40.883907 
 44.610210  56.043121  67.604691  79.029533  90.065941  100.240311  109.001404  114.580154  115.657654  112.423599  105.882660  96.410156  85.735779  75.046722  64.143440  52.986252  43.275833 
 46.439693  58.663437  70.604218  82.461403  94.255623  105.611092  115.116089  120.636093  121.689850  118.615311  111.954216  101.555779  89.920158  78.384216  67.029221  55.348122  44.848545 
 47.237446  59.555153  71.968750  84.003593  95.753593  107.449219  116.922806  122.482193  123.854065  120.743118  114.654526  103.904846  92.083435  80.286407  68.411095  56.271561  45.622818 
 46.680157  58.929535  70.987656  82.607658  94.142654  105.257034  114.536560  120.104218  121.327499  118.674377  112.750778  102.309219  90.436562  78.895622  67.337189  55.638123  45.160625 
 45.156094  56.722969  68.041092  79.094528  89.636093  99.471252  108.056252  113.571564  114.882507  112.156876  106.015312  96.979218  86.266251  75.743279  64.625626  53.428596  43.514217 
 42.548801  52.816093  63.377815  73.567032  82.794373  91.227188  98.340309  103.165466  104.465782  102.470001  97.318748  89.224998  80.180000  70.629845  60.343597  49.849846  41.100048 
 40.136875  48.060623  57.508125  66.690781  75.111092  82.223747  88.089378  91.794846  93.077499  91.452660  87.278122  80.648285  72.978127  64.325935  54.669685  45.436249  38.858749 
 38.322758  43.185471  50.262497  58.377815  66.100784  72.408752  77.361404  80.528908  81.514534  80.194374  76.759529  71.250778  64.574844  56.624535  48.157814  41.113750  37.231247 
 35.684010  38.967758  42.767086  49.257813  56.067650  61.632912  65.984535  68.543701  69.376816  68.530212  65.490158  60.986404  54.868385  47.960991  41.516563  37.660000  34.566250 
 } 


 White Balance Data with optical Center Data
 r_center_x =  621 r_center_y =  478 
 gr_center_x =  629 gr_center_y =  499 
 b_center_x =  636 b_center_y =  490 
 gb_center_x =  635 gb_center_y =  464 
 r/gr 0.618196 
 b/gr 0.664695 
 gb/gr 0.996650 
 r_oc_ave 115.635559 
 b_oc_ave 124.333328 
 gr_oc_ave 187.053329 
 gb_oc_ave 186.426666 

 [AWB]
 RGr =  0.618196 
 BGr =  0.664695 
 GbGr =  0.996650 
 r_oc_ave =  115.635559 
 b_oc_ave =  124.333328 
 gr_oc_ave =  187.053329 
 gb_oc_ave =  186.426666 