 LEFT LENS SHADING DATA
 RED Channel
 {
 35.927864  39.010365  43.055836  50.146141  57.927597  64.938911  70.354950  73.871147  74.795311  73.574898  70.312706  64.696243  57.588074  49.865318  42.811512  38.514740  35.690155 
 38.010780  42.593906  50.196251  59.922813  69.454689  77.789528  84.475159  88.947815  90.585312  88.819061  84.461876  77.493752  68.958282  59.755310  50.130470  42.212032  37.761406 
 39.587814  47.580311  58.030937  69.522499  80.473595  90.605003  99.108749  105.128441  107.167656  104.944374  99.115623  90.372971  80.126251  69.341408  57.964691  47.259842  39.562969 
 42.356358  53.090935  65.247185  78.055153  90.794220  103.013908  113.788589  121.561249  124.470932  121.527969  114.029068  103.042503  90.446716  78.043434  65.172813  52.728592  42.233387 
 45.206150  57.612816  70.967499  84.993439  99.555000  113.980469  127.169693  136.358444  139.730469  136.403442  127.558441  114.172653  99.437035  84.949371  70.815941  57.268593  45.074635 
 47.494373  60.704376  74.800934  89.921562  105.984840  122.197037  136.687805  146.548431  150.139847  146.720306  137.370789  122.557190  105.896721  90.064690  74.835472  60.534691  47.273441 
 48.174118  61.830154  76.270622  92.028908  108.764534  125.663589  140.641251  150.554535  154.102661  151.058899  141.978745  126.650162  109.555626  92.924690  76.835625  61.885002  48.287079 
 47.722454  61.063904  75.380157  90.646408  106.879059  123.275314  137.917664  147.812500  151.357651  147.949692  139.119690  124.199997  106.970314  90.930466  75.487503  60.967033  47.796410 
 45.768230  58.297813  71.910934  86.344376  101.239372  115.882660  129.071091  138.507339  141.807343  138.632507  129.704849  116.169846  101.126251  86.491562  71.990623  58.292969  45.874432 
 43.067608  53.835938  66.277809  79.506248  92.605621  105.037659  115.913757  123.765320  126.774689  124.239380  116.698593  105.245155  92.475624  79.469841  66.373436  53.816559  42.996979 
 40.699375  48.694374  59.495155  71.387184  82.843285  93.208748  101.872810  107.996246  110.338440  108.096405  102.030785  92.900002  82.260780  71.057655  59.376404  48.563751  40.474167 
 39.349064  43.956562  51.935623  62.135780  71.933594  80.592812  87.517189  92.107658  93.816719  91.988747  87.227814  80.007034  71.111252  61.425156  51.406403  43.529842  38.808388 
 36.956978  40.241142  44.404789  51.817238  60.008385  67.136978  72.586349  76.192863  77.538177  76.500000  72.515312  66.619736  59.239578  51.080368  43.364948  39.620468  36.213387 
 } 
 GR Channel
 {
 48.104683  53.248436  58.789429  67.279274  76.214684  84.188904  90.065933  93.895103  94.877655  93.239632  89.583595  83.602913  75.494530  66.773491  58.387924  52.871086  48.716507 
 51.873848  58.525940  68.000465  79.454689  90.250938  99.554535  106.854691  111.707184  113.304535  111.244843  106.439217  98.753754  89.351410  78.815781  67.473747  57.842972  51.899429 
 54.703438  65.167191  77.767029  90.963127  103.381096  114.617966  123.936401  130.242813  132.491257  129.872498  123.633286  114.015472  102.542343  90.272812  77.085785  64.215782  54.498901 
 58.527924  71.962502  86.391090  101.115623  115.451248  129.115158  140.882507  149.129684  152.027039  148.739838  140.750931  128.706406  114.760468  100.515938  85.738129  70.974533  58.050575 
 62.352867  77.737656  93.391403  109.317032  125.825317  141.828430  156.014069  165.694214  169.195465  165.542969  156.148438  141.755310  125.328903  108.842812  92.619843  76.648285  61.530983 
 65.469063  81.725311  98.357033  115.379532  133.267502  151.196869  166.982193  177.217194  180.720779  177.198120  167.289368  151.370163  132.888748  114.953751  97.545784  80.697029  64.370987 
 66.463799  83.222343  100.169060  117.882034  136.505310  155.089539  171.477661  181.725937  185.122971  181.768433  172.429382  156.343124  137.370316  118.634064  100.179840  82.466873  65.802292 
 65.907707  82.205627  98.936096  116.426254  134.482346  152.566879  168.443756  178.798599  182.262497  178.620621  169.382187  153.501099  134.465775  116.124069  98.412659  81.317810  65.119896 
 63.237190  78.708435  94.739845  111.210938  128.026245  144.457184  158.734070  168.817184  172.036407  168.647339  159.159058  144.479218  127.764221  111.032188  94.280937  78.116249  62.663757 
 59.657036  73.126404  88.005470  103.170311  118.067337  131.999374  143.904221  152.302505  155.445465  152.768753  144.693909  132.109375  117.810776  102.839218  87.743591  72.587341  59.166718 
 56.329689  66.723434  79.743279  93.614059  106.681877  118.239685  127.827026  134.419846  137.042191  134.465149  127.946091  117.954849  105.889534  92.901878  79.294533  66.117500  55.892090 
 53.830681  60.389221  70.313591  82.392029  93.667503  103.488434  111.026878  116.143753  117.999847  115.945618  110.683281  102.565315  92.585785  81.319847  69.450470  59.647499  53.182503 
 49.592766  54.822350  60.467552  69.565155  79.310417  87.312187  93.542290  97.412918  98.767548  97.402290  93.249741  86.678650  78.244743  68.658806  59.123177  54.405830  49.200836 
 } 
 GB Channel
 {
 48.510567  53.587654  59.230888  68.365265  77.947556  86.343857  92.820419  97.104012  98.217186  96.595726  92.472244  85.806099  77.169472  67.799744  58.890472  53.327919  49.160416 
 51.823486  58.458282  68.242340  80.130470  91.536095  101.509689  109.355003  114.630463  116.500931  114.369064  109.157028  100.937965  90.792816  79.638283  67.779846  57.766251  51.800003 
 54.091255  64.612503  77.529060  91.216248  104.204689  116.155777  126.024994  132.824219  135.196716  132.505005  125.920151  115.741257  103.596878  90.727188  77.057968  63.803749  53.855415 
 57.467140  71.039841  85.674530  100.873283  115.750473  130.081726  142.275940  151.016876  154.217026  150.947495  142.658127  130.023590  115.421722  100.540939  85.193909  70.083908  56.925774 
 60.927605  76.280937  92.212189  108.520470  125.472656  141.897812  156.590622  166.906723  170.512650  166.875626  157.227966  142.287964  125.250153  108.161560  91.517342  75.183594  60.159637 
 63.750000  79.872498  96.574997  113.928131  132.177338  150.476563  166.583908  177.490936  181.155624  177.596558  167.482819  151.163437  132.144226  113.619537  95.807968  78.776093  62.367973 
 64.457710  81.069374  97.997032  115.992035  134.856400  153.715942  170.308746  181.032028  184.836411  181.633591  172.055618  155.511566  136.060318  116.870789  98.057030  80.240311  63.494896 
 63.761871  79.991875  96.826096  114.282654  132.440781  150.827347  167.027344  177.801086  181.665619  177.938599  168.498444  152.345306  132.953430  114.266724  96.231407  79.062035  62.972244 
 61.412399  76.700310  92.755157  109.270470  126.187347  142.773743  157.294067  167.755310  171.341400  168.004837  158.352341  143.357498  126.199844  109.164688  92.230782  75.938904  60.649956 
 57.941772  71.390938  86.296562  101.426247  116.479065  130.618591  142.664063  151.380310  154.861877  152.115631  143.822189  130.996719  116.332336  101.171097  85.913284  70.725784  57.211815 
 55.058693  65.287659  78.327499  92.279060  105.409531  117.190628  126.959686  133.715775  136.459381  134.012192  127.161560  116.947815  104.635941  91.479378  77.688438  64.534378  54.241463 
 52.808067  59.282028  69.282501  81.393906  92.906563  102.826248  110.424377  115.926086  117.925308  115.811722  110.351410  101.944847  91.730934  80.214844  68.265778  58.433907  51.951202 
 49.032661  54.090988  59.839996  69.089531  78.761147  87.105827  93.518127  97.805473  99.340736  97.846512  93.238281  86.451714  77.627182  67.937134  58.249329  53.408279  48.352859 
 } 
 B Channel
 {
 16.605572  18.669323  21.045311  25.170105  29.658283  33.442501  36.269531  38.105053  38.434845  37.686562  35.730103  32.855469  29.150784  24.888126  20.850937  18.272709  17.116875 
 17.915154  20.715782  25.097813  30.554688  35.685158  40.033749  43.382656  45.503593  46.147968  45.114063  42.835938  39.293594  35.037655  30.178123  24.857189  20.386875  18.306873 
 18.950573  23.668282  29.492188  35.717030  41.442501  46.516720  50.691093  53.474846  54.245781  52.940315  50.062347  45.881248  40.843594  35.349377  29.279221  23.249062  19.445316 
 20.580986  26.718281  33.369064  40.090469  46.512188  52.553749  57.660004  61.285622  62.403908  60.863594  57.218124  51.951874  46.006561  39.762188  33.019375  26.260780  21.075993 
 22.231247  29.097500  36.381405  43.558281  50.728279  57.627342  63.814529  67.977501  69.225937  67.582031  63.445313  57.251251  50.343750  43.242970  35.948437  28.725624  22.574375 
 23.463905  30.727032  38.271873  45.853592  53.552811  61.268440  68.078903  72.447502  73.559845  71.918907  67.802185  61.090782  53.350784  45.676094  37.972969  30.410625  23.806042 
 23.838490  31.264530  38.869999  46.679375  54.694221  62.594688  69.640938  73.873123  75.003906  73.383438  69.644684  62.895470  55.029846  47.040627  38.960938  31.046406  24.262451 
 23.489479  30.770313  38.340626  45.841721  53.581566  61.432190  68.204529  72.423592  73.638283  71.890472  68.227966  61.750778  53.817497  45.998436  38.182968  30.498749  23.947918 
 22.314892  29.266563  36.490002  43.682499  50.914528  58.000000  64.143127  68.236877  69.357811  67.872971  63.979843  58.010941  50.997032  43.790627  36.333752  29.058437  22.777603 
 20.523487  26.765781  33.483749  40.167656  46.788906  52.897346  57.869530  61.236565  62.338905  61.090935  57.930000  52.752029  46.728592  40.212658  33.318127  26.540314  21.177395 
 19.106773  23.843437  29.760780  35.972031  41.909531  47.086720  51.037971  53.691872  54.489685  53.441254  50.819221  46.749062  41.553280  35.792812  29.567032  23.606407  19.497448 
 18.103073  20.968281  25.452656  30.989689  36.335468  40.690781  43.895000  45.960781  46.445000  45.666718  43.499218  40.160938  35.676563  30.512188  25.041405  20.565781  18.174740 
 16.448906  18.463490  20.940781  25.305519  29.856926  33.616821  36.384583  37.914322  38.397499  37.725677  35.890259  33.008854  29.236977  24.796352  20.300785  18.116821  16.353073 
 } 


 White Balance Data with optical Center Data
 r_center_x =  639 r_center_y =  506 
 gr_center_x =  645 gr_center_y =  481 
 b_center_x =  631 b_center_y =  501 
 gb_center_x =  641 gb_center_y =  480 
 r/gr 0.831064 
 b/gr 0.403550 
 gb/gr 0.996846 
 r_oc_ave 154.600006 
 b_oc_ave 75.071114 
 gr_oc_ave 186.026672 
 gb_oc_ave 185.440002 

 [AWB]
 RGr =  0.831064 
 BGr =  0.403550 
 GbGr =  0.996846 
 r_oc_ave =  154.600006 
 b_oc_ave =  75.071114 
 gr_oc_ave =  186.026672 
 gb_oc_ave =  185.440002 