 LEFT LENS SHADING DATA
 RED Channel
 {
 27.583752  29.999165  33.959896  40.151302  46.662605  52.161301  56.292969  59.000465  59.653748  58.301926  55.461983  50.832024  45.225834  38.870052  33.012188  29.443283  27.323280 
 28.908752  32.998749  39.715313  47.581093  55.043434  61.424843  66.711090  69.993591  70.815002  69.080467  65.459061  59.927658  53.242500  45.999844  38.384689  32.015156  28.335365 
 30.646042  37.270626  45.993752  55.024063  63.529373  71.188278  77.635468  81.852501  83.093437  80.908752  76.216248  69.298904  61.293434  52.987656  44.280312  35.915001  29.513752 
 33.049061  41.817814  51.743591  61.756721  71.543434  80.567345  88.402031  93.788284  95.421722  92.737816  86.687035  78.110313  68.858284  59.348122  49.662971  40.147030  31.775158 
 35.488956  45.624374  56.255470  67.176559  78.204376  88.526566  97.858124  103.961716  105.829689  102.631248  95.794846  85.922966  75.124222  64.387032  53.890778  43.612499  34.177502 
 37.277706  48.058128  59.237503  70.833595  82.657028  94.136566  104.250465  110.562653  112.265320  109.227654  102.117500  91.384064  79.433907  67.846718  56.718285  45.930939  35.800938 
 37.826508  48.890472  60.436874  72.297966  84.224533  96.228752  106.345940  112.788284  114.339218  111.457970  104.817497  93.832657  81.562653  69.631409  58.023903  46.713749  36.447498 
 37.195679  48.075470  59.337502  70.817810  82.484222  93.856407  103.784691  110.035934  111.727188  108.834221  102.309219  91.415001  79.660004  68.161560  56.968597  46.054062  35.983231 
 35.634998  45.654999  56.288284  67.108124  78.017967  88.204216  97.286560  103.184685  104.923904  101.755936  95.233597  85.902809  75.265472  64.877502  54.306717  43.993439  34.542187 
 33.274426  41.970470  51.771721  61.899689  71.437500  80.104218  87.617966  92.708908  94.278908  91.778595  86.212502  78.108437  69.092659  59.763748  50.174217  40.668125  32.332706 
 31.213749  37.685001  46.489532  55.491722  63.828125  71.231873  77.348434  81.425781  82.648903  80.676559  76.148903  69.607971  61.905159  53.689377  44.945625  36.638126  30.513126 
 30.096977  33.985313  40.318283  48.015778  55.433746  61.736877  66.824066  70.082031  71.129845  69.552345  65.878281  60.550629  53.994690  46.680626  39.088905  32.890469  29.459846 
 28.739063  31.254478  34.409740  40.009323  46.314167  51.730621  56.112816  58.763908  59.574219  58.454224  55.441818  50.852715  45.306355  39.034374  33.303699  30.233593  27.928177 
 } 
 GR Channel
 {
 53.320206  57.828957  64.301514  73.842972  83.830887  91.998283  98.511559  102.729683  103.645729  101.436714  97.347763  90.405571  81.775726  72.054008  62.906097  56.984688  53.460098 
 56.010628  62.851875  73.514221  85.794846  97.241096  107.095154  114.962814  119.767181  120.850311  118.464844  113.184219  104.878281  94.765312  83.544220  71.669220  61.417191  55.082191 
 58.712395  69.680313  83.305779  97.275780  110.468597  122.076569  131.781403  137.949219  139.764694  136.587189  129.787506  119.613281  107.529060  94.687035  81.114845  67.817345  57.248802 
 62.810318  76.829063  92.152191  107.464996  122.539063  136.345001  148.138901  156.004211  158.320465  154.526245  146.058441  133.401245  119.192657  104.585159  89.450783  74.554222  60.924835 
 66.816620  82.652657  98.989998  115.690308  132.427811  148.227036  162.166565  171.102814  173.677811  169.496094  159.886871  145.377029  128.672653  112.204849  96.146721  79.965782  64.716820 
 69.467651  86.405785  103.418594  120.945786  138.839371  156.336090  171.633438  180.598129  183.051407  179.094528  169.042496  153.272507  135.222809  117.538757  100.452660  83.674690  67.416351 
 70.279953  87.545158  105.288284  123.154846  141.150162  159.502029  174.481873  183.730774  186.257813  182.279526  173.335938  156.951721  138.585159  120.481094  102.650002  85.011253  68.559586 
 69.121613  86.152657  103.444847  120.867188  138.606247  156.051559  170.867493  180.023132  182.620468  178.793442  169.724686  153.686249  135.653748  117.974533  100.783592  83.847656  67.752449 
 66.582390  82.427811  98.854065  115.544525  132.086868  147.750626  161.460312  170.174530  172.695786  168.489212  159.051880  145.196091  128.930466  112.870789  96.486252  80.501877  65.313957 
 62.790627  76.703125  92.035934  107.499222  122.154694  135.590317  146.981873  154.417664  156.755463  153.522964  145.374527  133.339371  119.414063  105.073280  90.164375  75.157814  61.806152 
 59.425941  70.035934  83.819847  97.700157  110.713753  121.950470  131.267181  137.218903  139.144379  136.515320  129.770157  120.026871  108.311722  95.517967  81.843903  68.717186  58.726349 
 57.278336  64.177498  74.195000  86.178596  97.528435  107.258278  114.964996  119.638596  121.256882  119.022964  113.688751  105.732346  95.710785  84.297501  72.409691  62.493126  56.576042 
 54.326668  59.349586  64.541672  73.232132  83.106773  91.463486  97.956665  101.900887  103.041878  101.585258  96.974579  90.256721  81.670158  72.045830  62.910515  57.828964  53.621460 
 } 
 GB Channel
 {
 53.879120  58.224953  64.513649  74.431152  84.648544  92.890465  99.528015  103.566200  104.558281  102.386299  98.008804  91.117134  82.302872  72.370163  63.018433  57.126671  53.670006 
 56.167862  63.057655  73.990311  86.404060  97.906876  107.756096  115.715942  120.582657  121.822662  119.233597  113.701096  105.296097  95.042656  83.685783  71.657188  61.315002  55.154999 
 58.644112  69.757660  83.567970  97.817032  111.104218  122.732971  132.430939  138.628754  140.552658  137.299683  130.372971  120.090942  107.781876  94.773750  80.927032  67.477966  56.915680 
 62.561096  76.756721  92.448906  107.938904  123.069061  136.823288  148.714691  156.642502  158.972183  155.077652  146.530151  133.714066  119.317337  104.434845  89.184685  74.016251  60.240829 
 66.164009  82.374222  98.987190  115.862030  132.715775  148.456726  162.342346  171.430313  173.962662  169.760941  160.080780  145.295151  128.592194  111.979218  95.592346  79.183594  63.862129 
 68.721046  85.879372  103.080315  120.768600  138.797974  156.157501  171.193283  180.271408  182.928757  178.874374  168.740936  152.863434  134.826401  117.048431  99.709373  82.719063  66.349892 
 69.335991  86.720779  104.704216  122.670319  140.581726  158.755157  173.629684  182.754211  185.536087  181.607193  172.439377  156.257813  137.916870  119.697189  101.754684  83.971252  67.303749 
 68.148438  85.308441  102.797966  120.223755  137.879211  155.039841  169.733124  178.986252  181.572342  177.709061  168.692505  152.786713  134.882965  117.140320  99.777344  82.654221  66.594009 
 65.643959  81.565628  98.073753  114.779373  131.168900  146.673279  160.110001  168.722351  171.486404  167.190155  157.908752  144.242661  127.891556  111.875778  95.503754  79.397972  64.167343 
 61.941200  75.940155  91.242500  106.744690  121.099686  134.320465  145.483276  152.876556  155.198441  152.086090  143.886719  131.954681  118.230942  103.918747  89.008125  74.017029  60.772240 
 58.736252  69.332497  82.941719  96.784218  109.547501  120.523132  129.661087  135.633438  137.500931  134.715622  128.200150  118.546402  106.963127  94.320625  80.690941  67.663910  57.791199 
 56.942345  63.419220  73.425316  85.232185  96.399376  105.958748  113.511093  118.182037  119.815628  117.636414  112.219849  104.241249  94.431564  83.196404  71.385941  61.545158  55.805359 
 54.060265  58.542755  63.835312  72.553017  82.123123  90.225006  96.915054  100.898071  101.984787  100.494110  95.938385  89.170837  80.603226  71.097031  61.913857  56.903282  52.847443 
 } 
 B Channel
 {
 35.757446  39.219116  44.165890  51.514847  58.762505  64.542091  69.103439  71.896721  72.578232  71.344742  68.793900  63.946564  57.730522  50.665260  43.849789  39.412918  37.361248 
 37.090778  42.020157  49.806091  58.516716  66.561249  73.293747  78.532188  81.729843  82.712814  81.189529  77.764534  72.294060  65.398438  57.594215  49.151878  41.721249  37.997917 
 38.966461  46.700626  56.468437  66.209061  75.228439  83.101097  89.558907  93.661407  94.915939  92.960159  88.637184  81.798592  73.736565  65.050003  55.664063  46.140938  39.320107 
 41.772186  51.707184  62.501091  72.987968  83.224220  92.472504  100.491875  105.636566  107.130470  104.745628  99.162659  90.954216  81.620628  71.765625  61.370316  50.794060  42.000313 
 44.310520  55.494690  66.940002  78.315315  89.505783  100.141876  109.475784  115.375626  117.164368  114.389221  108.056404  98.634064  87.692970  76.733749  65.653435  54.316559  44.419895 
 46.096516  57.879219  69.652031  81.546875  93.560310  105.252029  115.175629  121.219681  122.901413  120.204529  113.712814  103.413910  91.551247  79.874535  68.250778  56.684845  46.206715 
 46.433647  58.484062  70.616875  82.851715  94.889847  106.952812  116.709213  122.939850  124.631088  122.047501  116.043900  105.381874  93.305779  81.513123  69.565468  57.463593  46.905468 
 45.652138  57.642342  69.688591  81.510941  93.243752  104.682655  114.305466  120.329849  121.949524  119.515778  113.645157  103.255623  91.451874  79.825310  68.273438  56.649529  46.433910 
 44.042919  55.190002  66.872658  78.099998  89.081879  99.388123  108.100159  113.754379  115.263748  112.428284  106.564217  97.530312  86.962341  76.439529  65.478439  54.404999  44.724167 
 41.403023  51.514687  62.210159  72.841095  82.516403  91.264534  98.541252  103.084686  104.500313  102.458748  97.303749  89.513283  80.701096  71.250000  61.132034  50.772972  42.271923 
 39.341305  46.998592  56.570778  66.312965  74.968437  82.234528  88.105782  91.694061  92.707657  91.055000  86.960472  80.768440  73.230934  64.787971  55.441559  46.300625  39.991455 
 38.091721  42.729843  49.957344  58.309845  66.016090  72.358597  77.299843  80.140160  81.091248  79.677811  76.407188  71.356720  64.820938  57.158592  48.848907  41.871876  38.411873 
 35.758389  39.250885  43.275887  49.345055  56.079224  61.564629  65.995468  68.360779  69.125420  68.239891  65.468018  61.055260  55.260109  48.558380  42.145367  38.355625  35.955208 
 } 


 White Balance Data with optical Center Data
 r_center_x =  627 r_center_y =  486 
 gr_center_x =  634 gr_center_y =  503 
 b_center_x =  635 b_center_y =  499 
 gb_center_x =  638 gb_center_y =  489 
 r/gr 0.612386 
 b/gr 0.669494 
 gb/gr 0.995962 
 r_oc_ave 114.573334 
 b_oc_ave 125.257782 
 gr_oc_ave 187.093338 
 gb_oc_ave 186.337784 

 [AWB]
 RGr =  0.612386 
 BGr =  0.669494 
 GbGr =  0.995962 
 r_oc_ave =  114.573334 
 b_oc_ave =  125.257782 
 gr_oc_ave =  187.093338 
 gb_oc_ave =  186.337784 