 LEFT LENS SHADING DATA
 RED Channel
 {
 26.426353  28.599270  31.970676  37.607498  43.805157  48.981987  53.077133  55.703598  56.539421  55.423805  52.791718  48.441879  42.950367  36.967762  31.362553  28.098492  26.101822 
 28.253853  31.563438  37.884220  45.583752  52.907028  59.130310  64.144844  67.360466  68.337967  66.732346  63.402344  58.186874  51.651405  44.489220  37.193592  31.069530  27.550156 
 29.749687  35.675938  44.012188  52.887970  61.419533  68.751404  74.918121  79.209846  80.659531  78.473122  73.921097  67.402191  59.688751  51.447502  43.016251  34.946095  29.009636 
 32.008907  39.993282  49.598434  59.380470  69.115623  78.029060  85.578125  90.986717  92.799530  90.023285  84.271248  76.044846  67.047813  57.707184  48.207344  39.003281  31.157242 
 34.249531  43.792656  54.093750  64.737343  75.689842  86.041092  95.044533  101.212654  103.122971  100.185310  93.471092  83.709846  73.079063  62.642654  52.236717  42.273594  33.392136 
 35.951668  46.352501  57.207657  68.408592  80.319687  91.840935  101.730003  108.120941  109.854530  107.040627  99.973907  89.214066  77.321404  65.985313  55.082031  44.557186  34.942184 
 36.713959  47.264374  58.420158  70.071091  82.123749  94.103279  104.178909  110.718285  112.180618  109.531097  103.113129  91.820160  79.482971  67.756721  56.427345  45.417187  35.544273 
 36.119011  46.640469  57.637810  68.875938  80.598434  92.008125  101.999687  108.530624  110.058128  107.225784  100.707031  89.678436  77.627029  66.261871  55.347809  44.741093  35.210884 
 34.651253  44.410000  54.872185  65.480469  76.254372  86.493752  95.654373  101.954216  103.605003  100.366409  93.820465  84.187653  73.310310  62.992500  52.733749  42.792656  33.696617 
 32.558643  40.866562  50.551094  60.334221  69.797966  78.445313  86.144379  91.535469  92.848747  90.478905  84.658440  76.375000  67.213440  58.033592  48.595940  39.361404  31.571613 
 30.594009  36.782970  45.200939  53.998596  62.266403  69.628441  75.863594  80.014061  81.160622  79.138435  74.360153  67.731873  60.151566  51.975784  43.366249  35.359375  29.578125 
 29.583538  33.103127  39.167343  46.714218  53.872345  60.188591  65.377502  68.418282  69.332497  67.812500  64.019379  58.642189  52.245155  45.077187  37.621407  31.636406  28.515362 
 27.845623  30.210625  33.238800  38.829845  44.958801  50.142136  54.336250  56.752235  57.456253  56.446663  53.344788  48.973854  43.477867  37.461353  31.880779  28.998699  27.123699 
 } 
 GR Channel
 {
 51.274269  55.893852  61.748123  70.871826  80.617393  88.868599  95.190941  99.216042  100.366875  98.856621  94.656563  88.348595  79.759117  70.101410  61.248810  55.669945  52.006195 
 55.216766  61.367188  71.716873  83.892029  95.486565  105.159218  112.864685  117.851868  119.425629  117.028900  112.097809  104.010468  94.042656  82.824532  70.956093  60.921410  54.892448 
 58.107765  68.160469  81.537971  95.570000  109.064529  120.504684  130.104218  136.605621  138.830780  135.660934  128.957336  118.828903  106.874687  94.062035  80.639847  67.447968  57.458183 
 61.814011  75.244217  90.316254  105.835938  121.166092  135.162964  147.046570  155.304214  158.020462  154.369064  145.656250  132.976410  118.784058  104.079063  89.147346  74.311562  61.048645 
 65.693596  81.142967  97.278122  114.025620  131.008743  147.583282  161.899368  171.360474  174.310623  170.253754  160.127502  145.297653  128.437973  112.061722  95.764061  79.725937  64.842186 
 68.398804  85.054840  102.003754  119.467026  138.066711  156.407181  172.216873  181.654068  184.535004  180.620789  170.208435  153.699066  135.194382  117.272507  100.160622  83.377502  67.371666 
 69.409058  86.447815  104.020157  122.023743  140.695786  159.805313  175.636414  185.410156  187.851410  184.148132  174.692657  157.756256  138.746719  120.318588  102.427498  84.762970  68.445259 
 68.491409  85.413284  102.577972  120.010941  138.204056  156.487183  172.315155  182.010468  184.520309  180.723282  171.470306  154.643280  135.663589  117.743439  100.645782  83.724686  67.784683 
 66.023590  81.862968  98.395622  114.955933  131.837494  148.195786  162.641556  172.034531  174.847809  170.332809  160.683899  145.973129  128.885468  112.606400  96.446716  80.342033  65.244743 
 62.484482  76.249062  91.685623  107.016716  121.916412  135.768906  147.835464  156.183899  158.426407  155.090775  146.415787  133.660629  119.443756  104.816872  89.821091  75.000313  61.769897 
 59.298019  69.787186  83.353905  97.308746  110.372345  122.110153  131.690933  138.110001  139.962967  137.093597  130.027649  120.050308  108.230621  95.334999  81.489998  68.389534  58.378906 
 57.038223  63.690315  73.772034  85.880310  97.297966  107.152496  114.980942  120.006409  121.475159  119.088440  113.562805  105.664688  95.500778  84.082657  71.973595  62.033279  56.135994 
 53.389069  58.591141  63.804321  73.111565  82.928177  91.056671  97.603859  101.422447  102.442863  100.978432  96.496147  89.795517  81.186409  71.330788  62.310051  57.029739  53.329735 
 } 
 GB Channel
 {
 51.494324  55.918488  61.778282  71.112816  80.937027  89.158859  95.615829  99.830887  101.120987  99.331413  95.179482  88.626404  79.908020  70.450989  61.356560  55.729530  52.082031 
 55.273911  61.312035  71.668907  84.039063  95.673904  105.284691  112.987503  118.167343  119.875778  117.358276  112.364059  104.240784  94.147186  82.867035  70.964066  60.881409  54.898705 
 57.944481  68.024063  81.430939  95.534218  109.073280  120.612656  130.111725  136.803131  139.133591  135.959686  129.163757  119.026093  107.039688  94.235466  80.641251  67.379059  57.293236 
 61.594170  75.089996  90.320625  105.892654  121.292343  135.414688  147.293900  155.718124  158.430939  154.678589  145.954224  133.240005  118.925629  104.236252  89.177971  74.152809  60.805313 
 65.254791  80.953125  97.255936  114.069061  131.262024  147.649689  162.058121  171.599380  174.684372  170.638901  160.520309  145.551712  128.714371  112.153442  95.701874  79.531250  64.514587 
 67.808540  84.763123  101.842659  119.430939  137.976410  156.342819  171.892654  181.703751  184.662338  180.755630  170.401093  153.858444  135.256882  117.414063  100.029060  82.993439  67.023438 
 68.730469  86.022346  103.668747  121.705627  140.350784  159.266556  175.181870  185.119064  187.616257  183.948288  174.622025  157.586411  138.661407  120.330933  102.210938  84.398590  67.953804 
 67.854431  84.875465  102.154533  119.579376  137.662033  155.938278  171.685944  181.626556  184.222961  180.411560  171.111877  154.482971  135.573746  117.627808  100.353439  83.363747  67.201668 
 65.255104  81.303436  97.897659  114.366882  131.195313  147.519684  161.962341  171.489380  174.300934  169.959061  160.277969  145.690933  128.747650  112.492493  96.204689  80.087189  64.837608 
 61.925888  75.787346  91.292030  106.568748  121.201401  134.924530  146.979843  155.312653  157.735001  154.512650  145.887497  133.311249  119.145157  104.571091  89.692970  74.703278  61.428902 
 58.863693  69.367653  82.967972  96.879059  109.730621  121.133438  130.751251  137.327499  139.264526  136.507507  129.488907  119.530945  107.747810  94.996094  81.167503  68.104218  58.159004 
 56.812813  63.216560  73.304840  85.410156  96.665939  106.413124  114.214691  119.281876  120.761719  118.486099  112.945938  105.111404  95.114845  83.772034  71.789375  61.843597  56.098389 
 53.437813  58.146980  63.553802  72.742035  82.436775  90.488129  96.994690  101.109367  102.419006  100.580467  96.063438  89.459946  80.924225  71.046822  62.131042  57.001305  53.461304 
 } 
 B Channel
 {
 34.865940  37.829689  41.980206  48.607971  55.737709  61.492035  65.730049  68.338600  69.171410  67.832809  65.179115  60.702339  54.633804  47.760159  41.520367  37.681667  35.674999 
 37.762188  41.842186  48.868126  57.734840  66.048126  72.695160  77.829842  80.997971  82.023285  80.284065  77.033905  71.482971  64.479843  56.544533  48.286407  41.452499  37.843334 
 39.779842  46.829220  56.041092  65.886093  75.440468  83.287033  89.392342  93.659218  94.939842  92.887810  88.410004  81.564377  73.368279  64.508591  55.028748  46.107498  39.684586 
 42.211040  51.818123  62.236565  72.894997  83.603905  93.150940  100.708908  106.050316  107.619217  105.164375  99.397034  91.054840  81.404221  71.388435  61.001717  50.870316  42.241146 
 45.013855  55.865936  67.260780  78.440781  90.224686  101.183746  110.391716  116.356247  118.211243  115.471725  108.768127  99.053123  87.851410  76.595001  65.376717  54.609840  44.865887 
 46.828594  58.509216  70.345467  82.009689  94.608597  106.800156  116.825623  122.969528  124.753906  122.091721  115.170151  104.363747  92.069061  79.963593  68.250153  57.015312  46.521141 
 47.485207  59.350624  71.547653  83.522812  95.932968  108.545158  118.789215  125.092346  126.703751  124.166718  117.859222  106.587029  94.011719  81.781563  69.705940  57.855621  47.284374 
 46.748226  58.494064  70.412033  82.304062  94.275154  106.391090  116.663757  122.961090  124.422653  121.881256  115.810944  104.914528  92.357971  80.189529  68.352341  57.093437  46.674267 
 45.016666  56.143753  67.572502  78.891563  90.019218  100.831253  110.246407  116.272659  118.046249  115.069214  108.624847  99.113129  87.763123  76.719528  65.580154  54.884689  45.007187 
 42.477394  52.109062  62.886253  73.456253  83.280159  92.425629  100.489845  105.736877  107.207657  105.003593  99.308746  91.000465  81.439690  71.453751  61.023125  51.105469  42.567760 
 40.316612  47.656406  57.087341  66.765160  75.589218  83.342659  89.700470  93.897034  95.031563  93.015312  88.467972  81.757965  73.755936  64.752968  55.178909  46.430782  39.965572 
 38.834167  43.183750  50.292969  58.639374  66.679222  73.360626  78.574066  81.802185  82.565002  81.127968  77.376877  72.022972  65.045471  56.969063  48.515160  41.993595  38.575470 
 36.335419  39.683750  43.384014  49.796043  56.921509  62.480621  66.805305  69.406769  70.207085  69.039429  65.989372  61.323593  55.245674  48.191147  41.752033  38.471302  36.698799 
 } 


 White Balance Data with optical Center Data
 r_center_x =  638 r_center_y =  502 
 gr_center_x =  658 gr_center_y =  483 
 b_center_x =  639 b_center_y =  493 
 gb_center_x =  628 gb_center_y =  502 
 r/gr 0.597200 
 b/gr 0.674351 
 gb/gr 0.998256 
 r_oc_ave 112.600006 
 b_oc_ave 127.146667 
 gr_oc_ave 188.546661 
 gb_oc_ave 188.217773 

 [AWB]
 RGr =  0.597200 
 BGr =  0.674351 
 GbGr =  0.998256 
 r_oc_ave =  112.600006 
 b_oc_ave =  127.146667 
 gr_oc_ave =  188.546661 
 gb_oc_ave =  188.217773 