 LEFT LENS SHADING DATA
 RED Channel
 {
 26.528751  29.180000  32.585468  38.632813  44.740570  50.147034  54.252815  56.884163  57.519798  56.220100  53.410782  48.963181  43.528332  37.592083  31.788231  28.466614  26.673283 
 28.179169  32.183750  38.696095  46.207813  53.459534  59.747658  64.722809  67.930000  68.859375  67.232185  63.715157  58.335472  51.830002  44.797501  37.354061  31.127655  27.744949 
 29.779633  36.517345  44.996719  53.818909  62.069687  69.521095  75.739372  79.911560  81.234222  79.141403  74.572029  67.909065  60.173439  52.012344  43.361252  35.213280  29.058907 
 32.417965  41.113594  50.829376  60.639687  70.170784  79.120468  86.841248  92.133125  93.884689  91.240936  85.356094  76.945465  67.793282  58.495781  48.931877  39.525467  31.360260 
 34.965153  45.004532  55.484840  66.412033  77.191254  87.578125  96.824066  102.970154  104.791092  101.697655  94.861717  84.942810  74.227501  63.829842  53.249222  43.112186  33.715935 
 36.889637  47.634842  58.851410  70.327034  82.216248  93.815002  103.864220  110.112656  111.812187  108.920471  101.715157  90.837967  78.989685  67.446564  56.319847  45.597031  35.389324 
 37.716354  48.808441  60.228905  72.075470  84.265625  96.532654  106.645157  113.014374  114.686249  111.882500  105.035469  93.736092  81.617653  69.616096  57.909218  46.616562  36.175312 
 37.303284  48.222656  59.462341  70.973747  82.983910  94.535934  104.605156  111.005470  112.773132  109.725471  102.998909  91.981407  79.797653  68.265312  56.982185  46.064529  35.819324 
 35.869637  45.983593  56.638596  67.795624  78.725159  89.203751  98.411873  104.556717  106.373436  103.406250  96.447502  86.646873  75.851563  65.243126  54.627190  44.167030  34.420986 
 33.422554  42.471092  52.469841  62.737968  72.280312  81.359375  89.049377  94.408127  96.015625  93.556091  87.564529  79.237503  69.871719  60.314529  50.451248  40.796719  32.280678 
 31.237133  38.329845  47.247345  56.375000  64.943123  72.520935  78.947029  83.226097  84.387344  82.370941  77.526093  70.687965  62.787971  54.326561  45.344219  36.846092  30.317554 
 30.083073  34.284531  40.908436  48.885315  56.497185  62.991096  68.253754  71.629845  72.542656  71.072815  67.127815  61.593903  54.804062  47.271561  39.354530  32.864063  29.280731 
 28.635159  31.119324  34.821770  40.884064  47.477184  52.860054  57.446251  59.936722  60.729118  59.534889  56.591560  51.920784  45.987392  39.443645  33.428490  29.998646  27.381977 
 } 
 GR Channel
 {
 52.021927  57.057343  62.920418  72.390419  82.028542  90.369682  96.842186  100.425575  101.759575  99.961922  96.092918  89.688698  81.389427  71.900002  62.630630  57.050781  53.612450 
 55.312347  62.281715  72.682503  84.431252  95.654373  105.254684  112.934692  117.917038  119.552505  117.539215  112.375000  104.473907  94.589218  83.618752  71.808128  61.757660  55.949951 
 58.244530  69.265160  82.523125  96.091721  108.964844  120.457962  130.114212  136.563126  138.738129  136.047806  129.474533  119.530777  107.738907  95.003128  81.522659  68.428596  58.211716 
 62.397293  76.344376  91.203125  106.353752  121.003601  135.075775  147.062973  155.172653  158.143127  154.489838  146.369217  133.743118  119.637970  104.936874  90.092659  75.237816  61.868645 
 66.389534  82.023903  97.911720  114.313751  131.047653  147.342026  161.477661  171.037659  174.234070  170.050934  160.498276  145.829849  129.237503  113.073746  96.754532  80.859528  65.731407 
 69.342911  85.900002  102.692184  119.912811  138.112030  156.101715  171.640152  181.467651  184.221725  180.313751  170.295471  154.244217  135.998901  118.395462  101.391251  84.805466  68.386925 
 70.456978  87.464066  104.604843  122.461868  140.837662  159.737030  175.380630  185.027649  187.921570  184.315308  175.003906  158.549057  139.838287  121.641556  103.823280  86.289215  69.649422 
 69.710785  86.566406  103.364532  120.676880  138.798599  156.723587  172.210632  181.959839  184.840149  181.093750  172.030777  155.615463  136.892975  119.174530  102.042816  85.257813  68.879478 
 67.370209  83.258125  99.315315  115.924530  132.769226  148.874847  163.045944  172.376251  175.378601  171.724213  162.137192  147.457031  130.884689  114.580002  98.257034  82.140472  66.475677 
 63.392395  77.785309  93.037659  108.525467  123.066559  136.940308  148.688278  156.836868  159.329849  156.475159  148.345474  136.022034  121.640472  107.057343  91.863907  76.869377  63.092285 
 60.024223  71.371094  85.242966  99.082970  111.980003  123.501099  133.183899  139.525467  141.563904  138.944382  132.339218  122.387650  110.592033  97.745781  83.849060  70.321716  59.718178 
 57.607498  64.992500  75.526093  87.718750  99.201248  108.998123  116.826874  121.801086  123.413437  121.444534  116.043121  108.083908  98.096405  86.683128  74.440628  63.983910  57.595779 
 54.157501  59.524582  65.436302  74.865417  84.975838  93.107292  99.814369  104.041298  105.043861  103.434319  99.422295  92.870369  84.269951  74.209373  64.823959  58.995781  54.193695 
 } 
 GB Channel
 {
 52.965210  57.700623  63.669167  73.352966  82.951668  91.367500  97.889847  101.471199  102.579277  100.728905  96.535263  89.960464  81.644844  71.968910  62.735626  57.113808  53.986305 
 55.916046  62.854378  73.341248  85.314842  96.596252  106.278748  113.906723  118.861404  120.362183  118.069534  112.900467  104.741096  94.727966  83.664528  71.695625  61.576096  55.775467 
 58.538071  69.683281  83.241249  97.050629  109.947655  121.417969  130.997818  137.360306  139.451401  136.598129  129.888748  119.852188  107.849846  95.024841  81.289063  67.986717  57.803589 
 62.537346  76.615471  91.848747  107.232658  122.009537  135.975311  147.816879  155.971100  158.752502  155.006088  146.664688  133.865784  119.574692  104.836090  89.747658  74.690155  61.104530 
 66.340317  82.269066  98.564217  115.261871  131.944839  148.024841  162.032974  171.534531  174.572037  170.252502  160.487350  145.659225  129.022186  112.664993  96.125153  80.040001  64.752090 
 69.001251  85.964996  103.089844  120.523590  138.517181  156.286880  171.534531  181.233124  183.938126  179.979843  169.794373  153.727341  135.456100  117.657806  100.527344  83.697502  67.322083 
 69.999435  87.329216  104.836563  122.577194  140.874527  159.517975  174.694214  184.175003  187.010162  183.319061  173.752029  157.555161  138.779694  120.587662  102.605621  85.099220  68.358589 
 69.306671  86.375000  103.277191  120.657349  138.447662  156.016098  171.216248  180.811401  183.559219  179.755936  170.496567  154.158127  135.580933  117.982346  100.754997  83.887344  67.630051 
 66.965057  82.954842  99.144997  115.730316  132.260788  147.872345  161.575317  170.829849  173.663132  169.916412  160.245316  145.727966  129.258286  113.034851  96.878593  80.695000  65.119995 
 63.042290  77.440628  92.747345  108.036247  122.239838  135.707962  147.049683  154.945786  157.357651  154.304688  146.159225  134.028748  119.947037  105.502190  90.431717  75.412971  61.714005 
 59.605003  71.029999  84.786560  98.405937  111.019684  122.055161  131.327652  137.524063  139.349686  136.765778  130.144379  120.394684  108.918434  96.225784  82.377968  68.996246  58.473335 
 57.453590  64.481720  74.959686  86.940315  98.115784  107.499374  115.107971  119.951248  121.408600  119.326721  113.941101  106.078125  96.358910  85.148285  73.070625  62.746872  56.524796 
 54.088593  59.059845  64.893440  74.031982  84.118492  92.083122  98.719841  102.508751  103.635468  102.008179  97.788795  91.236046  82.733276  72.731407  63.460632  57.823540  53.091042 
 } 
 B Channel
 {
 34.353073  37.993488  42.492764  49.487755  56.458443  62.501556  66.956871  69.789795  70.370674  69.305260  66.476669  61.848282  55.960884  49.210991  42.421879  38.245937  36.275936 
 36.076824  41.083282  48.496719  56.965469  64.918434  71.607811  76.746872  79.914375  80.942970  79.360466  76.017502  70.796410  64.013596  56.360779  47.960625  40.774689  37.234684 
 38.089115  45.936405  55.445000  65.153435  74.074997  81.835472  88.161873  92.205940  93.442345  91.594528  87.345779  80.798126  72.830627  64.223595  54.733910  45.398750  38.736248 
 40.937550  50.887344  61.546097  72.130936  82.234375  91.512657  99.321877  104.443436  106.176407  103.873596  98.635155  90.270309  80.838127  71.064377  60.659378  50.154686  41.384270 
 43.634060  54.889061  66.145309  77.683746  88.879997  99.678123  108.695465  114.727661  116.434372  113.934525  107.766876  98.027031  87.143753  76.389061  65.152496  53.906563  44.203228 
 45.562763  57.409218  69.271248  81.282341  93.377342  105.125778  114.925156  121.061569  122.701721  120.205002  113.810471  103.279373  91.422501  79.682030  68.028282  56.504845  45.865471 
 46.317192  58.465935  70.593903  82.767342  95.034691  107.040779  117.079681  123.194534  125.018753  122.350464  116.237030  105.388123  93.513123  81.720467  69.658279  57.577187  46.772182 
 45.939743  57.940781  69.794685  81.725937  93.546875  105.088440  114.933441  121.127029  122.731247  120.100006  114.042496  103.818436  91.876564  80.237343  68.630470  56.985153  46.304111 
 44.312862  55.807655  67.205154  78.639847  89.629372  100.015778  108.903908  114.792343  116.423126  113.818909  107.584999  98.433907  87.856560  77.210472  66.216408  54.925781  44.755993 
 41.769894  52.110313  62.927811  73.507187  83.201721  92.099220  99.441406  104.398285  105.825157  103.777657  98.608124  90.923279  81.725937  72.299217  61.855782  51.227654  42.282448 
 39.418903  47.658279  57.457809  67.112968  75.749062  83.216408  89.178909  93.026405  94.207031  92.541405  88.322189  82.148285  74.479691  65.942810  56.202972  46.649845  39.745884 
 37.946304  43.039845  50.518593  59.056717  66.937813  73.305466  78.483284  81.551094  82.386253  81.189064  77.871246  72.597343  65.992188  58.073441  49.458435  42.015938  38.100521 
 35.356720  39.137135  43.345882  49.919846  56.971146  62.688179  67.045570  69.593796  70.509171  69.610725  66.942505  62.440887  56.410103  49.397598  42.649273  38.401356  35.469688 
 } 


 White Balance Data with optical Center Data
 r_center_x =  649 r_center_y =  508 
 gr_center_x =  639 gr_center_y =  491 
 b_center_x =  619 b_center_y =  471 
 gb_center_x =  637 gb_center_y =  481 
 r/gr 0.610074 
 b/gr 0.666745 
 gb/gr 0.996272 
 r_oc_ave 114.924438 
 b_oc_ave 125.600006 
 gr_oc_ave 188.377777 
 gb_oc_ave 187.675552 

 [AWB]
 RGr =  0.610074 
 BGr =  0.666745 
 GbGr =  0.996272 
 r_oc_ave =  114.924438 
 b_oc_ave =  125.600006 
 gr_oc_ave =  188.377777 
 gb_oc_ave =  187.675552 