 LEFT LENS SHADING DATA
 RED Channel
 {
 26.556927  29.242344  32.799843  38.755363  45.088955  50.445206  54.682030  57.326096  58.140785  56.816093  54.055840  49.649429  44.171822  38.236095  32.487240  29.167915  27.188747 
 28.045261  32.081718  38.536720  46.281406  53.603127  60.029373  65.260155  68.549217  69.393906  67.860466  64.375000  59.025467  52.477028  45.356720  37.879532  31.801250  28.329582 
 29.656410  36.257030  44.783749  53.745781  62.190941  69.923904  76.159843  80.495941  81.762810  79.823441  75.210625  68.509842  60.851410  52.601250  43.924374  35.750000  29.614166 
 31.999012  40.711720  50.541405  60.481873  70.148285  79.280312  87.049217  92.659843  94.403908  91.911407  85.997032  77.556717  68.378281  58.877029  49.302971  39.902500  31.677498 
 34.385155  44.369530  54.944061  65.877815  76.952660  87.393753  96.648903  103.113907  105.040314  102.131096  95.410004  85.597343  74.654533  64.081879  53.577499  43.352501  34.033749 
 36.183491  46.860783  57.988594  69.592033  81.573280  93.270157  103.494377  110.164375  111.966095  109.078751  101.955940  91.164063  79.234222  67.627655  56.395157  45.711720  35.503178 
 36.873386  47.806095  59.257813  71.203278  83.348907  95.557343  105.910309  112.519226  114.328598  111.636093  104.930000  93.861404  81.515625  69.524689  57.861877  46.584373  36.211460 
 36.448231  47.157814  58.279373  69.813751  81.748749  93.432030  103.578278  110.242966  112.101868  109.327499  102.603439  91.683128  79.623749  68.120781  56.933594  45.942814  35.842396 
 34.882816  44.764061  55.396408  66.390778  77.387810  87.983597  97.242500  103.503593  105.439217  102.654373  95.813438  86.090935  75.336403  64.825157  54.215622  43.985626  34.374790 
 32.540520  41.205936  51.025154  61.215157  70.930939  79.835785  87.637970  93.056877  94.737343  92.462029  86.564690  78.524689  69.139687  59.793434  50.086563  40.560158  32.227444 
 30.432186  37.057186  45.853283  54.903282  63.347031  70.912971  77.278748  81.705002  83.074219  81.148750  76.397972  69.720940  62.021095  53.707344  44.878437  36.642967  30.303596 
 29.499477  33.404064  39.787498  47.544376  54.998749  61.470940  66.754684  70.152344  71.183594  69.608749  66.024689  60.482971  53.948753  46.658905  38.999218  32.815155  29.382446 
 28.104477  30.656563  33.801670  39.502708  46.033752  51.461777  55.755516  58.567970  59.344635  58.377495  55.301353  51.085670  45.385830  39.064945  33.458176  30.103283  27.916615 
 } 
 GR Channel
 {
 52.065262  57.072762  63.175514  72.756775  82.338440  90.551613  96.698959  100.582077  101.785316  100.031670  96.188858  89.587555  81.313438  72.005257  62.925209  57.340317  53.595726 
 55.299843  62.181717  72.459686  84.487190  95.747185  105.522659  112.934372  117.803757  119.331558  117.125000  112.129684  104.267342  94.417191  83.446716  71.766876  61.895309  55.939064 
 58.063179  68.996719  82.417191  96.206253  109.017342  120.709381  129.846878  136.227493  138.321716  135.713913  129.080933  119.116257  107.466248  94.880783  81.416878  68.463280  58.151825 
 61.885208  76.020622  91.082344  106.302658  121.171570  134.914368  146.551254  154.842819  157.556412  154.069839  145.600159  133.025162  119.051254  104.617653  89.808128  75.069534  61.626823 
 65.821510  81.751717  97.834686  114.499847  131.070938  147.253281  161.381409  170.466400  173.149536  169.315781  159.645782  145.190781  128.642502  112.303284  96.187500  80.502655  65.548698 
 68.564529  85.487656  102.502502  120.012817  138.233597  156.198914  171.494995  180.689529  183.162338  179.214844  169.220627  153.500778  135.344376  117.697189  100.694687  84.192032  68.140572 
 69.952919  87.046249  104.439529  122.431091  140.853439  159.679214  175.127350  184.381561  186.688278  182.925003  173.710938  157.416412  138.759689  120.873596  103.041565  85.645622  69.170212 
 69.164322  85.838280  103.021408  120.442032  138.574997  156.650620  171.790314  181.245789  183.745941  179.865463  170.544846  154.192963  135.854218  118.303909  101.319221  84.521561  68.297401 
 66.593597  82.359222  98.624847  115.422974  132.298904  148.699066  162.643753  171.843124  174.513596  170.508286  160.548279  145.921249  129.362030  113.094681  97.141090  81.181877  65.959793 
 62.805733  76.805313  92.019684  107.655472  122.551254  136.388275  148.210938  156.090317  158.730316  155.498123  146.832031  134.464066  120.024689  105.588280  90.779373  75.989998  62.320419 
 59.294487  70.255310  84.035004  98.024063  111.083435  122.627182  132.121872  138.614532  140.771088  137.879211  131.002502  120.883591  109.125153  96.403748  82.702034  69.542656  59.334534 
 57.414635  64.403595  74.512344  86.627815  98.179840  108.009529  115.700623  120.676712  122.461243  120.030777  114.545776  106.435623  96.586250  85.381096  73.377815  63.285004  57.262505 
 54.430473  59.480888  64.734634  73.862808  83.716713  92.140152  98.471458  102.774429  103.964172  102.285576  98.013489  91.508537  82.885834  73.015045  63.986977  58.577492  54.385002 
 } 
 GB Channel
 {
 52.515724  57.305733  63.664009  73.241302  83.062759  91.380463  97.834114  101.695366  103.106514  101.215782  97.152496  90.504578  81.828072  72.226509  63.225060  57.710159  54.101402 
 55.407402  62.410309  72.920471  85.184845  96.566719  106.437347  113.970154  119.095154  120.631714  118.360153  113.223755  105.161247  95.132034  83.952972  72.089844  62.150780  56.204742 
 57.898331  69.026253  82.754372  96.744064  109.724220  121.482971  130.722809  137.415787  139.607498  136.789063  130.059067  119.923599  108.071251  95.222343  81.569221  68.417816  58.184059 
 61.640678  75.927971  91.373749  106.693748  121.744370  135.639694  147.255630  155.843597  158.650940  155.109070  146.405151  133.780151  119.558121  104.916405  89.922966  74.922340  61.385056 
 65.294533  81.563904  97.856560  114.707184  131.428284  147.679535  161.807968  171.173431  174.002975  170.110153  160.256561  145.677505  128.915619  112.537338  96.187500  80.105934  65.000526 
 67.875679  85.059219  102.257500  119.930466  138.098755  156.174057  171.312805  180.739685  183.260468  179.434525  169.359528  153.497498  135.311874  117.544693  100.215157  83.617813  67.284897 
 69.070419  86.327499  103.913597  121.889374  140.410309  159.050003  174.461090  183.759369  186.481873  182.580780  173.482346  157.033127  138.501556  120.296570  102.408905  84.799530  68.182655 
 68.376869  85.044373  102.417030  119.894379  137.991089  155.767975  171.041870  180.510468  183.060944  179.165161  169.764999  153.498276  135.223907  117.642181  100.485313  83.560158  67.263702 
 65.732399  81.559059  97.929375  114.738907  131.630157  147.757813  161.552811  170.799225  173.543274  169.675003  159.534683  145.041245  128.500305  112.337036  96.254219  80.151253  64.982498 
 61.911407  76.014534  91.321404  106.915001  121.674377  135.390320  146.906723  154.816559  157.385315  154.185623  145.614838  133.381256  119.162186  104.746719  89.806404  74.951248  61.482498 
 58.637497  69.572502  83.322815  97.295624  110.063904  121.382813  130.767654  137.179214  139.300003  136.483902  129.622345  119.734680  108.096565  95.411095  81.935310  68.734688  58.541763 
 56.827393  63.674065  73.844376  85.910156  97.173439  106.824844  114.486557  119.538910  121.192810  118.857819  113.313751  105.280159  95.477341  84.368126  72.465469  62.505623  56.593124 
 54.139481  58.873650  64.141457  73.107452  83.068855  91.236305  97.725731  101.793282  102.924896  101.303642  96.996246  90.334114  82.042976  72.234375  63.244011  57.831879  53.962288 
 } 
 B Channel
 {
 34.274841  37.907761  42.616043  49.710419  56.634636  62.695930  67.042549  70.082291  70.651558  69.601662  67.067024  62.386047  56.455627  49.606255  43.006512  38.799114  36.649532 
 35.897762  40.810471  48.261871  56.772499  64.711090  71.557190  76.832344  80.125626  81.155312  79.778748  76.568909  71.324371  64.473122  56.716248  48.295471  41.178905  37.585365 
 37.729061  45.485313  54.958908  64.717186  73.633591  81.547188  88.018127  92.165314  93.528282  91.797501  87.554062  81.077034  73.269997  64.490623  55.030312  45.746563  38.942394 
 40.399639  50.198593  60.945160  71.627655  81.762344  91.157341  98.920784  104.247185  105.977654  103.851097  98.426407  90.283592  81.034378  71.160934  60.781715  50.217033  41.391823 
 42.976196  53.945160  65.443283  76.918434  88.295158  99.055153  108.220314  114.213913  116.179535  113.688904  107.539841  98.138283  87.225471  76.290314  65.064842  53.850311  43.908230 
 44.636097  56.344215  68.290466  80.335472  92.541405  104.451874  114.284378  120.509689  122.322815  120.017349  113.388596  103.227188  91.277344  79.489220  67.783440  56.180000  45.680000 
 45.304798  57.131874  69.393280  81.728279  93.932655  106.256096  116.250931  122.463120  124.337341  122.024368  115.963287  105.190002  93.067657  81.236717  69.153122  57.081093  46.332966 
 44.742344  56.460472  68.542656  80.499222  92.523285  104.187500  114.171097  120.257507  121.905777  119.621872  113.557968  103.192497  91.207184  79.548279  68.023285  56.295784  46.008076 
 42.924896  54.180313  65.706718  77.292503  88.419220  99.062187  108.078751  113.977493  115.515930  113.090775  106.842186  97.582497  86.836563  76.231560  65.287346  54.127342  44.205051 
 40.497868  50.617653  61.387032  72.086403  82.079529  91.148903  98.552185  103.572815  104.867035  102.830154  97.482498  89.720627  80.569687  71.046410  60.865623  50.358124  41.683960 
 38.356144  46.196564  55.820625  65.557030  74.404373  81.833435  87.867966  91.808441  93.015625  91.369690  87.048279  80.697968  73.105003  64.571251  55.150780  45.882969  39.380257 
 37.326096  42.074219  49.298126  57.696091  65.560310  72.076561  77.003441  80.209534  81.138908  79.699066  76.349060  71.208595  64.524063  56.817810  48.527969  41.391720  37.850262 
 35.218594  38.628178  42.509792  48.731308  55.527809  61.251976  65.555939  68.221825  69.058281  68.072395  65.363647  61.068390  55.204903  48.509064  42.056507  38.024841  35.586926 
 } 


 White Balance Data with optical Center Data
 r_center_x =  620 r_center_y =  482 
 gr_center_x =  625 gr_center_y =  499 
 b_center_x =  633 b_center_y =  509 
 gb_center_x =  620 gb_center_y =  487 
 r/gr 0.612664 
 b/gr 0.665686 
 gb/gr 0.998909 
 r_oc_ave 114.777771 
 b_oc_ave 124.711105 
 gr_oc_ave 187.342224 
 gb_oc_ave 187.137772 

 [AWB]
 RGr =  0.612664 
 BGr =  0.665686 
 GbGr =  0.998909 
 r_oc_ave =  114.777771 
 b_oc_ave =  124.711105 
 gr_oc_ave =  187.342224 
 gb_oc_ave =  187.137772 