 LEFT LENS SHADING DATA
 RED Channel
 {
 28.756092  30.984844  34.684788  40.814167  47.156403  53.025108  57.515213  60.387291  61.350258  60.240730  57.092812  52.547180  46.806980  40.453903  34.480679  31.113960  29.519791 
 30.539013  34.401718  41.048126  48.930000  56.487030  63.252190  68.708122  72.270622  73.435471  71.864059  68.115311  62.440941  55.641563  48.147034  40.329220  34.005627  30.846458 
 31.858074  38.618282  47.440468  56.550468  65.107498  73.175629  79.839066  84.457809  85.941093  83.906403  78.983124  71.890625  64.018906  55.410156  46.322033  37.887501  31.972916 
 34.023491  43.150780  53.197342  63.257813  73.093903  82.552658  90.837189  96.722969  98.474220  95.905937  89.782028  81.015312  71.521408  61.719376  51.692810  42.038906  33.969528 
 36.399372  46.798126  57.702347  68.612343  79.769684  90.665001  100.438438  107.043594  109.069374  106.003441  98.960159  88.791405  77.658905  66.797501  55.863594  45.329845  36.305466 
 38.064220  49.137344  60.675156  72.319374  84.381409  96.357185  106.905785  113.663132  115.406555  112.577972  105.242340  94.128128  81.898750  70.156715  58.671410  47.692032  37.725986 
 38.506306  49.878593  61.742653  73.950935  86.198753  98.495155  109.054222  115.744217  117.478439  114.788757  107.777496  96.572502  83.984375  71.702347  59.749687  48.384842  38.358799 
 37.906040  48.891876  60.553749  72.357971  84.179535  95.846718  106.125465  112.958755  114.730164  111.873749  104.851875  93.865784  81.649841  69.885315  58.447029  47.535000  37.646667 
 36.089741  46.345779  57.217186  68.482185  79.347343  89.811874  99.048592  105.413284  107.366249  104.533905  97.420471  87.759064  76.974220  66.351410  55.703438  45.347187  36.058441 
 33.676147  42.554062  52.485626  62.794685  72.476410  81.393127  88.975784  94.396095  96.130310  93.900780  87.717812  79.666565  70.382500  61.048752  51.210312  41.647655  33.810783 
 31.680679  38.084217  46.795780  56.029533  64.768593  72.076248  78.435310  82.613281  84.103279  82.131409  77.187965  70.587029  62.879532  54.643753  45.798752  37.529064  31.906143 
 30.688591  34.164219  40.419533  48.420471  56.131561  62.547501  67.514687  70.688904  71.788597  70.432503  66.661095  61.156250  54.560783  47.302345  39.703594  33.788280  30.790993 
 28.917759  31.453175  34.551823  40.398178  46.943645  52.344994  56.569687  59.161613  59.931717  59.080414  55.945465  51.481667  45.793491  39.577969  34.203384  31.110153  29.282238 
 } 
 GR Channel
 {
 52.444168  57.336250  63.369217  72.967346  82.498749  91.204895  97.728645  101.906502  103.439629  101.808601  97.486824  90.804482  82.229012  72.667862  63.338074  57.959732  54.429733 
 56.215416  63.235001  73.678596  85.726715  97.056252  107.136566  115.177811  120.330475  122.081100  119.927963  114.660782  106.537811  96.421722  85.141403  73.135780  63.075783  57.458496 
 59.028702  70.138908  83.733124  97.419998  110.372658  122.320007  132.114380  138.834686  141.025467  138.456558  131.622650  121.264847  109.375153  96.411407  82.657188  69.556564  59.618645 
 62.750679  77.097969  92.429062  107.580002  122.390930  136.600464  149.033752  157.500626  160.180313  156.960159  148.362808  135.456253  121.060471  106.294060  91.067032  76.097191  63.183853 
 66.400002  82.532501  99.158752  115.592026  132.306412  148.820160  163.569382  173.171402  176.365936  172.424683  162.825623  147.704376  130.625000  114.068283  97.531403  81.398590  66.813805 
 69.140831  86.232498  103.623123  121.222961  139.201874  157.528900  173.318436  183.401245  186.070007  182.566879  172.480621  156.144379  137.315308  119.387344  101.972343  85.130623  69.307709 
 69.746719  87.424843  105.281715  123.436096  141.781555  160.666870  176.627975  186.619843  189.302032  185.715622  176.541245  160.098587  140.927658  122.327499  104.038750  86.320465  70.286926 
 68.805984  85.975784  103.419533  121.195160  139.160461  156.984070  172.802811  182.951096  185.922974  182.087341  172.735306  156.483124  137.639526  119.558289  102.221718  85.073593  69.407555 
 66.043854  82.117188  98.795158  115.869843  132.579529  148.702499  162.909058  172.647339  175.894226  172.043594  162.239685  147.568756  130.854843  114.359528  97.953751  81.782814  66.905731 
 62.295982  76.288284  91.788124  107.613907  122.454056  136.342026  147.969849  156.287033  159.272812  156.197968  147.697662  135.454056  121.152039  106.453903  91.319534  76.189529  63.315994 
 58.961723  69.648590  83.428596  97.785934  111.101715  122.389221  131.824692  138.362030  140.738907  138.270782  131.399994  121.395935  109.598122  96.755783  82.983597  69.631248  60.004997 
 56.924789  63.464378  73.623749  86.099998  97.956093  107.587502  115.344528  120.194534  122.121094  120.252655  114.937973  106.688751  96.629532  85.380936  73.329529  63.589531  58.187653 
 53.301041  58.486870  63.876671  73.125420  83.120468  91.501663  97.918907  101.845993  103.038795  101.942863  97.811508  90.938751  82.194321  72.628029  63.984322  59.034744  55.116821 
 } 
 GB Channel
 {
 52.206619  56.828285  62.843071  72.316620  81.842552  90.361771  96.900993  101.136406  102.410309  100.696358  96.443802  89.754898  81.176308  71.668755  62.425835  57.013649  53.894890 
 56.044945  62.707657  73.098282  85.093903  96.399841  106.169685  113.960785  119.144531  120.921570  118.672180  113.327347  105.277809  95.322342  83.971252  72.061249  62.145309  56.774063 
 58.562294  69.570625  83.111877  96.743752  109.574684  121.337494  130.964844  137.560150  139.704056  136.965149  130.164841  120.032349  108.314377  95.284691  81.632660  68.524376  58.975212 
 62.020363  76.620155  91.886253  106.873283  121.559692  135.642807  147.842026  156.335464  158.990784  155.541245  146.944534  134.180618  119.916870  105.150002  90.011566  75.078903  62.159111 
 65.740105  82.147186  98.605782  114.966873  131.619690  147.992035  162.609528  172.180618  175.464539  171.311096  161.610153  146.493591  129.587189  112.939056  96.487503  80.313438  65.779686 
 68.239059  85.774063  103.178436  120.572495  138.646408  156.639221  172.368439  182.357651  185.268600  181.738586  171.379059  155.070160  136.373749  118.374069  100.953751  84.057655  68.235367 
 69.078125  86.858124  104.821404  122.924683  141.258438  159.809372  175.542664  185.626099  188.469681  184.898285  175.481720  158.982971  139.876556  121.200317  102.941559  85.274689  69.279686 
 68.269173  85.360001  103.035309  120.818909  138.622192  156.310944  171.906403  181.973434  185.027817  181.174850  171.803757  155.509689  136.730469  118.519058  101.143280  84.138283  68.279327 
 65.384277  81.702187  98.451874  115.489059  131.983749  148.066254  162.204849  171.890778  175.118286  171.279846  161.431091  146.737976  130.060776  113.555939  97.096405  80.899376  65.938538 
 61.828125  75.899376  91.524529  107.303596  121.926880  135.628433  147.252502  155.641098  158.550003  155.444214  146.827820  134.611099  120.381409  105.644379  90.532814  75.426720  62.392761 
 58.638077  69.338280  82.979530  97.289841  110.488594  121.754837  131.124695  137.619690  140.152039  137.547501  130.607498  120.566711  108.837189  96.062813  82.193123  68.949997  59.525414 
 56.950256  63.176720  73.226715  85.694847  97.421562  107.054222  114.716400  119.556870  121.482819  119.609222  114.282974  106.026093  95.944374  84.622810  72.680000  63.049843  57.849640 
 53.594421  58.366508  63.590263  72.877136  83.026566  91.158173  97.568695  101.390213  102.771149  101.544838  97.249840  90.523384  81.635628  72.077820  63.378754  58.447968  54.890053 
 } 
 B Channel
 {
 35.140472  38.280052  42.499012  49.265106  56.176872  62.266045  66.967239  69.613441  70.533333  69.201355  66.224113  61.633125  55.585938  48.864532  42.266617  38.550625  36.509377 
 37.875465  42.601093  49.781715  58.157188  66.051872  73.043121  78.527031  82.045937  83.046249  81.392189  77.786407  72.348122  65.388435  57.480156  49.143906  42.226875  38.905209 
 39.817970  47.613594  56.879684  66.266876  75.048439  83.241722  89.870155  94.411247  95.723747  93.697815  89.213280  82.237503  74.231560  65.288910  55.789528  46.915627  40.479790 
 42.431980  52.617813  63.072342  73.257187  83.129219  92.747971  101.087341  106.776093  108.548126  106.127968  100.314690  91.710159  82.083908  72.002968  61.605316  51.499847  43.094219 
 44.957966  56.341095  67.769066  78.567032  89.554375  100.540001  110.443748  116.950943  119.052032  116.281555  109.662811  99.617340  88.329842  77.143280  65.872032  55.141090  45.636715 
 46.769642  58.703590  70.652191  82.150154  93.843903  105.790154  116.384064  123.233749  125.342194  122.671249  115.717194  104.890160  92.477028  80.461716  68.707344  57.555466  47.418594 
 47.167141  59.292343  71.545624  83.539063  95.305313  107.509064  118.021408  124.872971  127.012817  124.505630  118.062500  107.042656  94.553123  82.206093  69.956093  58.249222  48.004845 
 46.555676  58.140472  70.260628  82.094841  93.570313  104.985001  115.350784  122.109375  124.225006  121.836868  115.635941  104.949066  92.527191  80.368126  68.579842  57.417191  47.312607 
 44.533382  55.456093  67.011871  78.482658  89.114845  99.317810  108.597343  115.086411  117.292969  114.892502  108.466560  98.901718  87.985466  76.930626  65.819847  55.124222  45.651096 
 41.770107  51.364685  62.124687  72.834221  82.379684  91.074997  98.633591  104.159531  106.207184  104.464691  98.962502  90.761566  81.334534  71.561874  61.195465  51.206566  42.930309 
 39.417603  46.710938  56.202034  66.083122  74.759064  82.002655  88.047188  92.347969  94.056252  92.629684  88.077812  81.561722  73.608124  64.996094  55.439842  46.572968  40.606094 
 37.870155  42.297031  49.319687  58.051872  65.915154  72.227341  77.134842  80.285309  81.600159  80.627029  77.216095  71.727341  64.849846  57.067970  48.713127  42.258751  39.182499 
 35.407658  38.930988  42.651768  49.269791  56.252441  61.690468  65.958389  68.334900  69.288277  68.725990  66.122131  61.444633  55.271301  48.575684  42.408123  39.178749  37.146248 
 } 


 White Balance Data with optical Center Data
 r_center_x =  645 r_center_y =  473 
 gr_center_x =  631 gr_center_y =  489 
 b_center_x =  627 b_center_y =  483 
 gb_center_x =  633 gb_center_y =  498 
 r/gr 0.621034 
 b/gr 0.671128 
 gb/gr 0.996467 
 r_oc_ave 117.968887 
 b_oc_ave 127.484451 
 gr_oc_ave 189.955551 
 gb_oc_ave 189.284439 

 [AWB]
 RGr =  0.621034 
 BGr =  0.671128 
 GbGr =  0.996467 
 r_oc_ave =  117.968887 
 b_oc_ave =  127.484451 
 gr_oc_ave =  189.955551 
 gb_oc_ave =  189.284439 