 LEFT LENS SHADING DATA
 RED Channel
 {
 26.086250  28.274586  31.837345  37.728230  43.884579  49.295525  53.580215  56.264946  57.115105  56.000885  53.282814  48.822182  43.199116  37.333488  31.640942  28.429951  26.273701 
 27.723747  31.556252  38.021717  45.744064  53.088753  59.464691  64.614372  68.033905  69.000938  67.459846  63.965309  58.487190  51.938904  44.822033  37.397186  31.388905  28.105782 
 29.293175  35.662968  44.138283  53.089531  61.679062  69.168594  75.592659  79.995003  81.461876  79.313904  74.637032  67.817032  60.050934  51.951721  43.404530  35.329220  29.422760 
 31.536041  40.025623  49.776566  59.687653  69.583595  78.593903  86.545471  92.116562  93.775627  91.156715  85.149063  76.746094  67.549530  58.225937  48.650627  39.343750  31.492916 
 33.907810  43.726563  54.242813  65.147346  76.334846  86.877342  96.120155  102.355316  104.151253  101.144684  94.389374  84.546875  73.723595  63.275467  52.805939  42.726093  33.651299 
 35.445206  46.206875  57.336090  68.860939  80.979378  92.719063  102.775780  109.129059  110.876091  107.972656  100.787811  90.133904  78.175781  66.687187  55.629059  44.960312  35.249897 
 36.039326  46.932030  58.495781  70.410934  82.675934  94.815315  105.105934  111.381096  113.149994  110.335785  103.867188  92.673126  80.393593  68.487503  56.971565  45.789845  35.799217 
 35.462395  46.112812  57.411873  69.060623  81.092346  92.611565  102.610153  109.002029  110.777191  107.947502  101.345940  90.430939  78.483284  67.030472  55.930313  45.075001  35.364998 
 33.879166  43.676250  54.374535  65.371559  76.489220  86.818748  95.960785  102.149376  104.092659  100.879997  94.259529  84.801094  74.052971  63.666405  53.164841  43.038750  33.836666 
 31.457348  40.010468  49.764687  59.906097  69.580154  78.569847  86.394997  91.687187  93.320160  90.952972  85.101410  76.871872  67.787498  58.517342  48.925156  39.518593  31.677971 
 29.493488  35.847031  44.308125  53.278748  61.924843  69.572815  75.954063  80.236717  81.419060  79.633904  74.914688  68.288910  60.580154  52.377655  43.550938  35.552502  29.827919 
 28.364426  32.044220  38.213749  45.881718  53.382500  59.941719  65.127968  68.513435  69.497498  68.055466  64.457809  59.109688  52.512497  45.250313  37.737812  31.865780  28.874741 
 26.983593  29.326923  32.492085  38.167759  44.573330  50.189011  54.559425  57.171768  58.061668  56.969429  54.109062  49.750931  44.160416  37.907398  32.382813  29.592659  27.576408 
 } 
 GR Channel
 {
 51.667084  55.920006  61.952293  71.063492  80.557915  88.869377  95.376884  99.358330  100.719116  99.186043  95.438179  88.764847  80.458801  71.172966  62.263802  56.747078  52.972504 
 55.037079  61.628754  71.990623  83.903282  95.233749  104.998123  112.853119  117.988754  119.571411  117.508118  112.606720  104.487968  94.658592  83.607346  71.919846  62.062500  56.365417 
 57.796661  68.417503  81.585472  95.345940  108.588593  120.065002  129.909378  136.547501  138.760468  135.926880  129.081406  118.948120  107.092346  94.632187  81.273438  68.367813  58.694069 
 61.640572  75.253281  90.357346  105.401566  120.569839  134.643600  146.651093  154.938599  157.416870  153.746567  145.267807  132.802505  118.765625  104.450157  89.634842  74.943909  61.966614 
 65.322136  80.882347  97.051247  113.624374  130.720627  147.173279  161.264526  170.194839  172.943909  168.807495  159.597031  145.104065  128.546097  112.358597  96.268127  80.436722  65.869431 
 67.701767  84.664688  101.672340  119.163132  137.856873  155.946243  170.903900  180.098129  182.809692  179.104691  169.226563  153.456558  135.281555  117.682343  100.704216  84.057503  68.351242 
 68.642235  85.752029  103.459999  121.576096  140.272186  158.949066  174.253906  183.423431  186.374222  182.655151  173.851257  157.462341  138.965775  120.678284  102.851250  85.301094  69.426300 
 67.528130  84.428123  101.673439  119.431717  137.765778  155.450317  170.721405  180.237030  183.095001  179.447189  170.424850  154.385620  136.106873  118.360306  101.004372  84.137657  68.622452 
 65.024895  80.636566  97.328903  114.160309  131.136246  147.420776  161.342499  170.551880  173.599380  169.315002  159.965942  145.791245  129.205154  112.942032  96.709534  80.878128  66.058121 
 61.110626  74.945625  90.058281  105.823128  120.830002  134.882813  146.807663  154.872192  157.454529  154.439056  146.050629  133.586563  119.544220  105.034843  90.211090  75.360466  62.423599 
 57.828598  68.422966  81.797188  95.730469  109.294685  121.169373  130.940628  137.405624  139.394531  136.876877  130.029221  120.066711  108.231094  95.386406  81.737503  68.898125  59.343124 
 55.873016  62.309685  72.238281  84.189217  95.824066  106.106247  114.028275  119.176712  120.946869  118.777496  113.440002  105.461563  95.355782  84.121872  72.286560  62.803436  57.449272 
 52.751770  57.662598  63.026825  71.979012  81.954475  90.323341  97.109329  101.132767  102.558540  100.945831  96.729164  90.175728  81.588486  71.951881  63.215729  58.516777  54.892189 
 } 
 GB Channel
 {
 52.429428  56.623589  62.684738  72.116508  81.772919  90.308487  96.860207  100.905312  102.480942  100.656769  96.652031  89.920418  81.191673  71.670319  62.617805  57.147865  53.380363 
 55.666092  62.301720  72.868279  85.052971  96.488747  106.324532  114.348129  119.499069  121.094681  118.870941  113.765152  105.449997  95.372498  84.122810  72.196564  62.301407  56.674538 
 58.249069  68.985313  82.457497  96.522186  109.922188  121.526245  131.434219  138.096558  140.329529  137.328125  130.228592  119.857346  107.810158  95.113129  81.418747  68.473434  58.709694 
 61.868591  75.761719  91.102028  106.601410  121.905319  136.076569  148.274536  156.524689  159.061722  155.267654  146.558441  133.742340  119.507507  104.962654  89.783440  74.875153  61.805367 
 65.348335  81.327499  97.859840  114.725311  132.076721  148.540466  162.619370  171.732025  174.420151  170.321564  160.767502  145.961868  129.185623  112.673126  96.323753  80.304222  65.470261 
 67.651672  84.963753  102.254372  120.092651  138.796875  156.897186  171.920624  181.204529  183.857193  180.082336  170.075943  154.129211  135.630936  117.896713  100.595779  83.790466  67.930672 
 68.354637  85.876091  103.932503  122.150620  140.883438  159.397812  174.702194  184.007965  186.962189  183.159378  174.186569  157.718750  139.128754  120.619217  102.574371  84.872971  68.907761 
 67.296928  84.459221  102.012657  120.012344  138.189682  155.894226  171.037811  180.546097  183.389694  179.581726  170.611725  154.437500  136.048752  118.159225  100.676407  83.631409  68.028694 
 64.742554  80.533592  97.467186  114.542664  131.506561  147.523590  161.418274  170.630157  173.732498  169.352036  159.895309  145.629532  128.936096  112.694214  96.276566  80.389061  65.535728 
 60.901039  74.915627  90.142342  105.997032  120.941101  134.844223  146.609222  154.646408  157.291092  154.110626  145.636566  133.179688  119.179382  104.644844  89.667816  74.864372  62.098129 
 57.821098  68.384216  81.817810  95.913597  109.250153  120.955475  130.548126  137.146408  139.050003  136.444061  129.580307  119.491562  107.766251  94.956093  81.290939  68.486565  59.002808 
 55.924744  62.289528  72.177971  84.186562  95.816254  105.926407  113.811569  118.945618  120.660782  118.415466  112.991562  104.946251  94.948441  83.656403  71.855469  62.337654  57.360367 
 53.082657  57.627655  62.954010  71.885315  81.809578  90.375359  97.026146  101.051048  102.357246  100.795677  96.594475  89.813751  81.128014  71.652031  62.781097  58.209114  54.859116 
 } 
 B Channel
 {
 34.447811  37.418232  41.628490  48.260056  55.200623  61.009377  65.546356  68.252556  69.339378  68.332085  65.779694  61.216095  55.049370  48.241661  41.776665  37.773487  35.506409 
 36.944897  41.656563  48.995781  57.481094  65.394379  72.066872  77.249687  80.592346  81.839378  80.577499  77.360939  71.844215  64.909378  57.043747  48.586250  41.578281  38.039738 
 39.025681  46.569218  56.117340  65.747971  74.721718  82.387970  88.805000  92.953903  94.309059  92.672813  88.442657  81.896873  73.849533  65.116409  55.545624  46.391251  39.934586 
 41.585831  51.408752  62.268440  72.919846  83.038124  92.217812  99.805779  104.922966  106.720001  104.590782  99.305779  91.135628  81.834999  71.948593  61.553436  51.144066  42.752392 
 43.925205  55.310623  66.862190  78.434685  89.656097  100.334999  109.303749  115.100632  116.939224  114.478745  108.467972  98.999687  88.032501  77.182503  66.009064  54.863434  45.350109 
 45.602703  57.645622  69.769379  81.739685  94.098595  105.763123  115.605621  121.495316  123.207809  120.727493  114.323914  104.030312  92.060158  80.408440  68.792191  57.270157  47.049118 
 45.996719  58.232346  70.671722  82.966873  95.407814  107.486092  117.440628  123.423431  125.213593  122.675156  116.773911  106.013283  94.136871  82.144844  70.075783  58.045784  47.797657 
 45.206932  57.174217  69.410622  81.509216  93.650627  105.338593  115.092819  121.281097  123.009537  120.553284  114.585312  104.196716  92.333748  80.699844  68.924530  57.233749  47.324162 
 43.342136  54.588593  66.234375  77.913437  89.157654  99.728592  108.833908  114.698914  116.576248  113.815002  107.711090  98.503441  87.798439  77.157341  65.970627  54.997185  45.305935 
 40.646404  50.545784  61.450623  72.190941  82.391403  91.542503  99.140312  104.337189  105.950623  103.953903  98.719215  90.643593  81.480621  71.768127  61.487503  51.053749  42.829582 
 38.298019  45.803436  55.425316  65.339218  74.478439  82.375313  88.763748  92.870941  94.132813  92.667343  88.348282  81.772659  73.839996  65.132813  55.455780  46.432968  40.402760 
 36.667397  41.294064  48.561722  57.145309  65.372345  72.219841  77.509689  80.840622  81.953125  80.658279  77.314529  72.013908  65.008751  57.117035  48.623909  41.857811  39.008232 
 34.883648  38.579063  42.654423  49.406563  56.742554  62.830048  67.476768  70.293541  71.361458  70.238907  67.429741  62.869949  56.588333  49.618492  42.855366  39.372814  37.667397 
 } 


 White Balance Data with optical Center Data
 r_center_x =  642 r_center_y =  473 
 gr_center_x =  620 gr_center_y =  502 
 b_center_x =  617 b_center_y =  505 
 gb_center_x =  632 gb_center_y =  496 
 r/gr 0.607002 
 b/gr 0.670253 
 gb/gr 1.002945 
 r_oc_ave 113.582230 
 b_oc_ave 125.417770 
 gr_oc_ave 187.119995 
 gb_oc_ave 187.671112 

 [AWB]
 RGr =  0.607002 
 BGr =  0.670253 
 GbGr =  1.002945 
 r_oc_ave =  113.582230 
 b_oc_ave =  125.417770 
 gr_oc_ave =  187.119995 
 gb_oc_ave =  187.671112 