 LEFT LENS SHADING DATA
 RED Channel
 {
 29.269897  31.471981  35.116249  41.086094  47.589741  53.132965  57.370468  59.915581  60.646355  59.160675  56.123329  51.491508  45.615574  39.220779  33.214687  29.748230  27.803646 
 31.169895  34.695313  41.321251  49.409218  57.073280  63.746094  68.913597  72.174530  72.972191  71.104218  67.242500  61.484222  54.498283  47.102657  39.235939  32.696564  29.219059 
 32.614689  38.985939  47.817657  57.060783  66.007813  73.808281  80.262657  84.538910  85.663437  83.225937  78.101410  70.900940  62.688438  54.175781  45.176094  36.627499  30.264584 
 34.651878  43.486874  53.592033  63.838127  73.909378  83.221092  91.197342  96.404846  97.922653  94.909378  88.562813  79.903748  70.243126  60.305313  50.421722  40.626408  32.330780 
 37.016563  47.232811  58.129059  69.418747  80.531403  91.215782  100.362503  106.323441  107.938278  104.820625  97.592659  87.505783  76.073593  65.036873  54.308441  43.799530  34.456406 
 38.435417  49.495003  61.055779  72.869064  84.888908  96.575157  106.516716  112.469849  114.088440  110.960785  103.635315  92.578438  80.248909  68.350311  56.924065  45.971874  35.931458 
 39.091404  50.159531  62.096092  74.260468  86.434845  98.395470  108.417030  114.463913  116.064529  113.010788  106.215622  94.893593  82.242813  69.997971  58.008438  46.590939  36.472603 
 38.494843  49.167969  60.752655  72.582970  84.361404  95.890160  105.670624  111.799217  113.238434  110.282967  103.414841  92.292191  79.885941  68.176407  56.635155  45.743439  35.873020 
 36.769428  46.722969  57.410004  68.677971  79.434998  89.736717  98.812347  104.505470  106.209999  102.924690  96.059998  86.289528  75.327347  64.647499  53.884377  43.587814  34.269482 
 34.305836  42.912498  52.779060  62.948441  72.535469  81.262032  88.820778  93.761406  95.060623  92.519997  86.447655  78.102028  68.873283  59.400467  49.532654  40.016720  31.838593 
 32.167919  38.562500  47.130314  56.152344  64.713280  72.091873  78.069687  82.089844  83.164688  80.963905  76.045158  69.277031  61.462189  53.101715  44.212032  35.920780  29.820988 
 30.932400  34.554062  40.778282  48.487343  55.944847  62.311409  67.245468  70.215782  71.202499  69.530312  65.597191  60.110626  53.350311  45.982033  38.344219  32.074062  28.680733 
 28.992813  31.554062  34.673489  40.281719  46.511303  51.810364  56.133171  58.409744  59.046669  57.963654  54.884270  50.282288  44.487812  38.193073  32.422760  29.321564  27.002815 
 } 
 GR Channel
 {
 53.116829  58.025566  64.078430  73.251823  83.075569  91.692657  97.697083  101.758179  102.810463  101.064636  96.669327  90.388756  81.660362  72.350471  63.251610  57.696045  54.271034 
 57.311821  63.722031  74.062187  86.335785  97.920784  107.795784  115.623749  120.472961  122.027344  119.626099  114.348282  106.161247  96.141403  84.957344  73.021408  62.766876  57.086876 
 60.194221  70.491096  83.906563  97.974846  111.455154  123.207809  132.975937  139.414688  141.507507  138.259216  131.375473  121.145309  109.088280  96.175629  82.469688  69.207657  59.034950 
 63.759163  77.372498  92.639847  108.154533  123.520935  137.665466  149.864838  157.702194  160.334061  156.705307  147.951248  135.489380  120.791092  105.866249  90.692810  75.651405  62.394531 
 67.177498  83.027496  99.424690  116.362976  133.259689  149.697189  163.764847  172.789841  175.654526  171.756714  162.166245  147.454224  130.226089  113.501556  96.934998  80.695778  65.886414 
 69.597916  86.587502  103.857185  121.600937  139.752655  157.654373  173.021561  182.093277  184.676880  181.046875  171.598907  155.489059  136.892029  118.673599  101.192032  84.273590  68.402977 
 70.583641  87.586563  105.409531  123.586243  141.915619  160.394684  175.775620  184.629837  187.527344  183.983597  175.279999  159.347656  140.380630  121.647034  103.128441  85.407341  69.039635 
 69.573174  86.152969  103.323593  121.067810  138.923431  156.668747  171.600937  181.072495  183.884537  180.529846  171.778595  155.800781  136.978287  118.672974  100.932343  84.055466  68.291924 
 66.819633  82.296097  98.455627  115.388123  131.925629  147.962967  162.006088  171.145935  174.313751  170.277344  161.026718  146.605621  130.007507  113.331558  96.666565  80.723747  65.625839 
 62.917343  76.590469  91.557816  106.991875  121.916245  135.498596  147.211090  155.294067  158.037186  154.988434  146.522659  134.088120  119.988907  105.173439  90.038284  75.095467  61.949844 
 59.671204  70.023903  83.225937  97.035309  110.129219  121.694687  131.046402  137.476410  139.657974  137.115463  130.077026  120.173752  108.326408  95.287033  81.644997  68.504532  58.500572 
 57.333641  63.829063  73.556091  85.453438  96.829216  106.716248  114.453751  119.170319  121.052032  118.827026  113.272034  105.404060  95.389534  84.031097  72.195313  62.265938  56.725525 
 53.368645  58.749069  64.020882  72.638855  82.204849  90.318748  96.828751  100.481140  101.678902  100.267242  95.858910  89.280312  80.895996  71.459221  62.429070  57.438019  54.059692 
 } 
 GB Channel
 {
 53.080368  57.664948  63.627869  72.948700  82.706512  90.979843  97.091461  101.027290  101.920418  100.048538  95.839172  89.203850  80.474213  71.147346  61.949631  56.368652  52.926147 
 57.085777  63.263908  73.501404  85.750153  97.259216  107.085472  114.709381  119.426880  120.876251  118.246872  112.963745  104.752190  94.562347  83.402969  71.448593  61.281563  55.663223 
 59.723755  69.958748  83.289841  97.446877  110.742813  122.314224  131.894836  138.052505  139.884369  136.625305  129.531403  119.306412  107.256248  94.406097  80.707184  67.428284  57.505577 
 63.009529  76.756409  92.107033  107.591095  122.796722  136.759689  148.664993  156.316406  158.793274  154.890152  146.054535  133.388275  118.938904  103.867188  88.760468  73.711716  60.691513 
 66.436821  82.495781  98.956566  115.865463  132.675308  148.773743  162.621246  171.399536  174.233902  169.980164  160.142349  145.446869  128.240631  111.371872  94.842659  78.724060  63.954063 
 68.868904  85.852028  103.301407  121.119537  139.088440  156.726089  171.830307  180.747818  183.217346  179.374527  169.622818  153.596100  134.828598  116.595779  99.139999  82.124222  66.283180 
 69.916557  86.860313  104.790466  122.929688  141.304382  159.444214  174.667969  183.295151  186.026093  182.461868  173.465317  157.323746  138.343750  119.556564  100.959534  83.285004  67.167915 
 68.930046  85.509842  102.739532  120.594055  138.378128  155.939377  170.727966  180.024536  182.736877  179.093445  170.106567  153.975464  135.029068  116.718124  98.935936  82.041252  66.305412 
 66.330574  81.908279  98.022812  114.944214  131.605164  147.373444  161.219223  170.234528  173.272659  169.077972  159.621246  145.109528  128.389374  111.629997  94.877190  78.914063  63.969902 
 62.690880  76.318596  91.257034  106.686409  121.550308  135.010788  146.602814  154.509369  157.154373  153.925156  145.314850  132.775162  118.564850  103.809059  88.429688  73.548439  60.385513 
 59.522758  69.897972  83.045311  96.761719  109.847809  121.331558  130.554214  136.902191  139.014526  136.228439  129.041092  118.967194  107.118904  94.141876  80.332497  67.217972  57.447762 
 57.523956  63.760628  73.567184  85.276093  96.690155  106.523125  114.169220  118.968445  120.622650  118.275162  112.624695  104.529221  94.399216  83.033440  71.132813  61.213127  55.843956 
 54.088120  58.877701  63.985939  72.588806  82.196198  90.377708  96.806091  100.486763  101.863701  100.074532  95.459686  88.690681  80.057350  70.618439  61.603233  56.586456  53.313126 
 } 
 B Channel
 {
 34.709476  37.781979  42.198387  48.984116  56.142860  62.081039  66.499123  69.162193  69.999947  68.560883  65.584068  60.812294  54.746872  48.156776  41.599216  37.540886  35.608803 
 37.573227  41.961563  49.254845  58.116409  66.375153  73.336876  78.611404  81.868439  82.777657  81.099846  77.450310  71.699371  64.598122  56.793434  48.437347  41.311092  37.918388 
 39.609684  46.853439  56.420158  66.406403  75.656097  83.739372  90.236877  94.355156  95.724220  93.534378  88.718124  81.647499  73.411247  64.572655  55.068748  45.894688  39.501770 
 42.182087  51.757500  62.700310  73.350471  83.720467  93.205315  101.186409  106.278908  108.011566  105.578438  99.668747  91.156250  81.260628  71.161247  60.758904  50.498283  42.080990 
 44.734375  55.673126  67.305313  78.972343  90.122810  100.869690  110.099373  115.913910  117.846252  115.252975  108.786560  98.951874  87.361565  76.132660  64.925468  53.986092  44.507137 
 46.431820  58.065781  70.138435  82.236877  94.137032  105.808907  115.755005  121.598282  123.395782  121.075943  114.730942  104.033592  91.576721  79.469688  67.604530  56.256721  46.196510 
 47.014008  58.571716  70.978752  83.299530  95.357658  107.242813  117.160004  122.944534  125.001724  122.792191  116.884369  106.107346  93.556091  81.297653  68.786095  56.850784  46.719326 
 46.226772  57.672188  69.614998  81.731407  93.437965  104.800781  114.425476  120.420624  122.408127  120.190781  114.499069  104.105316  91.654060  79.427032  67.325935  55.923279  46.123913 
 44.353542  55.098122  66.289528  77.893593  88.851097  99.059685  107.930000  113.811722  115.796722  113.423904  107.509689  98.103439  87.146561  76.044060  64.565002  53.733910  44.169117 
 41.566250  51.123749  61.557968  72.118439  82.193436  90.904221  98.187187  103.262657  105.033905  103.263596  97.965157  89.991722  80.710785  70.781876  60.154533  49.860466  41.595264 
 39.116093  46.460468  55.725624  65.283440  74.213753  81.836716  87.776253  91.718750  93.165466  91.667656  87.376404  80.966721  72.983910  64.113907  54.383278  45.332344  39.155052 
 37.530155  42.037033  48.979218  57.244377  65.137970  71.927032  76.945160  79.891563  80.973434  79.694534  76.332497  71.043594  64.160469  56.260628  47.746563  40.829845  37.820049 
 35.090153  38.531406  42.241928  48.443962  55.187347  61.047241  65.491203  67.776978  68.643021  67.722237  64.877914  60.519218  54.439850  47.651039  41.042812  37.542137  35.814220 
 } 


 White Balance Data with optical Center Data
 r_center_x =  639 r_center_y =  454 
 gr_center_x =  616 gr_center_y =  490 
 b_center_x =  641 b_center_y =  449 
 gb_center_x =  631 gb_center_y =  478 
 r/gr 0.618440 
 b/gr 0.665967 
 gb/gr 0.992142 
 r_oc_ave 116.475555 
 b_oc_ave 125.426666 
 gr_oc_ave 188.337784 
 gb_oc_ave 186.857773 

 [AWB]
 RGr =  0.618440 
 BGr =  0.665967 
 GbGr =  0.992142 
 r_oc_ave =  116.475555 
 b_oc_ave =  125.426666 
 gr_oc_ave =  188.337784 
 gb_oc_ave =  186.857773 