 LEFT LENS SHADING DATA
 RED Channel
 {
 26.912449  29.562031  33.408230  39.474636  45.747345  51.055832  55.215622  57.562859  58.136612  56.704216  53.638283  48.883492  43.274323  37.227345  31.742653  28.751873  26.851456 
 28.460365  32.687656  39.360313  47.158592  54.514221  60.672501  65.718124  68.733910  69.396408  67.532341  63.617653  57.945778  51.375778  44.135468  36.688282  30.940624  28.040627 
 30.159843  37.069218  45.778908  54.834373  63.155937  70.632500  76.880783  80.922028  81.723747  79.231407  74.350937  67.355934  59.519066  51.129845  42.470936  34.514687  28.935108 
 32.641403  41.804531  51.704842  61.742966  71.296722  80.297340  88.012810  93.096718  94.278435  91.183281  84.980003  76.364372  66.983749  57.482346  47.872032  38.516876  30.760208 
 35.373959  45.708126  56.347343  67.397186  78.324844  88.738594  97.750778  103.465622  104.732971  101.283127  94.277496  84.108284  73.142502  62.618752  51.963753  41.812031  32.864323 
 37.224323  48.258278  59.500626  71.158592  83.201874  94.780624  104.492500  110.217659  111.423904  108.072968  100.650002  89.559532  77.655159  65.968285  54.814377  44.152344  34.448803 
 38.158024  49.232185  60.878906  72.918282  85.214996  97.197189  106.933128  112.731567  114.049530  110.730316  103.737503  92.443596  79.980316  67.916565  56.266403  45.234375  35.193958 
 37.635365  48.580154  59.925934  71.688591  83.567497  94.987816  104.696564  110.698593  111.879219  108.507347  101.593903  90.292656  78.083122  66.540779  55.376404  44.687813  34.807396 
 35.940575  46.279530  57.061562  68.060471  78.973747  89.377815  98.408440  104.080940  105.372498  102.009216  94.903595  84.885002  74.055626  63.578278  53.015472  42.799061  33.600731 
 33.536667  42.588749  52.440315  62.670311  72.329842  81.401093  88.793594  93.687653  94.853127  92.093285  85.923752  77.434998  68.104218  58.764687  49.001091  39.536564  31.561981 
 31.193127  38.221874  47.014217  56.281250  64.823593  72.268127  78.301094  82.199684  83.129845  80.907501  75.906403  69.007813  61.239998  52.904221  43.980312  35.789375  29.911045 
 29.757030  34.145157  40.976406  49.074371  56.322029  62.713440  67.675781  70.665154  71.397346  69.669060  65.837341  60.173752  53.564842  46.087967  38.410782  32.360313  29.115314 
 28.349117  31.102863  34.876614  40.828960  47.158077  52.393433  56.715157  59.172028  59.585464  58.451561  55.337975  50.615410  44.834221  38.484844  32.876820  29.734898  27.489063 
 } 
 GR Channel
 {
 51.857033  56.852455  62.967346  72.376663  82.122292  90.088280  96.262817  100.092186  101.307861  99.278748  94.912865  87.969269  79.183853  69.926613  61.118126  56.311874  53.299789 
 55.108284  62.176407  72.604218  84.555000  95.731873  105.376404  113.032806  117.678436  119.032654  116.496246  110.922653  102.460938  92.360939  81.057655  69.324371  60.100624  55.109787 
 57.992607  69.087189  82.546562  96.302185  109.247810  120.852036  130.486252  136.767654  138.529694  135.128906  127.927658  117.536713  105.205315  92.202499  78.734375  66.004219  56.651505 
 62.131775  76.335938  91.493279  106.809532  121.675476  135.788437  147.895462  155.846558  157.942505  153.653900  144.900162  131.797180  117.202972  102.311249  87.252655  72.390938  59.746353 
 66.318123  82.200623  98.385002  114.977966  131.944687  148.398438  162.674377  171.617493  173.691879  169.276871  159.456558  144.080475  127.051559  110.372658  93.728439  77.599060  63.188232 
 69.156250  86.116249  103.011253  120.602966  139.075317  157.365936  172.467346  181.438126  183.687027  179.377975  168.896255  152.547028  134.121246  115.848587  98.209061  81.455940  65.676346 
 70.454056  87.625313  105.033752  123.204056  142.051407  160.707809  175.987808  185.178436  187.368591  182.972183  173.527969  156.891251  137.811401  118.915466  100.594528  83.034378  66.968544 
 69.641716  86.533592  103.469841  121.245941  139.561569  157.365463  172.772812  182.069687  184.174225  179.878754  170.346878  153.767502  134.709686  116.510468  98.962029  82.110626  66.269379 
 66.856461  82.940628  99.200623  116.047501  132.890152  149.322815  163.299850  172.242340  174.558899  170.385162  160.174530  145.064850  128.062195  111.466873  94.981873  78.975624  64.185623 
 63.009689  77.199684  92.375778  107.767189  122.745163  136.850464  148.626404  156.303131  158.503754  154.855164  146.062500  133.153442  118.583130  103.933441  88.690315  73.738907  60.802444 
 59.257240  70.638283  84.144844  98.293747  111.333748  122.822342  132.305618  138.485153  140.215317  137.111725  129.837189  119.575317  107.464844  94.509689  80.603752  67.591095  58.194214 
 56.820831  64.243752  74.823906  86.920784  98.212341  107.967033  115.599380  120.443909  121.693756  119.360779  113.751251  105.353279  95.159691  83.687653  71.736717  62.142815  56.661980 
 54.003754  59.067505  65.105774  74.098488  83.675468  91.990570  98.291039  102.048698  103.101250  101.552650  97.059578  90.246407  81.339264  71.607872  62.631516  57.776978  53.877396 
 } 
 GB Channel
 {
 52.733231  57.735733  63.890572  73.594109  83.296349  91.614113  97.787704  101.586403  102.580101  100.323799  95.799217  88.481613  79.801247  70.207443  61.295265  56.515419  53.304588 
 55.714066  62.795311  73.414528  85.647659  96.943436  106.680153  114.340622  119.169525  120.327194  117.559845  111.718597  103.011406  92.614998  81.186409  69.374222  59.996246  55.160004 
 58.341980  69.659065  83.409218  97.424217  110.556252  122.132507  131.795776  138.104370  139.643127  136.134369  128.579376  117.932190  105.451248  92.160469  78.559372  65.656715  56.394424 
 62.204636  76.689842  92.177811  107.853439  122.888901  137.054214  149.082504  156.972031  158.967819  154.477493  145.399841  132.095474  117.056564  102.126564  86.801872  71.757965  59.242760 
 66.182243  82.525780  99.011093  115.915939  133.041245  149.504379  163.573914  172.406097  174.496872  169.767807  159.627502  144.024536  126.793274  109.870155  93.036095  76.743904  62.302444 
 69.011826  86.120781  103.470940  121.365784  139.841568  157.948288  172.800156  181.538284  183.880783  179.331879  168.487976  152.034683  133.472183  115.065475  97.221718  80.260941  64.558853 
 69.954788  87.379372  105.111092  123.441254  142.170944  160.742340  175.597504  184.771561  186.852036  182.304535  172.601563  155.843597  136.859375  117.886246  99.311562  81.719215  65.645676 
 69.034531  86.142654  103.451096  121.299377  139.469223  157.130005  172.097656  181.400162  183.322815  178.865311  169.065628  152.490005  133.513123  115.237030  97.574844  80.686096  64.936302 
 66.239891  82.587814  98.915779  115.683746  132.489532  148.737808  162.454376  171.318436  173.380463  168.935776  158.685944  143.547806  126.642349  110.161095  93.622345  77.596092  62.866722 
 62.553795  76.823593  92.074219  107.371559  122.206406  136.231873  147.605621  155.007507  157.083130  153.456558  144.356400  131.591400  117.270630  102.521873  87.264061  72.374222  59.737755 
 58.905930  70.173439  83.788750  97.742035  110.649841  121.862350  131.055618  137.135468  138.722183  135.487030  128.168594  117.903900  105.975937  93.134377  79.313591  66.428909  57.086617 
 56.648857  63.840935  74.378441  86.534691  97.524529  106.971565  114.470627  119.125305  120.357025  117.793747  112.067810  103.767029  93.613747  82.321716  70.458748  60.924217  55.742340 
 53.994690  58.663437  64.650513  73.768021  83.395569  91.256561  97.534798  101.311562  102.197243  100.320419  95.770317  88.991402  80.205841  70.414009  61.594162  56.804428  53.124420 
 } 
 B Channel
 {
 35.006771  38.755520  43.631405  50.929276  58.097084  64.155624  68.483437  70.950836  71.871361  70.673706  67.499580  62.668022  56.388489  49.403175  42.663227  38.899845  37.057343 
 36.551773  41.757187  49.540779  58.340935  66.345001  72.970627  78.277191  81.377502  82.274689  80.648903  77.057503  71.379684  64.187035  56.092972  47.596561  40.742970  37.809010 
 38.603851  46.637188  56.390625  66.264221  75.260155  83.166252  89.629532  93.787659  94.825470  92.883278  88.275780  81.320000  72.910469  63.760002  53.987503  44.794846  38.890049 
 41.420055  51.664841  62.587967  73.362030  83.458595  93.014847  101.073128  106.383904  107.861565  105.320160  99.532967  90.847343  81.013748  70.795937  60.187500  49.460312  41.243649 
 44.128231  55.662811  67.145782  78.857971  90.363907  101.355934  110.877815  116.918274  118.308746  115.387970  108.839531  98.648590  87.320000  76.097969  64.570465  53.095314  43.604897 
 46.167870  58.166405  70.130470  82.319847  94.837967  106.855469  117.014069  122.983597  124.443283  121.646255  114.707336  103.833908  91.735466  79.578590  67.478752  55.629532  45.155155 
 46.740524  59.037186  71.328751  83.932968  96.463127  108.945313  118.945938  124.998276  126.590942  123.762650  117.335007  106.255623  93.848747  81.523438  69.001564  56.558128  45.969372 
 46.210415  58.213753  70.377029  82.667656  94.982033  106.845940  116.652191  122.714066  124.293594  121.547028  115.330154  104.422813  92.026405  79.942184  67.838127  55.823906  45.517864 
 44.369530  55.946404  67.676872  79.401405  90.762970  101.254684  110.396561  116.375305  117.838287  115.105469  108.594841  98.710785  87.642342  76.476875  64.976563  53.555779  43.812237 
 41.729534  52.175156  63.060936  73.961403  83.838127  93.056091  100.764999  105.710159  107.039215  104.827812  99.094688  90.775002  81.179688  71.254684  60.511406  49.879997  41.456249 
 39.395000  47.610001  57.408905  67.187035  76.256561  83.950935  90.047340  93.923592  94.997032  93.015472  88.436249  81.688591  73.571716  64.673126  54.757965  45.524845  39.460884 
 37.855049  43.039845  50.650002  59.442970  67.386093  74.015625  79.032188  82.036873  82.739220  81.180626  77.499847  71.855621  64.912811  56.862030  48.322502  41.444061  38.089062 
 35.735886  39.286716  43.931667  50.431503  57.518387  63.011452  67.270523  69.742294  70.431091  69.151047  66.126717  61.607704  55.258232  48.394745  41.929585  38.256561  35.988647 
 } 


 White Balance Data with optical Center Data
 r_center_x =  646 r_center_y =  476 
 gr_center_x =  634 gr_center_y =  481 
 b_center_x =  633 b_center_y =  500 
 gb_center_x =  624 gb_center_y =  475 
 r/gr 0.609271 
 b/gr 0.675412 
 gb/gr 0.996671 
 r_oc_ave 114.675552 
 b_oc_ave 127.124451 
 gr_oc_ave 188.217773 
 gb_oc_ave 187.591110 

 [AWB]
 RGr =  0.609271 
 BGr =  0.675412 
 GbGr =  0.996671 
 r_oc_ave =  114.675552 
 b_oc_ave =  127.124451 
 gr_oc_ave =  188.217773 
 gb_oc_ave =  187.591110 