 LEFT LENS SHADING DATA
 RED Channel
 {
 38.346355  41.713017  45.900677  53.414162  61.177444  68.272293  73.754066  77.136673  78.231613  76.592972  72.984634  67.289474  60.055725  52.457550  45.166149  40.957867  38.562866 
 40.593433  45.290939  53.134216  63.026253  72.526405  80.844376  87.587814  91.886253  93.321404  91.261093  86.578590  79.377815  70.817810  61.632347  51.976563  44.146408  40.058697 
 42.343487  50.447029  61.098434  72.609375  83.710938  93.714378  102.337967  108.183281  109.929688  107.215157  101.010002  92.041405  81.752655  71.112190  59.742035  49.157341  41.562553 
 45.192242  56.113281  68.469215  81.476563  94.285782  106.530624  117.347031  124.962494  127.462967  123.820618  115.888901  104.515160  91.970001  79.583748  66.867188  54.609062  44.251148 
 48.326569  60.779060  74.465935  88.823906  103.512344  117.966095  131.032181  139.797974  142.762024  138.772964  129.234848  115.671875  100.722031  86.613907  72.595627  59.184372  47.099380 
 50.624214  64.057343  78.517502  93.906403  110.081718  126.455933  140.929840  150.189682  153.106720  149.106873  139.213120  124.021255  107.290627  91.631561  76.595314  62.442497  49.350830 
 51.531357  65.407188  80.230934  96.178596  113.095154  130.148743  145.093445  154.344528  157.203125  153.203125  143.807663  128.277344  111.040627  94.420471  78.514374  63.704529  50.331413 
 50.870056  64.622345  79.188904  94.593597  111.066559  127.617340  142.145782  151.635162  154.629532  150.521088  141.161407  125.929062  108.524841  92.426559  77.257034  62.897186  49.841362 
 48.796768  61.825935  75.518280  90.003281  105.064064  119.851089  133.186249  142.247025  145.289063  141.309845  131.727661  117.841095  102.715157  88.205940  73.860779  60.255623  47.973122 
 45.920883  57.103592  69.773285  82.792816  96.054062  108.474846  119.741257  127.583755  130.341248  126.955475  118.744064  107.142654  94.254684  81.369690  68.399063  55.774063  45.032810 
 43.290627  51.666878  62.760941  74.435783  85.817032  96.104378  105.257347  111.486565  113.652039  110.949371  104.275467  95.000778  84.265778  73.052658  61.451721  50.420784  42.156822 
 41.528175  46.565468  54.776566  64.863129  74.603439  83.325157  90.397346  95.142189  96.801872  94.841248  89.589066  82.321091  73.280785  63.576721  53.418747  45.184376  40.348957 
 39.122341  42.497341  47.009060  54.496460  62.745934  69.884537  75.734222  79.452606  80.821457  79.138756  75.394890  69.405052  61.796410  53.614014  45.522919  41.164375  38.071873 
 } 
 GR Channel
 {
 50.017349  55.628593  61.180313  70.088440  79.338699  87.355728  93.367706  96.963181  97.936150  96.071457  91.951096  85.555054  77.466400  68.428123  59.690308  54.178123  50.607292 
 53.904434  60.547966  70.369064  81.888435  92.700157  101.807816  108.948128  113.524216  114.827820  112.381882  107.317970  99.581093  90.058281  79.638123  68.297813  58.688126  53.262711 
 56.693642  67.314064  80.141563  93.499847  105.820000  116.743118  125.694534  131.643433  133.438126  130.266098  123.570618  113.965317  102.672188  90.668747  77.721252  65.051559  55.496147 
 60.628441  74.249687  88.955940  103.703278  117.967026  131.189529  142.695007  150.450775  153.014374  148.974060  140.402039  128.030319  114.240784  100.476715  86.127968  71.769684  59.152191 
 64.742760  80.029221  95.981094  112.061249  128.241714  143.959839  158.112183  167.326874  170.169220  165.821243  155.524368  140.805313  124.293121  108.632500  92.914375  77.426247  62.857086 
 67.774902  84.186562  100.805939  117.976563  135.769836  153.560623  169.284225  178.855316  181.772339  177.321411  166.735001  150.043274  131.602661  114.342972  97.622032  81.368126  65.650627 
 68.911873  85.763123  102.910309  120.479538  139.025620  157.762192  173.888901  183.377975  186.272812  182.031403  172.012650  155.060944  136.178284  117.783905  100.011566  82.935158  66.950363 
 68.065834  84.773750  101.501091  118.756409  136.675308  154.935471  170.851868  180.846252  183.524994  179.183594  169.214691  152.450775  133.157806  115.456253  98.406715  81.772972  66.212341 
 65.460625  81.358124  97.368752  113.485306  130.111099  146.344528  160.874069  170.519531  173.322815  169.185471  158.788284  143.591400  126.728592  110.520935  94.305313  78.524841  63.714638 
 61.826820  75.740784  90.581566  105.383278  119.967651  133.724533  145.812653  154.193283  156.783600  153.237976  144.248444  131.530151  117.142349  102.699997  87.975937  73.015778  59.865990 
 58.301666  69.095001  82.361877  95.779221  108.541718  119.766403  129.331100  136.063278  138.225006  135.142349  127.802811  117.684998  105.813751  93.128593  79.727966  66.463905  56.210785 
 55.681557  62.446564  72.548439  84.521408  95.526405  104.974686  112.563278  117.523285  119.267654  116.887970  111.223282  103.232971  93.103127  82.018593  69.984840  59.930153  53.637451 
 51.606148  56.696983  62.505524  71.642448  81.107033  89.179276  95.413902  99.456398  100.839531  99.279846  94.438911  87.825676  79.247292  69.701721  60.087135  54.549942  49.949951 
 } 
 GB Channel
 {
 50.688431  56.113441  61.894577  70.983704  80.780571  89.018387  95.400108  99.211723  100.204582  98.612495  94.013649  87.269638  78.771935  69.193024  60.073013  54.468178  50.868179 
 53.915939  60.579689  70.583748  82.501404  93.692032  103.453590  110.895935  115.718597  117.292496  114.786255  109.406563  101.264847  91.136719  80.117188  68.424690  58.565468  53.109840 
 56.307762  66.951721  80.102654  93.728752  106.504684  117.955475  127.330933  133.661713  135.614838  132.406097  125.394836  115.395462  103.447815  91.050629  77.555626  64.537971  54.914841 
 59.790314  73.544060  88.500626  103.596565  118.230469  131.966400  143.917038  152.125778  154.887192  150.744064  141.895309  129.079056  114.675934  100.452499  85.586563  70.850784  58.202652 
 63.433487  78.905785  95.055000  111.432816  128.051880  144.096405  158.546402  168.095932  171.466248  167.063278  156.470154  141.167969  124.191254  108.021873  91.920158  76.147499  61.586250 
 66.176666  82.650002  99.526405  116.840622  134.817505  152.857971  168.864685  178.958908  182.199844  177.756714  166.834061  149.972031  130.978745  113.202972  96.110626  79.751251  64.034584 
 67.100990  84.107033  101.203590  119.045944  137.587494  156.405777  172.846100  182.755463  186.039063  181.812027  171.486725  154.275787  135.113907  116.439682  98.352654  80.979691  65.130936 
 66.413597  83.021721  99.828751  117.025162  135.114685  153.478119  169.523285  179.817963  183.044067  178.619995  168.519531  151.487183  131.900620  113.850159  96.615623  79.873123  64.465622 
 63.939995  79.698753  95.636566  111.816719  128.541412  144.825623  159.497650  169.534851  172.643127  168.535004  158.014526  142.582657  125.530319  109.074997  92.646721  76.711716  61.966087 
 60.453751  74.263748  89.112816  103.943123  118.574066  132.411560  144.642807  153.310318  156.097809  152.557495  143.527817  130.595001  116.068436  101.421410  86.364532  71.475937  58.358437 
 57.072548  67.862343  81.097656  94.603905  107.386566  118.612503  128.511414  135.396408  137.664841  134.598755  127.237350  117.017029  104.866562  92.032814  78.404999  65.192497  55.164581 
 54.936562  61.604065  71.653282  83.628754  94.762810  104.325623  112.168900  117.403900  119.111099  116.800476  110.969688  102.659843  92.430466  81.207344  69.024376  58.977501  52.711243 
 51.182808  56.091560  61.871399  71.241669  80.764481  89.041466  95.436623  99.827873  101.208382  99.419426  94.609268  87.705467  79.001930  69.184219  59.453964  53.938751  49.549164 
 } 
 B Channel
 {
 18.276249  20.825836  23.704792  28.063854  32.622398  36.555885  39.476719  41.197395  41.708958  40.838333  38.743336  35.578644  31.686928  27.239426  22.891773  20.317707  19.640625 
 19.463749  22.513748  27.204376  32.807186  37.886562  42.193592  45.572342  47.577812  48.159378  46.972500  44.650002  41.100311  36.579220  31.652969  26.235939  21.838123  20.015205 
 20.655418  25.596249  31.781250  38.054375  43.768593  48.860001  52.940155  55.561722  56.148125  54.637657  51.756721  47.419689  42.251877  36.702499  30.602657  24.714375  20.994373 
 22.349167  28.814999  35.744373  42.495312  49.016563  54.991562  60.071404  63.403282  64.222343  62.339996  58.708595  53.321404  47.246407  41.118595  34.396717  27.855312  22.637814 
 24.149117  31.338905  38.751877  46.039845  53.325470  60.257347  66.258438  69.965622  70.972969  69.070465  64.790939  58.447029  51.406097  44.549217  37.357967  30.361874  24.336040 
 25.435261  32.980469  40.587032  48.354691  56.105621  63.853279  70.356247  74.188904  75.102501  73.422966  69.017967  62.099846  54.319687  46.804062  39.273907  31.994064  25.495728 
 25.924061  33.567814  41.322033  49.173279  57.277969  65.225311  71.776718  75.492500  76.565781  74.831879  70.806564  63.799530  55.834221  48.098907  40.229530  32.560623  26.012711 
 25.455364  33.007656  40.576561  48.260780  56.139687  63.697655  70.199997  74.015160  75.179222  73.492035  69.542191  62.750938  54.626877  46.974533  39.355156  32.000313  25.673649 
 24.337132  31.449844  38.680157  45.956562  53.133125  59.973907  65.787346  69.637657  70.830780  69.228905  65.077660  58.850311  51.780312  44.866093  37.540783  30.448906  24.310368 
 22.566563  28.790314  35.622345  42.361561  48.640778  54.378441  59.403908  62.874222  63.954842  62.603905  58.968437  53.747498  47.705311  41.408127  34.638126  27.930782  22.448906 
 20.830257  25.676720  31.801407  37.880157  43.476250  48.357498  52.414375  55.224998  56.172340  54.986404  52.041092  47.883438  42.738125  37.112968  30.841408  24.828751  20.636250 
 19.604168  22.601250  27.236561  32.705780  37.703438  41.970936  45.220936  47.429688  48.195000  47.227188  44.914219  41.452969  37.016563  31.865002  26.245155  21.617657  19.179531 
 17.866249  19.992085  22.580311  26.800991  31.151356  34.955521  37.780521  39.619274  40.194164  39.452190  37.461929  34.620678  30.718647  26.142082  21.585365  19.057861  17.394951 
 } 


 White Balance Data with optical Center Data
 r_center_x =  663 r_center_y =  502 
 gr_center_x =  619 gr_center_y =  502 
 b_center_x =  628 b_center_y =  476 
 gb_center_x =  642 gb_center_y =  502 
 r/gr 0.843879 
 b/gr 0.410300 
 gb/gr 0.999334 
 r_oc_ave 157.737778 
 b_oc_ave 76.693336 
 gr_oc_ave 186.919998 
 gb_oc_ave 186.795563 

 [AWB]
 RGr =  0.843879 
 BGr =  0.410300 
 GbGr =  0.999334 
 r_oc_ave =  157.737778 
 b_oc_ave =  76.693336 
 gr_oc_ave =  186.919998 
 gb_oc_ave =  186.795563 