 LEFT LENS SHADING DATA
 RED Channel
 {
 26.958855  29.239689  32.810001  38.553856  44.795834  49.848389  53.842293  56.333130  56.913750  55.547813  52.804008  48.194374  42.657864  36.750465  31.346199  28.215313  26.192398 
 28.464272  32.268436  38.726250  46.452187  53.591248  59.719841  64.603127  67.660622  68.467499  66.589066  62.836716  57.250626  50.695160  43.757343  36.545155  30.680313  27.533646 
 30.076927  36.540470  45.118282  53.938278  62.357033  69.621407  75.750938  79.737503  80.797028  78.428436  73.493439  66.534378  58.722656  50.677032  42.334373  34.424843  28.569633 
 32.410107  41.165939  51.019997  60.794060  70.395157  79.178436  86.838127  91.977188  93.118752  90.173752  84.046722  75.474686  66.215622  56.946091  47.547970  38.393593  30.652554 
 34.940784  44.980156  55.737656  66.477028  77.237030  87.523903  96.490623  102.317657  103.691872  100.259689  93.078125  83.279533  72.449371  61.974686  51.838127  41.764843  32.750053 
 36.821774  47.727188  58.913597  70.378281  82.138283  93.559059  103.277191  109.249687  110.458122  107.224998  99.629059  88.851715  77.028595  65.538597  54.666092  44.100937  34.399273 
 37.656044  48.773125  60.240158  72.070778  84.092972  95.975784  105.766090  111.638596  112.936249  109.683441  102.812187  91.529846  79.152969  67.434845  56.009842  45.097343  35.000053 
 37.255783  48.001404  59.372185  70.949844  82.646248  93.968124  103.550316  109.365311  110.716248  107.441254  100.399529  89.370468  77.637497  66.141563  55.140778  44.464844  34.625469 
 35.641773  45.658436  56.516563  67.475471  78.244690  88.448593  97.151878  102.653595  104.124847  100.600624  93.734840  84.145157  73.378906  62.969841  52.572342  42.536564  33.352394 
 33.210155  42.050781  52.126091  62.156876  71.517342  80.330002  87.608284  92.455627  93.649376  90.944221  84.986092  76.624847  67.463905  58.163910  48.639374  39.225937  31.270523 
 31.216408  38.009533  46.660782  55.556717  63.999374  71.326561  77.289841  81.163437  82.110466  80.000313  75.182816  68.369690  60.639534  52.302185  43.545467  35.437187  29.470940 
 30.189896  34.145313  40.330002  48.143440  55.505623  61.702347  66.624062  69.728752  70.688438  68.944847  65.026093  59.468597  52.884842  45.506248  37.825939  31.873280  28.425571 
 28.504063  31.058231  34.271667  40.032604  46.238960  51.539223  55.778229  58.331665  58.994682  57.797134  54.545052  49.957130  44.217972  38.004169  32.288857  29.210159  26.912239 
 } 
 GR Channel
 {
 52.107140  56.950470  62.814377  72.084480  81.608643  89.753960  95.706924  99.713959  100.849426  98.772652  94.697083  87.887703  79.358177  69.990311  61.511925  56.285370  53.165359 
 55.259216  61.961090  72.221878  84.156563  95.475311  105.251877  112.625473  117.508118  119.044220  116.428284  111.041252  102.576874  92.395470  81.466560  69.917969  60.431404  55.079536 
 58.121452  68.655624  82.144844  95.754997  109.048592  120.718277  130.229538  136.544525  138.410309  135.138901  127.996567  117.335938  105.229218  92.474373  79.193123  66.485001  56.933334 
 61.907494  75.733749  90.956566  106.081406  121.297501  135.455627  147.461868  155.379684  157.657654  153.662338  144.558121  131.517181  117.031403  102.272034  87.409065  72.953438  59.936775 
 65.642136  81.446091  97.904999  114.497345  131.385941  147.960632  162.251404  171.063751  173.420624  168.999069  158.704529  143.866882  126.767975  110.149689  94.104065  78.112343  63.500885 
 68.661041  85.604378  102.520622  120.167969  138.601257  156.907181  172.246399  181.459061  183.363129  178.853439  168.109528  152.194382  133.632965  115.601563  98.410004  81.843903  66.164528 
 69.617134  86.948593  104.326248  122.458435  141.108276  159.935150  175.431564  184.798599  186.803757  182.073441  172.724060  156.071243  136.852493  118.573746  100.714378  83.299690  67.003021 
 68.839577  85.625000  102.798592  120.520935  138.765320  156.758438  172.005005  181.196411  183.464371  178.834381  169.366714  152.697662  134.453278  116.306091  98.937500  82.047188  66.416763 
 66.249168  81.942497  98.705154  115.467194  132.222504  148.376724  162.176086  170.956879  173.666412  168.875931  159.009537  144.475311  127.368118  110.961090  94.719688  78.917816  64.058647 
 62.490204  76.589378  91.965309  107.247810  121.847351  135.758438  147.290619  155.059372  157.085464  153.611557  144.992188  132.430618  117.896408  103.358437  88.401405  73.596405  60.688698 
 59.086044  70.125626  83.553909  97.192345  110.189842  121.664536  131.078430  136.989212  138.701096  135.982498  129.063599  118.940002  106.989685  94.075783  80.230782  67.342186  57.454269 
 56.878334  64.012497  73.986877  85.793747  97.008591  106.620468  114.167664  118.991562  120.534225  118.336243  112.780624  104.555153  94.470314  83.102188  71.162186  61.520622  55.852707 
 53.215836  58.606667  64.151459  72.978752  82.556717  90.609848  97.160362  100.989891  102.243179  100.514168  96.112289  89.259109  80.758224  70.958443  62.028854  57.022293  52.804794 
 } 
 GB Channel
 {
 53.338699  57.841614  63.765938  73.249786  82.812866  91.021301  97.051140  100.888229  102.075104  99.852287  95.715622  88.519379  79.794113  70.299530  61.684792  56.481247  53.227081 
 56.059532  62.733910  73.192184  85.401878  96.898903  106.622345  113.999069  118.869064  120.302185  117.563126  111.839378  103.225624  92.883904  81.747658  70.031876  60.461250  55.192505 
 58.657913  69.449997  83.170784  97.154533  110.461403  122.138901  131.600311  137.827499  139.624527  136.142654  128.817810  117.935318  105.554840  92.645935  79.115623  66.329063  56.740311 
 62.279221  76.378593  92.140625  107.437653  122.735931  136.876556  148.898132  156.728119  158.803436  154.653900  145.236725  132.031403  117.279999  102.290001  87.262032  72.493752  59.640419 
 65.787132  82.103592  98.892342  115.783600  132.745468  149.307968  163.431091  172.111557  174.353439  169.754211  159.189529  144.132187  126.808899  109.982658  93.606247  77.533279  62.911819 
 68.619583  86.006248  103.238434  121.080627  139.654694  157.603912  172.851410  181.775467  183.888748  179.007813  168.129532  152.024216  133.387817  115.083130  97.727028  80.964691  65.264687 
 69.565002  87.116249  104.798126  123.184525  141.722656  160.350159  175.495468  184.559219  186.572968  181.606720  172.112976  155.307190  136.227966  117.712341  99.782188  82.310936  66.079269 
 68.687393  85.651566  103.190628  121.069839  139.187347  156.733902  171.565002  180.633591  182.802811  178.079376  168.430161  151.781555  133.449997  115.288437  97.868126  80.912811  65.336151 
 66.040520  81.947189  98.777191  115.601089  132.188599  148.053909  161.544693  170.140930  172.705780  167.834839  157.791092  143.193283  126.256882  109.914063  93.660934  77.805466  62.909843 
 62.477661  76.482033  91.988594  107.157501  121.654221  135.220779  146.424057  153.959534  155.872971  152.075943  143.554993  131.096878  116.702499  102.205315  87.354378  72.586716  59.743599 
 59.206726  70.109840  83.526253  96.974220  109.726097  120.781250  129.887970  135.797180  137.278122  134.498123  127.524063  117.362976  105.620941  92.905785  79.075470  66.388435  56.740112 
 57.147285  63.893127  73.715622  85.444687  96.389221  105.789528  113.124695  117.835785  119.222351  116.950623  111.255310  103.131561  93.138908  81.978752  70.174377  60.600471  55.011093 
 53.663963  58.606873  63.911461  72.670097  82.137756  90.106819  96.377190  100.267662  101.285461  99.644798  94.951561  88.172813  79.512024  69.746246  61.125206  56.091095  52.011513 
 } 
 B Channel
 {
 34.749374  38.185627  42.788540  49.671150  56.882446  62.811768  67.261566  69.779694  70.654793  69.079735  66.302711  61.311195  55.104530  48.216354  41.864532  37.828697  36.173283 
 36.362709  41.246876  48.820625  57.497810  65.576408  72.399689  77.497810  80.644684  81.453125  79.653282  76.060623  70.220154  63.191406  55.384689  47.155155  40.197655  36.929951 
 38.373283  46.085155  55.869843  65.723434  75.008278  82.728127  89.188751  93.134529  94.129219  91.878754  87.111565  80.151253  71.796722  63.003128  53.639847  44.568748  38.316669 
 41.047085  51.027496  62.170471  72.839218  83.164215  92.416092  100.267815  105.369690  106.609840  103.811096  97.862816  89.258751  79.592659  69.732971  59.416405  49.005157  40.683697 
 43.736145  55.070313  66.933746  78.484840  89.828903  100.391251  109.550629  115.198914  116.591873  113.429993  106.678284  96.943596  85.812813  74.883125  63.947655  52.690468  43.094429 
 45.561359  57.799690  69.926872  82.021873  94.176247  105.704689  115.490936  121.206726  122.337189  119.360153  112.442032  101.966408  90.133125  78.381248  66.761253  55.278908  44.942028 
 46.332653  58.645782  71.046875  83.343285  95.507034  107.503593  117.208755  122.653442  123.815628  120.983276  114.818436  104.079529  91.906250  80.182816  68.313904  56.212341  45.549213 
 45.848652  57.905312  70.171410  82.107811  93.879059  105.364532  114.684372  120.094223  121.323441  118.615631  112.614059  102.095154  90.645622  78.868439  67.125465  55.426094  45.037556 
 44.046612  55.540154  67.314690  78.699066  89.632347  99.717972  108.186722  113.498596  114.871719  111.974060  105.880310  96.812500  86.287186  75.445313  64.529221  53.226250  43.503750 
 41.550362  51.670158  62.603439  73.074997  82.674530  91.279846  98.248596  102.940002  104.167030  102.089844  96.924690  89.008438  79.886566  70.347191  60.024689  49.476097  40.955467 
 39.348698  47.050156  56.690468  66.124535  74.666718  81.876404  87.635315  91.369217  92.352814  90.836563  86.631874  80.274689  72.513123  63.808746  54.217186  44.994373  38.628544 
 37.817135  42.627342  49.738434  57.867966  65.402657  71.735466  76.674530  79.728127  80.735779  79.403435  76.025002  70.788437  63.980003  56.004219  47.606720  40.629532  37.043072 
 34.996716  38.763386  42.540104  48.634010  55.362030  60.908592  65.256828  67.943123  68.881409  67.940109  65.039162  60.448021  54.349998  47.457344  41.086094  37.303074  34.768490 
 } 


 White Balance Data with optical Center Data
 r_center_x =  633 r_center_y =  481 
 gr_center_x =  628 gr_center_y =  472 
 b_center_x =  617 b_center_y =  475 
 gb_center_x =  634 gb_center_y =  510 
 r/gr 0.604013 
 b/gr 0.663540 
 gb/gr 0.998271 
 r_oc_ave 113.328888 
 b_oc_ave 124.497772 
 gr_oc_ave 187.626663 
 gb_oc_ave 187.302216 

 [AWB]
 RGr =  0.604013 
 BGr =  0.663540 
 GbGr =  0.998271 
 r_oc_ave =  113.328888 
 b_oc_ave =  124.497772 
 gr_oc_ave =  187.626663 
 gb_oc_ave =  187.302216 