 LEFT LENS SHADING DATA
 RED Channel
 {
 27.569691  30.258854  33.832188  40.159428  46.582550  52.220627  56.517914  59.048698  59.879425  58.449272  55.530365  50.902443  45.286926  39.069530  33.167606  29.581562  27.731979 
 28.790520  32.890938  39.490936  47.440468  54.904846  61.411873  66.536247  69.830154  70.659218  68.994690  65.401405  59.818909  53.231720  45.945156  38.252186  32.021561  28.646976 
 30.129478  36.965313  45.544220  54.758438  63.240784  70.901566  77.245781  81.436096  82.649063  80.542503  75.950470  69.084061  61.249847  52.890625  44.096092  35.881405  29.714111 
 32.556511  41.332970  51.277191  61.312347  71.037659  80.199997  87.841873  93.266876  94.753441  92.197502  86.357811  77.783127  68.500465  59.019531  49.382500  39.919220  31.825680 
 34.723804  44.928593  55.639999  66.533440  77.542503  87.938904  96.988434  103.148438  105.086716  102.070465  95.272186  85.368126  74.542503  63.931877  53.465782  43.226093  34.021301 
 36.291615  47.208908  58.456093  69.932816  81.794533  93.335472  103.364372  109.617035  111.468285  108.529373  101.365623  90.670311  78.688591  67.308441  56.306717  45.647812  35.562809 
 37.007553  47.994843  59.498909  71.327660  83.454529  95.396408  105.340622  111.690315  113.496719  110.687813  104.113594  93.120468  80.820160  68.995941  57.442345  46.331875  36.221039 
 36.371353  47.028439  58.186562  69.740471  81.391563  92.837341  102.554062  108.936722  110.758125  108.051559  101.544373  90.738594  78.620316  67.281715  56.215622  45.551250  35.574997 
 34.497292  44.538124  55.100159  66.042030  76.744217  87.013596  95.779846  101.825623  103.841248  101.003281  94.295937  84.837029  74.168121  63.789528  53.436722  43.338436  33.966774 
 32.030052  40.926094  50.698441  60.555313  69.972969  78.758278  86.293747  91.572655  93.165001  90.810783  85.079216  77.023903  67.848747  58.709373  49.234688  39.807186  31.575523 
 30.061928  36.672970  45.176563  54.085785  62.464218  69.852188  76.012657  80.103279  81.380783  79.584999  74.903595  68.412811  60.828903  52.668282  44.053905  35.810471  29.574009 
 28.754688  32.612186  39.001408  46.734375  54.275627  60.523903  65.526093  68.578278  69.642967  68.184685  64.542503  59.250313  52.822342  45.617657  38.093281  31.883282  28.465572 
 26.998436  29.481770  33.057449  39.028545  45.104790  50.340790  54.661308  57.329742  58.131516  57.077606  54.177505  49.643227  44.260883  38.133282  32.417656  29.107658  26.587242 
 } 
 GR Channel
 {
 51.862137  57.428383  63.330940  73.135574  82.736771  91.534431  98.122246  102.185310  103.560989  101.609169  97.500313  90.882805  82.162292  72.577660  63.205879  57.464951  54.176613 
 54.894211  62.116096  72.442184  84.718285  96.155937  106.061722  113.835785  118.857819  120.403275  118.091248  112.970306  105.024063  95.021873  83.704529  71.622345  61.557655  55.755371 
 57.617805  68.574066  81.961563  96.063438  109.026093  120.698288  130.243286  136.662506  138.710464  136.041718  129.521881  119.447189  107.460472  94.585312  80.918434  67.621559  57.570724 
 61.374901  75.480316  90.612503  105.843597  120.813126  134.750778  146.550156  154.687195  157.468903  154.040787  145.964996  133.385315  119.039841  104.323593  89.192032  74.312035  61.062653 
 64.976509  80.952972  97.206566  113.828903  130.651718  146.720154  160.604218  169.967651  173.287659  169.376251  159.864838  145.339539  128.430618  112.092194  95.707809  79.658752  64.631248 
 67.577759  84.565468  101.791252  119.286087  137.191711  154.970779  170.217972  179.888748  182.987976  179.347961  169.239380  153.263443  135.028900  117.433121  100.274689  83.426872  67.274376 
 68.619324  85.800781  103.205467  121.225464  139.600784  158.046402  173.423904  183.305313  186.318283  182.569839  173.517654  157.341400  138.564682  120.272659  102.278595  84.676872  68.281876 
 67.595528  84.319687  101.421410  118.924057  136.777817  154.526093  169.676559  179.632660  182.498276  179.111557  170.065933  153.961090  135.284225  117.570786  100.361092  83.565781  67.394325 
 64.675621  80.556877  96.740784  113.555939  130.071716  146.175476  159.890625  169.272659  172.397507  168.949371  159.391098  144.899063  128.388901  112.149216  96.014374  79.940628  64.803543 
 60.748543  74.888123  89.953903  105.291878  119.995789  133.747345  145.419220  153.722183  156.504837  153.476715  145.065155  132.922806  118.734528  104.308746  89.390625  74.307655  60.892441 
 57.475052  68.364845  81.689064  95.599998  108.584061  120.119995  129.775787  136.161880  138.326096  135.729996  129.055618  119.204529  107.454842  94.653748  80.946716  67.803284  57.651825 
 55.020523  61.824684  71.922966  84.072655  95.701408  105.684532  113.387344  118.349533  120.138123  118.042969  112.741882  104.615311  94.634842  83.374847  71.517815  61.417030  55.514740 
 51.515106  56.521362  62.435265  71.525360  81.228699  89.366821  95.995888  100.246407  101.674797  99.913177  95.780205  89.049484  80.524216  71.013802  61.893234  56.596405  52.057655 
 } 
 GB Channel
 {
 52.803642  57.960724  64.035255  73.808495  83.663696  92.329742  98.888954  102.837608  104.249741  102.151726  97.832298  90.880417  82.268227  72.394066  63.163902  57.427185  53.906769 
 55.433647  62.611565  73.230469  85.579529  97.171410  107.075783  114.763123  119.710938  121.093277  118.708588  113.423126  105.117500  95.009064  83.606560  71.432030  61.297188  55.588440 
 57.762344  69.061722  82.736252  96.903435  110.028908  121.723129  131.214691  137.538132  139.512497  136.695465  129.876404  119.648438  107.561562  94.506721  80.487968  67.232658  57.078697 
 61.397240  75.800781  91.314377  106.880470  121.830154  135.766251  147.418121  155.557495  158.260315  154.706558  146.236877  133.357819  118.958282  104.049690  88.730621  73.637810  60.477814 
 64.920258  81.256721  97.899216  114.839218  131.660309  147.604843  161.489532  170.809525  173.899994  169.844055  160.081726  145.211243  128.090469  111.650002  95.115623  78.852501  63.779999 
 67.417236  84.710785  102.223282  119.927811  137.971252  155.612350  170.697662  180.283432  183.353439  179.352341  169.089691  152.982971  134.642975  116.812805  99.462189  82.444847  66.399216 
 68.231827  85.630783  103.443596  121.689377  140.092651  158.316711  173.429993  183.110153  186.287506  182.254379  173.092194  156.694839  137.942505  119.572037  101.319534  83.682655  67.292030 
 67.250992  84.165779  101.569847  119.209534  137.088593  154.544525  169.523438  179.254532  182.147339  178.518433  169.312653  153.104218  134.503433  116.762497  99.418121  82.510941  66.230522 
 64.280525  80.415939  96.903282  113.716873  130.139526  146.032974  159.543121  168.754837  171.961716  168.259216  158.552032  144.062500  127.509995  111.333595  95.066719  78.944687  63.555099 
 60.430367  74.755157  89.967972  105.303123  119.886414  133.387192  144.951721  153.014526  155.707184  152.500153  144.086716  131.966248  117.769058  103.302971  88.330780  73.304375  59.956871 
 57.388847  68.130936  81.497185  95.433128  108.272034  119.585632  129.151566  135.326401  137.361557  134.732193  127.926086  118.081406  106.383591  93.677811  80.064529  66.885315  56.844063 
 55.086143  61.742813  71.871559  83.926872  95.442810  105.183746  112.730774  117.672974  119.221878  116.924225  111.595940  103.567497  93.639221  82.456406  70.618591  60.636406  54.844116 
 51.926559  56.444901  62.316986  71.406036  81.138649  88.848755  95.504326  99.749428  101.083542  99.263176  95.068436  88.245415  79.690674  70.180779  61.059227  55.937035  51.813705 
 } 
 B Channel
 {
 35.994530  39.808281  44.514221  51.938850  59.297241  65.511620  70.018440  72.520256  73.303909  71.957863  69.194427  64.442818  58.348595  51.129791  44.281460  40.082813  38.091564 
 37.374115  42.531406  50.304840  59.212189  67.333282  74.158905  79.197189  82.249222  83.097031  81.558907  78.230469  72.809059  65.921722  58.043121  49.331879  42.052811  38.657810 
 39.075626  47.060623  56.852814  66.828125  75.738129  83.505623  89.627502  93.554535  94.788284  92.964531  88.847969  82.143753  74.091408  65.266716  55.587502  46.170155  39.684116 
 41.791409  51.922028  62.853127  73.559372  83.559685  92.747658  100.384689  105.600471  107.157501  105.042343  99.785782  91.421722  81.853279  71.953751  61.549065  50.870468  42.249008 
 44.280052  55.663597  67.235313  78.580780  89.825623  100.339378  109.387810  115.390472  117.429382  114.945618  108.738594  99.130623  88.016251  77.049217  65.746094  54.515160  44.800362 
 45.999477  57.895309  69.851250  81.656097  93.633125  105.404999  115.314682  121.506409  123.440308  121.113586  114.621246  104.223122  92.057503  80.249535  68.698441  56.981560  46.544895 
 46.509113  58.472656  70.618752  82.755623  95.023125  107.152344  117.202194  123.462814  125.337341  122.947189  117.072495  106.195465  93.966721  82.013435  69.915314  57.654373  47.090206 
 45.679585  57.433746  69.420784  81.219841  93.161247  104.869690  114.645004  120.921875  122.716873  120.519226  114.760620  104.248749  92.078903  80.196091  68.519379  56.874687  46.492191 
 43.671719  54.863594  66.360153  77.830154  88.852028  99.340782  108.164841  114.174057  116.046875  113.847504  107.735313  98.526566  87.549690  76.674530  65.606560  54.447655  44.530369 
 40.865520  50.947189  61.783279  72.403435  82.242035  91.254372  98.758438  103.881874  105.532341  103.724060  98.451561  90.531715  81.100937  71.389999  61.057030  50.549690  41.862186 
 38.545418  46.443748  56.135628  65.782967  74.727966  82.310310  88.548279  92.459534  93.799690  92.112968  87.939842  81.376091  73.534218  64.741096  55.306404  45.925156  39.479115 
 37.073025  42.005936  49.370003  58.035934  66.177498  72.794060  77.747185  80.825470  81.679535  80.314217  76.810936  71.549377  64.702034  56.905159  48.594376  41.403126  37.896042 
 34.678020  38.196774  42.787498  49.410934  56.485001  61.835312  66.261772  68.797760  69.549736  68.437347  65.694687  61.177704  55.330994  48.397865  41.861874  37.943958  35.358955 
 } 


 White Balance Data with optical Center Data
 r_center_x =  645 r_center_y =  474 
 gr_center_x =  636 gr_center_y =  475 
 b_center_x =  632 b_center_y =  461 
 gb_center_x =  629 gb_center_y =  487 
 r/gr 0.609259 
 b/gr 0.672331 
 gb/gr 1.000143 
 r_oc_ave 113.942215 
 b_oc_ave 125.737778 
 gr_oc_ave 187.017776 
 gb_oc_ave 187.044449 

 [AWB]
 RGr =  0.609259 
 BGr =  0.672331 
 GbGr =  1.000143 
 r_oc_ave =  113.942215 
 b_oc_ave =  125.737778 
 gr_oc_ave =  187.017776 
 gb_oc_ave =  187.044449 