 LEFT LENS SHADING DATA
 RED Channel
 {
 28.100361  30.633282  34.419636  40.752655  47.223282  52.905991  57.217552  60.097397  60.839485  59.601715  56.882393  52.524483  46.823383  40.556721  34.671200  31.119633  28.892551 
 29.868698  33.926407  40.833595  48.864532  56.578903  63.230782  68.501091  71.857811  72.959061  71.319847  67.941559  62.494064  55.924843  48.491096  40.721405  34.244843  30.527554 
 31.530155  38.203281  47.122814  56.484222  65.165001  73.085785  79.571251  84.055939  85.447968  83.354691  78.829376  72.024376  64.392967  55.924377  46.925156  38.419376  32.032291 
 33.824219  42.712345  52.704216  63.065155  73.119690  82.641876  90.454216  96.050468  97.900002  95.173904  89.397034  80.834846  71.851410  62.306717  52.377502  42.624218  34.325264 
 36.277554  46.393593  57.205780  68.334534  79.625153  90.466408  99.900780  106.201874  108.240471  105.216095  98.367653  88.413597  77.844688  67.345154  56.512184  46.015156  36.688698 
 37.959217  48.916092  60.096565  71.866409  84.057190  95.989532  106.305779  112.741562  114.654999  111.890160  104.737343  93.766090  81.986877  70.567657  59.310310  48.331253  38.250000 
 38.574894  49.706566  61.194221  73.237503  85.576721  98.017502  108.450310  114.973907  116.897812  114.208282  107.624687  96.288750  83.972656  72.220001  60.491409  49.083748  38.895836 
 38.011723  48.907341  60.239685  71.858437  83.685783  95.455467  105.832809  112.453125  114.236099  111.564377  104.885941  93.848907  81.717346  70.394844  59.305313  48.299217  38.336926 
 36.212345  46.510468  57.285934  68.237656  79.161873  89.740158  99.005470  105.520157  107.282654  104.542191  97.729843  88.083748  77.200623  66.812500  56.388596  46.180939  36.765518 
 33.756039  42.771873  52.796097  62.888908  72.430939  81.397499  89.282654  94.849846  96.433907  94.162346  88.303596  80.283279  70.870316  61.576096  52.010628  42.496719  34.253178 
 31.771770  38.464687  47.256248  56.459846  64.959221  72.369217  78.825783  83.275940  84.683128  82.806252  78.091248  71.445938  63.705940  55.364220  46.570782  38.253906  32.265366 
 30.581303  34.439842  40.990158  48.940315  56.462967  62.962654  68.188591  71.574219  72.769379  71.300629  67.600784  62.188751  55.555939  48.175629  40.567657  34.314377  31.123539 
 28.986717  31.457970  34.750366  40.754894  47.358597  52.702454  57.325470  60.134010  61.069374  59.911041  56.856827  52.373329  46.732605  40.379791  34.489948  31.418125  29.174374 
 } 
 GR Channel
 {
 51.757553  56.355469  62.431038  72.243958  81.925476  90.253181  96.521095  100.729317  101.653282  100.183434  96.292610  89.928383  81.552765  72.037445  62.796875  57.216248  53.415833 
 55.468384  62.144844  72.890625  85.160622  96.641090  106.430466  113.990463  118.895782  120.483902  118.202194  113.408432  105.747345  95.947968  84.692657  72.724373  62.667503  56.644585 
 58.299324  69.168282  82.714996  96.760941  109.860313  121.532349  130.938904  137.214539  139.308594  136.567657  130.180161  120.402817  109.105156  96.295158  82.657028  69.426559  59.204063 
 62.032188  76.144684  91.328751  106.739685  121.767654  135.819214  147.462967  155.459213  158.042496  154.611404  146.285461  134.145309  120.667496  106.214066  91.244530  76.082344  62.819641 
 66.049423  81.842972  98.157814  114.690933  131.520004  147.712967  161.726257  170.841568  173.655945  169.869690  160.452026  145.990784  129.954224  114.095627  97.965782  81.670471  66.932343 
 68.896461  85.715622  102.729843  120.088913  138.243744  156.079224  171.420776  180.805466  183.370163  179.895782  169.889221  154.195160  136.360779  119.215622  102.217033  85.402809  69.645309 
 69.705414  86.933746  104.356720  122.130463  140.370316  159.137970  174.593277  184.216873  186.733749  183.229218  174.233444  158.066559  139.791718  122.188599  104.430626  86.732811  70.486984 
 68.684738  85.690781  102.845627  120.003754  137.713120  155.449371  171.016556  180.534531  183.163589  179.662186  170.733124  154.644836  136.613907  119.331558  102.473282  85.592812  69.660316 
 65.885361  82.143906  98.462967  114.919373  131.394058  147.406403  161.690308  170.862183  173.601563  169.952026  160.369217  146.266403  129.891556  113.908600  98.050316  82.187347  67.039215 
 62.123230  76.372810  91.600784  107.058746  121.404999  135.217346  147.284225  155.407654  157.857346  154.812195  146.511871  134.574371  120.544525  106.127190  91.421875  76.484375  63.235207 
 58.915268  69.767967  83.360939  97.371094  110.360779  121.762970  131.492188  138.052811  140.139069  137.412811  130.581100  121.006409  109.476250  96.625626  83.084061  69.868904  59.959946 
 56.946297  63.498596  73.671410  86.080315  97.582344  107.344528  115.161713  120.343597  122.029068  119.815628  114.569534  106.567810  96.776718  85.482811  73.457184  63.512344  58.114220 
 53.820465  58.390892  63.771606  73.004898  83.025887  91.361824  97.945259  102.174629  103.439476  101.978127  97.610573  90.789894  82.541924  72.649895  63.615936  58.487968  55.080055 
 } 
 GB Channel
 {
 51.367653  55.834320  61.913750  71.635941  81.603653  90.011093  96.320259  100.456047  101.498390  99.949371  95.908646  89.427299  81.064270  71.326874  62.142342  56.684471  52.811562 
 54.798904  61.357033  72.041252  84.439690  95.985313  105.656715  113.355469  118.324371  119.819839  117.550629  112.672806  105.044373  95.207184  83.946877  71.979218  61.962814  56.127815 
 57.430725  68.197815  81.825935  95.871246  109.008751  120.583755  129.879379  136.334213  138.341721  135.532028  129.130783  119.451874  108.165154  95.393593  81.786720  68.448593  58.425888 
 60.889793  75.093124  90.281563  105.747345  120.870316  134.759216  146.263123  154.415619  157.108444  153.696243  145.340942  133.258591  119.574066  105.237343  90.214378  75.061096  61.927971 
 64.677910  80.643753  97.068748  113.705933  130.629532  146.603912  160.398743  169.793442  172.731247  168.885941  159.430786  145.098129  128.900620  113.009216  96.817345  80.593903  65.698280 
 67.425514  84.430939  101.439064  118.835938  137.025467  154.857819  169.946564  179.469055  182.319839  178.805161  168.697037  153.112808  135.255783  118.045319  101.084999  84.156563  68.134476 
 68.201195  85.645157  103.085159  120.966721  139.156723  157.754837  173.077652  182.661407  185.401871  181.987350  172.999847  156.841568  138.555161  120.858444  103.165154  85.433441  69.280937 
 67.253380  84.444847  101.681091  118.924850  136.549377  154.218445  169.606400  179.239380  182.038757  178.595474  169.588440  153.526413  135.483749  118.210007  101.268280  84.382187  68.321770 
 64.698540  80.874374  97.391876  113.852188  130.200623  146.199524  160.329849  169.816559  172.474060  168.959839  159.355469  145.155472  128.900940  112.894836  97.045624  81.024216  65.916924 
 60.985626  75.238129  90.604691  105.986252  120.281876  133.961243  146.027969  154.192032  156.740158  153.673599  145.459534  133.507660  119.580627  105.134689  90.405472  75.529846  62.205467 
 57.877449  68.780159  82.462967  96.482185  109.321877  120.624069  130.323593  137.046570  139.172348  136.506409  129.744537  120.038437  108.525314  95.714996  82.261871  69.000313  59.163643 
 56.244225  62.649841  72.862190  85.058907  96.528435  106.316254  114.164215  119.365784  121.253128  119.120163  113.840622  105.754997  96.004997  84.758904  72.718750  62.997498  57.564583 
 53.448387  57.795052  63.098434  72.401199  82.299271  90.733330  97.492760  101.661407  103.127708  101.687027  97.172295  90.437920  81.821251  71.976196  62.995827  57.896248  54.530830 
 } 
 B Channel
 {
 34.159374  37.240208  41.556042  48.544739  55.411407  61.149475  65.435776  68.073959  68.697395  67.783806  65.199944  60.751518  54.671669  48.062080  41.464375  37.766716  35.422134 
 36.933125  41.396873  48.714378  57.414528  65.449532  71.955315  77.023903  80.055626  80.961563  79.463593  76.357658  71.164215  64.457497  56.589996  48.345627  41.556095  37.822968 
 38.937866  46.350155  55.595627  65.262970  74.301720  81.921875  87.982811  92.061562  93.343750  91.438438  87.353752  80.891563  73.330780  64.517189  55.195625  46.285782  39.680573 
 41.592342  51.209221  61.557655  71.959534  82.078278  91.321091  98.796722  103.896561  105.542343  103.331566  97.838593  89.895470  80.890312  71.184059  60.988747  50.932968  42.251095 
 44.137295  55.064377  66.141563  77.131874  88.345001  98.995316  108.006874  113.938126  115.729691  113.169220  106.871559  97.551094  86.851715  76.232185  65.245155  54.675316  45.057396 
 45.946720  57.507347  68.919373  80.304688  92.305153  104.037811  113.952026  120.066559  121.647964  119.313599  112.596558  102.408279  90.671249  79.268440  67.887810  57.006096  46.699223 
 46.638805  58.249847  69.941559  81.495941  93.443283  105.595940  115.750626  121.838745  123.533432  121.020462  114.979691  104.420311  92.439377  80.932343  69.182190  57.787033  47.306820 
 45.851822  57.315781  68.932190  80.105469  91.448128  103.076248  113.074371  119.140625  120.894684  118.536407  112.704376  102.450310  90.547188  79.186874  67.915154  57.047653  46.778286 
 43.989841  54.810471  65.947968  76.754059  87.173279  97.589996  106.692657  112.583908  114.338120  111.906403  105.809998  96.630783  86.169373  75.588280  64.973595  54.791092  45.022137 
 41.337757  50.854218  61.294373  71.545311  80.699371  89.565781  97.287346  102.270309  103.874062  101.840782  96.641403  89.034065  79.995003  70.395157  60.580940  50.960312  42.400730 
 38.974163  46.275002  55.584999  65.024689  73.321251  80.707657  86.888908  91.038750  92.369530  90.598747  86.345467  80.141563  72.586876  64.124847  55.003754  46.390469  40.177345 
 37.526299  41.743595  48.832809  57.189842  64.815002  71.186249  76.261871  79.519066  80.500313  79.287811  75.860313  70.674377  64.215935  56.547028  48.407501  42.000782  38.791405 
 35.495468  38.384220  42.200314  48.634636  55.453331  60.834587  65.331879  67.948639  68.885315  67.932808  65.150726  60.442711  54.790100  48.023071  41.781666  38.603905  36.663074 
 } 


 White Balance Data with optical Center Data
 r_center_x =  650 r_center_y =  474 
 gr_center_x =  623 gr_center_y =  504 
 b_center_x =  625 b_center_y =  502 
 gb_center_x =  621 gb_center_y =  499 
 r/gr 0.625442 
 b/gr 0.661750 
 gb/gr 0.992269 
 r_oc_ave 117.213333 
 b_oc_ave 124.017776 
 gr_oc_ave 187.408890 
 gb_oc_ave 185.960007 

 [AWB]
 RGr =  0.625442 
 BGr =  0.661750 
 GbGr =  0.992269 
 r_oc_ave =  117.213333 
 b_oc_ave =  124.017776 
 gr_oc_ave =  187.408890 
 gb_oc_ave =  185.960007 