 LEFT LENS SHADING DATA
 RED Channel
 {
 26.818127  29.238956  33.214375  39.515831  45.720524  51.095161  55.220055  57.502342  58.190002  56.697975  53.760056  49.126717  43.461304  37.334999  31.498280  28.324898  26.432812 
 28.736454  32.908127  39.716873  47.570000  54.997185  61.354530  66.476097  69.477966  70.084999  68.353592  64.603592  58.903595  52.149841  44.928749  37.298904  31.076561  27.876148 
 30.392448  37.325157  45.991718  55.074997  63.590782  71.253281  77.537971  81.627190  82.534378  80.137810  75.148125  68.150314  60.031250  51.827347  42.993752  34.808750  28.881248 
 32.907917  41.773750  51.570625  61.692032  71.426094  80.498749  88.360626  93.510315  94.807030  91.744064  85.610779  76.819221  67.262657  57.855316  48.089378  38.768906  30.822865 
 35.274426  45.312969  55.918434  66.859688  77.923752  88.337029  97.565941  103.514687  105.085159  101.645470  94.512810  84.285469  73.316254  62.619843  52.017342  41.855938  32.938438 
 36.866978  47.641563  58.680939  70.283905  82.291405  93.870628  103.733910  109.983749  111.384689  108.009689  100.602501  89.384216  77.392815  65.805153  54.653435  44.023281  34.428490 
 37.438747  48.383751  59.781563  71.694687  83.864685  95.870781  105.865936  111.903595  113.440155  110.221092  103.219063  91.541252  79.212502  67.322029  55.685936  44.670780  34.902657 
 36.831821  47.502029  58.599998  69.953590  81.813904  93.216721  103.059219  109.194687  110.722031  107.481247  100.345467  89.074844  76.955315  65.581406  54.550468  43.942657  34.409115 
 35.076927  45.092968  55.440002  66.249687  77.009689  87.321877  96.143127  101.938126  103.325935  100.228752  93.233910  83.293907  72.596565  62.247810  51.878593  41.840313  32.995312 
 32.595158  41.298283  50.948128  60.814690  70.145782  78.847343  86.261871  91.253128  92.571091  89.913124  83.882347  75.589531  66.420311  57.191254  47.608593  38.429062  30.893230 
 30.542343  36.960468  45.419533  54.149841  62.573441  69.805153  75.887657  79.697029  80.678284  78.609840  73.580467  67.033279  59.430153  51.100159  42.410469  34.591095  29.087551 
 29.338490  33.029530  39.204220  46.761093  54.078438  60.349533  65.222656  68.261406  68.959373  67.273750  63.354530  58.024063  51.443909  44.195156  36.780155  31.131561  28.280731 
 27.543491  29.905155  33.129009  38.712551  44.900105  50.018486  54.240364  56.666618  57.248955  55.860420  52.860992  48.500725  42.827030  36.602032  31.343281  28.489899  26.428646 
 } 
 GR Channel
 {
 51.678909  56.851822  63.485474  73.527870  83.158485  91.120468  97.592033  100.983177  102.192551  100.072609  96.155724  89.281143  80.900261  71.633644  62.254120  56.726921  53.311508 
 55.922234  63.313278  74.206093  86.366409  97.608284  107.357346  115.121399  119.707962  120.849838  118.479691  113.457809  105.310310  95.419220  84.101563  71.937653  61.900467  56.124840 
 59.077553  70.572342  84.057968  97.961716  110.812813  122.462662  131.973755  138.281250  139.929840  136.949524  130.172974  120.180786  108.076721  95.298904  81.408752  68.242035  58.160576 
 63.145622  77.563126  92.778908  107.951408  122.599380  136.511871  148.464996  156.581726  158.971405  155.012024  146.650787  134.033127  119.566406  104.851410  89.782814  74.714066  61.457809 
 67.022453  83.101410  99.193123  115.759842  132.364212  148.429382  162.527649  171.783752  174.428909  170.253281  160.663284  145.982193  129.125626  112.510620  96.077499  79.947189  64.952599 
 69.638435  86.612190  103.453125  120.763275  138.830780  156.592194  171.826569  181.174683  183.838440  179.822495  169.951248  153.914688  135.622650  117.811096  100.409691  83.507965  67.415680 
 70.336197  87.745155  104.938126  122.738129  140.956558  159.306412  174.547806  183.955154  186.541412  182.777817  173.758911  157.156250  138.726410  120.434219  102.125000  84.552345  68.187965 
 69.500053  86.138596  103.167191  120.209061  137.957962  155.529526  170.664063  180.250778  182.802185  179.103745  169.780777  153.609222  135.118118  117.439529  100.084221  83.260468  67.390259 
 66.731308  82.379845  98.507347  114.744370  131.032501  147.097961  160.863754  169.728592  172.475311  168.771408  159.243286  144.725937  128.317337  112.124847  95.912971  79.834061  65.044479 
 62.544952  76.595154  91.590309  106.621246  120.957336  134.547348  146.039368  153.814529  156.257965  153.271713  144.963120  132.882339  118.715469  104.204063  89.198906  74.426872  61.523544 
 59.098015  69.878441  83.024216  96.531715  109.600159  120.703903  130.263596  136.394684  138.219223  135.734680  128.996872  119.246567  107.448441  94.543907  80.869843  68.055000  58.632507 
 56.740631  63.381874  73.285934  85.136566  96.480621  106.193596  113.921249  118.585785  120.016556  117.979370  112.618591  104.679222  94.579376  83.322342  71.526718  62.319374  57.012299 
 53.196045  58.144379  63.343437  72.306976  81.761871  89.966301  96.436256  100.383064  101.510307  99.817291  95.410057  89.076096  80.403130  70.759224  62.159431  57.688126  53.754372 
 } 
 GB Channel
 {
 51.826302  56.687546  63.559372  73.602341  83.240105  91.575676  97.918282  101.415939  102.431931  100.470467  96.277550  89.141563  80.754631  71.058182  61.623329  56.073441  52.668022 
 55.835884  63.143593  74.060623  86.430466  97.772186  107.451721  115.147659  119.719681  120.872971  118.377350  113.156097  104.741562  94.761093  83.364220  71.147499  61.093437  55.346359 
 58.875153  70.343285  84.043907  98.049690  110.893440  122.459534  131.942184  138.265152  139.831879  136.690475  129.703598  119.522659  107.318909  94.420471  80.497971  67.291718  57.275673 
 62.686829  77.229530  92.490936  107.910934  122.668274  136.534378  148.416412  156.453278  158.726089  154.652649  145.954056  133.283279  118.686569  103.829376  88.749062  73.641090  60.297134 
 66.433861  82.644684  99.086090  115.599213  132.308899  148.262192  162.343445  171.653122  174.259216  169.736099  159.909851  144.988754  128.063431  111.431877  94.892967  78.684372  63.650627 
 68.794434  86.162971  103.201721  120.593445  138.668274  156.417191  171.396561  180.917969  183.593903  179.205002  169.173752  152.763443  134.422180  116.494995  99.087967  82.083282  65.955574 
 69.501045  87.135628  104.648438  122.450943  140.618744  158.937347  174.130630  183.475006  185.982971  182.128906  172.686096  156.008438  137.392029  119.072342  100.687500  83.139374  66.624794 
 68.764526  85.545158  102.745628  119.855942  137.689056  155.120316  170.188751  179.710632  182.219528  178.304993  168.816406  152.494843  133.838745  116.103287  98.677498  81.877342  65.905472 
 66.007813  81.814064  98.023125  114.522339  130.758118  146.725464  160.397659  169.166092  171.973755  168.129211  158.413589  143.744537  127.253906  110.919998  94.716560  78.687500  63.762505 
 62.134735  76.123283  91.207031  106.405472  120.712814  134.187653  145.782974  153.373123  155.793747  152.723282  144.273743  132.035309  117.796875  103.223907  88.143753  73.294846  60.448387 
 58.714012  69.521721  82.791565  96.442032  109.405937  120.395157  130.000000  135.980164  137.821869  135.220932  128.207657  118.546097  106.585625  93.746559  79.955780  67.174217  57.798180 
 56.518181  63.207970  73.111717  84.977814  96.329842  105.966408  113.619843  118.429062  119.810471  117.579056  112.087189  104.095940  93.907967  82.600311  70.742813  61.537186  56.384270 
 53.299011  57.893600  63.267349  72.111565  81.785049  89.874947  96.540886  100.331558  101.532761  99.724480  95.234276  88.680107  79.794014  70.194893  61.605728  57.040108  53.375107 
 } 
 B Channel
 {
 33.915051  37.287968  42.044270  49.227966  56.303696  62.231041  66.616928  69.222656  69.819016  68.501305  65.644211  61.153595  54.717552  47.814320  41.162815  37.290051  35.351715 
 36.890888  41.894844  49.470940  58.211090  66.242653  73.105621  78.454216  81.540779  82.267967  80.633591  77.271095  71.825470  64.627342  56.615784  47.940311  40.969845  37.575882 
 39.134323  47.045780  56.536873  66.266563  75.193596  83.264999  89.676720  93.851563  95.017815  92.866722  88.438126  81.657654  73.284218  64.294685  54.619843  45.448750  39.146248 
 41.809322  51.914528  62.519844  73.067345  83.223907  92.516251  100.501564  105.863747  107.287186  104.565941  99.148750  90.628593  81.048439  70.863747  60.343597  49.970314  41.504063 
 44.660210  55.535622  67.029373  78.276253  89.455154  100.148903  109.583748  115.574371  117.352188  114.392975  108.200310  98.281097  87.382187  75.943123  64.605003  53.642502  43.968750 
 46.279896  57.877815  69.641563  81.483437  93.410782  105.162659  115.207184  121.422806  123.134995  120.405151  113.919220  103.165779  91.279373  79.207809  67.278122  55.883125  45.658131 
 46.809273  58.453438  70.486092  82.633438  94.612030  106.607498  116.664993  122.858597  124.710159  122.099838  115.904846  104.957184  92.823441  80.800156  68.362343  56.448441  46.129269 
 46.208488  57.464531  69.159378  80.969215  92.685158  104.016090  113.938431  120.196243  121.821243  119.510162  113.318588  102.793282  90.420624  78.864845  66.969215  55.707497  45.557919 
 44.300571  54.922028  65.992035  77.339378  88.212814  98.495941  107.364532  113.218445  115.052963  112.718124  106.353439  96.963753  86.048279  75.432655  64.243126  53.424065  44.017399 
 41.384373  50.936874  61.275940  71.725311  81.349060  90.147034  97.595314  102.473282  104.138123  102.401566  96.978752  89.094215  79.607185  69.998749  59.570465  49.578751  41.682919 
 38.920471  46.243595  55.360001  64.823441  73.751564  81.041718  87.135628  90.998749  92.242340  90.767815  86.367813  80.128441  72.121559  63.217972  53.851097  45.265938  39.472187 
 37.322395  41.724064  48.560471  56.841560  64.774063  71.272812  76.186249  79.312965  80.265160  78.918747  75.538597  70.270309  63.326874  55.425156  47.292812  41.029064  38.431976 
 35.188644  38.175728  41.699844  48.037811  54.705315  60.324478  64.620003  67.274849  67.918694  66.942497  64.095886  59.717392  53.730202  46.815781  40.924480  37.951149  36.157814 
 } 


 White Balance Data with optical Center Data
 r_center_x =  609 r_center_y =  471 
 gr_center_x =  657 gr_center_y =  490 
 b_center_x =  640 b_center_y =  445 
 gb_center_x =  639 gb_center_y =  490 
 r/gr 0.608168 
 b/gr 0.668242 
 gb/gr 0.997744 
 r_oc_ave 113.835556 
 b_oc_ave 125.080002 
 gr_oc_ave 187.177780 
 gb_oc_ave 186.755554 

 [AWB]
 RGr =  0.608168 
 BGr =  0.668242 
 GbGr =  0.997744 
 r_oc_ave =  113.835556 
 b_oc_ave =  125.080002 
 gr_oc_ave =  187.177780 
 gb_oc_ave =  186.755554 