 LEFT LENS SHADING DATA
 RED Channel
 {
 36.536819  39.710155  44.331924  51.948593  59.637596  66.707291  72.263641  75.904694  77.107605  75.764687  72.275368  66.642967  59.634628  51.930786  44.915310  40.889843  38.474010 
 38.427238  43.649532  51.826721  61.549217  70.760941  79.054375  85.891563  90.519684  92.220940  90.379684  85.965157  78.971092  70.614845  61.401405  51.846565  44.190468  40.341091 
 40.482914  49.154999  59.831718  70.973434  81.861565  91.802498  100.349373  106.421410  108.535469  106.273438  100.338440  91.693909  81.681252  70.976715  59.744843  49.161720  41.908592 
 43.849426  54.982971  67.060471  79.724373  92.273125  104.401878  115.196716  122.896088  125.602814  122.416718  114.919693  104.183441  92.027969  79.603752  66.944687  54.510780  44.433071 
 47.071716  59.593597  72.958908  86.971718  101.407654  115.724838  128.625000  137.470001  140.565933  137.032974  128.190155  115.310318  100.848434  86.641251  72.639847  59.204376  47.060627 
 49.393333  62.766251  76.916092  91.972343  107.922028  124.016724  138.344528  147.863907  150.834686  147.272034  137.969376  123.527817  107.348282  91.756874  76.767815  62.433441  49.453026 
 50.437447  64.098907  78.648903  94.258591  110.826561  127.761246  142.662033  152.240158  155.236877  151.499695  142.592499  127.737808  110.834534  94.587341  78.821091  63.796562  50.451561 
 49.779640  63.328590  77.699997  92.787971  108.891251  125.346252  139.958755  149.534851  152.638443  149.017349  140.085159  125.476410  108.645782  92.821564  77.510628  63.104218  49.862762 
 47.562286  60.735626  74.235939  88.489220  103.310783  118.221405  131.482971  140.605621  143.670776  140.061722  131.137970  117.824371  103.075783  88.432655  74.202034  60.450310  48.270317 
 44.731148  56.247810  68.775780  81.671875  94.710938  107.460472  118.641403  126.567505  129.340149  126.364212  118.535782  107.270935  94.412659  81.647812  68.549065  55.990158  45.299530 
 41.834736  50.925781  61.960472  73.570625  84.955627  95.511253  104.560936  110.796562  113.122192  110.683128  104.302032  95.258438  84.637184  73.367813  61.710625  50.790627  42.735207 
 39.807293  45.535625  54.142967  64.286247  74.198441  82.894379  90.141563  94.996407  96.644531  94.808594  89.972031  82.654221  73.749374  64.104218  53.979691  45.761093  41.135468 
 37.825623  41.033958  46.155266  54.176254  62.470108  69.787712  75.561981  79.456612  80.714745  79.608391  75.583488  69.801506  62.333961  54.030266  45.776352  42.051716  38.820469 
 } 
 GR Channel
 {
 50.076294  54.833801  61.000366  69.868431  78.521042  86.458801  92.325676  96.226768  97.580315  95.793907  92.195724  85.959167  78.145943  69.339272  60.794579  55.656769  51.798019 
 53.210892  60.256096  70.213905  81.474686  91.801872  100.719841  108.047966  112.823441  114.511566  112.397034  107.592812  100.098747  90.819687  80.449684  69.328751  59.953438  54.740517 
 56.213280  67.166405  79.822029  92.487343  104.554840  115.406723  124.667664  131.039368  133.257660  130.554535  124.158127  114.731873  103.536560  91.738434  78.762032  66.269379  57.221870 
 60.596359  74.224686  88.328903  102.550934  116.549377  129.928757  141.675003  149.893906  152.668121  149.133591  140.996246  129.031403  115.322037  101.571564  87.265160  72.930466  60.650261 
 64.746773  79.960938  95.165154  110.823280  126.748596  142.727966  156.949371  166.662964  169.796097  165.930786  156.120789  141.721878  125.457962  109.640625  93.961563  78.408905  64.219536 
 67.762817  83.846565  99.770622  116.380463  134.045471  152.082962  168.048279  178.379532  181.410309  177.514069  167.408905  151.052505  132.784683  115.506882  98.739220  82.488281  66.800987 
 69.160263  85.396721  101.832184  119.057037  137.276871  156.341095  172.767502  183.142654  186.204056  182.299377  172.609848  155.960464  137.085159  119.004059  101.240623  84.108284  68.196411 
 68.436150  84.600311  100.797340  117.402191  135.159378  153.531097  169.933289  180.232971  183.492493  179.451874  169.741089  153.519058  134.179214  116.486099  99.430000  82.905785  67.430573 
 65.984642  81.464844  96.959373  112.587494  128.969681  145.596252  160.307968  170.222351  173.373444  169.311722  159.559067  144.599838  127.725006  111.413597  95.501091  79.729530  65.213074 
 62.094582  76.235001  90.723434  104.913597  119.195938  133.313599  145.536880  153.961716  156.864380  153.563278  145.031723  132.421097  118.176712  103.747498  89.048279  74.453438  61.599686 
 58.374641  69.671097  82.709999  95.716721  108.262657  119.578751  129.258743  135.890778  138.284058  135.559219  128.466248  118.472656  106.925003  94.367653  81.098907  68.178284  58.338074 
 55.352661  62.862030  73.278435  84.959534  95.867035  105.306877  112.912811  118.068436  119.690628  117.564377  112.098434  104.261093  94.549530  83.696716  71.845779  61.950470  55.689842 
 51.976830  56.691406  63.207603  72.640991  82.118904  90.158539  96.050728  100.243019  101.634377  100.058121  95.807602  89.374641  81.163078  71.599007  61.741409  56.646515  51.900673 
 } 
 GB Channel
 {
 50.408173  55.191513  61.491821  70.717339  80.010620  88.148651  94.585472  98.873383  100.162392  98.138229  94.113647  87.491257  79.213905  69.900780  61.246719  55.965210  52.145622 
 52.987762  60.175468  70.373283  82.090469  92.796875  102.285309  109.914841  115.086090  116.942810  114.712814  109.575310  101.666252  91.857033  80.983910  69.451096  59.955627  54.694794 
 55.430519  66.673439  79.635941  92.773750  105.207184  116.598434  126.230942  132.989838  135.377808  132.673904  125.826569  115.946716  104.391716  91.955154  78.572189  65.855316  56.684898 
 59.403130  73.269379  87.718750  102.352814  116.677505  130.565781  142.630463  151.366089  154.435471  150.816711  142.405472  129.883911  115.758438  101.448441  86.746719  72.018906  59.790779 
 63.203331  78.690002  94.111717  110.017967  126.254532  142.554840  157.214218  167.335159  170.800003  166.946243  156.820313  142.068130  125.196091  108.927032  92.980156  77.147346  62.781296 
 66.099953  82.081406  98.229065  115.004211  132.869995  151.147659  167.423599  178.100311  181.519684  177.595306  167.244690  150.762497  132.017029  114.311096  97.295784  80.869690  65.273857 
 67.128487  83.413284  99.910156  117.201248  135.558594  154.762344  171.425476  182.149841  185.557037  181.715469  171.984848  155.084061  135.944061  117.451874  99.491562  82.191406  66.363701 
 66.346924  82.517967  98.787971  115.370163  133.253754  151.856873  168.223907  178.968597  182.437805  178.522507  168.745621  152.314377  132.883438  114.839371  97.619064  81.038437  65.588432 
 63.887444  79.363907  94.899841  110.692810  127.060776  143.775467  158.744690  168.872025  172.372498  168.425156  158.498901  143.264374  126.339218  109.882500  93.666718  77.953751  63.462914 
 60.416565  74.405312  88.948906  103.222809  117.621094  131.694839  144.137192  152.814056  156.007507  152.709061  144.020630  131.307816  116.769379  102.287811  87.465782  72.714531  60.057663 
 56.919685  68.119690  81.248436  94.321404  106.837502  118.332031  128.193909  135.056717  137.493591  134.777191  127.679535  117.544220  105.710159  93.072029  79.684998  66.735466  56.899841 
 54.155052  61.669846  72.080627  83.905159  94.935936  104.470467  112.275787  117.547653  119.371567  117.182968  111.675316  103.625000  93.661873  82.672653  70.771095  60.884064  54.671562 
 51.053383  55.740059  62.400208  71.954941  81.592186  89.840675  96.068489  100.442863  101.766563  100.208176  95.803223  89.175415  80.662704  71.006615  61.048805  55.931557  51.210320 
 } 
 B Channel
 {
 17.701248  20.140415  23.241611  27.776142  32.105679  35.841976  38.679478  40.498699  41.084637  40.328751  38.476929  35.488750  31.548229  27.153175  22.987656  20.632084  19.637501 
 18.571247  21.983749  26.785156  32.244064  37.059219  41.204063  44.487812  46.660156  47.407345  46.451248  44.257969  40.755001  36.530312  31.617970  26.259533  22.025002  20.316669 
 19.915573  25.142033  31.253281  37.280781  42.724998  47.560001  51.656876  54.412033  55.356094  54.105469  51.350311  47.121876  42.124062  36.678123  30.601563  24.898125  21.289375 
 21.839428  28.389217  35.143749  41.685936  47.849220  53.695160  58.811722  62.320313  63.367035  61.827660  58.274216  53.148750  47.289845  41.029530  34.459217  27.899063  22.901142 
 23.785313  30.875313  38.005157  45.038750  52.003593  59.037498  65.092659  68.976875  70.202660  68.475784  64.379372  58.396721  51.374062  44.515938  37.410782  30.324688  24.414272 
 25.078648  32.564064  39.953751  47.189999  54.911407  62.660469  69.297813  73.436874  74.471565  72.914375  68.773903  62.073441  54.303596  46.864063  39.348282  32.038750  25.674583 
 25.678127  33.171875  40.579689  48.143906  56.053749  64.091873  70.912346  74.894684  76.076096  74.458908  70.620316  63.754532  55.897499  48.215782  40.347500  32.757969  26.289845 
 25.374477  32.654064  39.951096  47.298126  55.004372  62.734375  69.433746  73.522186  74.763748  73.231873  69.419998  62.705467  54.690002  47.074062  39.515312  32.200626  25.746040 
 24.149319  31.200783  38.194061  45.269375  52.338593  59.319847  65.305466  69.349533  70.680466  69.090157  65.263596  59.019684  51.947189  44.976719  37.762501  30.734688  24.718021 
 22.395576  28.695782  35.417969  41.910782  48.119530  53.948906  59.120316  62.606720  63.868591  62.599060  59.094063  53.856407  47.783127  41.528282  34.867344  28.246719  22.947758 
 20.683388  25.704845  31.757813  37.734531  43.235783  48.110153  52.242035  55.191406  56.152657  55.107185  52.208282  48.038910  42.908592  37.342655  31.207188  25.285469  21.264427 
 19.216251  22.573750  27.408127  32.771252  37.694843  41.889843  45.359688  47.604687  48.313591  47.508751  45.190155  41.727345  37.354687  32.341095  26.793282  22.304531  19.891823 
 17.733749  19.826252  22.706875  27.135834  31.551720  35.363800  38.215107  40.005520  40.519634  39.958332  38.075779  35.150883  31.399273  26.855469  22.144325  19.806824  18.195992 
 } 


 White Balance Data with optical Center Data
 r_center_x =  630 r_center_y =  499 
 gr_center_x =  640 gr_center_y =  483 
 b_center_x =  630 b_center_y =  492 
 gb_center_x =  628 gb_center_y =  488 
 r/gr 0.833385 
 b/gr 0.407448 
 gb/gr 0.996716 
 r_oc_ave 155.657776 
 b_oc_ave 76.102219 
 gr_oc_ave 186.777771 
 gb_oc_ave 186.164444 

 [AWB]
 RGr =  0.833385 
 BGr =  0.407448 
 GbGr =  0.996716 
 r_oc_ave =  155.657776 
 b_oc_ave =  76.102219 
 gr_oc_ave =  186.777771 
 gb_oc_ave =  186.164444 