 LEFT LENS SHADING DATA
 RED Channel
 {
 37.075417  40.008751  44.521614  52.063019  60.145988  67.361870  73.118019  76.648743  77.911926  76.387756  72.675362  66.902344  59.614525  51.507866  43.712967  39.106564  36.556149 
 39.235832  43.981251  52.167656  62.244690  71.864532  80.403122  87.365936  92.135002  94.017967  92.290466  87.570160  80.269218  71.297653  61.567657  51.464844  43.289063  38.938644 
 40.958752  49.144997  59.869064  71.601410  82.952347  93.121872  101.899529  108.348434  110.733910  108.585159  102.488129  93.338905  82.423904  71.138435  59.530785  48.666405  40.823696 
 44.012135  54.706093  67.086403  79.962029  92.827187  105.460312  116.705780  124.890625  128.131882  125.205154  117.543442  105.971252  92.959373  79.811409  66.767029  54.144844  43.877968 
 46.763485  59.322029  72.755936  86.756409  101.476250  116.257507  129.832184  139.357651  143.038757  139.934372  130.740158  117.259369  101.826561  86.949066  72.552658  58.789215  46.855682 
 48.654213  62.311096  76.448441  91.303596  107.532654  123.890152  139.005310  149.223587  153.075150  149.980942  140.463593  125.342026  108.203590  91.777031  76.275154  62.007660  49.063698 
 49.585678  63.360466  77.806404  93.240158  109.887032  127.016556  142.411255  153.043121  156.837814  153.502808  144.218903  128.858444  111.279373  94.331093  77.953125  63.067657  49.790779 
 48.896774  62.352188  76.595154  91.650467  107.630623  124.003433  139.085785  149.542664  153.166412  149.657181  140.740936  126.082031  108.330627  91.890160  76.435936  62.007347  49.308800 
 46.971043  59.434372  72.985939  86.854843  101.666718  116.392502  129.830780  139.466400  143.006409  139.812973  130.766556  117.380463  102.104530  87.285934  72.858749  59.202034  47.312660 
 44.088390  54.867340  67.190781  79.967659  92.921875  105.402657  116.558899  124.395309  127.468124  124.858749  117.367661  106.058594  93.198280  80.153748  67.080940  54.573593  44.372971 
 41.684898  49.652809  60.282654  71.612656  82.934998  93.260002  102.151718  108.159218  110.520935  108.330780  102.269218  93.245781  82.678749  71.486565  59.829842  49.157188  41.629688 
 40.257919  45.061249  52.795158  62.509689  72.091560  80.685158  87.737503  92.324844  93.918121  92.229378  87.461563  80.373749  71.520157  61.971878  51.869064  44.134533  40.013073 
 38.358749  42.312500  46.245781  53.600937  61.570313  68.846199  74.547920  78.130882  79.201874  77.952286  74.190727  68.411674  60.941612  52.898125  45.074894  41.277237  38.605988 
 } 
 GR Channel
 {
 48.409378  52.805206  58.369850  67.035675  76.293800  84.169685  90.353851  94.567299  95.968697  94.233856  90.226563  83.870567  75.642609  66.510307  57.427078  52.202034  48.629120 
 51.798546  58.301872  67.997971  79.584221  90.366096  99.679688  107.344688  112.468124  114.542664  112.553436  107.402809  99.530785  89.639687  78.735313  67.242500  57.497658  51.872444 
 54.462654  64.612030  77.238281  90.315155  103.203751  114.230469  123.951721  130.777496  133.356567  131.014999  124.543594  114.585464  102.760155  90.068283  76.856247  64.139687  54.517609 
 58.344376  71.334373  85.605003  100.116409  114.414993  128.554062  140.404526  149.332504  152.779846  149.814224  141.771255  129.273132  114.812027  100.314690  85.562965  70.982498  58.514999 
 61.980782  76.906403  92.167343  108.011719  124.178757  140.481873  155.417343  165.366089  169.418442  166.200317  156.661560  142.001724  125.089996  108.701248  92.449219  76.702972  62.365669 
 64.645264  80.609222  96.784378  113.386246  131.286255  149.097809  165.520157  176.560944  180.649841  177.334686  167.345154  151.213913  132.429382  114.386566  96.986877  80.654373  65.359795 
 65.699326  81.972031  98.435310  115.642029  134.087341  152.723434  169.354996  181.067963  184.918747  181.380463  171.830475  155.343277  136.303436  117.649536  99.198753  82.133438  66.173019 
 64.851143  80.657814  97.057968  113.777344  131.379211  149.573441  165.766251  176.935623  181.316879  177.703903  168.074371  152.400787  132.825470  114.627975  97.378754  80.873909  65.734535 
 62.325882  77.291092  92.730156  108.448753  124.707504  141.133591  155.821564  166.175781  170.183289  167.082184  157.334839  142.581726  125.687653  109.144531  92.957809  77.320938  63.301353 
 58.681877  71.870628  86.044060  100.443123  114.867340  128.784378  141.003433  149.690155  153.094528  150.520309  142.407501  129.773438  115.485779  100.844841  86.121719  71.741096  59.347137 
 55.674530  65.618904  77.947655  90.942345  103.827972  115.218445  124.883743  131.860153  134.330780  131.885788  125.370621  115.284531  103.483284  90.869530  77.704842  65.167503  55.836243 
 53.429634  59.934845  69.178749  80.326248  91.303749  101.038910  108.734375  114.094849  115.932190  113.888596  108.421722  100.583435  90.699844  79.768593  68.116409  59.001251  53.580833 
 49.819214  55.653801  61.126663  69.494583  78.720413  87.066612  93.538544  97.699219  99.012184  97.673386  93.132347  86.704277  78.199211  69.040054  59.793694  55.116669  51.167915 
 } 
 GB Channel
 {
 48.727348  53.130264  58.870361  67.901413  77.473747  85.914635  92.598129  96.995987  98.491829  96.774895  92.439629  85.459740  76.640991  67.022453  57.672760  52.117287  48.886879 
 51.742340  58.332970  68.232658  80.217033  91.480003  101.317345  109.341873  114.882034  117.130783  114.857819  109.482346  101.109528  90.529533  79.165154  67.139221  57.226875  51.586868 
 53.956619  64.328903  77.124062  90.711090  104.094841  115.620941  125.671722  132.832184  135.725311  133.277344  126.314850  115.868591  103.366562  90.224060  76.462029  63.479530  53.783905 
 57.594681  70.638435  85.256409  100.117340  114.885788  129.579681  141.879837  151.187973  154.922180  151.713913  143.233276  130.221100  115.115463  100.113129  84.883751  69.962654  57.379532 
 60.841721  75.971092  91.432816  107.552185  124.228119  140.851868  156.254684  166.534225  170.978287  167.500778  157.611252  142.469528  125.097809  108.050781  91.340782  75.296875  60.836456 
 63.200630  79.439377  95.589218  112.426880  130.692810  148.866714  165.647964  177.145309  181.276093  177.988434  167.770157  151.299057  132.000000  113.371872  95.521248  78.926094  63.580055 
 64.257080  80.476250  97.149529  114.543747  133.066879  152.097183  168.883591  181.038437  185.115631  181.611252  171.703598  155.193436  135.575943  116.385162  97.564529  80.238747  64.372086 
 63.240051  79.218597  95.648590  112.554840  130.434525  148.793594  165.346252  176.832504  181.477036  177.622818  168.027344  151.983749  132.029068  113.304993  95.635628  78.970627  63.870201 
 60.966515  75.984222  91.512344  107.316254  123.888596  140.417343  155.475311  166.005783  170.164841  167.060776  157.114212  142.186722  124.935623  108.089844  91.401878  75.645157  61.490364 
 57.750519  70.768440  85.084846  99.594063  114.260941  128.344528  140.824219  149.714996  153.196243  150.552963  142.375153  129.533279  114.847031  99.773750  84.813278  70.240311  57.910316 
 54.786514  64.839218  77.297966  90.442657  103.415779  115.070786  125.116882  132.067810  134.809998  132.294525  125.535004  115.247971  103.143753  90.190781  76.586090  63.976563  54.750313 
 52.909004  59.326721  68.745781  80.049217  91.130157  101.155472  109.200470  114.584381  116.589691  114.348587  108.886406  100.795624  90.535622  79.482346  67.481247  58.183128  52.823540 
 49.811096  55.472343  60.918076  69.549431  79.024940  87.625679  94.089424  98.483543  99.955513  98.458809  93.852036  87.137703  78.419800  68.862137  59.290421  54.477707  50.622284 
 } 
 B Channel
 {
 18.269112  20.298283  22.845261  27.144321  31.621094  35.517708  38.450001  40.283489  40.833233  40.077602  38.311722  35.242863  31.222759  26.574116  22.141510  19.564426  18.214012 
 19.697029  22.720158  27.510468  33.124531  38.369217  42.840626  46.338749  48.582031  49.441559  48.464691  46.256092  42.563908  37.876720  32.516407  26.897968  22.317970  19.822346 
 20.718597  25.741718  32.037655  38.501408  44.455154  49.630470  53.953590  56.968903  57.978592  56.914215  53.934845  49.446877  43.865780  37.836407  31.504375  25.621719  21.141926 
 22.480049  28.881092  36.081562  43.114845  49.805626  56.114059  61.590157  65.446564  66.767029  65.419998  61.715157  55.976715  49.355621  42.505470  35.591873  28.986561  23.194065 
 24.052139  31.444843  38.974220  46.594376  54.231720  61.530312  68.005310  72.417030  73.962814  72.510155  68.079376  61.529686  53.727341  46.092812  38.715313  31.690155  25.059113 
 25.359116  33.067657  40.846561  48.728439  56.992966  65.214844  72.207031  76.897812  78.464066  77.087189  72.658752  65.454376  56.859688  48.522659  40.700626  33.508438  26.485519 
 25.868126  33.636875  41.502655  49.536247  57.952972  66.466248  73.753754  78.530472  80.089844  78.542503  74.337967  67.042030  58.355469  49.855469  41.608749  34.127342  26.820469 
 25.383385  33.094845  40.849998  48.682190  56.844376  64.941093  72.256721  76.984688  78.533127  76.825470  72.729843  65.830315  56.934532  48.508278  40.715782  33.461094  26.679218 
 24.285992  31.584530  39.028439  46.378281  53.888908  61.225937  67.782967  72.339691  73.786720  72.266563  68.040001  61.550781  53.858910  46.256874  38.815311  31.839844  25.482971 
 22.553856  29.010937  36.009998  42.805157  49.508904  55.739220  61.248123  64.964218  66.346252  65.166405  61.453125  55.915627  49.338593  42.475468  35.652969  29.207344  23.605465 
 20.972084  26.020000  32.199062  38.568283  44.547188  49.710938  54.070313  57.020470  58.094688  56.922340  53.927345  49.381409  43.987968  37.932812  31.676407  26.016876  21.828960 
 20.115520  23.479687  28.326874  34.063751  39.375782  43.896252  47.432499  49.698593  50.480316  49.537971  47.115002  43.410625  38.706562  33.332970  27.615002  23.439529  21.068073 
 18.979271  21.830105  24.967709  29.559170  34.453907  38.527916  41.463333  43.367970  43.980728  43.236927  41.058331  37.924374  33.707397  28.869846  24.161251  22.131824  20.365158 
 } 


 White Balance Data with optical Center Data
 r_center_x =  633 r_center_y =  477 
 gr_center_x =  615 gr_center_y =  481 
 b_center_x =  656 b_center_y =  472 
 gb_center_x =  630 gb_center_y =  481 
 r/gr 0.848539 
 b/gr 0.432820 
 gb/gr 1.001991 
 r_oc_ave 157.240005 
 b_oc_ave 80.204445 
 gr_oc_ave 185.306671 
 gb_oc_ave 185.675552 

 [AWB]
 RGr =  0.848539 
 BGr =  0.432820 
 GbGr =  1.001991 
 r_oc_ave =  157.240005 
 b_oc_ave =  80.204445 
 gr_oc_ave =  185.306671 
 gb_oc_ave =  185.675552 