 LEFT LENS SHADING DATA
 RED Channel
 {
 26.335938  29.113853  32.890884  38.955524  45.601978  51.170410  55.628281  58.461777  59.405098  58.141609  55.320412  50.605934  44.785625  38.533642  32.631874  29.466354  27.537189 
 27.899273  31.994686  38.588593  46.687187  54.350311  61.041252  66.322655  69.813438  70.863434  69.405159  65.785004  60.108437  53.281876  45.845314  38.120625  32.020939  28.755939 
 29.167137  35.923595  44.633595  53.792343  62.626717  70.535469  77.143906  81.550156  82.947342  80.915939  76.268906  69.452347  61.477188  52.912033  44.010155  35.728905  29.768700 
 31.349949  40.327656  50.224686  60.540001  70.409843  79.908752  87.930466  93.553436  95.350471  92.833595  86.912033  78.422501  68.971405  59.306717  49.449066  39.812344  31.662136 
 33.798435  43.947189  54.708908  65.878906  77.141876  87.892815  97.396561  103.761093  105.731560  102.838280  96.136406  86.172966  75.356873  64.444534  53.729378  43.384533  34.048904 
 35.591930  46.307968  57.694221  69.498123  81.736565  93.666092  103.924065  110.398438  112.464844  109.544220  102.419220  91.852966  79.684845  67.911873  56.475937  45.664063  35.621143 
 36.060680  47.075470  58.640472  70.805000  83.231407  95.604065  106.131248  112.586090  114.444382  111.764687  105.341095  94.197502  81.697815  69.612968  57.793747  46.412811  36.219894 
 35.465157  46.217030  57.605003  69.408592  81.470154  93.234222  103.488907  110.065628  111.984222  109.266876  102.684685  91.759529  79.723747  68.080780  56.754059  45.670467  35.682762 
 33.847343  43.881718  54.607346  65.699532  76.736565  87.296875  96.754997  103.035309  104.923439  102.175316  95.505783  85.982811  75.107033  64.523903  53.959221  43.602188  34.134274 
 31.434532  40.200157  49.965935  60.103592  69.809219  78.893280  86.928284  92.312347  94.013596  91.791405  86.044998  78.033752  68.733749  59.329063  49.629219  40.069530  31.876823 
 29.239635  35.916092  44.553123  53.565002  62.115936  69.721878  76.230469  80.642029  82.069847  80.314217  75.767967  69.155159  61.402191  53.085472  44.309845  36.019375  29.892288 
 28.064739  31.974533  38.507343  46.332188  53.894844  60.406097  65.677032  69.118126  70.196877  68.783279  65.216560  59.916878  53.433907  46.078438  38.425938  32.233124  28.921040 
 26.709320  29.146408  32.746719  38.610107  45.123802  50.653381  54.991402  57.693130  58.753952  57.708908  54.902390  50.714371  44.930782  38.630939  32.960102  29.657711  27.711456 
 } 
 GR Channel
 {
 51.389900  56.476974  62.695053  71.937920  81.730621  90.294060  96.872757  101.016151  102.533913  100.842705  96.694214  89.756294  81.207603  71.436562  62.328072  57.012390  53.226982 
 54.492393  61.397812  71.796097  84.071251  95.771873  105.821564  113.875473  118.989059  120.590775  118.409378  113.128601  104.812347  94.497185  83.066559  71.145782  61.419060  55.908226 
 56.743492  67.589531  81.120468  95.158440  108.607498  120.608444  130.572662  137.167191  139.247650  136.412338  129.673904  119.361557  107.297653  94.148285  80.424690  67.474846  57.709221 
 60.301453  74.459373  89.728592  105.420471  120.637192  134.912964  147.000626  155.188904  157.861725  154.318436  145.850311  133.140625  118.800003  104.035622  88.880623  73.907501  60.871666 
 64.063652  80.069061  96.522186  113.502350  130.535629  147.016556  161.305161  170.565475  173.521561  169.575623  160.018753  145.380630  128.799850  112.140152  95.638123  79.587341  64.817558 
 66.980309  83.804062  101.349220  119.145157  137.626404  155.750931  171.071869  180.546097  183.291718  179.475632  169.475006  153.739059  135.439056  117.410629  100.007500  83.119064  67.185310 
 67.625938  85.117188  102.910156  121.262650  140.192657  158.772186  174.197815  183.647339  186.301559  182.709686  173.675629  157.425156  138.564224  120.268600  102.117966  84.302345  68.162971 
 66.578911  83.703278  101.175156  119.176712  137.626556  155.552963  170.699371  180.095627  182.745789  179.123123  169.913132  154.059525  135.755005  117.726257  100.237816  83.034065  67.144478 
 64.033226  80.047813  96.601563  113.571091  130.592972  146.838745  160.999374  170.027191  172.770004  168.741409  159.275162  144.979218  128.382813  112.114532  95.813126  79.699066  64.722389 
 60.228287  74.261406  89.311722  104.961403  119.926407  134.091568  146.122650  153.900787  156.422806  153.281876  145.076874  132.814224  118.629059  104.075935  89.050468  74.247658  61.147034 
 56.633278  67.590157  81.011871  95.056717  108.159218  119.891251  129.764999  136.357346  138.395462  135.625000  129.024063  119.050156  107.233284  94.336250  80.791092  67.834534  57.966820 
 54.709534  61.317657  71.629059  83.750153  95.333122  105.316254  113.431091  118.624695  119.999374  117.657028  112.451096  104.560936  94.609375  83.461563  71.577812  61.831253  56.209999 
 52.172447  56.638702  62.500313  71.747864  81.496048  89.845421  96.330879  100.452606  101.792709  100.265572  96.037552  89.672195  81.239380  71.424477  62.678642  57.294998  53.696251 
 } 
 GB Channel
 {
 51.873810  56.677963  63.044060  72.687759  82.478851  91.169113  98.022293  102.403381  103.985786  102.074112  97.924324  90.474998  81.747604  71.849380  62.501816  57.267555  53.680473 
 54.622139  61.641090  72.201561  84.715469  96.579689  106.811409  114.968124  120.371094  121.866409  119.583908  114.094528  105.668747  95.062187  83.399376  71.294533  61.493591  56.107140 
 56.580254  67.622971  81.407501  95.744843  109.409218  121.483749  131.525162  138.431717  140.533279  137.585938  130.547028  120.049530  107.845001  94.476563  80.431877  67.343750  57.568748 
 59.947861  74.365158  89.934845  105.807968  121.243286  135.654526  148.000473  156.200943  158.982498  155.456253  146.662033  133.752182  119.342346  104.205627  88.842186  73.618591  60.534637 
 63.540215  79.764374  96.510315  113.659225  131.013596  147.590622  161.825470  171.377975  174.352493  170.312653  160.718750  145.826874  129.066711  112.222656  95.450470  79.146721  64.241928 
 66.177132  83.402344  101.042030  119.027344  137.634995  155.824997  171.102966  180.814850  183.766876  179.754532  169.552185  153.714996  135.431244  117.288910  99.535156  82.411720  66.535675 
 66.713234  84.370316  102.370003  120.877808  139.777039  158.434692  173.819382  183.362183  186.228592  182.527344  173.433746  157.014694  138.308899  119.790619  101.483597  83.508751  67.365837 
 65.631981  82.869064  100.570625  118.711243  137.122971  154.995468  170.072968  179.622650  182.465469  178.738907  169.606720  153.470001  135.267807  117.154694  99.486092  82.109222  66.235680 
 63.093079  79.289528  95.846405  112.925781  129.905472  146.223434  160.241409  169.365311  172.346405  168.272964  158.809372  144.382034  127.860474  111.463905  95.013596  78.850311  63.901978 
 59.286568  73.524063  88.660934  104.309845  119.180939  133.304214  145.242340  153.203751  155.655151  152.470001  144.252975  132.060318  117.957184  103.392815  88.401718  73.497498  60.384583 
 55.924896  66.922813  80.439529  94.346565  107.411247  119.035156  128.856720  135.362976  137.423431  134.771408  128.149216  118.129837  106.487503  93.819687  80.115158  67.193123  57.469795 
 54.181618  60.776405  71.066406  83.245003  94.671249  104.589844  112.540466  117.793747  119.234680  116.991089  111.638435  103.709846  93.877815  82.770309  70.972809  61.256721  55.910675 
 51.867867  56.188698  62.037025  71.069992  80.912498  89.368385  95.809013  100.202919  101.342194  99.747139  95.479279  89.002136  80.587807  70.945320  62.146568  56.902756  53.491096 
 } 
 B Channel
 {
 34.145626  37.894794  42.527447  49.465263  56.715111  62.734795  67.228546  70.005989  71.043129  69.984734  67.165100  62.201248  56.086769  48.998230  42.302868  38.466198  36.344116 
 36.653542  41.883125  49.702660  58.802971  67.150940  74.244377  79.691872  83.038284  84.131874  82.754532  79.303436  73.651253  66.380936  58.204063  49.441406  42.285156  39.002029 
 38.610313  46.621563  56.708748  67.004532  76.470779  84.761253  91.459221  95.841560  97.299217  95.406563  90.956093  84.084846  75.774529  66.462814  56.521408  46.965782  40.741825 
 41.225208  51.520622  62.721565  74.027496  84.456879  94.283752  102.444374  107.971565  109.758278  107.660309  102.023125  93.528435  83.671875  73.306252  62.562187  51.686409  43.056194 
 43.859425  55.352966  67.230003  79.192184  90.791252  102.005310  111.541405  117.847031  119.901871  117.333282  110.983124  101.011253  89.731720  78.376404  66.758591  55.254845  45.480885 
 45.489216  57.496094  69.913910  82.231720  94.776093  107.007347  117.311096  123.627350  125.641403  123.151566  116.455780  105.868439  93.446404  81.329216  69.273590  57.415779  46.900570 
 45.821407  58.038284  70.477654  82.993591  95.725311  108.223122  118.690002  125.088745  127.068130  124.722656  118.614838  107.519218  94.817184  82.770935  70.363594  58.015938  47.354267 
 44.887657  56.999535  69.223282  81.392502  93.630623  105.686096  115.879837  122.314377  124.261246  121.959381  115.910629  105.268593  93.062187  81.083282  69.108124  57.067184  46.661770 
 43.199223  54.564842  66.173439  77.710312  89.012810  99.748749  109.174843  115.182968  117.171570  114.829224  108.640160  99.157501  88.260628  77.314529  66.137657  54.857498  45.012920 
 40.621666  50.588753  61.269844  72.010155  82.059532  91.381874  99.203903  104.555000  106.320938  104.470627  99.197815  91.285156  81.842972  72.170937  61.706253  51.129059  42.520733 
 37.891403  45.822033  55.482498  65.382965  74.352966  82.230156  88.657967  93.028435  94.540939  93.073593  88.872971  82.382813  74.370941  65.612968  56.011719  46.664532  40.214737 
 36.396980  41.420311  49.022659  57.735939  65.918907  72.691254  77.981247  81.331879  82.444687  81.248436  77.976410  72.601875  65.807343  57.988434  49.383438  42.275314  39.086147 
 34.698231  38.181980  42.459110  49.274269  56.487869  62.316254  66.760422  69.401459  70.415939  69.628441  66.986198  62.509796  56.457550  49.465111  42.844269  38.939060  37.007397 
 } 


 White Balance Data with optical Center Data
 r_center_x =  658 r_center_y =  502 
 gr_center_x =  648 gr_center_y =  486 
 b_center_x =  633 b_center_y =  472 
 gb_center_x =  652 gb_center_y =  467 
 r/gr 0.613812 
 b/gr 0.681185 
 gb/gr 0.998005 
 r_oc_ave 114.875549 
 b_oc_ave 127.484451 
 gr_oc_ave 187.151108 
 gb_oc_ave 186.777771 

 [AWB]
 RGr =  0.613812 
 BGr =  0.681185 
 GbGr =  0.998005 
 r_oc_ave =  114.875549 
 b_oc_ave =  127.484451 
 gr_oc_ave =  187.151108 
 gb_oc_ave =  186.777771 