 LEFT LENS SHADING DATA
 RED Channel
 {
 27.796406  30.310989  34.042084  40.206879  46.544743  51.934998  56.072403  58.609474  59.309586  57.969170  55.002609  50.306778  44.548229  38.232655  32.582134  29.317448  27.654530 
 29.262657  33.140781  39.802502  47.635624  55.184532  61.471252  66.546562  69.846565  70.571251  68.714996  64.909691  59.219688  52.509064  45.265781  37.768593  31.628906  28.377865 
 30.689480  37.405312  46.113281  55.160782  63.790627  71.335312  77.789688  81.756561  82.882660  80.433746  75.558128  68.567184  60.610626  52.364845  43.640312  35.361874  29.476875 
 33.165001  42.051250  51.958282  61.965309  71.817345  80.888123  88.749687  93.881409  95.163910  92.287971  86.105003  77.479843  68.064064  58.594688  48.934685  39.505157  31.499115 
 35.708904  45.870781  56.601875  67.635002  78.701561  89.202499  98.255783  104.121246  105.678123  102.421562  95.372810  85.256248  74.280937  63.582344  53.006874  42.878281  33.678905 
 37.513233  48.436562  59.667030  71.423904  83.462029  95.062187  104.953125  110.984840  112.418442  109.256409  101.896248  90.796875  78.671097  67.059219  56.027344  45.162498  35.132500 
 38.071041  49.391876  61.101410  73.305779  85.362030  97.283440  107.222969  113.487656  114.925781  111.673439  104.772186  93.363434  81.010155  68.903908  57.175316  45.977188  35.787601 
 37.522709  48.658127  60.069847  71.728127  83.594376  95.089218  105.019066  111.106560  112.484528  109.290939  102.274216  90.950310  78.841560  67.325310  56.072342  45.272030  35.375160 
 36.200779  46.390156  57.172653  68.124222  79.003754  89.426094  98.368752  104.145470  105.669220  102.237030  95.230469  85.342346  74.668434  64.062035  53.478127  43.169376  33.754372 
 33.738075  42.589531  52.584846  62.734375  72.380936  81.230003  88.612503  93.646721  94.917343  92.296249  86.220001  77.789063  68.470154  59.160309  49.372345  39.775158  31.580364 
 31.498386  38.246094  47.083439  56.233284  64.790779  72.162033  78.183128  82.148750  83.149689  81.020622  76.080467  69.251717  61.369690  53.034843  44.187500  35.835625  29.684792 
 30.467503  34.443748  40.878906  48.680000  56.129997  62.389847  67.434219  70.550468  71.247658  69.744377  65.812813  60.139687  53.428909  46.084530  38.384220  32.132500  28.717083 
 29.033749  31.546253  34.843281  40.564999  46.828331  52.222549  56.347343  59.041504  59.513702  58.426872  55.076569  50.592606  44.745361  38.522655  32.823593  29.465416  27.272499 
 } 
 GR Channel
 {
 52.419426  57.329430  63.466408  73.037132  82.793076  90.939316  97.368950  101.511513  102.846977  101.022919  96.388176  89.274948  80.479271  70.772812  61.798180  56.543274  53.514114 
 55.334007  62.086716  72.640778  84.699844  96.197029  106.045784  113.784378  118.870468  120.195313  117.380005  111.964218  103.582657  93.223434  82.087814  70.241722  60.417656  55.040787 
 58.114273  69.010941  82.482033  96.386566  109.658440  121.228439  131.033127  137.296722  138.709839  135.530472  128.630005  118.274841  106.102966  93.283752  79.735313  66.604530  56.806404 
 62.076515  76.129219  91.441406  106.786247  121.895309  135.938599  147.868286  155.374695  157.394226  153.779221  145.055313  132.286407  117.945160  103.155624  88.073441  73.177185  60.260521 
 66.071198  81.961403  98.492500  115.229538  132.236252  148.419220  161.921097  170.847809  173.436249  169.102493  159.294525  144.382660  127.574371  111.012970  94.646248  78.560936  63.647186 
 68.799736  85.940781  103.232498  120.961716  139.138275  156.582184  171.608597  180.861725  183.276566  179.137650  168.954849  152.612030  134.073441  116.240463  99.122658  82.130623  66.106049 
 69.858902  87.259529  105.175156  123.581100  141.455475  159.928589  175.097504  184.388443  186.744537  182.717194  173.424850  156.527649  137.801086  119.361252  101.246407  83.485153  66.995369 
 68.824844  86.097969  103.636566  121.095779  139.079056  156.752655  171.741257  181.007813  183.400620  179.381714  169.758591  153.051407  134.479065  116.792664  99.328438  82.273438  66.378853 
 66.551979  82.591560  99.104843  115.653442  132.503601  148.473129  162.172180  171.023285  173.627350  169.000000  159.201874  144.528595  127.904694  111.601097  95.167030  78.888123  63.613129 
 62.601555  76.714066  92.093285  107.526718  122.365311  136.045944  147.581879  155.344849  157.342346  153.930786  145.346558  132.758438  118.284378  103.853127  88.654221  73.435310  60.091980 
 59.255623  70.063126  83.752029  97.868904  111.021095  122.360779  131.635620  137.818130  139.378906  136.458908  129.485001  119.301712  107.302971  94.395470  80.387032  67.065315  56.835312 
 56.937027  63.836403  74.179375  86.212502  97.744530  107.564377  115.153748  119.938126  121.285629  118.911880  113.355469  105.043121  94.778595  83.314377  71.187035  61.034843  55.147972 
 53.627869  58.820778  64.446457  73.376251  83.287659  91.532295  97.914581  102.002296  103.037704  101.246452  96.548592  89.786873  81.029213  71.037704  61.942657  56.395470  52.488388 
 } 
 GB Channel
 {
 53.512291  58.356880  64.486198  74.222290  84.097389  92.645050  98.873444  103.107605  104.165108  102.058960  97.154945  90.040260  81.265312  71.193794  62.108177  56.680313  53.914894 
 56.276466  63.028122  73.628906  86.016876  97.694061  107.476097  115.265930  120.499695  121.757187  118.795624  113.072662  104.359222  93.794060  82.403595  70.374222  60.502815  55.144478 
 58.639900  69.624062  83.434685  97.679062  111.050468  122.790314  132.552658  138.804840  140.292496  136.764694  129.600311  118.951401  106.612190  93.599846  79.663284  66.466095  56.726295 
 62.303185  76.757965  92.294220  108.054222  123.243912  137.302338  149.249695  156.668747  158.714844  154.796722  145.761871  132.764999  118.279526  103.282814  87.829376  72.763435  59.735939 
 66.155365  82.370155  99.116875  116.128754  133.354538  149.450317  162.901245  171.804535  174.256409  169.742035  159.620941  144.529068  127.630310  110.742340  94.168434  77.850624  63.106880 
 68.655884  85.963593  103.465469  121.469849  139.721878  157.032654  171.675934  180.933121  183.385788  179.072495  168.687973  152.329681  133.717499  115.624695  98.340782  81.199997  65.124588 
 69.447243  87.138283  105.216408  123.722183  141.527817  159.611877  174.620941  183.786087  186.102814  181.989685  172.545471  155.579376  136.924850  118.400162  100.260155  82.287811  65.906151 
 68.385368  85.823906  103.425629  120.856400  138.586411  156.031723  170.865784  180.070313  182.389374  178.098434  168.408432  151.829849  133.236404  115.554993  98.070465  80.924690  65.022186 
 65.854584  82.216248  98.628754  115.266556  131.836563  147.394379  160.862808  169.545944  172.072189  167.410934  157.510162  142.858124  126.512817  110.254684  93.661095  77.397186  62.398018 
 62.258125  76.293121  91.477966  106.929375  121.493286  134.783127  145.926880  153.549057  155.416718  151.946869  143.347961  130.832504  116.757034  102.341873  87.248436  72.038437  58.675522 
 58.531456  69.463127  83.042343  97.026405  109.862656  120.873123  129.928131  135.819214  137.258438  134.255630  127.314377  117.362183  105.539063  92.738907  78.923439  65.728127  55.698547 
 56.388695  63.258904  73.370628  85.277809  96.523903  106.035782  113.333755  117.996872  119.197037  116.854065  111.276405  103.081879  93.011566  81.766876  69.752968  59.861565  54.069481 
 53.293701  58.259537  63.621048  72.444473  82.149948  90.172234  96.586662  100.408958  101.347237  99.507813  94.745789  87.896454  79.461975  69.708954  60.663589  55.364059  51.576981 
 } 
 B Channel
 {
 36.255310  40.038647  45.010159  52.360161  59.892601  65.927246  70.385941  73.208176  73.937286  72.616615  69.764633  64.658951  58.331245  51.214012  44.463543  40.378071  38.801407 
 37.761562  42.806564  50.584534  59.515778  67.809685  74.695778  80.007187  83.302971  84.148125  82.621407  79.008591  73.229378  65.901253  57.926720  49.380623  42.255783  39.211823 
 39.690365  47.557655  57.343903  67.333435  76.641716  84.708748  91.228439  95.297966  96.552185  94.364532  89.834846  82.750313  74.379219  65.432816  55.754059  46.398281  40.230156 
 42.277500  52.502502  63.537033  74.455940  84.879997  94.454689  102.511093  107.900467  109.209373  106.656250  100.790466  92.125778  82.296875  72.244530  61.627968  51.047653  42.659531 
 44.995522  56.472191  68.170624  79.908127  91.434685  102.624374  111.950157  117.828278  119.475159  116.658600  110.113594  99.920937  88.591560  77.376404  66.007813  54.644218  45.032345 
 46.793747  58.923752  71.084061  83.336716  95.856720  107.959534  117.986725  123.970154  125.647034  122.890320  116.198914  105.087189  92.701408  80.637344  68.806091  57.014999  46.532497 
 47.336823  59.642029  72.201096  84.817657  97.382347  109.660309  119.671875  125.836716  127.579224  124.777039  118.500778  107.229691  94.727341  82.441254  70.059998  57.651253  47.096249 
 46.635365  58.808907  71.204529  83.441872  95.669533  107.308281  117.242813  123.479218  124.970932  122.214996  116.024841  104.896408  92.436249  80.561874  68.504997  56.784691  46.435936 
 44.972343  56.439217  68.321091  79.934845  91.034843  101.713593  110.797653  116.619843  118.263901  115.251556  108.792969  98.970779  87.996094  77.028122  65.746407  54.488594  44.582554 
 42.341663  52.550003  63.674217  74.269066  84.213905  93.361252  100.827972  105.807190  107.039841  104.754845  99.101563  90.889534  81.356247  71.648903  61.270157  50.697342  42.045471 
 40.000156  47.920780  57.691254  67.534531  76.571251  84.132965  90.084999  93.790466  94.771873  92.817810  88.382965  81.714066  73.751091  65.037659  55.437347  46.179062  39.693645 
 38.487812  43.374062  50.820160  59.474686  67.322189  73.975784  78.750000  81.714531  82.408752  81.033440  77.365623  71.940155  65.056091  57.273285  48.921722  41.835625  38.353542 
 36.004478  39.861980  43.915783  50.432182  57.355110  62.926407  67.157501  69.619743  70.275414  69.020523  66.125206  61.618706  55.585884  48.754326  42.249844  38.448956  36.357292 
 } 


 White Balance Data with optical Center Data
 r_center_x =  633 r_center_y =  474 
 gr_center_x =  632 gr_center_y =  479 
 b_center_x =  652 b_center_y =  501 
 gb_center_x =  644 gb_center_y =  480 
 r/gr 0.614949 
 b/gr 0.682158 
 gb/gr 0.995971 
 r_oc_ave 115.328888 
 b_oc_ave 127.933334 
 gr_oc_ave 187.542221 
 gb_oc_ave 186.786667 

 [AWB]
 RGr =  0.614949 
 BGr =  0.682158 
 GbGr =  0.995971 
 r_oc_ave =  115.328888 
 b_oc_ave =  127.933334 
 gr_oc_ave =  187.542221 
 gb_oc_ave =  186.786667 