 LEFT LENS SHADING DATA
 RED Channel
 {
 37.047134  40.641304  45.036198  52.528122  60.778122  67.906563  73.651253  77.288177  78.623909  77.374115  73.875313  68.143120  61.107918  53.279160  45.876404  41.012238  37.935989 
 39.240471  44.156094  52.098907  62.089378  71.720627  80.291565  87.278748  92.189217  93.912033  92.170158  87.741562  80.651878  72.095001  62.743752  53.007034  44.769531  39.928486 
 41.081146  49.192810  59.875000  71.426407  82.578438  92.941872  101.808281  108.191872  110.654999  108.378441  102.435471  93.552971  83.076096  72.346092  60.960785  50.060783  41.910988 
 43.894375  54.621872  66.907028  79.980621  92.841873  105.339218  116.573120  124.897812  128.054688  125.100311  117.414841  106.179535  93.480469  80.767342  68.002968  55.591095  44.928802 
 46.747185  59.063438  72.478127  86.745781  101.607658  116.142654  129.883911  139.624374  143.173431  139.925934  130.908905  117.495621  102.423752  87.803284  73.711716  60.192497  47.811668 
 48.614738  61.922028  76.287971  91.455940  107.733597  124.101257  139.067810  149.366562  153.033600  149.756714  140.345001  125.638443  108.667030  92.817497  77.706253  63.457344  50.135880 
 49.333435  63.047188  77.821716  93.688751  110.110466  127.293900  142.616257  152.799225  156.795319  153.432816  144.337341  129.326721  112.024536  95.324532  79.535156  64.553749  50.885414 
 48.474846  62.076721  76.515160  91.616409  107.736717  124.176086  139.293747  149.496567  153.192963  149.840317  140.878906  126.410156  109.000938  93.026405  77.953751  63.586716  50.313179 
 46.550518  59.183441  72.825157  86.900314  101.778748  116.418121  129.942184  139.528748  143.179535  139.868118  131.036560  117.811722  102.849998  88.364059  74.238907  60.672813  48.239067 
 43.742603  54.739685  67.201408  79.995781  93.025314  105.410156  116.654373  124.771088  127.961411  125.299530  117.794846  106.829842  94.065002  81.292969  68.526566  55.984688  45.320934 
 41.566978  49.607811  60.343903  71.798592  83.143906  93.374687  102.311562  108.683128  111.271408  109.224533  103.214066  94.585159  84.079842  72.987816  61.454689  50.622658  42.418282 
 39.992085  44.748749  52.628281  62.442184  72.161247  80.718285  87.749222  92.774063  94.614685  93.186249  88.487030  81.498123  72.872971  63.239845  53.325935  45.335781  40.587658 
 37.542084  40.830418  44.899323  52.166359  60.385834  67.565575  73.225258  77.205315  78.706764  77.750000  74.231407  68.417290  61.010262  53.084633  45.333855  41.384743  38.187241 
 } 
 GR Channel
 {
 48.615784  54.292450  60.209427  69.038857  78.545097  86.770470  93.040001  96.951668  98.224266  96.853851  92.778702  86.683281  78.631508  69.430519  60.514069  54.395470  50.264641 
 52.502449  59.312653  69.154221  80.817184  91.727188  101.138596  108.612503  113.867493  115.513443  113.398438  108.578903  100.982658  91.480469  80.865936  69.465309  59.311096  53.188805 
 55.293694  65.856407  78.737656  92.172653  104.805466  115.972656  125.413757  131.911087  134.225464  131.622818  125.216873  115.668747  104.209846  92.057030  79.011253  65.960785  55.799736 
 59.056404  72.488281  87.219528  102.141876  116.460007  130.159851  142.097031  150.626556  153.652649  150.354843  142.180313  130.184372  116.072342  102.040314  87.483284  72.828438  59.778023 
 62.827606  77.989685  93.962654  110.113281  126.434998  142.494537  157.040939  167.019836  170.671722  166.960159  157.340775  142.867035  126.255783  110.113747  94.366249  78.455780  63.618073 
 65.354218  81.803596  98.608284  115.591568  133.491714  151.352036  167.503128  178.191406  181.733902  177.980164  167.963593  151.874069  133.342651  115.881256  99.033905  82.539063  66.395317 
 66.237709  83.193123  100.422653  118.146713  136.240936  155.035782  171.447189  182.155945  185.834534  182.273285  172.457809  156.189850  137.253601  118.979538  101.392654  84.039528  67.478073 
 65.221100  81.942970  98.877655  115.945007  133.625931  151.744217  168.035934  178.646713  182.250153  178.399063  168.856720  153.135315  133.747192  116.255463  99.412811  82.718750  66.769585 
 62.713486  78.412033  94.564690  110.592972  126.920319  143.127502  157.651871  167.800156  171.466873  167.696411  158.135788  143.613754  126.929688  110.927658  95.060623  79.117035  64.069740 
 59.203178  72.922966  87.707184  102.430000  116.963913  130.608902  142.676712  151.275620  154.469528  151.502029  143.371094  131.308594  117.154526  102.912346  88.367035  73.517342  60.119637 
 56.167549  66.562347  79.467033  92.798904  105.641876  116.899994  126.473129  133.157654  135.693588  133.298752  126.705627  117.097351  105.541092  93.068909  79.942810  66.790779  56.320572 
 53.628288  60.220154  69.894684  81.527344  92.673439  102.153908  109.742340  115.029526  116.912033  115.236725  110.030159  102.260780  92.520622  81.642342  70.007813  60.127655  53.631195 
 49.376617  54.602867  59.881355  68.707970  78.284683  86.339943  92.423805  96.748489  98.401405  97.171928  93.012863  86.653076  78.361465  68.814636  59.751564  54.668282  50.022453 
 } 
 GB Channel
 {
 49.146042  54.594376  60.633743  69.926979  79.872345  88.268852  95.184013  99.368858  100.841560  99.152763  95.023430  88.270157  79.858910  70.320778  60.795418  54.604736  50.295158 
 52.348961  59.306877  69.430000  81.506561  92.917969  102.775940  110.700470  116.188431  118.149063  115.889221  110.727188  102.634529  92.529533  81.378906  69.468750  59.052032  52.876823 
 54.691406  65.398285  78.631561  92.437813  105.421722  117.187805  127.125305  134.025314  136.637817  133.934525  127.108597  117.106247  105.034378  92.283279  78.760155  65.319374  55.035202 
 58.078491  71.682030  86.732346  102.028122  116.683289  130.939682  143.248901  152.308121  155.584213  152.383743  143.691406  131.182816  116.496872  101.844841  86.811874  71.784378  58.755623 
 61.408859  76.840935  93.052811  109.511253  126.276413  142.619217  157.619537  168.053284  172.046570  168.362503  158.298431  143.396881  126.193436  109.465935  93.262497  77.105934  62.161354 
 63.672859  80.250153  97.222504  114.483124  132.551712  150.723282  167.182037  178.425629  182.196869  178.658752  168.218445  151.767029  132.664063  114.761093  97.539528  80.797501  64.642502 
 64.544273  81.394684  98.697189  116.588120  134.859680  153.807343  170.561874  181.627502  185.789215  182.193588  172.253906  155.595474  136.242966  117.542191  99.687965  82.114532  65.613899 
 63.371246  80.154999  97.069847  114.227814  132.085938  150.211411  166.749695  177.860779  181.714066  178.147507  168.200317  152.365005  132.676880  114.774841  97.678284  80.752968  64.761093 
 61.011513  76.777969  92.828903  108.991409  125.367813  141.773438  156.538757  166.906403  170.886566  167.274689  157.487350  142.763596  125.712189  109.440155  93.369690  77.307190  62.226349 
 57.790474  71.483597  86.366722  101.112343  115.704529  129.555313  141.734222  150.598129  153.999069  151.129684  142.910004  130.598282  116.103745  101.632347  86.907814  71.949532  58.496826 
 55.007866  65.348907  78.371559  91.760941  104.707970  116.049057  125.935944  132.838287  135.534225  133.158279  126.385162  116.637497  104.766716  92.045937  78.815002  65.488747  55.123337 
 52.857765  59.341721  69.053909  80.758278  92.072815  101.756409  109.601563  115.090149  117.202499  115.338913  109.996559  102.049843  92.089378  80.928749  69.081253  59.172966  52.722763 
 48.901100  53.968590  59.499527  68.468079  78.092400  86.489532  92.964478  97.396202  99.037498  97.986191  93.551979  86.958801  78.236870  68.507088  59.148331  53.913597  49.204849 
 } 
 B Channel
 {
 17.485573  20.175575  23.193752  27.775101  32.571926  36.328697  39.449738  41.290421  41.805157  41.186821  39.284847  36.321198  32.323593  27.746666  23.339478  20.537815  19.222813 
 18.673489  21.883282  26.721249  32.433437  37.580467  42.000156  45.455780  47.759998  48.565781  47.529530  45.337967  41.816406  37.382969  32.384998  26.887814  22.206562  19.905731 
 19.892708  24.900623  31.204376  37.571251  43.429688  48.561562  52.823753  55.702812  56.675316  55.543434  52.647186  48.451096  43.131248  37.545780  31.316719  25.304062  21.243229 
 21.497654  28.035782  35.042187  42.058750  48.513283  54.698280  59.919220  63.590622  64.842812  63.415154  59.913437  54.581879  48.290939  41.936562  35.225624  28.455154  23.121201 
 23.238384  30.464844  37.984375  45.362343  52.603127  59.635628  65.968437  70.200783  71.580154  70.148590  66.030159  59.833122  52.529060  45.402500  38.163124  30.972031  24.771408 
 24.293488  32.009533  39.791561  47.419846  55.259842  63.039375  69.793434  74.188751  75.624374  74.254684  70.126091  63.429375  55.405624  47.706875  40.122814  32.645313  26.089481 
 24.756042  32.531876  40.432655  48.286407  56.161720  64.167816  70.965782  75.265472  76.989372  75.569687  71.636253  64.785156  56.686409  48.884377  41.024532  33.246563  26.475311 
 24.213593  31.886719  39.565937  47.102345  54.859840  62.427032  69.135155  73.624222  75.143593  73.800781  69.920624  63.521561  55.237190  47.632500  40.068592  32.620937  26.003021 
 23.190105  30.225937  37.494530  44.659531  51.763908  58.552185  64.537186  68.884377  70.463280  69.091248  65.334221  59.302185  52.210472  45.305782  38.118752  30.937813  24.804066 
 21.570156  27.620781  34.410000  41.059532  47.353592  53.152809  58.301559  61.929222  63.356094  62.311249  59.076096  54.013435  47.930626  41.666874  35.045624  28.311249  22.870834 
 20.045570  24.638283  30.634533  36.683281  42.316563  47.229843  51.398750  54.362656  55.598282  54.646721  52.053284  47.984219  42.913437  37.286095  31.157345  25.201874  20.946457 
 18.883175  21.736717  26.145313  31.481407  36.546562  40.854843  44.317188  46.651562  47.605000  46.867657  44.779686  41.404064  37.037655  31.994843  26.514687  21.971249  19.543335 
 17.055260  19.194431  21.555313  25.612450  30.163647  33.919220  36.892601  38.790726  39.521248  39.164532  37.359272  34.466564  30.617867  26.183384  21.785938  19.292084  17.551250 
 } 


 White Balance Data with optical Center Data
 r_center_x =  637 r_center_y =  473 
 gr_center_x =  655 gr_center_y =  492 
 b_center_x =  643 b_center_y =  475 
 gb_center_x =  641 gb_center_y =  476 
 r/gr 0.842191 
 b/gr 0.413895 
 gb/gr 1.000429 
 r_oc_ave 156.995560 
 b_oc_ave 77.155556 
 gr_oc_ave 186.413330 
 gb_oc_ave 186.493332 

 [AWB]
 RGr =  0.842191 
 BGr =  0.413895 
 GbGr =  1.000429 
 r_oc_ave =  156.995560 
 b_oc_ave =  77.155556 
 gr_oc_ave =  186.413330 
 gb_oc_ave =  186.493332 