 LEFT LENS SHADING DATA
 RED Channel
 {
 36.421043  39.505627  43.436878  50.579216  58.614685  65.537292  71.086464  74.740417  75.831871  74.647865  71.099632  65.448021  58.491882  50.716766  43.601509  39.541771  36.761772 
 39.076042  43.441875  50.943123  60.659843  70.153435  78.619377  85.594376  90.394997  92.029373  90.250153  85.686096  78.537186  69.910622  60.809685  51.225471  43.387188  39.142605 
 40.667080  48.510002  58.792969  70.154221  81.164215  91.466095  100.430153  106.707657  109.043121  106.647659  100.573906  91.616562  81.095001  70.317657  59.035469  48.484688  40.692604 
 43.316715  53.902344  66.074997  78.838440  91.631874  104.076561  115.395782  123.694061  126.767029  123.560150  115.834061  104.361252  91.493904  78.853592  66.105469  53.958122  43.734379 
 46.158176  58.457970  71.945625  86.060783  100.779686  115.449524  129.004684  138.497650  141.973129  138.552505  129.363586  115.745163  100.569221  85.827972  71.737030  58.392029  46.682240 
 48.355515  61.578438  75.827034  91.046875  107.191406  123.655624  138.600159  148.515320  151.973282  148.499847  139.127029  124.139999  107.015312  90.743904  75.504532  61.538437  48.603020 
 49.502235  62.862030  77.479843  93.341721  109.949219  127.180161  142.409531  152.280472  155.601089  152.395462  143.367340  128.089539  110.339996  93.453903  77.412346  62.743279  49.596405 
 49.074844  62.032967  76.278435  91.692657  107.893280  124.319839  139.342194  149.189529  152.449219  149.101868  140.183289  125.299225  107.523125  91.312813  75.841408  61.692657  48.919533 
 46.871616  59.298904  72.708122  87.140938  102.125938  116.840317  130.244843  139.773743  142.973907  139.572495  130.498444  116.912338  101.672028  86.720154  72.405159  58.984688  47.106770 
 44.004375  54.951874  67.179840  80.089218  93.290154  105.781876  116.934998  124.923752  127.714218  124.852966  117.104843  105.782501  92.718903  79.786247  66.757500  54.385155  44.100365 
 41.928539  49.726875  60.430626  71.904846  83.236252  93.611565  102.498436  108.652809  110.862343  108.537186  102.269844  93.262184  82.555626  71.297653  59.717186  49.104530  41.434742 
 40.484062  45.051563  52.687813  62.357498  72.089996  80.666718  87.610939  92.445625  93.953590  92.313438  87.355621  80.120316  71.313591  61.703751  51.758438  44.038280  39.822243 
 38.456146  41.751144  45.721149  52.866661  60.657501  67.817757  73.444275  77.231049  78.370468  77.167191  73.418953  67.439476  60.202965  51.913750  44.284687  40.673489  38.091408 
 } 
 GR Channel
 {
 48.317085  53.140831  58.235359  67.018227  76.322182  84.241768  90.509796  94.668961  95.964119  94.498955  90.766609  84.470314  76.429741  67.398384  58.798431  53.480362  49.284111 
 52.835838  58.843750  68.186409  79.597809  90.495941  99.955940  107.571877  112.816879  114.736404  112.706879  107.721405  100.026566  90.559532  79.843597  68.527191  58.707657  53.181618 
 55.425781  65.311409  77.903282  91.065315  103.491409  114.920151  124.659683  131.278122  133.769836  131.137650  124.692810  114.976089  103.447968  91.317657  78.111252  65.285309  55.600311 
 59.111824  72.290779  86.625000  101.165314  115.460938  129.247498  141.511093  150.119690  153.419846  150.113281  141.796722  129.676086  115.415466  101.268127  86.553284  72.063438  59.380096 
 62.585052  77.734840  93.527191  109.373123  125.680786  141.750626  156.396561  166.722656  170.123276  166.644226  156.983902  142.476089  125.715622  109.396095  93.448753  77.767029  63.138069 
 65.285988  81.492035  98.124374  115.050308  132.783127  150.861099  166.866882  177.457504  181.169525  177.465942  167.560150  151.662186  132.867035  115.140472  98.008278  81.710625  65.787292 
 66.540161  82.857033  99.892654  117.619843  135.791870  154.509216  170.976868  181.391251  185.075470  181.712814  172.215469  156.103912  136.830780  118.464996  100.389534  83.208282  67.085152 
 65.627350  81.844215  98.393280  115.576874  133.399368  151.396881  167.450775  178.160461  181.719681  178.275314  168.853439  153.090942  133.509064  115.614380  98.358284  81.784378  66.166039 
 63.154373  78.381874  94.173752  110.432968  126.997025  143.119064  157.623123  167.645157  171.190628  167.686401  158.152969  143.527344  126.700775  110.320625  94.057968  78.338905  63.686195 
 59.385101  72.925934  87.613747  102.292343  116.961563  130.757507  142.639847  151.175003  154.360306  151.366714  143.246399  130.964218  116.576569  102.220627  87.406715  72.757965  59.781097 
 56.315155  66.529533  79.475784  92.856560  105.627655  117.092346  126.727188  133.320938  135.751251  133.152191  126.577026  116.753281  104.951248  92.356407  78.959999  66.137184  56.340942 
 53.961296  60.482346  70.159843  81.647812  92.731094  102.261719  109.877815  114.941406  116.868439  114.890930  109.582970  101.780785  91.949997  80.850624  69.152191  59.511093  53.992546 
 50.326714  55.773384  61.245468  69.953651  79.393806  87.399422  93.709061  97.845367  99.135101  97.833031  93.506927  87.120987  78.637917  68.918129  59.630943  54.877968  51.012962 
 } 
 GB Channel
 {
 48.899994  53.736664  59.069435  68.219841  77.972763  86.485725  93.245987  97.614426  99.018860  97.666405  93.404274  86.739113  78.030464  68.444427  59.420624  53.842705  49.705200 
 52.916252  59.097504  68.649216  80.499222  91.904221  101.935310  110.068283  115.682968  117.708435  115.554535  110.364685  101.998909  91.903595  80.762970  68.895622  58.806877  53.168121 
 55.117027  65.115158  77.975471  91.610001  104.545937  116.360001  126.626404  133.851715  136.536087  133.820618  127.141876  116.727661  104.623123  91.851410  78.084846  64.925156  55.115776 
 58.290985  71.580780  86.346718  101.240936  115.865005  130.174683  142.868591  152.228912  155.773285  152.458435  143.874222  131.013443  116.179382  101.371407  86.169220  71.332657  58.400368 
 61.413956  76.718124  92.715309  108.908279  125.436569  141.960159  157.109070  167.872971  171.800781  168.260315  158.306091  143.248123  125.923279  108.986565  92.629845  76.632034  61.857231 
 63.885315  79.947815  96.633751  113.844055  131.795624  150.184845  166.620316  177.713287  181.711243  178.329224  168.049377  151.773285  132.568756  114.287338  96.814217  80.220001  64.217918 
 64.880730  81.025314  98.145470  116.027649  134.290466  153.312973  170.016724  180.988754  184.994370  181.683441  172.101715  155.647812  136.074219  117.231400  98.830780  81.547653  65.314949 
 63.890259  79.865471  96.442184  113.853287  131.768600  149.881088  166.180161  177.309372  181.212189  177.965149  168.445160  152.326721  132.506088  114.260315  96.667969  80.065468  64.375259 
 61.358704  76.680153  92.495155  108.743591  125.446716  141.742188  156.394684  166.922348  170.613129  167.331406  157.668747  142.793747  125.667496  108.979065  92.499062  76.626091  62.052971 
 58.030418  71.443748  86.116096  100.895782  115.709686  129.637192  141.881256  150.592651  153.921097  151.023132  142.856873  130.308899  115.657349  100.997185  85.992340  71.304375  58.363541 
 55.240524  65.382187  78.388748  91.747658  104.726097  116.286407  126.077652  132.987350  135.443909  133.113754  126.256561  116.258591  104.274376  91.434845  77.809372  64.915627  55.197708 
 53.182343  59.572968  69.302498  80.981094  92.185936  101.890778  109.792343  115.165619  117.094849  115.215149  109.713753  101.571251  91.576874  80.233910  68.327034  58.627029  52.968910 
 50.052345  55.269844  60.834167  69.710464  79.138855  87.415161  93.991714  98.492287  99.591301  98.368286  93.927917  87.193748  78.451042  68.556610  59.029739  54.286819  50.372658 
 } 
 B Channel
 {
 17.571247  19.745419  22.060989  26.349060  30.754581  34.620468  37.612968  39.390049  39.901043  39.407238  37.600990  34.627602  30.817707  26.325310  22.059948  19.725887  17.955467 
 19.549999  22.236252  26.725780  32.136562  37.342499  41.681095  45.209843  47.447342  48.250626  47.325783  45.185780  41.629688  37.106876  32.032814  26.587658  22.126095  19.803802 
 20.720417  25.294998  31.370937  37.593281  43.249687  48.394684  52.711876  55.588127  56.656097  55.500938  52.694687  48.299690  42.976250  37.307343  31.066875  25.272030  21.035156 
 22.389740  28.488281  35.392502  42.288280  48.648285  54.721878  60.030785  63.880310  65.254684  63.820938  60.283279  54.774063  48.320313  41.790783  35.058125  28.533592  22.913383 
 23.994896  31.057812  38.454533  45.838280  53.107033  60.038284  66.318283  70.719841  72.147972  70.659843  66.561096  60.115936  52.655472  45.283592  38.034218  31.101250  24.702084 
 25.167450  32.692657  40.310471  48.156403  56.005470  63.732658  70.509377  74.883125  76.374847  74.915939  70.692970  63.784218  55.472031  47.516876  39.906563  32.767345  25.905468 
 25.619011  33.176720  41.016094  49.056717  57.142654  65.147186  71.959373  76.297028  77.709061  76.317657  72.340935  65.310310  56.924843  48.772659  40.779686  33.395000  26.243752 
 25.209431  32.659218  40.359219  48.184372  56.019997  63.804840  70.521095  74.853752  76.252190  74.807968  70.872185  64.127502  55.586403  47.639061  39.933125  32.754375  25.955208 
 24.041668  31.081249  38.508907  45.919998  53.227654  60.274529  66.372498  70.537811  71.851563  70.432503  66.350311  60.092812  52.682030  45.405312  38.056717  31.242031  24.795158 
 22.314220  28.636093  35.524845  42.299843  48.945465  54.936722  60.073280  63.642342  64.793282  63.424690  59.996872  54.646721  48.345001  41.822811  35.049843  28.617344  23.057549 
 20.954220  25.667343  31.785625  38.051094  43.971561  49.046562  53.244377  55.955002  56.879059  55.718437  52.824066  48.501717  43.263439  37.387344  31.169064  25.573593  21.296719 
 19.911720  22.844845  27.392033  32.856720  38.088436  42.521408  45.896717  48.122658  48.798904  47.891407  45.526875  41.973438  37.409061  32.190781  26.701405  22.438438  20.177605 
 18.995888  21.395470  24.025990  28.235676  32.774273  36.614532  39.833595  41.516197  42.074535  41.384113  39.328541  36.220936  32.138645  27.426407  22.855782  20.948437  19.373020 
 } 


 White Balance Data with optical Center Data
 r_center_x =  635 r_center_y =  488 
 gr_center_x =  646 gr_center_y =  498 
 b_center_x =  637 b_center_y =  478 
 gb_center_x =  646 gb_center_y =  486 
 r/gr 0.840737 
 b/gr 0.418994 
 gb/gr 0.998733 
 r_oc_ave 156.279999 
 b_oc_ave 77.884445 
 gr_oc_ave 185.884445 
 gb_oc_ave 185.648895 

 [AWB]
 RGr =  0.840737 
 BGr =  0.418994 
 GbGr =  0.998733 
 r_oc_ave =  156.279999 
 b_oc_ave =  77.884445 
 gr_oc_ave =  185.884445 
 gb_oc_ave =  185.648895 