 LEFT LENS SHADING DATA
 RED Channel
 {
 36.735260  39.874428  44.266197  51.636925  59.461723  66.160568  71.736977  75.162918  76.233078  75.016251  71.425308  65.769272  58.513283  50.772079  43.661976  39.401665  36.503334 
 38.917343  43.826717  51.873909  61.735466  71.031097  79.357033  86.285309  91.007500  92.597031  90.571251  85.866562  78.514687  69.891403  60.706253  51.214066  43.287498  38.593334 
 40.816456  49.141876  60.001091  71.577660  82.372498  92.589691  101.527344  107.708282  109.891563  107.480782  101.104378  91.538910  80.969376  70.431404  59.287346  48.602188  40.426357 
 43.792343  54.930466  67.480003  80.386566  93.146561  105.633125  116.932663  124.868591  127.732971  124.468750  116.630936  104.723282  91.793121  79.335472  66.624687  54.111092  43.266720 
 46.902340  59.631721  73.342659  87.614998  102.372971  117.098587  130.741257  139.897507  143.142349  139.426880  130.212341  116.596878  101.269844  86.589218  72.412971  58.730782  46.111824 
 49.033379  62.858597  77.352028  92.601563  108.776253  125.389069  140.169998  150.025467  153.265152  149.793594  139.927032  124.817657  107.721405  91.640472  76.403908  61.991875  48.526047 
 49.954842  64.106720  79.090935  95.044685  111.702812  128.953278  143.966095  153.899841  157.292496  153.849686  144.302338  128.712036  111.212502  94.483597  78.372345  63.325157  49.549118 
 49.411407  63.335785  78.004372  93.569534  109.766090  126.318436  141.024368  151.010941  154.145462  150.407806  141.486404  126.208282  108.519997  92.520470  77.099060  62.506721  49.122345 
 47.601612  60.537659  74.446877  89.014687  103.897034  118.733276  132.154068  141.326721  144.497192  140.645462  131.980164  118.101257  102.867653  88.279846  73.855934  59.925629  47.369373 
 44.636719  56.054840  68.830002  82.245316  95.077187  107.802811  118.997650  126.767029  129.424683  126.261246  118.484848  107.423752  94.392654  81.466721  68.386406  55.524841  44.475052 
 42.321354  50.808441  61.806404  73.928749  85.163437  95.628281  104.610153  110.816254  112.915939  110.327660  103.877029  95.262032  84.397972  73.142502  61.408279  50.377655  41.930363 
 40.851250  45.886250  54.040779  64.296410  74.334221  82.822342  90.030937  94.877655  96.345627  94.490311  89.496407  82.360939  73.501404  63.614220  53.447655  45.322811  40.112396 
 37.998753  41.911247  46.281410  53.850365  62.402344  69.323807  75.101349  78.836205  79.963539  78.951981  75.063698  69.015106  61.938286  53.429840  45.627449  41.418228  37.527397 
 } 
 GR Channel
 {
 48.192703  53.362709  59.031403  67.842918  76.685417  84.144165  89.924217  93.368492  94.236351  92.799011  89.248749  83.402443  75.520363  66.823280  58.366570  53.087967  48.740051 
 52.245209  59.099373  68.903282  80.377502  90.672501  99.573753  106.619843  111.429535  113.038437  110.907967  106.198753  98.626404  89.402657  79.101410  67.975311  58.192345  52.008385 
 55.215935  65.913437  78.911407  92.010628  103.922188  114.857971  123.926254  130.283752  132.414215  130.044373  123.544373  113.743744  102.421249  90.663124  77.804375  64.845314  54.557808 
 59.325836  73.057503  87.869530  102.434059  116.328751  129.570313  141.422806  149.699371  152.371567  149.322189  141.317810  128.760788  114.824066  101.063591  86.531097  71.673904  58.142036 
 63.194016  78.986717  94.918434  110.793434  126.804535  142.617966  157.034378  166.826721  169.971100  166.302811  156.690781  142.401245  125.776245  109.589531  93.564529  77.404060  61.943237 
 66.164169  83.106247  99.810310  116.847031  134.231720  152.020004  168.037186  178.413757  181.527649  178.145935  168.008743  151.955002  133.425934  115.480774  98.378128  81.468437  64.641350 
 67.425674  84.870468  102.034691  119.777496  137.675156  156.397507  172.650162  182.808899  186.467346  182.945313  173.269684  156.620468  137.632507  119.234848  100.950935  83.192345  65.940056 
 66.877190  83.908440  100.817657  117.987350  135.719223  153.636871  169.757187  180.064377  183.514999  179.505463  170.529999  154.153748  134.598907  116.764847  99.277496  82.105469  65.427765 
 64.493797  80.603592  96.811562  113.134842  129.419693  145.730469  160.030777  170.158127  173.537811  169.440308  160.216568  145.288910  128.316711  111.863747  95.510780  79.133904  63.107025 
 60.700775  75.077660  90.042191  105.302345  119.711411  133.592026  145.721252  154.395935  157.238129  153.741882  145.303909  133.427185  118.767975  104.319221  89.250938  73.844376  59.528954 
 57.518021  68.372185  81.615158  95.620155  108.354218  119.953278  129.761566  136.452347  138.762344  135.944687  128.929062  119.615158  107.574219  94.727966  80.890472  67.402191  56.169273 
 54.931206  61.875153  71.872810  84.065781  95.673279  105.149841  113.042664  118.330475  119.975464  117.888123  112.443909  104.577187  94.779533  83.241722  71.108597  60.959373  53.919792 
 50.329948  55.961205  61.715729  70.963066  81.054321  88.823799  95.486610  99.639008  100.931091  99.555626  95.295357  88.726357  80.741409  70.525681  60.913383  55.571869  50.213547 
 } 
 GB Channel
 {
 48.625000  53.834587  59.985832  69.270988  78.654999  86.837601  93.259895  97.340057  98.442711  96.932137  92.815727  86.189323  77.739006  68.189995  59.396614  53.521042  49.093536 
 52.042915  59.095001  69.404999  81.329529  92.341248  101.922188  109.724060  115.241089  117.084381  114.777344  109.482811  101.207031  91.214218  80.199997  68.621407  58.271873  51.881462 
 54.407814  65.435310  78.912811  92.535782  105.148903  116.681564  126.624695  133.627502  136.075317  133.465622  126.453751  115.882187  103.803596  91.355316  77.830002  64.481247  53.956673 
 58.081146  72.140312  87.318596  102.334373  116.859848  130.794846  143.393433  152.374695  155.461868  152.220779  143.635315  130.318756  115.652496  101.121719  86.058907  70.734222  57.091927 
 61.664017  77.584221  93.687347  109.954376  126.465317  142.938751  158.203903  168.459061  172.067032  168.235001  158.212814  143.058594  125.767349  108.947189  92.461563  75.897034  60.374321 
 64.138123  81.134377  97.927811  115.079224  133.163910  151.474533  167.958755  179.008438  182.508438  178.977493  168.471405  151.840775  132.605469  114.305939  96.618439  79.485313  62.845306 
 65.123650  82.512810  99.685623  117.548279  135.869995  155.054840  171.772186  182.526566  186.413284  182.815002  172.921249  155.766098  136.313751  117.371719  98.827812  80.870155  63.914528 
 64.550415  81.511253  98.311249  115.643906  133.635788  151.929382  168.316711  179.322037  182.929062  179.034058  169.598129  152.936401  133.028595  114.719223  97.084221  79.849846  63.239220 
 62.266037  78.229378  94.391251  110.845154  127.425156  143.907181  158.679993  169.232819  172.844376  168.602966  159.287811  143.976089  126.619537  109.920937  93.256409  76.858124  61.170204 
 58.763954  72.893127  88.072342  103.245316  117.842972  132.053909  144.447662  153.367966  156.524536  152.937805  144.448288  132.157028  117.359070  102.526566  87.252342  71.850311  57.728233 
 55.901138  66.690315  79.934845  94.055000  106.811096  118.664536  128.735779  135.657974  138.222961  135.241714  128.085632  118.480164  106.257965  93.098595  79.177185  65.692497  54.792503 
 53.631348  60.470940  70.518127  82.808441  94.450935  104.215622  112.407654  117.854065  119.557190  117.426407  111.933281  103.722656  93.598747  81.889687  69.643280  59.580780  52.766411 
 49.568848  54.979271  60.753960  70.125938  80.485107  88.367714  95.238701  99.594902  101.005943  99.604530  94.903488  88.186615  80.042923  69.600937  60.160156  54.513489  49.283073 
 } 
 B Channel
 {
 16.968441  19.141769  21.871250  26.103909  30.515728  34.226612  37.010677  38.575417  38.897293  38.467083  36.598228  33.751926  29.841774  25.490730  21.359325  18.813179  17.420677 
 18.325520  21.459686  26.137501  31.583282  36.555313  40.875156  44.075470  46.174999  46.954376  46.084999  43.895313  40.257969  35.823437  30.814064  25.490780  20.907970  18.646511 
 19.463127  24.504375  30.630314  36.740780  42.401562  47.425625  51.476097  54.142654  55.232811  54.170311  51.194374  46.701561  41.390469  35.823280  29.850624  23.919064  19.742813 
 21.166508  27.681717  34.544376  41.228439  47.618752  53.528282  58.597809  62.126717  63.572342  61.968437  58.491722  52.932655  46.537342  40.270313  33.684376  26.903908  21.311611 
 22.958126  30.210625  37.454533  44.629375  51.761719  58.632500  64.800629  68.970001  70.404846  68.650467  64.610779  58.268593  50.893440  43.789219  36.620468  29.386562  23.006981 
 24.217030  31.888905  39.303749  46.892654  54.585938  62.108437  68.776718  73.345940  74.461876  73.043594  68.724846  61.819847  53.775314  46.054688  38.537655  31.084217  24.384010 
 24.700211  32.356876  39.984531  47.869843  55.559845  63.370941  70.240623  74.588753  75.839378  74.466873  70.368439  63.290314  55.172966  47.372501  39.529373  31.766876  24.848957 
 24.359013  31.756718  39.327343  46.900623  54.389687  61.929688  68.706093  73.025940  74.236092  72.675781  68.983284  62.069847  53.775314  46.241093  38.721092  31.245781  24.761406 
 23.162659  30.080780  37.396095  44.582500  51.461250  58.332809  64.519218  68.547966  69.903282  68.246559  64.544998  58.185783  51.120003  44.157501  37.048439  29.846405  23.828281 
 21.368076  27.557030  34.338436  41.056564  47.164532  53.178123  58.395782  61.690002  62.938751  61.554062  58.036873  53.042969  46.922657  40.767189  34.155937  27.382343  22.136299 
 19.967136  24.526093  30.429844  36.676563  42.228748  47.355156  51.540154  54.194534  55.166092  53.948128  51.007187  47.078751  42.013283  36.470158  30.348125  24.395939  20.633854 
 18.882343  21.597969  25.994217  31.422657  36.682343  40.999844  44.362186  46.463123  47.197811  46.297657  44.001564  40.596405  36.347969  31.259842  25.846092  21.433125  19.320625 
 16.971508  19.050259  21.411510  25.654530  30.242554  33.826717  36.570103  38.421875  38.962811  38.354115  36.555729  33.609116  30.193596  25.512554  21.299217  18.865208  17.143127 
 } 


 White Balance Data with optical Center Data
 r_center_x =  670 r_center_y =  500 
 gr_center_x =  633 gr_center_y =  510 
 b_center_x =  643 b_center_y =  451 
 gb_center_x =  621 gb_center_y =  467 
 r/gr 0.843559 
 b/gr 0.405615 
 gb/gr 0.999335 
 r_oc_ave 157.835556 
 b_oc_ave 75.893333 
 gr_oc_ave 187.106674 
 gb_oc_ave 186.982224 

 [AWB]
 RGr =  0.843559 
 BGr =  0.405615 
 GbGr =  0.999335 
 r_oc_ave =  157.835556 
 b_oc_ave =  75.893333 
 gr_oc_ave =  187.106674 
 gb_oc_ave =  186.982224 