 LEFT LENS SHADING DATA
 RED Channel
 {
 36.777866  39.926197  44.608280  52.244316  60.835312  68.133072  74.301933  78.259743  79.821823  78.595001  75.107651  69.422241  62.028801  53.882454  46.264221  41.576355  38.464687 
 38.334530  43.153908  51.301407  61.535782  71.590309  80.477028  87.882965  92.920784  94.870781  93.385002  89.043282  81.903282  72.999847  63.362656  53.248596  44.930939  40.428436 
 39.648071  47.944530  58.909218  70.778908  82.386719  93.209534  102.415466  108.880783  111.434059  109.436562  103.788597  94.845001  84.232498  72.923592  61.047188  50.043282  42.121822 
 42.310467  53.316093  65.966873  79.343437  92.697655  105.654533  117.119217  125.523132  128.832184  126.148590  118.760788  107.645782  94.736877  81.612816  68.234062  55.503281  44.912243 
 45.146725  57.697342  71.480782  85.978752  101.233124  116.397339  130.191711  139.837814  143.637344  140.690933  131.998444  118.709381  103.555313  88.604843  73.956879  60.036247  47.672916 
 46.962452  60.370155  74.866409  90.340935  106.967346  123.831100  138.834839  149.149841  153.193588  150.410309  141.352341  126.597504  109.688278  93.321091  77.791405  63.217346  49.739632 
 47.625885  61.343597  75.963127  92.170784  109.025002  126.659851  141.908432  152.346558  156.532974  153.636414  144.917816  130.004379  112.799377  95.881561  79.473595  64.219528  50.622658 
 46.888592  60.297966  74.615158  90.117188  106.495941  123.296570  138.364059  148.695160  152.715942  149.786560  141.130630  126.871246  109.397499  93.164063  77.677345  63.092033  49.953079 
 44.827553  57.331093  70.898750  85.245155  100.323280  115.333908  128.842026  138.483902  142.262192  139.662811  131.178757  118.123444  103.077187  88.360001  73.830315  60.062035  47.706821 
 41.618122  52.610626  65.094215  78.220467  91.344841  104.084999  115.333588  123.494843  126.848434  124.571869  117.627808  106.551872  93.958122  80.998123  67.902031  55.176872  44.343960 
 38.937183  47.368439  58.267967  69.951561  81.290314  91.841873  100.991875  107.531715  110.122032  108.397034  102.502029  93.811096  83.409843  72.293907  60.507500  49.503128  41.382290 
 37.370834  42.437500  50.712967  60.826561  70.622498  79.415779  86.605316  91.681877  93.443909  92.110939  87.690315  80.734528  72.088593  62.485779  52.365623  44.090469  39.239841 
 35.395000  38.743748  43.451096  51.019066  59.173744  66.487244  72.376976  76.135208  77.803703  76.592606  73.269478  67.633492  60.567558  52.341408  44.319374  39.749008  36.282345 
 } 
 GR Channel
 {
 49.383492  54.500160  60.100105  68.959846  78.244995  86.398643  92.786720  96.935524  98.794273  97.594063  93.947029  87.633026  79.629944  70.378029  61.631882  55.955414  51.427917 
 52.354324  58.884529  68.479691  80.100471  91.195000  100.932816  108.748596  114.375931  116.595932  114.766556  110.030159  102.360939  92.726410  81.942184  70.431877  60.633751  54.639999 
 54.322403  64.797813  77.566719  91.067184  103.855782  115.522339  125.314529  132.437347  135.282501  132.966873  126.684219  116.896088  105.448280  93.115784  79.753593  66.822655  57.105370 
 57.844475  71.139061  85.677345  100.658279  115.312500  129.672653  142.054840  151.168747  154.835785  152.009537  143.809525  131.478912  117.318436  102.965782  88.136093  73.381561  60.499481 
 61.242447  76.452660  92.105934  108.376404  125.141403  141.873444  157.142349  167.539688  171.804062  168.473907  158.761719  144.215469  127.361252  110.908752  94.722031  78.762497  64.143333 
 63.761406  80.089531  96.371872  113.543274  131.851715  150.487976  166.759216  177.915939  182.250778  179.167038  169.280777  153.025314  134.446564  116.464066  99.232811  82.699066  66.635735 
 64.735832  81.236252  98.057655  115.820313  134.227341  153.650162  170.344055  181.335312  185.814850  182.752655  173.361557  157.037506  137.992035  119.458435  101.316719  83.948906  67.730370 
 63.688278  79.963905  96.306564  113.622818  131.703751  150.125931  166.509537  177.746399  181.940002  178.810471  169.289688  153.488434  134.122025  116.157028  98.919998  82.402344  66.705467 
 61.019890  76.276566  91.906403  107.997185  124.770782  141.391251  155.940475  166.373123  170.586716  167.498444  158.041870  143.537186  126.792038  110.590782  94.486092  78.667030  63.942657 
 57.086090  70.520470  85.219376  99.968124  114.565781  128.775787  140.849380  149.662659  153.286713  150.822662  142.741882  130.573441  116.446564  102.090935  87.547501  72.916718  59.924843 
 53.529419  64.210472  77.205002  90.546722  103.227028  115.077194  124.865784  131.656723  134.323593  132.310623  125.847504  115.970932  104.521095  92.240936  79.050934  66.182655  55.986610 
 51.290726  58.086563  68.168282  79.873909  90.882187  100.651253  108.472656  113.557663  115.335464  113.769058  108.830627  101.233749  91.662346  80.970940  69.253593  59.404999  53.117920 
 48.058647  52.964066  58.820992  67.819527  77.213852  85.549164  91.802864  95.714119  97.215683  95.796150  91.862297  85.933754  78.005882  68.536766  59.325058  53.669586  48.965828 
 } 
 GB Channel
 {
 49.609161  54.892914  60.755936  69.832138  79.732704  88.351555  95.481300  99.948128  101.777870  100.493797  96.433388  89.844116  81.104431  71.454681  62.304733  56.323334  51.738747 
 52.221672  58.817497  68.754684  80.913597  92.540627  102.776566  111.072342  117.000626  119.453903  117.518600  112.478592  104.338905  94.011719  82.748436  70.730782  60.591248  54.598755 
 53.709061  64.362816  77.478905  91.376877  104.820938  117.055161  127.265930  134.737030  137.706726  135.398590  128.802505  118.587814  106.505783  93.584373  79.784065  66.493439  56.675514 
 56.707031  70.217659  85.173279  100.651093  115.882660  130.553757  143.602188  153.252975  157.064377  154.206879  145.640930  132.792969  118.153900  103.214066  87.747185  72.719841  59.705887 
 59.870422  75.211250  91.166878  107.848434  125.143280  142.390778  157.940475  168.928131  173.424225  170.044373  160.077026  144.979065  127.576874  110.586876  93.929688  77.726250  62.833336 
 62.053078  78.475784  94.950783  112.444061  131.088120  150.194214  166.993591  178.534225  183.022186  179.937805  169.848755  153.239380  134.084534  115.691254  98.084686  81.256096  65.169640 
 62.780205  79.395622  96.329842  114.370621  133.120621  152.896881  169.799850  181.140320  185.942963  182.906250  173.424377  156.722504  137.430161  118.419373  99.879532  82.225624  65.966873 
 61.684631  77.967346  94.504684  112.027969  130.381088  149.036087  165.651093  177.136871  181.686249  178.574219  168.990936  152.993286  133.278275  114.984680  97.508438  80.663750  65.181664 
 59.223587  74.377968  90.116249  106.400467  123.401566  140.192184  155.063751  165.706879  170.214996  167.145782  157.654068  142.969223  125.987350  109.394684  93.138283  77.125938  62.503021 
 55.459740  68.963280  83.659531  98.593597  113.334686  127.670471  139.967194  149.005157  152.794998  150.395630  142.304993  129.925476  115.569687  101.057503  86.295311  71.572655  58.607025 
 52.196823  62.877029  75.973907  89.438126  102.337967  114.300308  124.232025  131.259369  134.129532  132.113129  125.499527  115.638123  103.981873  91.332497  77.992813  65.119064  54.912399 
 50.239006  57.144218  67.296562  79.182816  90.326874  100.251091  108.266876  113.561874  115.533752  113.889069  108.934372  101.179375  91.347343  80.439217  68.584686  58.561874  52.357292 
 47.527763  52.331512  58.221977  67.441566  77.046875  85.605888  92.156868  96.388542  97.984993  96.505310  92.433128  86.327713  78.020889  68.417343  58.835518  53.145622  48.502708 
 } 
 B Channel
 {
 18.319481  20.555729  23.355000  27.881248  32.698074  36.868389  40.032711  42.087765  42.900677  42.228436  40.468800  37.328644  33.178177  28.587395  24.071304  21.397293  19.696041 
 19.659893  22.891563  27.868752  33.792500  39.443283  44.259842  48.028122  50.602966  51.547966  50.703438  48.558594  44.840313  40.072968  34.612812  28.697342  23.969376  21.712708 
 20.459686  25.662186  32.185314  38.956718  45.361874  51.017029  55.650154  58.928123  60.174530  59.145782  56.370316  51.750626  46.181873  40.023125  33.282032  27.029686  22.935108 
 21.982605  28.567188  35.903282  43.214844  50.306091  57.012032  62.822502  66.910622  68.446091  67.166252  63.573753  57.886719  51.216560  44.327030  36.970470  29.980469  24.355259 
 23.500622  30.883125  38.643749  46.370625  54.212189  61.902031  68.802345  73.443436  75.115623  73.728127  69.551247  62.894997  55.175003  47.541405  39.645470  32.223907  25.878281 
 24.481613  32.251408  40.125000  48.232811  56.572968  65.068436  72.375313  77.235779  78.927498  77.639374  73.388283  66.108910  57.644066  49.463593  41.341564  33.728283  26.788906 
 24.737137  32.577343  40.502811  48.810623  57.172188  65.922028  73.270935  77.991096  79.793282  78.444687  74.457031  67.178123  58.793121  50.386406  41.975468  34.085938  27.117603 
 24.238960  31.853127  39.596874  47.569061  55.664375  64.024376  71.244064  76.052658  77.729530  76.417030  72.524841  65.568436  56.953278  48.786407  40.840626  33.229061  26.665733 
 22.924530  30.093906  37.528908  44.982655  52.535156  60.001091  66.599846  71.064529  72.839066  71.610313  67.570000  61.216248  53.751251  46.314999  38.799843  31.589687  25.375519 
 21.038910  27.435780  34.404221  41.374062  48.106873  54.487190  59.968124  63.765938  65.239220  64.284378  60.844215  55.547501  49.198128  42.602501  35.672657  28.946720  23.504013 
 19.455418  24.570000  30.812813  37.245155  43.216873  48.496094  52.944534  56.005623  57.152191  56.267654  53.489059  49.165939  43.952812  38.120312  31.803280  25.816875  21.694790 
 18.499321  21.812031  26.641094  32.342342  37.576561  42.114689  45.636875  48.027191  48.801407  48.067657  45.937344  42.438282  37.990467  32.857033  27.174217  22.551407  20.217449 
 17.162659  19.433075  22.257553  26.619217  31.195732  35.034687  38.000206  39.917603  40.603283  40.065365  38.166302  35.441406  31.482761  26.986408  22.427345  19.736195  18.023697 
 } 


 White Balance Data with optical Center Data
 r_center_x =  665 r_center_y =  463 
 gr_center_x =  663 gr_center_y =  498 
 b_center_x =  668 b_center_y =  486 
 gb_center_x =  661 gb_center_y =  505 
 r/gr 0.840294 
 b/gr 0.428751 
 gb/gr 1.000095 
 r_oc_ave 157.119995 
 b_oc_ave 80.168892 
 gr_oc_ave 186.982224 
 gb_oc_ave 187.000000 

 [AWB]
 RGr =  0.840294 
 BGr =  0.428751 
 GbGr =  1.000095 
 r_oc_ave =  157.119995 
 b_oc_ave =  80.168892 
 gr_oc_ave =  186.982224 
 gb_oc_ave =  187.000000 