 LEFT LENS SHADING DATA
 RED Channel
 {
 37.185833  40.849167  45.107239  52.261719  60.315102  67.585258  73.150360  76.778175  78.061615  76.776199  73.025307  67.412704  60.072601  52.175362  44.945782  40.544064  37.404900 
 39.884583  44.514999  52.475784  62.533592  72.198441  80.736717  87.671410  92.384216  94.185158  92.362656  87.819061  80.696877  71.940941  62.432655  52.635155  44.605312  39.938229 
 41.774166  49.348747  60.372032  72.253128  83.377029  93.620003  102.377968  108.457809  110.780937  108.573906  102.516251  93.705627  83.210938  72.277809  60.768593  50.007347  41.922550 
 44.584789  54.979378  67.656876  80.866096  93.645157  105.826721  116.759995  124.740631  127.842819  124.891724  117.218597  106.252968  93.625626  80.926559  68.035004  55.588593  44.805889 
 47.254631  59.662346  73.227341  87.604843  102.177185  116.566711  129.847656  139.092346  142.738754  139.469376  130.406097  117.178589  102.318596  87.832497  73.724533  60.155624  47.770206 
 49.528282  62.862656  77.099373  92.321564  108.263435  124.349838  139.018127  149.100464  152.696716  149.443436  139.922348  125.267349  108.426094  92.626091  77.552185  63.396408  49.891197 
 50.511871  64.116875  78.642029  94.283127  110.789841  127.632187  142.688904  152.767654  156.490936  153.094681  144.158905  128.972031  111.708595  95.253593  79.415939  64.574066  50.871979 
 49.762604  63.250938  77.513283  92.504845  108.598122  124.835938  139.388596  149.686401  153.305939  149.897186  140.705933  126.255005  108.772972  93.074371  77.805939  63.488434  50.286774 
 47.814632  60.363594  73.945625  87.965782  102.605156  117.213440  130.374847  140.059692  143.480942  140.087662  131.106400  117.747345  102.753128  88.576721  74.251404  60.658440  48.342186 
 44.608330  55.792503  68.265625  81.120155  93.867653  106.230469  117.286713  125.284378  128.397507  125.701569  117.900787  106.779221  94.087502  81.385002  68.578590  56.115311  45.146976 
 42.048180  50.440468  61.444847  72.975937  84.067032  94.376717  103.168907  109.471092  111.837029  109.605469  103.351715  94.485153  84.054688  72.989372  61.437187  50.505157  41.964527 
 40.452862  45.322655  53.625626  63.656250  73.324219  81.977341  89.038750  93.764221  95.448593  93.797966  88.949997  81.869843  73.261566  63.704063  53.505157  45.027344  39.762554 
 38.204113  41.283699  45.841873  53.592499  61.836922  68.954636  74.629997  78.306511  79.762550  78.434433  74.766670  69.103386  61.737396  53.348228  45.142864  40.609219  37.123386 
 } 
 GR Channel
 {
 48.494896  54.161140  59.691246  68.200264  77.157394  85.204376  91.153694  95.083023  96.510986  94.909584  91.195786  85.024216  77.099380  68.211876  59.915680  54.288017  49.768433 
 53.082397  59.600311  69.196251  80.742966  91.607811  100.885628  108.277657  113.447189  115.267029  113.293747  108.481407  100.849846  91.364372  80.766876  69.664215  59.967186  53.749687 
 56.335938  65.927185  78.833595  92.266716  104.686409  115.919998  125.356247  131.868286  134.223755  131.918442  125.433746  116.048904  104.576248  92.364685  79.435936  66.802185  56.729683 
 60.041504  72.707970  87.387344  102.279533  116.469528  130.119370  142.096878  150.395004  153.556244  150.480774  142.577652  130.655151  116.772659  102.526253  88.098907  73.741722  60.693596 
 63.578751  78.476250  94.034065  110.211250  126.404999  142.465317  156.854996  166.752975  170.392502  167.123276  157.817657  143.550934  126.969528  110.729843  94.890160  79.351250  64.647919 
 66.430733  82.339066  98.566406  115.553284  133.421570  151.245941  167.200943  177.719376  181.358444  178.114838  168.395462  152.690781  134.074371  116.438431  99.507965  83.375313  67.482819 
 67.648079  83.969528  100.423439  117.979996  136.310150  155.265930  171.372498  181.992493  185.664536  182.484680  173.273438  157.167816  138.151718  119.826569  101.905312  84.952034  68.592239 
 66.841713  82.936096  99.200310  115.855942  133.831100  152.042343  168.051559  178.802338  182.400620  179.233276  170.007813  154.525467  135.083908  117.226715  100.037811  83.660309  68.072395 
 64.370834  79.453751  95.127502  110.766251  127.315781  143.892975  158.540466  168.622192  172.147034  168.969376  159.541565  145.027649  128.148132  111.841873  95.871094  80.244843  65.471718 
 60.512444  73.986404  88.648285  103.119064  117.442505  131.512192  143.764221  152.117661  155.519531  152.836243  144.798279  132.618439  118.263443  103.859840  89.297501  74.888435  61.445107 
 57.216301  67.686096  80.627190  93.805153  106.378754  117.872498  127.537338  134.253433  136.764694  134.353745  127.926086  118.289993  106.544846  94.007347  80.929535  68.037498  57.397507 
 54.604942  61.295158  71.373283  82.938438  93.829689  103.328903  110.915001  115.963745  117.956253  116.164536  111.150314  103.514534  93.793907  82.959534  71.380936  61.149689  54.250938 
 50.779114  55.696198  61.320572  70.445518  79.847183  87.820786  93.836662  97.821663  99.301247  98.056816  94.173233  87.890991  79.614120  70.205162  60.653023  55.102600  50.538445 
 } 
 GB Channel
 {
 48.169220  53.857964  59.728226  68.412704  77.912025  86.390472  92.949318  97.238129  98.582817  97.267502  93.287811  86.633804  78.222755  68.902603  60.125938  54.355782  49.429947 
 52.677971  58.944847  68.686562  80.624374  91.905159  101.643593  109.615784  115.165619  117.294067  115.383743  110.227814  102.347343  92.225471  81.253441  69.644684  59.745155  53.505371 
 55.396561  64.865311  77.882965  91.707657  104.576721  116.240936  126.241089  133.127808  135.882187  133.486252  126.976563  117.232498  105.145622  92.528748  79.212654  66.256721  56.177345 
 58.610359  71.157654  86.006721  101.173904  115.742813  129.844849  142.380463  151.208588  154.809067  151.776718  143.710007  131.388123  116.911407  102.327972  87.427811  72.756409  59.593285 
 61.819016  76.485466  92.010941  108.426720  124.997498  141.434372  156.442657  166.770782  170.915939  167.787506  158.318436  143.628128  126.778748  110.111565  93.868752  78.036407  63.083702 
 64.300316  80.105316  96.156563  113.226868  131.306870  149.654373  165.889694  177.120941  181.236099  178.121872  168.295471  152.298126  133.287033  115.335938  98.052185  81.727654  65.678703 
 65.261505  81.332970  97.766090  115.150940  133.733902  152.981094  169.491714  180.606567  184.768127  181.800934  172.568756  156.322815  137.016251  118.317032  100.268440  83.157028  66.673485 
 64.423798  80.257347  96.341560  112.980469  131.161713  149.519531  165.912811  177.166245  181.302032  178.343124  168.984375  153.296722  133.595932  115.537811  98.244377  81.795471  65.999428 
 62.049225  76.929840  92.462029  108.098595  124.666412  141.508911  156.483124  166.977966  170.961563  167.962967  158.472961  143.899689  126.829529  110.206253  94.113747  78.450157  63.547028 
 58.450157  71.818283  86.217346  100.725471  115.134689  129.455475  141.922501  150.822815  154.605774  151.927963  143.870468  131.462967  116.941879  102.369217  87.689377  73.156563  59.686981 
 55.346977  65.789063  78.600471  91.852814  104.415154  116.192337  126.017029  133.177505  136.046875  133.942032  127.303131  117.419846  105.496872  92.828903  79.554222  66.659378  55.995201 
 53.235878  59.686096  69.804375  81.398750  92.388908  102.178596  110.082497  115.409225  117.797974  115.985306  110.801872  102.949532  93.003128  82.053749  70.297813  60.051872  53.399376 
 49.875465  54.467552  60.225212  69.393326  78.943695  87.241714  93.668747  97.906509  99.459839  98.364479  94.068542  87.620575  79.205208  69.492500  59.869476  54.281036  49.757713 
 } 
 B Channel
 {
 17.014530  18.996616  21.746773  25.987080  30.447655  34.404270  37.272762  38.955414  39.624218  39.030472  37.256039  34.197189  30.211823  26.005051  22.007034  19.423904  17.448486 
 19.057449  21.501408  26.063438  31.813751  36.985783  41.395939  44.809219  47.082500  47.862343  47.009842  44.743126  41.258438  36.678280  31.729843  26.498905  22.022030  19.293907 
 20.265053  24.439842  30.553123  37.082188  42.862030  47.995468  52.120468  54.990471  55.958595  54.911720  52.128754  47.841095  42.531250  36.964062  30.986095  25.218437  20.687603 
 21.862190  27.605938  34.470779  41.494686  47.981564  53.898438  59.132187  62.768127  64.001404  62.652191  59.111877  53.834221  47.586563  41.330311  34.802502  28.392654  22.510365 
 23.564686  30.165939  37.297657  44.797031  51.915001  58.808746  65.001877  69.179688  70.666405  69.272972  65.214066  58.933128  51.669373  44.633282  37.694843  30.863594  24.145885 
 24.602867  31.822655  39.160313  46.683281  54.480003  62.143593  68.847809  73.289375  74.713905  73.287186  69.220001  62.458748  54.314690  46.764530  39.469063  32.584843  25.303802 
 25.104481  32.410313  39.738750  47.391876  55.382034  63.297653  70.047966  74.498749  75.920311  74.522812  70.707344  63.749687  55.553284  47.820156  40.285625  33.063908  25.758278 
 24.580936  31.789688  39.000469  46.196720  54.006721  61.592346  68.213280  72.742188  74.153435  72.763748  68.949997  62.460785  54.052498  46.557655  39.315311  32.408749  25.328335 
 23.456978  30.172813  37.152344  43.931252  51.044220  57.892815  64.002815  68.243439  69.687965  68.209373  64.290939  58.164688  51.072342  44.214062  37.438438  30.856720  24.227345 
 21.685207  27.603127  34.168125  40.481876  46.683750  52.560158  57.679535  61.154533  62.496559  61.256874  57.903595  52.825623  46.764530  40.617657  34.465626  28.308907  22.275364 
 20.109482  24.692814  30.471092  36.286564  41.773125  46.735001  50.721252  53.551247  54.568596  53.477966  50.825783  46.776875  41.706875  36.368126  30.688126  25.190937  20.369270 
 18.891457  21.710625  26.183125  31.438595  36.278439  40.491562  43.763283  45.885937  46.631092  45.896252  43.712189  40.492813  36.212189  31.388748  26.308907  21.989532  18.909321 
 17.459789  19.241459  21.803123  25.962551  30.215939  33.837399  36.666405  38.548019  38.964218  38.445831  36.808437  33.966564  30.236355  25.986252  21.622868  19.363491  17.404324 
 } 


 White Balance Data with optical Center Data
 r_center_x =  640 r_center_y =  484 
 gr_center_x =  676 gr_center_y =  485 
 b_center_x =  640 b_center_y =  482 
 gb_center_x =  666 gb_center_y =  519 
 r/gr 0.842492 
 b/gr 0.408594 
 gb/gr 0.996753 
 r_oc_ave 156.853333 
 b_oc_ave 76.071114 
 gr_oc_ave 186.177780 
 gb_oc_ave 185.573334 

 [AWB]
 RGr =  0.842492 
 BGr =  0.408594 
 GbGr =  0.996753 
 r_oc_ave =  156.853333 
 b_oc_ave =  76.071114 
 gr_oc_ave =  186.177780 
 gb_oc_ave =  185.573334 