 LEFT LENS SHADING DATA
 RED Channel
 {
 35.915730  39.443226  44.212757  51.682755  59.312088  66.002083  71.064537  74.564476  75.501045  74.000732  70.795418  65.195992  58.499161  50.741249  43.755104  39.936722  37.394638 
 38.639065  43.915314  52.155472  61.750465  70.915001  78.767502  85.347656  89.897812  91.309372  89.132813  84.839996  78.080780  69.838753  60.807503  51.205940  43.666092  39.783386 
 40.935368  49.326408  60.177658  71.278908  81.716248  91.345940  99.619690  105.414215  107.478127  104.815468  99.150940  90.564064  80.684685  70.297966  58.972343  48.633438  41.408020 
 44.421822  55.075783  67.316559  79.720001  91.936409  103.541252  114.189056  121.740936  124.421722  120.998444  113.457962  102.783440  90.639999  78.616409  66.064064  54.088440  44.134274 
 47.767811  59.855316  73.005623  86.583748  100.686874  114.531097  127.360306  136.166245  139.486725  135.539368  126.429993  113.559219  99.316559  85.526093  71.754845  58.613434  47.028027 
 50.265366  63.185158  76.943283  91.455002  107.149216  122.941406  136.934219  146.461411  149.762344  145.774063  136.143600  121.530319  105.421249  90.507034  75.760002  62.027809  49.269058 
 51.344170  64.660004  78.821716  94.105782  110.009064  126.766403  141.289841  150.844681  154.184692  150.081253  140.683121  125.485153  108.883438  93.107346  77.768753  63.329529  50.243492 
 50.816147  63.981560  77.779373  92.495316  108.344215  124.440781  138.897186  148.591721  151.467651  147.536560  138.167038  123.294846  106.443436  91.125938  76.381096  62.549843  49.799637 
 48.596931  61.282967  74.412186  88.102966  102.677811  117.155472  130.278900  139.455154  142.224533  138.500778  129.225006  115.708908  101.043907  86.938278  73.158752  59.909531  48.194740 
 45.359318  56.752029  68.991562  81.421410  94.280624  106.386566  117.602966  125.388901  127.868744  124.677963  116.738586  105.427498  92.853127  80.422813  67.913437  55.625153  45.355785 
 42.376877  51.341873  62.305626  73.487656  84.617188  94.722031  103.590469  109.837189  111.729691  109.009377  102.718437  93.654999  83.152969  72.313904  60.924065  50.468437  42.834270 
 40.498123  45.891876  54.424065  64.120468  73.664063  82.316872  89.247971  93.953278  95.336563  93.327972  88.425003  81.248123  72.601715  63.075783  53.131721  45.411095  41.103386 
 37.886875  41.276875  46.335728  54.060677  62.286980  69.465210  74.979012  78.726830  79.805313  78.254845  74.640419  68.738960  61.440674  52.999741  45.545677  41.624218  38.578804 
 } 
 GR Channel
 {
 47.891773  53.113434  59.141930  67.925110  76.751717  84.235680  89.920044  93.639061  94.887077  93.312813  89.612030  83.645836  75.906921  67.126770  58.750313  53.681725  49.359642 
 52.206764  59.307190  69.400467  80.609688  91.087341  99.670471  106.757347  111.792816  113.360001  111.247810  106.686409  99.346252  90.171722  79.762184  68.384064  58.993591  53.433807 
 55.716568  66.269066  79.257660  92.145157  104.109528  114.531723  123.672653  129.952499  132.130005  129.398590  123.491714  114.249374  103.176872  91.260628  78.113747  65.554535  56.278076 
 60.185310  73.411560  87.818748  102.121094  116.014069  128.883911  140.617035  148.933121  151.742813  148.290787  140.432037  128.738754  115.303909  101.548439  86.808907  72.534218  59.875259 
 64.437187  79.193436  94.580780  110.119064  126.019058  141.477493  155.699219  165.373596  168.763443  165.053589  155.688126  141.524368  125.600464  109.947502  93.969841  78.314842  63.754227 
 67.433647  83.160309  99.152657  115.813278  133.369843  150.854691  166.674377  177.081726  180.463593  176.658752  166.643433  150.774216  132.724838  115.845779  98.880157  82.365158  66.579117 
 68.738335  85.003754  101.480782  118.817657  136.773132  155.361557  171.501724  182.134995  185.537964  181.660629  172.014694  155.630310  137.117188  119.324692  101.543434  84.116249  67.906250 
 68.099426  84.202972  100.318596  117.052505  134.872025  153.130005  169.207504  179.720001  182.715317  179.299683  169.597809  153.438278  134.315155  116.895782  99.918594  83.207970  67.349426 
 65.520515  80.932190  96.496407  112.203430  128.938431  145.265152  159.981094  170.055466  173.019531  169.447815  159.776093  145.031555  128.236252  112.065628  95.982185  80.144531  65.118073 
 61.500732  75.624062  90.164841  104.636093  119.373444  133.048752  145.358597  153.985931  156.727341  153.741089  145.571716  133.194214  118.938278  104.402191  89.580780  74.675316  61.690727 
 57.793388  69.182343  82.352341  95.597343  108.418434  119.674225  129.424530  136.261246  138.456726  135.704376  129.223587  119.385941  107.532341  94.898903  81.281097  68.229065  58.115318 
 55.014946  62.476410  72.929535  84.614845  95.576096  105.256248  112.963120  118.288437  119.904526  117.859680  112.642349  104.653748  94.758438  83.632500  71.643593  61.908905  55.619530 
 51.067863  56.086189  62.479317  71.763802  81.225883  89.443329  95.646461  100.023445  101.430161  99.944695  95.919632  89.222923  80.700935  70.955414  61.890053  56.477867  51.483696 
 } 
 GB Channel
 {
 47.618389  52.852547  59.127342  68.420059  77.556671  85.433067  91.561462  95.595467  97.093903  95.385574  91.403435  85.248650  77.048645  67.712662  59.127289  53.736206  49.611618 
 51.610046  58.654846  68.930466  80.594841  91.466248  100.532028  108.068123  113.301086  115.112030  112.875778  108.124687  100.572815  90.915314  80.095779  68.394379  58.930153  53.286201 
 54.644218  65.257347  78.396248  91.612030  103.973595  114.888596  124.510941  131.225937  133.582809  130.877502  124.805939  115.108444  103.703590  91.347656  77.836403  65.093285  55.604324 
 58.656250  71.926247  86.530937  101.001564  115.290161  128.574524  140.789688  149.604996  152.795151  149.371719  141.300476  129.193756  115.401245  101.300003  86.224220  71.621719  59.088600 
 62.615105  77.284691  92.755936  108.465309  124.634689  140.442337  155.241409  165.584534  169.326569  165.567032  156.033127  141.563126  125.227341  109.253281  92.876564  77.076096  62.521309 
 65.161354  80.883438  96.760780  113.457336  131.252808  148.992188  165.197342  176.315933  180.123123  176.504532  166.247192  150.097961  131.876251  114.762024  97.517502  80.966095  65.020470 
 66.281662  82.462502  98.705940  115.974686  134.008911  152.866714  169.498123  180.541565  184.457504  180.799377  171.063599  154.577499  135.946716  117.979996  100.002029  82.451096  66.353386 
 65.778595  81.470467  97.339844  114.009369  132.001556  150.212494  166.844849  177.973755  181.392029  178.078751  168.392975  152.102341  132.918121  115.371094  98.251877  81.412033  65.676826 
 63.188438  78.367188  93.690941  109.310783  126.062500  142.460632  157.606873  168.275620  171.678757  168.170624  158.544846  143.645630  126.822662  110.582657  94.316559  78.421722  63.394012 
 59.400208  73.336876  87.712654  102.125313  116.867661  130.683289  143.401093  152.506882  155.578903  152.720306  144.438278  131.915161  117.506714  102.975624  88.026253  73.115936  60.156769 
 55.792297  67.071877  80.261093  93.328590  106.089996  117.643600  127.777344  134.922028  137.374695  134.857819  128.242661  118.285782  106.273438  93.577347  79.915314  66.879372  56.929382 
 53.298744  60.657501  71.060471  82.609062  93.745941  103.680000  111.706879  117.248444  119.208908  117.165939  111.872345  103.866562  93.750938  82.521095  70.480003  60.776253  54.651672 
 49.547493  54.576668  61.009010  70.221558  79.952606  88.434174  94.999786  99.532188  100.982864  99.726768  95.409637  88.537819  79.955933  70.107132  60.873749  55.655411  51.057083 
 } 
 B Channel
 {
 17.172188  19.156357  22.181149  26.722397  31.088070  35.052864  37.705986  39.436302  39.965778  39.072186  37.376671  34.539326  30.659325  26.303226  22.434528  19.758125  17.858543 
 19.100937  22.095936  27.054062  32.604061  37.732033  41.996407  45.250782  47.471092  48.113907  46.983437  44.814999  41.342030  37.010780  32.146561  26.813908  22.269375  19.730209 
 20.662239  25.388283  31.618595  37.876564  43.525314  48.616722  52.623283  55.294220  56.227341  54.861092  52.092033  47.792030  42.811874  37.359375  31.266720  25.342342  20.886303 
 22.736561  28.772812  35.574688  42.294064  48.684998  54.785782  59.790001  63.308594  64.437035  62.799377  59.229843  53.923752  47.931408  41.835312  35.200001  28.558125  22.572708 
 24.786514  31.412968  38.583908  45.748592  52.917503  60.137657  65.990784  69.987816  71.401093  69.626091  65.305779  59.113907  52.111092  45.307812  38.305000  31.194061  24.171146 
 26.075050  33.224842  40.423752  47.999687  55.803436  63.804062  70.278595  74.337967  75.823128  74.051872  69.574684  62.596252  54.928436  47.650158  40.309845  33.053123  25.471043 
 26.573750  33.953751  41.282658  49.093597  56.960312  65.449219  71.970314  75.983284  77.371559  75.550781  71.282028  64.250313  56.323753  48.892502  41.345779  33.658127  26.045208 
 26.190468  33.477345  40.615780  48.124687  55.964218  64.171722  70.703438  74.791092  75.908440  74.264847  70.124222  63.185623  55.126091  47.777500  40.538437  33.204220  25.672344 
 24.903076  31.843281  38.800156  45.780155  53.117035  60.524529  66.463905  70.434845  71.555626  69.999687  65.773438  59.425781  52.377190  45.545311  38.661877  31.691093  24.549217 
 22.937084  29.311249  35.888905  42.367813  48.969841  55.189217  60.136406  63.574997  64.563751  63.299065  59.758751  54.352028  48.233597  42.148125  35.757813  29.146408  22.829113 
 21.180832  26.268749  32.257813  38.323437  44.265625  49.536247  53.361404  56.045937  56.887810  55.707497  52.842346  48.416405  43.289219  37.775623  31.834686  26.036720  21.202763 
 19.961514  23.214218  28.083595  33.666248  38.876877  42.983437  46.162186  48.257965  48.795624  47.938595  45.637032  42.077656  37.657658  32.688595  27.356876  22.994373  20.010208 
 18.972763  20.990677  23.782967  27.895416  32.290623  35.877605  38.782185  40.651093  41.020626  40.313805  38.533073  35.426613  31.475784  27.045052  22.841877  20.687706  18.393543 
 } 


 White Balance Data with optical Center Data
 r_center_x =  623 r_center_y =  496 
 gr_center_x =  657 gr_center_y =  489 
 b_center_x =  635 b_center_y =  481 
 gb_center_x =  654 gb_center_y =  506 
 r/gr 0.831682 
 b/gr 0.416665 
 gb/gr 0.993054 
 r_oc_ave 154.866669 
 b_oc_ave 77.586670 
 gr_oc_ave 186.208893 
 gb_oc_ave 184.915558 

 [AWB]
 RGr =  0.831682 
 BGr =  0.416665 
 GbGr =  0.993054 
 r_oc_ave =  154.866669 
 b_oc_ave =  77.586670 
 gr_oc_ave =  186.208893 
 gb_oc_ave =  184.915558 