 LEFT LENS SHADING DATA
 RED Channel
 {
 36.509060  39.539898  43.928543  51.310211  59.503754  66.373177  71.854111  75.357819  76.667084  75.172607  72.102501  66.386139  59.283638  51.483696  44.303905  40.081825  37.240154 
 38.421562  43.075314  51.060623  60.785622  70.154999  78.347969  85.240158  89.842812  91.526253  89.893440  85.558746  78.611565  70.136566  60.917656  51.353279  43.462032  38.973492 
 40.094112  48.321404  58.883591  70.218750  81.081093  91.131409  99.833908  105.933746  108.351715  106.153435  100.205940  91.483124  81.216873  70.501091  59.203590  48.629372  40.659374 
 43.185627  53.838127  66.021095  78.723747  91.323593  103.556404  114.738281  122.828751  125.813599  122.907501  115.334213  104.268127  91.635155  79.037811  66.345001  54.124847  43.627964 
 46.263130  58.444374  71.812187  85.675156  100.036247  114.607498  128.149689  137.454849  141.074219  137.864838  128.985153  115.750153  100.760315  86.211563  72.267342  58.767967  46.506512 
 48.405525  61.694687  75.637344  90.480003  106.472031  122.817963  137.640625  147.777191  151.483902  148.231720  139.129379  124.315781  107.274216  91.341095  76.389999  62.149216  48.846931 
 49.446930  63.010468  77.390312  92.881248  109.453125  126.482025  141.614838  151.732498  155.616562  152.527817  143.328903  128.211243  110.808128  94.053749  78.228127  63.361565  49.864891 
 49.027756  62.220467  76.192345  91.294533  107.568436  124.014374  138.892502  149.172806  152.738586  149.439850  140.237976  125.826248  108.211716  92.095627  76.891251  62.624687  49.585526 
 46.958080  59.453278  72.916565  87.124374  101.949219  116.596100  130.091400  139.773911  143.279999  140.160934  131.203278  117.862030  102.632660  87.974998  73.654533  60.054375  47.753960 
 43.985832  55.055000  67.667191  80.540939  93.396248  105.974686  117.265152  125.354218  128.520004  125.855774  118.271088  107.052185  94.278908  81.208282  68.241096  55.643127  44.885624 
 41.388229  50.120316  61.126877  72.567497  83.898750  94.254684  103.250778  109.744377  112.143280  109.939217  103.830467  94.889999  84.332497  73.125626  61.375626  50.436722  42.197342 
 40.096767  45.389687  53.495316  63.418434  73.246407  81.832184  88.992653  93.956406  95.677498  94.207970  89.457809  82.359222  73.508751  63.681252  53.547028  45.352032  40.458904 
 37.938438  41.414684  45.938229  53.398018  61.607033  68.880943  74.740364  78.481194  79.778755  78.870262  75.186142  69.488594  62.153336  53.908752  46.083492  41.571407  38.159325 
 } 
 GR Channel
 {
 48.809486  53.473648  59.299637  68.086823  77.461357  85.531517  91.691612  95.579430  96.955254  95.449379  91.797134  85.698181  77.586876  68.307388  59.665939  54.228287  50.480370 
 51.932816  58.426559  68.219841  79.665779  90.430939  99.639221  107.080154  112.317963  114.189224  112.288132  107.516090  100.040466  90.458122  79.845314  68.485939  58.821404  53.021202 
 54.721558  64.977814  77.758751  90.942032  103.102966  114.261871  123.855942  130.664688  133.115936  130.765778  124.317963  114.871399  103.372185  91.300629  78.205467  65.366875  55.487701 
 58.627869  71.837654  86.389534  100.899529  114.939529  128.453751  140.722504  149.355316  152.702972  149.589218  141.526718  129.523911  115.523911  101.459686  86.913437  72.333595  59.198799 
 62.397598  77.420937  93.179222  108.761871  124.778595  140.856567  155.764069  165.736557  169.639847  166.263901  156.688751  142.381882  125.928589  109.779846  93.862503  77.976715  62.855263 
 65.147598  81.327187  97.734062  114.253754  131.973434  150.103912  166.283752  177.141403  181.016556  177.651245  167.928436  152.062347  133.222183  115.618744  98.792656  82.169998  65.897911 
 66.313911  83.033279  99.531250  116.948441  135.130783  153.943909  170.314682  181.414536  185.403595  182.097504  172.571716  156.231247  137.390320  119.012344  101.085625  83.611252  67.225418 
 65.663338  81.931252  98.232658  115.117813  132.903595  150.977661  167.328751  178.286560  182.122498  178.605469  169.061249  153.542664  134.157654  116.338593  99.129372  82.466560  66.785316 
 63.205986  78.367035  94.203438  110.190002  126.549530  142.696411  157.389221  167.736557  171.561249  168.075150  158.676712  144.326721  127.677963  111.343285  95.206093  79.268440  64.110939 
 59.232346  73.079216  88.070000  102.632034  116.977188  130.663437  142.873749  151.507965  154.838913  152.067184  144.101089  131.967026  117.969849  103.403908  88.669373  73.769218  60.611099 
 56.015518  67.129684  80.281097  93.529060  106.145622  117.447495  127.126404  134.039368  136.643433  134.281097  127.769531  118.073441  106.521408  93.809685  80.330467  67.214218  57.069420 
 53.750885  60.878593  70.959999  82.679062  93.675316  103.273285  111.022034  116.208435  118.195160  116.533600  111.391563  103.554840  93.804222  82.530624  70.573593  60.682030  54.327240 
 50.011307  55.432968  61.227493  70.206558  79.814056  87.913490  94.343483  98.430939  99.980370  98.937553  94.861984  88.561714  80.116508  70.451462  61.086716  55.420578  50.790985 
 } 
 GB Channel
 {
 49.180466  53.782974  59.877136  69.169273  79.170158  87.670258  94.250008  98.437920  100.163956  98.498756  94.489372  87.838753  79.174843  69.338074  60.224785  54.510994  50.798485 
 51.790054  58.541092  68.594841  80.594688  91.799530  101.449219  109.421249  114.907501  117.068130  115.104996  109.965622  101.958748  91.855469  80.558281  68.780624  58.722031  52.892654 
 53.990883  64.584846  77.687187  91.460938  104.058128  115.653595  125.832336  132.947662  135.700150  133.327499  126.545624  116.519379  104.483284  91.781715  78.140625  64.883278  54.925156 
 57.492805  71.007813  85.811722  100.832657  115.249222  129.309067  142.041245  151.227966  154.866714  151.676880  143.210312  130.683746  116.142349  101.396248  86.317810  71.399689  58.218849 
 60.953278  76.192657  92.179688  108.144684  124.506088  140.962814  156.291092  166.770309  170.923752  167.581406  157.649063  142.921402  125.888275  109.139061  92.798592  76.573441  61.530937 
 63.466148  79.791565  96.223434  113.002182  131.043121  149.475937  165.813431  177.182190  181.377655  178.123123  168.074524  151.756882  132.604538  114.414215  97.255936  80.423752  64.192917 
 64.377762  81.022972  97.689377  115.227966  133.649841  152.639526  169.337189  180.599380  185.044693  181.765472  171.950150  155.392029  136.202194  117.543274  99.246094  81.532501  65.269165 
 63.634476  79.770309  96.062500  113.160309  131.133911  149.401566  165.786255  177.201096  181.172501  177.812347  168.114059  152.385162  132.740936  114.538757  97.126717  80.321251  64.560417 
 61.187820  76.264061  92.189842  108.256561  124.711411  141.045776  155.929840  166.509537  170.555161  167.228745  157.666245  143.165619  126.145782  109.592186  93.281563  77.232658  62.161194 
 57.590942  71.299690  86.293594  100.977188  115.348587  129.130463  141.515930  150.386246  153.925629  151.138748  143.092499  130.784531  116.526413  101.811722  86.909065  71.939842  58.699638 
 54.477036  65.603905  78.730003  92.091095  104.786095  116.156876  126.068588  133.129532  135.857498  133.577820  127.019379  117.096252  105.278908  92.458122  78.751091  65.661407  55.533699 
 52.589424  59.664215  69.721718  81.557503  92.751091  102.349373  110.268593  115.730469  117.802185  116.205475  110.923439  102.870628  92.830467  81.499222  69.328125  59.464996  53.116249 
 49.341927  54.494423  60.314850  69.438332  79.080887  87.514374  94.059219  98.556511  100.114265  99.079430  94.709686  88.154785  79.513176  69.599014  59.978127  54.492088  49.808342 
 } 
 B Channel
 {
 17.894009  20.052761  23.023853  27.641354  32.503021  36.555103  39.581406  41.411926  42.003384  41.178230  39.392292  36.433697  32.327709  27.640209  23.290363  20.602448  19.367035 
 18.580261  21.672970  26.533436  32.195938  37.444687  41.837189  45.267033  47.530468  48.296097  47.441563  45.258125  41.776405  37.236874  32.096874  26.547657  21.968906  19.873280 
 19.654011  24.630470  30.877499  37.245468  43.091251  48.241562  52.478439  55.282188  56.303909  55.229378  52.410156  48.138596  42.810780  37.112656  30.885937  24.867813  20.889481 
 21.525154  27.797031  34.861404  41.761875  48.405472  54.397659  59.703125  63.343437  64.679840  63.320465  59.673279  54.356873  48.040314  41.537498  34.799217  28.062187  22.644688 
 23.196926  30.356720  37.868126  45.244064  52.528595  59.554840  65.849220  70.059532  71.677811  70.207809  66.040466  59.704216  52.424065  45.113281  37.857189  30.587032  24.350571 
 24.410522  32.009689  39.721874  47.467186  55.343285  63.167969  70.019684  74.495781  75.986565  74.616562  70.434219  63.457657  55.195625  47.382030  39.831406  32.395939  25.745522 
 24.916042  32.741875  40.545467  48.537811  56.465309  64.622498  71.493752  75.987190  77.584534  75.995468  71.934059  64.962029  56.781403  48.760002  40.855000  32.947655  26.240780 
 24.639275  32.308437  39.943592  47.588905  55.387970  63.305313  70.283279  74.612190  76.002342  74.460472  70.330940  63.770935  55.424377  47.602814  39.997032  32.488594  25.996716 
 23.599689  30.844688  38.249062  45.413280  52.749535  59.773590  66.080002  70.199371  71.555466  69.996559  66.017502  59.977966  52.723434  45.616718  38.329063  31.090782  24.918907 
 21.913700  28.375156  35.320000  42.083439  48.597656  54.536560  59.682503  63.117653  64.441719  63.168282  59.881409  54.727654  48.597504  42.210468  35.402969  28.582031  23.146408 
 20.516720  25.529842  31.699688  37.983437  43.695313  48.645157  52.812500  55.552811  56.551720  55.616875  52.934059  48.832809  43.675938  37.939064  31.592655  25.518906  21.410782 
 19.484322  22.633282  27.388596  32.870781  37.983749  42.102501  45.532814  47.774845  48.554222  47.979530  45.861095  42.475468  37.991718  32.746563  27.025467  22.416874  20.062706 
 17.935574  20.187653  22.795467  27.070992  31.410000  35.195415  38.088230  39.864632  40.627342  40.220158  38.526302  35.668175  31.681931  27.050316  22.659428  19.928959  18.180210 
 } 


 White Balance Data with optical Center Data
 r_center_x =  640 r_center_y =  514 
 gr_center_x =  659 gr_center_y =  501 
 b_center_x =  647 b_center_y =  517 
 gb_center_x =  660 gb_center_y =  478 
 r/gr 0.838085 
 b/gr 0.416704 
 gb/gr 0.996851 
 r_oc_ave 156.133331 
 b_oc_ave 77.631111 
 gr_oc_ave 186.297775 
 gb_oc_ave 185.711105 

 [AWB]
 RGr =  0.838085 
 BGr =  0.416704 
 GbGr =  0.996851 
 r_oc_ave =  156.133331 
 b_oc_ave =  77.631111 
 gr_oc_ave =  186.297775 
 gb_oc_ave =  185.711105 