 LEFT LENS SHADING DATA
 RED Channel
 {
 36.898750  40.112083  44.159946  51.564842  59.776199  67.081459  72.620255  76.299065  77.492966  75.905365  72.309845  66.633392  59.297806  51.704643  44.375362  40.076717  37.571716 
 39.016251  43.628750  51.418907  61.415466  71.205154  79.696877  86.755470  91.535309  93.176094  91.282654  86.661720  79.456093  70.749062  61.367340  51.635155  43.842342  39.621719 
 40.633492  48.524529  59.265312  70.924217  82.199066  92.581566  101.537186  107.612190  109.674217  107.320313  101.362656  92.307030  81.780159  70.650002  59.243439  48.696404  41.153698 
 43.221825  54.090782  66.523285  79.581566  92.759689  105.391876  116.461563  124.414215  127.231400  124.083755  116.410934  105.005470  92.090469  79.205940  66.265312  54.039688  43.931774 
 46.087757  58.541718  72.330780  86.831718  101.969215  116.720779  130.219223  139.288437  142.614212  139.088593  130.065308  116.489685  101.192970  86.379059  72.081879  58.597343  46.729221 
 48.096352  61.667191  76.165627  91.745155  108.375626  125.083130  139.777969  149.596252  153.077347  149.423752  139.826874  124.804840  107.694847  91.334061  75.844688  61.772346  48.834213 
 48.873337  62.925003  77.811096  94.050934  111.153595  128.637650  143.775314  153.794693  157.436722  153.990311  144.649841  129.057968  111.264061  94.155472  77.938904  62.992340  49.846306 
 48.630417  62.135002  76.681252  92.375778  109.070778  126.111404  141.184067  151.372650  154.763443  151.310623  142.003281  126.807968  108.825623  92.144844  76.562187  62.182968  49.307762 
 46.645000  59.375000  73.279846  87.864220  103.304222  118.607498  132.388748  141.989212  145.291245  141.945007  132.573120  118.694061  102.861717  87.727814  73.167816  59.551094  47.613380 
 43.704063  54.935310  67.625778  80.899063  94.362503  107.384842  118.879837  127.110474  130.086411  127.236725  119.223282  107.507347  94.211876  80.746559  67.607498  55.149216  44.891926 
 41.374432  49.759216  60.734375  72.521561  84.154060  94.832970  104.058441  110.561249  112.955002  110.554535  104.191406  94.781563  83.854691  72.464066  60.652191  49.885780  41.944740 
 39.933384  44.857346  53.008438  63.058128  73.055626  81.849846  89.109062  94.042816  95.739845  94.075623  89.075157  81.730156  72.829689  63.016563  52.923439  44.801407  40.467449 
 37.573383  41.093384  45.646770  53.188957  61.350632  68.699638  74.384903  78.251976  79.642975  78.389793  74.811203  68.664948  61.323013  53.021973  45.155521  41.129532  38.445362 
 } 
 GR Channel
 {
 48.499634  53.682968  58.952705  67.681564  77.144531  85.029640  91.060097  94.879219  96.278023  94.447708  90.511513  84.391296  76.584839  67.738701  59.275414  53.959122  50.080780 
 52.188385  58.691093  68.265625  79.714066  90.652657  100.019844  107.493439  112.331100  114.049683  111.696877  106.786720  99.253593  89.954216  79.510155  68.382500  58.792656  53.242447 
 54.680725  65.016563  77.777969  91.097031  103.465309  114.546097  123.898285  130.188126  132.427338  129.695465  123.204376  113.665787  102.370155  90.314690  77.397346  64.924843  55.517975 
 58.131660  71.653748  86.184372  100.943748  115.173431  128.656555  140.457031  148.760162  151.785309  148.307495  140.087967  127.903442  114.069839  100.068909  85.745003  71.490936  59.082184 
 61.949585  77.290001  93.143440  109.135002  125.502808  141.441101  155.927185  165.625473  169.078751  165.329056  155.447342  140.858276  124.285629  108.367966  92.520935  76.963280  62.576828 
 64.686821  81.128281  97.815155  114.992661  132.979538  150.996094  166.990158  177.444382  181.000778  177.170776  166.634537  150.457336  131.758118  114.137497  97.096252  80.849220  65.411926 
 65.692810  82.750313  99.778435  117.564377  136.088440  155.225937  171.546097  182.026413  185.828903  182.169220  172.171402  155.177658  135.957657  117.527817  99.597656  82.413750  66.476250 
 65.185257  81.784218  98.469063  115.661407  133.795319  152.308746  168.830780  179.525620  182.987656  179.214371  169.215317  152.794525  132.975937  115.073120  97.907814  81.258438  65.775932 
 62.811714  78.393593  94.407501  110.589996  127.401871  144.099533  158.993118  169.413589  172.988434  169.151413  158.811249  143.702194  126.488434  109.939377  93.765312  77.943596  63.453384 
 59.026505  72.937965  87.805939  102.608124  117.367188  131.496872  144.160309  152.892502  156.274216  152.931244  144.045776  131.199844  116.617493  102.102028  87.492653  72.637497  59.878746 
 55.807701  66.533127  79.703590  93.233749  106.117653  117.652817  127.567032  134.661880  137.189377  134.442184  127.275620  117.021408  105.142967  92.642342  79.219688  66.289215  56.333183 
 53.553391  60.413597  70.452499  82.341095  93.533592  103.112968  110.901405  116.280151  118.095154  116.101257  110.449532  102.386871  92.492966  81.522186  69.884689  59.874847  54.185883 
 49.867142  55.205048  61.099167  69.993805  79.656303  87.902344  93.916199  98.110779  99.415779  98.072502  93.886818  87.209381  78.979424  69.380943  60.067604  54.931725  50.948387 
 } 
 GB Channel
 {
 49.026253  54.009583  59.672806  68.803329  78.683853  87.287453  93.769791  97.988747  99.340523  97.564842  93.146400  86.677650  78.132553  68.684845  59.783394  54.086411  50.197655 
 52.199165  58.741249  68.657814  80.555000  92.059685  101.931404  109.851875  115.181244  116.912186  114.400467  109.204529  101.112030  91.199844  80.110466  68.477341  58.657028  52.981827 
 54.278328  64.621246  77.792503  91.555939  104.538910  116.145157  126.038437  132.685776  135.005783  132.188126  125.332809  115.236099  103.263748  90.684685  77.227341  64.416252  54.823334 
 57.260162  70.828278  85.768753  100.921410  115.680466  129.821243  142.051559  150.861404  153.983749  150.446869  141.781723  129.021088  114.577194  100.051559  85.113434  70.545624  58.176460 
 60.695419  76.107498  92.193596  108.728592  125.511246  142.004837  156.868591  166.961090  170.748123  166.800934  156.638748  141.498123  124.307663  107.861877  91.509064  75.748596  61.352135 
 63.073647  79.631561  96.426094  113.959061  132.434845  150.900162  167.141403  178.058289  181.813904  177.919693  167.068283  150.427963  131.382813  113.185150  95.720940  79.325783  63.731400 
 63.981354  80.930939  98.242966  116.341721  135.133118  154.477036  171.001404  182.039215  185.934692  182.172028  171.968445  154.774689  135.184525  116.281250  98.006096  80.679062  64.808235 
 63.426559  79.956566  96.856720  114.304688  132.583588  151.351410  168.094528  179.131714  182.876099  179.105316  168.854843  152.115311  132.118439  113.699692  96.206718  79.446404  64.083702 
 61.208542  76.775627  92.869530  109.240623  126.209381  142.946564  158.276566  168.891724  172.680618  168.884842  158.337814  142.916245  125.392502  108.745628  92.248749  76.375153  61.788277 
 57.615677  71.502968  86.483124  101.460472  116.282654  130.563751  143.353912  152.398438  155.845306  152.482651  143.617340  130.541565  115.698288  100.835312  85.995781  71.201408  58.457451 
 54.588181  65.361717  78.622810  92.284691  105.329376  117.122025  127.212814  134.368744  137.014069  134.202972  126.870316  116.413910  104.365784  91.626404  78.057503  65.063751  55.225830 
 52.663597  59.517967  69.660622  81.730934  93.106560  102.777809  110.970627  116.396561  118.189682  116.062805  110.384064  102.104378  92.011871  80.831718  69.052811  58.957497  53.332497 
 49.464844  54.565262  60.553963  69.779274  79.625732  87.958229  94.282295  98.679893  100.284279  98.779060  94.152809  87.381454  78.791466  69.061508  59.407394  54.269577  50.432503 
 } 
 B Channel
 {
 17.490154  19.585991  22.216877  26.557289  31.253384  35.163906  38.064011  39.856979  40.468853  39.668747  37.756405  34.866875  30.954792  26.621197  22.290108  19.820000  18.479168 
 19.065990  22.084530  26.759377  32.494373  37.811092  42.333282  45.839218  48.057816  48.782188  47.799999  45.508282  41.955624  37.418125  32.293907  26.807186  22.365002  20.272079 
 20.114113  25.042656  31.357189  37.938282  43.899689  49.229843  53.534843  56.280159  57.188278  56.060158  53.183746  48.797501  43.419220  37.633125  31.269375  25.435780  21.543076 
 21.761093  28.209217  35.426094  42.572189  49.352654  55.651405  60.970467  64.640625  65.879219  64.398590  60.775467  55.265160  48.829063  42.205936  35.238594  28.599842  23.310051 
 23.476299  30.831093  38.490623  46.247189  53.827034  61.062965  67.564690  71.801720  73.259377  71.575470  67.404533  60.765312  53.230469  45.801250  38.302189  31.116718  25.005264 
 24.648178  32.577969  40.550938  48.549377  56.771561  64.849998  71.906563  76.429688  77.864998  76.202972  71.722343  64.478127  56.112030  48.045158  40.140156  32.786251  26.089996 
 25.110466  33.162342  41.347187  49.629059  57.940315  66.523285  73.549217  78.080154  79.681404  77.983597  73.727028  66.191559  57.619064  49.308907  41.106876  33.320938  26.693851 
 24.883804  32.699844  40.690311  48.709846  56.947029  65.159691  72.261406  76.863434  78.342972  76.762810  72.412811  65.202034  56.467499  48.219215  40.256092  32.771095  26.368801 
 23.757706  31.143124  38.828751  46.426876  54.123596  61.581718  68.103279  72.547501  73.990936  72.386566  67.933594  61.242340  53.553436  46.033279  38.481720  31.285000  25.231247 
 21.959740  28.605782  35.801563  42.855625  49.722969  56.087029  61.595779  65.325623  66.663284  65.318283  61.562653  55.922813  49.360466  42.574844  35.646561  28.906876  23.651459 
 20.495102  25.607189  32.009220  38.566875  44.689529  50.074219  54.460938  57.484528  58.595314  57.391876  54.290314  49.770782  44.301407  38.280781  31.908749  25.975937  21.980518 
 19.439320  22.753281  27.690624  33.474064  38.875000  43.473907  47.051720  49.283905  49.984528  49.172653  46.777187  43.080311  38.513126  33.190937  27.471092  22.920780  20.952656 
 17.923904  20.483074  23.275208  27.714066  32.362080  36.236195  39.132343  41.023697  41.555157  41.031200  39.132607  36.041145  32.080627  27.392601  22.800884  20.442238  19.145573 
 } 


 White Balance Data with optical Center Data
 r_center_x =  650 r_center_y =  517 
 gr_center_x =  643 gr_center_y =  503 
 b_center_x =  663 b_center_y =  501 
 gb_center_x =  645 gb_center_y =  486 
 r/gr 0.846178 
 b/gr 0.427121 
 gb/gr 0.998264 
 r_oc_ave 158.111115 
 b_oc_ave 79.808891 
 gr_oc_ave 186.853333 
 gb_oc_ave 186.528885 

 [AWB]
 RGr =  0.846178 
 BGr =  0.427121 
 GbGr =  0.998264 
 r_oc_ave =  158.111115 
 b_oc_ave =  79.808891 
 gr_oc_ave =  186.853333 
 gb_oc_ave =  186.528885 