 LEFT LENS SHADING DATA
 RED Channel
 {
 36.292706  39.528957  43.500050  50.467186  58.280884  65.296974  71.007080  74.476044  75.873329  74.550415  71.264954  65.812973  58.805206  51.199165  44.262604  39.897709  37.006878 
 39.109795  43.474377  51.152344  60.720940  70.127342  78.414063  85.341248  90.174377  91.864998  90.097504  85.778908  78.887344  70.390625  61.279999  51.808441  43.936874  39.368542 
 41.087917  48.598747  59.170311  70.432968  81.389847  91.476410  100.304688  106.579529  108.842972  106.713440  100.771561  92.162186  81.723595  71.065155  59.855934  49.281403  41.393696 
 43.990108  54.269684  66.462967  79.231247  91.919846  104.150627  115.292191  123.602493  126.665314  123.652191  116.032501  104.908279  92.344063  79.732811  67.065941  54.852814  44.366562 
 46.808849  59.097191  72.386566  86.481720  101.030624  115.554688  128.982193  138.728287  142.420319  139.084534  130.066559  116.569214  101.525314  86.992035  73.039841  59.558746  47.374584 
 49.106873  62.385628  76.448280  91.447342  107.649216  124.236099  139.282501  149.541870  153.530624  150.244064  140.363281  125.408600  108.381721  92.327034  77.267654  63.092659  49.747444 
 50.089523  63.872658  78.387184  94.167343  110.690155  128.167816  143.588593  153.997498  158.226715  154.875473  145.297180  129.836090  112.157806  95.267967  79.380157  64.498436  50.945099 
 49.544632  63.102341  77.459221  92.720940  108.831253  125.685150  140.986252  151.371399  155.462341  152.065308  142.660309  127.571716  109.670471  93.381561  77.975311  63.773438  50.588020 
 47.739479  60.311562  74.074532  88.429840  103.252190  118.400620  132.275940  142.137024  146.139694  142.877029  133.215317  119.359528  103.785156  88.978279  74.590469  61.011406  48.835358 
 44.900311  55.875313  68.711716  81.746407  94.623436  107.434998  119.041870  127.427811  130.850937  128.095306  119.916718  108.336563  95.071877  81.951408  68.996872  56.585625  45.845623 
 42.537498  50.791252  61.920158  73.720940  85.010468  95.449219  104.828903  111.435158  114.000778  111.736252  105.159691  95.779373  84.995781  73.619530  62.026093  51.249535  42.983906 
 41.314426  45.955467  54.228592  64.326561  74.077034  82.901718  90.321091  95.303909  97.183281  95.427032  90.375938  82.896561  73.957809  64.170624  54.139847  46.020626  41.283539 
 38.617344  42.363594  46.920048  54.469475  62.708496  70.012344  75.897972  79.821190  81.112236  79.894318  75.985519  70.003647  62.515732  54.132294  46.295883  42.073128  39.145626 
 } 
 GR Channel
 {
 46.820934  52.228851  57.417236  66.163383  75.291977  83.141609  89.416771  93.131462  94.605209  93.280991  89.599899  83.888123  76.111099  67.441978  58.897812  53.354378  49.009796 
 51.644272  57.904686  67.435783  78.838593  89.524063  98.810158  106.125938  111.266876  113.181870  111.445778  106.995316  99.769379  90.489220  80.109062  68.954063  59.200623  53.040627 
 54.842400  64.601563  77.308746  90.440781  102.842659  113.860931  123.244217  129.761871  132.247818  130.036087  124.055618  114.941254  103.850159  91.817810  78.900467  66.165466  56.146515 
 58.511559  71.544060  85.972656  100.497658  114.669846  128.151718  139.999847  148.734528  152.054993  149.155624  141.420776  129.720001  116.073120  101.982346  87.705627  73.080154  60.389114 
 62.399269  77.307190  92.825157  108.670624  124.812973  140.791718  155.403595  165.738586  169.661407  166.435150  157.200317  142.990631  126.432968  110.396408  94.570778  78.882813  64.301979 
 65.154114  81.277657  97.610313  114.322189  132.022964  150.164215  166.654694  177.650940  181.748596  178.553284  168.562347  152.503128  133.913132  116.156555  99.220314  82.926094  67.318390 
 66.331818  82.775780  99.583748  116.997025  135.002182  154.297180  171.148285  182.280777  186.514374  183.288910  173.681870  157.348282  138.117966  119.722656  101.865623  84.604218  68.487343 
 65.538338  81.830002  98.460625  115.368286  132.934998  151.547028  168.272186  179.398911  183.777496  180.366882  171.064377  154.968445  135.381714  117.353439  100.261093  83.693436  67.997185 
 63.322403  78.670311  94.562035  110.575935  126.813278  143.601410  158.676712  169.194687  173.555786  170.421875  160.658127  145.908905  128.814224  112.404846  96.264847  80.504372  65.662704 
 59.646767  73.274689  88.318909  103.168594  117.519836  131.651566  144.240158  153.140778  156.940628  154.406876  146.109848  133.756561  119.266403  104.629059  89.894066  75.187035  61.941406 
 56.504478  67.102814  80.563438  94.056252  106.772812  118.332657  128.414993  135.410629  138.180786  136.080933  129.422348  119.530624  107.703125  95.011871  81.588127  68.557503  58.141670 
 53.855629  60.944374  71.133591  83.108437  94.184845  103.985153  111.942184  117.354996  119.417969  117.715942  112.562973  104.644997  94.869530  83.649689  71.893127  61.874222  55.222763 
 49.530212  55.683960  61.668388  70.871773  80.482552  88.684532  95.207191  99.358749  101.089012  99.801765  95.755669  89.209167  80.942245  71.044273  61.788124  56.369850  51.771927 
 } 
 GB Channel
 {
 47.182083  52.648331  58.151764  67.205414  76.800056  85.210312  91.918488  95.972450  97.505783  96.108330  92.430618  86.190620  77.946877  68.486145  59.727547  53.819687  49.293022 
 51.729576  57.986252  67.780937  79.528748  90.821091  100.481560  108.372032  113.795151  115.953903  114.041245  109.291878  101.575623  91.905624  80.971565  69.304840  59.283440  53.027603 
 54.502655  64.269531  77.255936  90.724373  103.509377  115.180939  125.104370  131.943283  134.625473  132.404221  126.163589  116.645157  104.965157  92.403748  78.975937  65.923126  55.732292 
 57.776985  70.869064  85.427345  100.312187  114.884995  128.808594  141.339844  150.466873  154.160461  151.111252  143.080933  130.987183  116.710785  102.213905  87.274063  72.472969  59.531509 
 61.391716  76.164841  91.735779  107.798904  124.349686  140.671097  155.903275  166.668594  171.115311  167.735779  158.287033  143.473755  126.612976  110.032188  93.870941  77.762032  62.916824 
 63.708076  79.759529  95.936096  112.818130  130.681717  149.297806  166.061722  177.710464  182.343750  178.971252  168.826874  152.362976  133.397186  115.381561  98.078438  81.589378  65.797714 
 64.655365  80.997658  97.681564  115.068756  133.267502  152.672028  169.811874  181.384369  186.107498  182.851257  173.156097  156.544220  137.122345  118.387192  100.374222  82.991562  66.714897 
 63.761871  79.959373  96.362190  113.119690  130.994843  149.534683  166.603912  178.107193  182.804993  179.516403  169.959839  153.816711  134.031723  115.880783  98.556564  81.932655  66.078705 
 61.504944  76.723907  92.522346  108.480621  124.817810  141.690933  156.974533  168.013748  172.562195  169.527191  159.698441  144.751099  127.519836  110.795471  94.494843  78.747498  63.875832 
 57.992134  71.619843  86.506874  101.285934  115.686722  129.930161  142.771561  152.037811  156.078278  153.614059  145.199844  132.532181  117.940933  103.201721  88.315781  73.505783  60.311409 
 55.154327  65.695778  79.033279  92.578438  105.267815  117.092499  127.332031  134.481873  137.516556  135.391556  128.552658  118.612503  106.620003  93.753281  80.234375  67.169060  56.756561 
 52.758072  59.683281  69.894844  81.853279  92.988907  103.003593  111.217499  116.840317  119.029526  117.341721  112.070160  103.981407  93.990158  82.725624  70.791092  60.769684  54.378021 
 48.943909  54.740158  60.719635  70.052658  79.724113  88.158806  94.943748  99.484482  101.130165  99.754433  95.666618  88.930359  80.385361  70.189796  60.898796  55.573853  51.139275 
 } 
 B Channel
 {
 16.950989  18.894325  21.387657  25.641510  30.027760  33.723385  36.806095  38.593021  39.246353  38.754581  36.956196  34.120205  30.395367  26.021824  22.045830  19.444740  17.677242 
 18.949322  21.429531  25.840782  31.357967  36.566719  40.823593  44.197968  46.515938  47.348438  46.404999  44.361404  40.960625  36.600155  31.722031  26.496250  22.115780  19.470989 
 20.228958  24.510624  30.395157  36.627499  42.385780  47.413280  51.525314  54.420937  55.497032  54.350784  51.673279  47.586094  42.455624  36.987030  31.045467  25.267654  20.908279 
 21.911301  27.838593  34.437969  41.158127  47.616405  53.440468  58.584534  62.341095  63.769684  62.330154  58.843285  53.738281  47.638126  41.366875  34.886093  28.435623  22.626041 
 23.622810  30.456562  37.478283  44.525002  51.695625  58.587654  64.773903  69.087814  70.801720  69.299065  65.246094  59.012344  51.879372  44.882813  37.876408  31.032501  24.436665 
 24.706512  32.104218  39.414845  46.762344  54.450470  62.213280  69.115471  73.645309  75.349686  73.965935  69.671562  62.766403  54.826561  47.180000  39.902969  32.851093  25.732552 
 25.184895  32.694061  40.204220  47.836094  55.513908  63.714378  70.653122  75.106560  77.036095  75.547653  71.553284  64.432503  56.300629  48.466095  40.863438  33.514530  26.262657 
 24.803440  32.219688  39.592186  47.042656  54.500153  62.303596  69.238434  73.664375  75.527031  74.259377  70.234222  63.508904  55.125000  47.430000  40.057655  33.037186  26.027187 
 23.588177  30.625469  37.875626  44.847031  51.715309  58.770935  65.053436  69.450623  71.271721  69.976715  65.784218  59.542343  52.259216  45.154686  38.234219  31.529373  24.898129 
 21.850780  28.098907  34.950470  41.561249  47.624062  53.607971  58.877968  62.605782  64.186409  63.172188  59.503441  54.253593  47.949375  41.676094  35.334999  29.028282  23.106823 
 20.480312  25.172813  31.216564  37.304218  42.846092  47.860001  52.139687  55.105621  56.251564  55.382660  52.537186  48.262810  43.030937  37.421406  31.497501  25.970001  21.217915 
 19.362396  22.269062  26.951096  32.340782  37.293282  41.610783  45.081875  47.357498  48.196404  47.532814  45.319374  41.724533  37.299374  32.251564  27.048752  22.809376  20.034378 
 17.726978  20.238647  22.796299  27.050571  31.481823  35.201820  38.180626  40.039997  40.737034  40.239063  38.328541  35.340153  31.473961  26.849064  22.597500  20.509789  18.654377 
 } 


 White Balance Data with optical Center Data
 r_center_x =  635 r_center_y =  507 
 gr_center_x =  645 gr_center_y =  489 
 b_center_x =  666 b_center_y =  492 
 gb_center_x =  645 gb_center_y =  487 
 r/gr 0.848729 
 b/gr 0.412269 
 gb/gr 0.998243 
 r_oc_ave 158.893326 
 b_oc_ave 77.182220 
 gr_oc_ave 187.213333 
 gb_oc_ave 186.884445 

 [AWB]
 RGr =  0.848729 
 BGr =  0.412269 
 GbGr =  0.998243 
 r_oc_ave =  158.893326 
 b_oc_ave =  77.182220 
 gr_oc_ave =  187.213333 
 gb_oc_ave =  186.884445 