 LEFT LENS SHADING DATA
 RED Channel
 {
 36.426563  39.728649  44.300209  51.843330  59.813911  66.910942  72.329842  75.951668  77.171875  75.597496  72.019066  66.432655  59.305008  51.449219  44.541355  40.712658  38.040989 
 38.681980  43.930313  52.348122  62.305000  71.724533  80.082184  86.855469  91.550003  93.046875  91.165001  86.796562  79.672028  71.129997  61.624847  51.954689  44.412033  40.498074 
 40.692814  49.424065  60.499687  72.118752  83.057816  93.060158  101.644531  107.531403  109.590782  107.313278  101.552185  92.722191  82.367500  71.419533  59.983124  49.390472  42.031094 
 44.016247  55.180000  67.756096  80.731873  93.399689  105.500626  116.261566  124.029694  126.759995  123.653595  116.255783  105.337189  92.791405  80.242188  67.323441  54.930939  44.735935 
 47.606670  60.000000  73.496407  87.677971  102.279686  116.650314  129.842972  138.730469  141.819534  138.355621  129.403442  116.350159  101.751091  87.334999  73.048904  59.497971  47.410263 
 49.689171  63.416252  77.450310  92.606560  108.877815  125.049850  139.524216  148.963440  152.308121  148.745941  139.180786  124.580780  108.198128  92.287971  77.070625  62.716560  49.706146 
 50.541306  64.628593  79.407028  95.036407  111.648750  128.829849  143.564682  153.405472  156.713287  153.169998  143.927505  128.820007  111.773750  95.250313  79.267654  64.303909  50.620369 
 49.937035  63.858910  78.381096  93.605782  109.654533  126.280319  141.000931  150.707657  153.991562  150.295944  141.299225  126.633911  109.244377  93.353905  78.019379  63.444687  50.230942 
 47.987659  61.014534  74.985466  89.242188  104.043907  118.817810  132.191254  141.574844  144.743744  141.265472  132.134537  118.659225  103.543594  88.861717  74.489220  60.716248  48.322502 
 44.631096  56.376717  69.267189  82.455627  95.377655  107.783752  119.009369  127.011414  129.922806  127.039841  119.186096  107.837341  95.076721  82.009216  68.848907  56.197342  45.350468 
 41.319843  50.855469  62.279373  74.131409  85.519066  95.813126  104.683128  111.137657  113.639694  111.156250  104.857658  95.646873  84.969841  73.783752  61.899216  50.823441  42.429272 
 39.133751  45.270000  54.354065  64.607346  74.422653  83.083122  90.120781  94.946404  96.701874  95.076721  90.197502  82.865623  73.888596  64.055779  53.764061  45.444843  40.727970 
 36.653332  40.857918  46.469067  54.694221  63.172867  70.570213  76.337242  79.924950  81.156868  80.096504  76.477921  70.453545  63.033798  54.448486  45.996563  41.505466  38.615051 
 } 
 GR Channel
 {
 48.555054  53.525467  59.099327  67.900261  76.880257  84.637184  90.762711  94.625259  96.084801  94.714691  90.856819  84.733742  76.888702  68.143333  59.953751  55.125626  51.109787 
 52.413383  59.377342  69.204529  80.586716  90.971718  100.044685  107.566872  112.749222  114.633118  112.768433  108.110779  100.628754  91.067657  80.404999  69.223747  60.218124  55.085625 
 55.326820  66.085785  78.837502  91.846718  103.869217  114.880005  124.323441  130.919525  133.349213  131.172501  125.000626  115.424377  104.000778  91.722809  78.641251  66.177658  57.111198 
 59.757965  72.868591  87.246407  101.673279  115.583435  129.014221  141.077194  149.619217  152.849533  149.669067  141.786407  129.942963  115.939682  101.872810  87.321877  72.760941  60.455521 
 63.813957  78.524376  93.719215  109.416092  125.488907  141.593597  156.268753  166.200317  169.714371  166.200943  156.865158  142.791565  126.298431  110.294060  94.241096  78.487656  64.082863 
 66.445778  82.462654  98.285004  114.825623  132.664063  150.827347  166.945160  177.442184  181.304993  177.813599  167.774994  152.111099  133.682495  116.002655  98.987503  82.535309  66.779900 
 67.425568  83.968285  100.350784  117.492966  135.843445  155.087341  171.360153  182.255157  186.060471  182.424377  173.056412  156.881561  137.990005  119.633591  101.627655  84.406097  68.055054 
 66.677139  82.848595  99.000938  115.720001  133.382813  152.049225  168.407654  179.077026  182.979065  179.392807  170.002350  154.281876  134.808899  117.015778  99.797028  83.202187  67.555519 
 64.189011  79.504219  95.044533  110.899529  127.077194  143.600159  158.712662  169.052185  172.716095  169.140152  159.453903  144.910309  128.156555  111.722656  95.567810  79.857346  65.249641 
 60.146606  74.140160  88.653908  103.064842  117.444382  131.187805  143.815155  152.858597  156.128128  153.040466  144.677338  132.394531  118.256256  103.863907  88.926407  74.342659  61.349121 
 55.958855  67.654686  80.740311  93.835472  106.457031  117.669525  127.430939  134.829529  137.706253  135.032349  128.348282  118.339996  106.546562  94.090309  80.759064  67.910156  57.870781 
 52.899895  60.805313  71.431252  83.015625  93.854378  103.409378  111.087967  116.304993  118.441254  116.636093  111.287498  103.537033  93.666252  82.671249  70.847656  61.083435  55.031349 
 49.350731  54.995316  62.114578  71.662292  81.188545  89.157295  95.559013  99.512085  100.841667  99.625473  95.697922  89.303909  81.074997  71.430832  61.564949  56.048859  51.994690 
 } 
 GB Channel
 {
 49.242294  54.237289  60.294327  69.387962  78.900833  87.311874  93.718758  98.056465  99.406715  97.757027  93.464172  86.822868  78.387810  68.978287  60.538391  55.572136  51.507553 
 52.663124  59.725624  70.000778  81.796097  92.769997  102.364372  110.294998  115.873123  117.872345  115.847656  110.648750  102.535156  92.520309  81.172653  69.578590  60.289841  55.069633 
 55.125259  66.147972  79.337814  92.740471  105.331253  116.811569  126.855942  133.736877  136.414841  133.924057  127.272339  117.157349  105.049377  92.221405  78.575157  65.792030  56.813080 
 59.072968  72.516090  87.292816  102.168121  116.676254  130.602661  143.062347  151.881088  155.349838  152.071564  143.668594  131.209686  116.575470  101.974533  86.787659  72.026093  59.562965 
 62.819122  77.713905  93.290154  109.408279  125.908279  142.335159  157.508118  167.798752  171.458282  167.786560  157.992661  143.370316  126.342972  109.706566  93.260941  77.298439  62.700516 
 65.131622  81.337654  97.245155  114.296402  132.416245  150.834686  167.260941  178.100159  182.166092  178.538437  168.260315  152.113754  133.197815  115.098129  97.520157  80.899216  65.246513 
 65.815102  82.463440  99.062653  116.429382  135.102036  154.446869  170.921722  182.198746  186.188126  182.638748  172.839539  156.163589  136.963287  118.279846  99.917816  82.467499  66.218750 
 65.033699  81.276405  97.669998  114.470627  132.278442  151.207657  167.824844  178.795944  182.873596  179.142349  169.440155  153.332657  133.619843  115.467194  98.021095  81.250938  65.840515 
 62.646973  78.012810  93.639999  109.512032  126.055939  142.745941  158.025162  168.680313  172.442337  168.890152  158.917816  143.965942  126.857819  110.190781  93.738907  77.980934  63.444687 
 58.666931  72.851715  87.451248  102.095940  116.638596  130.417191  143.200150  152.512817  155.762970  152.817337  144.296097  131.487656  117.072662  102.363594  87.323441  72.696091  59.869217 
 54.883492  66.638283  79.850784  93.157028  105.790627  117.255310  127.222183  134.653275  137.594849  134.945007  128.002182  117.690155  105.718597  92.899063  79.362503  66.325310  56.486565 
 52.130409  60.003754  70.774529  82.616249  93.556252  103.272972  111.218437  116.605774  118.796249  116.862030  111.357658  103.301559  93.055153  81.766716  69.752655  59.904846  54.070465 
 49.062920  54.626671  61.752243  71.536255  81.150833  89.487335  95.938438  99.953911  101.460411  100.073486  95.924530  89.142815  80.615364  70.544426  60.790779  55.244225  51.275055 
 } 
 B Channel
 {
 17.516613  19.525368  22.190781  26.535103  30.847340  34.690731  37.584530  39.366043  39.975262  39.386875  37.475521  34.573700  30.633331  26.302864  22.139534  19.974583  18.521667 
 19.123283  22.287655  26.962658  32.439686  37.419220  41.634064  45.025158  47.405624  48.165466  47.278126  45.199688  41.660156  37.146252  31.993908  26.556408  22.342499  20.256252 
 20.451302  25.507343  31.625313  37.846405  43.380783  48.334061  52.501251  55.286560  56.289215  55.297340  52.626404  48.338127  43.040314  37.299530  31.069218  25.284374  21.463127 
 22.363281  28.735157  35.720470  42.432186  48.708748  54.638283  59.766090  63.268440  64.586250  63.192032  59.783279  54.560310  48.274841  41.893593  34.978748  28.407501  23.047916 
 24.194374  31.353127  38.597969  45.861252  52.964844  59.988129  66.297653  70.308128  71.666718  70.097191  66.004684  59.799065  52.605469  45.434219  37.994373  31.051094  24.813801 
 25.434998  33.002499  40.477970  48.134842  55.994843  63.868591  70.678284  74.853752  76.228127  74.668907  70.402657  63.564064  55.529999  47.692345  39.929218  32.741875  25.970623 
 25.877914  33.548752  41.273438  49.163750  57.257347  65.568436  72.341721  76.632034  78.082657  76.380310  72.391563  65.231094  57.097504  49.024529  41.065624  33.480782  26.607658 
 25.480156  32.968281  40.627811  48.255936  56.154373  64.133591  71.026566  75.335159  76.745941  75.092033  71.091721  64.183594  55.744843  47.874844  40.157501  32.976406  26.353699 
 24.172241  31.365780  38.780624  46.010780  53.316559  60.494690  66.902496  71.147499  72.482033  70.994843  66.739685  60.278435  52.905159  45.700157  38.395782  31.466873  25.273960 
 22.229843  28.842968  35.804531  42.588123  49.001404  55.129372  60.435936  64.086090  65.339218  64.062347  60.423592  54.967659  48.666092  42.182030  35.340313  28.889843  23.406719 
 20.247707  25.751877  32.076874  38.311249  44.035000  49.112030  53.349998  56.295624  57.419373  56.229218  53.299065  48.870155  43.618126  37.849064  31.655468  25.846718  21.662346 
 18.915001  22.572498  27.751564  33.354687  38.468594  42.848125  46.219532  48.497032  49.287971  48.519218  46.190624  42.592812  37.996094  32.720779  27.166561  22.717655  20.431198 
 17.706669  20.493336  24.033230  28.848434  33.600471  37.436459  40.441406  42.138073  42.786510  42.246098  40.313126  37.231148  33.137135  28.386410  23.440315  21.170364  19.664116 
 } 


 White Balance Data with optical Center Data
 r_center_x =  654 r_center_y =  497 
 gr_center_x =  654 gr_center_y =  490 
 b_center_x =  652 b_center_y =  469 
 gb_center_x =  654 gb_center_y =  483 
 r/gr 0.842893 
 b/gr 0.418421 
 gb/gr 1.001477 
 r_oc_ave 157.279999 
 b_oc_ave 78.075554 
 gr_oc_ave 186.595551 
 gb_oc_ave 186.871109 

 [AWB]
 RGr =  0.842893 
 BGr =  0.418421 
 GbGr =  1.001477 
 r_oc_ave =  157.279999 
 b_oc_ave =  78.075554 
 gr_oc_ave =  186.595551 
 gb_oc_ave =  186.871109 