 LEFT LENS SHADING DATA
 RED Channel
 {
 36.179688  39.211769  43.681198  51.343857  59.098389  65.851875  70.983955  74.175934  75.194221  73.691353  70.229370  64.703079  57.872658  50.250465  43.445625  39.908649  37.466148 
 38.559269  43.690937  51.797653  61.372185  70.673592  78.845627  85.511871  89.972191  91.297340  89.329689  84.713127  77.653282  69.177032  59.997345  50.490623  43.234062  39.833645 
 40.777813  49.360313  60.014687  71.169685  81.873909  91.930939  100.505470  106.368752  108.260155  105.800934  99.494843  90.627190  80.222656  69.345467  58.117500  47.920780  41.331821 
 44.119270  55.203438  67.409065  80.057343  92.658905  104.991249  115.898438  123.596558  126.132813  122.663284  114.776566  103.268280  90.480316  77.875000  65.150154  53.141563  43.853645 
 47.121922  59.902969  73.367340  87.420471  102.159843  116.755630  130.132339  139.029526  141.883591  137.745468  128.386871  114.641098  99.376404  84.890472  70.801407  57.656097  46.388386 
 49.524590  63.058746  77.258591  92.681877  109.073753  125.639374  140.420624  149.851257  152.715622  148.619995  138.339844  122.926880  105.821404  89.883904  74.751564  60.886871  48.521049 
 50.741661  64.330002  79.041878  95.197029  112.333130  130.110931  145.087814  154.560776  157.465775  153.249847  143.246719  127.410004  109.523285  92.756874  76.728592  62.249847  49.528801 
 50.128853  63.615936  77.960785  93.541878  110.404373  127.626404  142.729218  152.219681  154.900314  150.566711  140.780945  125.250305  107.271561  90.970314  75.527344  61.344528  48.985153 
 48.117188  60.857185  74.476715  89.047501  104.445938  119.944214  133.772507  143.057190  145.674683  141.471405  131.503433  117.312653  101.608124  86.660934  72.230469  58.789063  47.395733 
 44.785206  56.340622  68.965782  82.054222  95.405624  108.422188  119.982971  128.016724  130.423126  126.833588  118.341568  106.368752  92.972343  79.843903  66.686562  54.493439  44.725521 
 41.562344  50.951721  62.182343  73.858124  85.198593  95.782028  104.940941  111.268440  113.114212  110.362968  103.572655  93.944221  82.942497  71.551407  59.829376  49.409378  42.542709 
 39.504269  45.604687  54.519997  64.680313  74.326096  82.989220  90.111252  94.894218  96.257965  94.255623  89.066872  81.362343  72.282341  62.494843  52.510315  44.999218  41.360680 
 37.543438  41.668022  47.351254  55.445724  63.776718  70.885254  76.609169  80.248596  81.315674  79.898132  75.932709  69.857552  62.117973  53.608803  46.054478  42.445675  39.891094 
 } 
 GR Channel
 {
 48.132240  52.482651  58.180779  66.928383  76.134010  83.688957  89.310516  92.991821  94.274529  92.723595  88.588287  82.636505  74.901611  66.241821  58.061455  53.637817  49.660728 
 51.794746  58.693283  68.548904  79.708595  90.095467  98.869377  106.003441  110.964531  112.556412  110.514221  105.682655  98.177971  88.875153  78.482033  67.465622  58.507813  53.603645 
 55.026726  65.841095  78.511566  91.002815  102.785622  113.467499  122.604370  129.131561  131.378281  128.684845  122.457657  113.095474  101.828278  89.898590  76.902496  64.685158  56.166199 
 59.308746  73.029999  87.167191  100.983749  114.761719  127.918442  139.367661  147.824371  150.854996  147.554382  139.387192  127.383743  113.609375  99.821091  85.471565  71.234840  59.562546 
 63.347603  78.677185  93.910156  109.130157  125.123749  140.761414  155.187500  164.826401  167.975632  164.092972  154.604218  140.225159  123.716568  108.001091  92.168121  76.749535  62.831406 
 66.580574  82.489532  98.421410  115.080002  132.642029  150.645935  166.628906  177.181412  180.386246  176.307663  165.530624  149.346558  130.962662  113.676407  96.747032  80.626877  65.571037 
 67.766518  84.120468  100.560471  117.893280  136.156097  155.282654  171.713745  182.349838  185.797653  181.463745  171.062347  154.202347  135.128128  117.096725  99.388435  82.372032  66.736404 
 67.170570  83.200783  99.256409  116.083130  134.057663  152.635788  169.117340  179.852661  183.108444  178.843124  168.669067  151.938904  132.363129  114.744690  97.505157  81.186874  66.041878 
 64.550262  79.977966  95.352341  111.075157  127.514221  144.143280  159.236725  169.600937  172.805618  168.745941  158.289368  143.033127  126.077972  109.768593  93.428596  77.781715  63.749428 
 60.247345  74.429222  88.936874  103.235779  117.533127  131.517654  144.101563  152.924530  155.859222  152.419693  143.499374  130.870789  116.465149  101.895157  87.028122  72.500626  60.422707 
 56.115631  68.043121  81.112190  94.129532  106.432030  117.739212  127.685150  134.735779  136.992035  134.037964  126.866089  116.707504  104.957184  92.261253  78.632813  66.171410  57.432030 
 53.063705  61.227654  72.011871  83.639374  94.241096  103.722969  111.586090  116.916718  118.625153  116.497192  110.945313  102.834534  92.904999  81.746719  69.898438  60.717972  55.749008 
 49.836609  55.829529  63.036873  72.536041  82.192970  90.044846  96.434639  100.745262  102.020363  100.547607  96.246559  89.465996  80.942505  70.926094  61.870941  57.084846  52.911514 
 } 
 GB Channel
 {
 48.637444  53.056610  59.071045  68.442657  77.986351  85.970413  92.138229  95.949844  97.377342  95.537025  91.108070  84.617752  76.325523  66.950684  58.424896  53.789375  49.906876 
 51.977036  59.105156  69.265625  80.868279  91.807190  100.955002  108.590309  113.777969  115.336716  113.128906  107.880783  99.756721  89.867188  79.005470  67.519066  58.354378  53.582710 
 54.756355  65.914688  79.065941  92.014999  104.241722  115.421249  124.931091  131.659378  134.001556  131.080780  124.279694  114.483276  102.478752  89.967659  76.579063  64.069847  55.652130 
 58.657082  72.751251  87.245003  101.610153  115.790787  129.501404  141.274994  149.928589  153.066879  149.551254  140.855164  128.335632  113.922028  99.542030  84.659531  70.277969  58.474014 
 62.352295  78.036873  93.625778  109.316093  125.770004  141.780319  156.556244  166.395309  169.703278  165.518280  155.556244  140.528595  123.532349  107.111252  90.957184  75.443909  61.419121 
 65.184006  81.527969  97.793121  114.797653  132.772964  150.997192  167.348434  177.997650  181.256256  176.940628  165.883438  149.184692  130.354538  112.574066  95.134689  79.001251  63.959167 
 66.404373  82.881874  99.554535  117.236252  135.818130  155.168274  171.727036  182.603912  186.033127  181.589066  170.943436  153.611877  134.086716  115.675003  97.642189  80.486252  65.054581 
 65.451569  81.875313  98.103127  115.244064  133.536880  152.202652  168.803909  179.808121  183.070313  178.664215  168.206558  151.178589  131.280472  113.129532  95.662186  79.252502  64.192497 
 62.965149  78.593285  94.199219  110.172653  126.776093  143.722809  159.028595  169.590149  172.744217  168.569839  157.673126  142.300476  124.879211  108.204529  91.693748  76.032028  62.125160 
 58.994064  73.405312  88.087502  102.610153  117.160156  131.295151  144.008591  152.927658  155.769531  152.276566  143.210007  130.171722  115.308899  100.553284  85.385002  70.909531  58.833076 
 55.120049  67.166092  80.447502  93.646561  106.192970  117.750626  127.850937  134.881256  137.115631  134.047348  126.788132  116.238907  104.146095  91.201408  77.346092  64.750153  56.186195 
 52.435104  60.719688  71.718597  83.434998  94.326561  103.990471  111.989059  117.374527  119.052032  116.759842  110.980469  102.552811  92.261871  80.897659  68.823753  59.663750  54.704582 
 49.640930  55.663017  63.082550  72.742920  82.576561  90.597763  96.983231  101.488075  102.833900  100.957138  96.504425  89.443230  80.811882  70.450363  61.300835  56.349998  52.475418 
 } 
 B Channel
 {
 18.076878  20.108128  22.951408  27.463123  31.831253  35.439480  38.181770  39.787708  40.330315  39.557030  37.575623  34.731304  30.809738  26.502396  22.515781  20.408070  18.665573 
 19.631039  22.836876  27.805782  33.326874  38.432499  42.640312  45.902187  48.068123  48.625313  47.641407  45.346874  41.782345  37.235783  32.191563  26.783905  22.705780  20.632656 
 21.021564  26.232811  32.411564  38.747345  44.431095  49.572655  53.674065  56.350784  57.177971  55.927811  53.019531  48.604691  43.284218  37.483124  31.285782  25.694843  21.950886 
 22.968643  29.605312  36.519062  43.351406  49.948593  55.997810  61.269684  64.852814  65.880623  64.260315  60.522499  55.049217  48.605156  42.110783  35.292656  28.871719  23.708176 
 24.786613  32.215157  39.669064  47.037342  54.467186  61.633125  68.034531  72.161095  73.302811  71.438904  67.038750  60.417656  52.942970  45.659531  38.318748  31.421562  25.260731 
 26.177658  33.848282  41.700314  49.519997  57.692345  65.678749  72.656876  76.970001  78.189217  76.403595  71.569221  64.271873  55.977814  48.089531  40.308907  33.211407  26.527031 
 26.575260  34.459217  42.527813  50.733597  59.113281  67.578903  74.554535  78.786407  80.173439  78.149376  73.755783  66.189690  57.611092  49.496094  41.464531  33.940624  27.095211 
 26.105316  33.909061  41.764530  49.827812  58.184059  66.447189  73.415779  77.789063  78.932816  76.970467  72.540627  65.265312  56.616722  48.559219  40.609062  33.406876  26.816040 
 24.881615  32.341408  39.934376  47.645782  55.338440  62.870003  69.280624  73.590782  74.669533  72.731407  68.117966  61.326561  53.750626  46.302189  38.764999  31.867813  25.739895 
 22.970886  29.826096  36.919846  43.947342  50.736252  57.142502  62.673279  66.272499  67.398125  65.689064  61.719688  55.981094  49.485153  42.749687  35.797344  29.342342  24.034222 
 21.158539  26.815624  33.300468  39.709373  45.713280  51.013908  55.440315  58.380623  59.216873  57.818748  54.586876  49.958908  44.465626  38.489220  31.995937  26.390938  22.599270 
 20.021927  23.937969  29.345001  35.228592  40.566719  45.214844  48.764221  51.113129  51.812813  50.721565  48.115784  44.231407  39.448280  34.027187  28.271095  24.103748  22.081253 
 18.852341  21.761929  25.465000  30.450886  35.488594  39.477139  42.651508  44.649372  45.166561  44.416561  42.201824  38.947865  34.585155  29.549690  24.916721  22.997501  21.330418 
 } 


 White Balance Data with optical Center Data
 r_center_x =  651 r_center_y =  522 
 gr_center_x =  634 gr_center_y =  498 
 b_center_x =  654 b_center_y =  494 
 gb_center_x =  647 gb_center_y =  514 
 r/gr 0.846185 
 b/gr 0.430415 
 gb/gr 1.000095 
 r_oc_ave 157.924438 
 b_oc_ave 80.328888 
 gr_oc_ave 186.631104 
 gb_oc_ave 186.648895 

 [AWB]
 RGr =  0.846185 
 BGr =  0.430415 
 GbGr =  1.000095 
 r_oc_ave =  157.924438 
 b_oc_ave =  80.328888 
 gr_oc_ave =  186.631104 
 gb_oc_ave =  186.648895 