 LEFT LENS SHADING DATA
 RED Channel
 {
 35.980473  39.506721  43.496044  51.052185  59.075729  66.248955  71.835464  75.040619  76.115471  74.407547  70.691719  65.040001  57.723640  49.848122  42.535938  38.276615  35.644947 
 38.805885  43.581093  51.559372  61.457184  71.046562  79.581879  86.579842  91.055626  92.381096  90.303596  85.496094  78.139999  69.220314  59.853127  50.230934  42.190155  37.750782 
 40.718906  48.793282  59.657967  71.440002  82.560936  92.778595  101.584999  107.589218  109.449844  106.831253  100.623749  91.367500  80.618439  69.542191  58.189217  47.434376  39.689377 
 43.393959  54.399376  67.059059  80.300781  93.355621  105.782188  116.663589  124.495316  126.942657  123.537506  115.683746  104.120316  91.184372  78.135941  65.203125  52.882034  42.546406 
 46.289692  58.924690  72.773750  87.530312  102.362030  117.022034  130.435150  139.354370  142.419998  138.479065  129.125000  115.558746  100.201874  85.357971  70.967812  57.459373  45.452709 
 48.453285  62.141403  76.671562  92.404533  108.908440  125.358276  140.284531  149.931717  152.883286  148.989838  138.915787  123.824066  106.619064  90.347031  74.824684  60.595154  47.631195 
 49.437340  63.494217  78.520470  94.745781  111.662811  129.039063  144.239059  154.096405  157.315308  152.994370  143.279694  127.703278  109.924530  92.927345  76.789841  61.893753  48.574165 
 48.970833  62.577499  77.353905  92.959686  109.378441  126.162338  141.117661  150.973129  153.957962  149.871399  140.316101  125.197342  107.286095  90.796875  75.214066  60.925156  48.041611 
 47.013226  59.735313  73.708908  88.338753  103.466873  118.352036  131.824371  141.104996  144.173599  140.332031  130.900787  116.948288  101.372810  86.426720  71.842812  58.229691  46.293850 
 44.166927  55.094215  67.910004  81.256096  94.401405  107.007500  118.239838  125.807343  128.555466  125.402649  117.422028  105.749847  92.538284  79.365158  66.248283  53.805466  43.357346 
 41.696091  49.890472  60.801872  72.674377  84.110001  94.484222  103.467812  109.311096  111.387657  108.699532  102.315155  93.110313  82.174065  70.781715  59.136406  48.436249  40.432499 
 40.289894  45.049061  53.064217  63.108910  72.981247  81.560471  88.635155  93.072029  94.470467  92.533279  87.586403  80.214844  71.252968  61.499847  51.415001  43.494530  39.074741 
 37.801979  42.033226  46.308178  53.701195  61.984169  69.260674  74.880783  78.490997  79.529846  78.033073  74.324532  68.340462  60.748596  52.536713  44.576252  40.525990  37.908489 
 } 
 GR Channel
 {
 47.892868  53.127029  58.342552  66.986198  76.231407  84.117241  90.236099  93.857872  95.036194  93.396927  89.147865  82.728851  74.861206  66.118744  57.724846  52.214325  48.364319 
 52.314529  58.861404  68.343597  79.768906  90.554535  99.829529  106.986717  112.128906  113.821411  111.404221  106.411407  98.642189  88.992653  78.411247  67.364220  57.834534  51.948906 
 55.294746  65.443283  78.196091  91.517342  103.711090  114.894058  124.070618  130.410309  132.868118  129.994995  123.370316  113.570786  101.930779  89.868752  77.046249  64.426247  54.732498 
 58.707352  72.297966  86.908905  101.536247  115.814377  129.438904  141.363281  149.506409  152.076721  148.681717  140.523132  128.004059  113.931870  99.800003  85.414063  71.198280  58.653488 
 62.408386  77.646095  93.560936  109.724373  125.981094  142.129684  156.647964  166.262970  169.440155  165.364838  155.349533  140.870621  124.156876  107.922653  92.074371  76.658905  62.303284 
 65.116409  81.594528  98.152344  115.267349  133.335632  151.527039  167.472031  177.798279  181.109222  177.158600  166.571564  150.081726  131.414993  113.599213  96.730156  80.615784  65.144737 
 66.258331  83.209999  100.177498  117.945786  136.491089  155.547028  171.917496  182.321869  185.805161  181.599533  171.653748  154.936401  135.584381  116.926880  99.026405  82.128906  66.332031 
 65.592339  81.902969  98.678749  115.958755  133.969849  152.334686  168.526093  179.118744  182.444687  178.258911  168.247650  152.188904  132.587967  114.319214  97.035156  80.672340  65.707558 
 63.183746  78.497498  94.380157  110.553749  127.229065  143.628281  158.258118  168.394684  171.812973  167.843124  157.611557  142.615463  125.594223  109.329216  93.125153  77.374062  63.165726 
 59.378326  72.913750  87.591248  102.445313  116.848587  130.801880  143.281876  151.716873  154.694687  151.300476  142.778595  129.976410  115.544067  101.115158  86.456406  71.981873  59.366875 
 56.098961  66.516876  79.357971  92.682968  105.277809  116.647659  126.475784  133.206100  135.592346  132.598587  125.493286  115.471725  103.699844  91.226097  78.096718  65.429840  55.697136 
 53.728539  60.533127  70.179840  81.731247  92.686096  102.176872  109.982033  115.035934  116.602661  114.500000  109.034065  100.938278  91.189064  80.473434  68.861252  59.315941  53.458435 
 49.829788  56.207291  61.881310  70.708755  79.882545  88.051872  94.168488  98.379265  99.599945  98.042915  93.908646  87.465157  79.170319  69.763023  60.592506  55.430107  51.441360 
 } 
 GB Channel
 {
 48.504845  53.776093  59.223755  68.274742  77.960472  86.407188  93.118019  96.949638  98.017494  96.264839  91.500000  84.773804  76.370728  66.965782  58.046455  52.330315  48.382813 
 52.494423  59.197968  68.993752  80.808281  92.118591  101.933441  109.552185  114.973587  116.786255  114.291718  108.818748  100.499847  90.124062  78.990158  67.408127  57.544060  51.466148 
 55.005577  65.433281  78.451248  92.333595  104.952812  116.579376  126.188599  133.024368  135.347961  132.456406  125.549057  115.084534  102.866409  90.122345  76.705467  63.781403  53.848289 
 58.070358  71.873909  86.757965  101.896408  116.517975  130.588440  143.018127  151.511871  154.391403  150.768280  142.257660  129.217194  114.363434  99.559059  84.627655  70.031097  57.395882 
 61.387497  76.898750  93.140160  109.562965  126.197189  142.697342  157.568909  167.621872  171.035461  166.802811  156.364059  141.381088  124.094849  107.318436  90.842186  75.195465  60.784843 
 63.880470  80.457344  97.126877  114.596405  132.988754  151.424377  167.726715  178.306717  181.861099  177.709381  166.775467  150.024063  130.731567  112.397034  95.012657  78.756409  63.267860 
 64.921883  81.748123  98.864372  116.955307  135.731400  154.882965  171.492188  182.326248  185.935318  181.680618  171.549530  154.523743  134.704529  115.513275  97.132347  80.052185  64.445107 
 64.064636  80.522346  97.321564  114.702194  133.062653  151.486099  167.984222  178.885788  182.294525  178.082809  167.859848  151.497971  131.495468  112.843445  95.126251  78.645622  63.519371 
 61.783386  77.083595  93.090157  109.466560  126.243286  142.843903  157.740631  168.027039  171.655472  167.621246  157.278748  141.906403  124.563278  107.794220  91.162498  75.474686  61.273857 
 58.259377  71.748123  86.538124  101.552185  116.135468  130.222351  142.728912  151.429993  154.561874  151.122192  142.396408  129.379211  114.526566  99.786873  84.839691  70.310623  57.660210 
 55.294319  65.648285  78.544220  92.028122  104.802345  116.425156  126.359375  133.225784  135.679993  132.679062  125.507660  115.147339  103.004219  90.250465  76.797966  64.008438  54.303444 
 53.166557  59.932816  69.677498  81.428596  92.588280  102.249222  110.198441  115.472031  117.095932  114.843903  109.328590  100.889534  90.892654  79.885468  67.997345  58.328751  52.570839 
 49.644890  55.861977  61.744171  70.602547  80.202660  88.449425  94.818436  99.105156  100.478859  98.855782  94.444221  87.528076  79.111618  69.395683  60.006294  54.807503  50.886246 
 } 
 B Channel
 {
 17.495209  19.847290  22.525261  26.835781  31.431511  35.275936  38.239738  39.783176  40.226826  39.346458  37.372604  34.402760  30.519218  26.054424  21.813389  19.209583  17.732082 
 19.274792  22.376877  27.107967  32.821407  38.156719  42.625938  46.088280  48.209221  48.810783  47.711876  45.334686  41.559219  36.909843  31.829220  26.362343  21.906250  19.409580 
 20.476822  25.472031  31.698906  38.335155  44.231564  49.614372  53.895782  56.676407  57.481720  56.141251  53.079216  48.510628  43.015625  37.155155  30.935623  25.140312  20.853230 
 22.051510  28.624218  35.881561  43.006874  49.762497  56.049065  61.468437  65.093903  66.130470  64.496719  60.703438  54.999687  48.423752  41.794998  34.862030  28.287186  22.795105 
 23.550938  31.062187  38.857811  46.613750  54.186562  61.521873  68.043747  72.123123  73.442970  71.624847  67.195778  60.477654  52.884064  45.365936  37.956406  30.917656  24.689533 
 24.659794  32.653126  40.731564  48.866562  57.235626  65.384529  72.455154  76.811722  78.130783  76.274063  71.641403  64.388283  55.842812  47.814064  39.923904  32.687187  26.010521 
 25.197445  33.230156  41.516876  49.943748  58.362343  67.004997  74.144066  78.492966  79.906715  77.933594  73.510155  66.052345  57.363907  49.134842  40.910625  33.344532  26.478905 
 24.773281  32.642654  40.647968  48.916565  57.203590  65.467972  72.621246  77.073753  78.312965  76.506561  72.095467  64.935623  56.044533  47.870625  39.932186  32.730469  26.145260 
 23.678226  31.055313  38.707500  46.477657  54.176094  61.599846  68.160309  72.489998  73.858597  71.944221  67.440002  60.772034  53.109840  45.639217  38.128124  31.155468  24.947342 
 22.155518  28.510937  35.625626  42.762814  49.582184  55.969063  61.443909  65.078278  66.276405  64.815315  60.974686  55.277657  48.754219  41.990623  35.093124  28.614063  23.186981 
 20.692291  25.583126  31.790627  38.284843  44.351875  49.634529  54.070465  56.972656  57.900780  56.644997  53.556404  48.982185  43.507813  37.580311  31.164375  25.492500  21.312084 
 19.821823  23.060780  27.792969  33.568905  39.045780  43.575626  47.329689  49.578278  50.163910  49.268593  46.782345  42.994217  38.308281  32.961250  27.176720  22.896561  20.685314 
 18.465576  21.396408  24.295261  28.888699  33.662239  37.861458  40.916355  42.783077  43.412445  42.692554  40.682552  37.472347  33.275990  28.472919  23.805260  21.456146  20.074478 
 } 


 White Balance Data with optical Center Data
 r_center_x =  654 r_center_y =  490 
 gr_center_x =  654 gr_center_y =  491 
 b_center_x =  663 b_center_y =  477 
 gb_center_x =  652 gb_center_y =  494 
 r/gr 0.846726 
 b/gr 0.428834 
 gb/gr 1.002169 
 r_oc_ave 157.871109 
 b_oc_ave 79.955559 
 gr_oc_ave 186.448883 
 gb_oc_ave 186.853333 

 [AWB]
 RGr =  0.846726 
 BGr =  0.428834 
 GbGr =  1.002169 
 r_oc_ave =  157.871109 
 b_oc_ave =  79.955559 
 gr_oc_ave =  186.448883 
 gb_oc_ave =  186.853333 