 LEFT LENS SHADING DATA
 RED Channel
 {
 36.031826  39.748074  43.956978  51.229164  59.098488  66.052399  71.534897  74.920624  76.175262  75.109116  71.504585  66.110268  59.053642  51.297287  44.214584  39.983280  37.129948 
 39.060154  43.644531  51.409065  61.378754  70.802032  79.164063  86.121559  90.764374  92.317970  90.573906  86.138748  79.120468  70.577812  61.468124  51.919998  44.075157  39.661198 
 41.112759  48.764221  59.390312  70.899063  82.022972  92.147812  101.085472  107.137184  109.362656  107.179840  101.048904  92.282028  81.914528  71.278435  60.041405  49.426247  41.551250 
 43.979012  54.397972  66.676720  79.565315  92.515160  104.927658  116.159531  124.229065  127.070938  123.990784  116.187027  104.956879  92.381409  79.853752  67.145935  54.987503  44.494583 
 46.910263  59.089218  72.488594  86.740471  101.629532  116.253281  129.874847  139.316406  142.751404  139.160004  129.949997  116.427811  101.419220  87.000778  72.948906  59.597809  47.530731 
 49.204796  62.398125  76.477028  91.754059  108.038750  124.580780  139.634689  149.670944  153.131409  149.530777  139.887344  124.898132  107.924217  92.062653  77.004532  62.959221  49.736099 
 50.215988  63.763283  78.250938  94.182190  111.043121  128.325623  143.580933  153.801254  157.272964  153.702972  144.581879  129.060944  111.557816  94.966721  79.089844  64.280785  50.929321 
 49.578590  63.006721  77.214844  92.427185  108.911720  125.687500  140.745941  151.093903  154.561249  150.730316  141.487656  126.553436  108.833435  92.882813  77.563751  63.271408  50.307030 
 47.713959  60.200623  73.801407  88.051094  102.976410  118.004532  131.681091  141.452820  144.886093  141.201569  131.757339  118.230942  103.047028  88.353127  74.174530  60.582970  48.474846 
 44.736664  55.722504  68.257347  81.174065  94.162659  106.912186  118.282654  126.538132  129.663132  126.502502  118.452972  107.078278  94.282501  81.484688  68.484528  56.130310  45.270733 
 42.320522  50.584686  61.486404  73.064377  84.300316  94.846252  103.919220  110.403908  112.704224  110.237656  103.718285  94.719688  84.185310  73.138748  61.495003  50.686562  42.477810 
 40.976456  45.736874  53.729065  63.762344  73.408440  82.087029  89.391876  94.254372  95.962189  94.112816  89.179062  81.913597  73.129997  63.481407  53.430779  45.463593  40.623386 
 38.522705  41.928955  46.273224  53.720879  61.866776  68.974747  74.808960  78.764786  80.135933  78.845726  75.166145  69.207970  61.847092  53.417862  45.745991  41.325054  38.359634 
 } 
 GR Channel
 {
 46.892757  52.659843  58.105736  66.800209  75.878540  83.899902  90.020943  93.591202  95.031403  93.700256  90.134010  84.188797  76.187653  67.277031  58.792236  53.270988  49.036407 
 51.841927  58.216721  67.914063  79.546875  90.304375  99.595314  106.879684  111.950157  113.709534  111.952972  107.372971  99.887344  90.360779  79.975159  68.734528  59.058281  53.023491 
 55.035004  64.816254  77.558441  90.946091  103.178436  114.450317  123.883438  130.456253  132.697342  130.475784  124.282501  114.876724  103.412498  91.633125  78.677658  65.876564  55.921974 
 58.926094  71.724220  86.109528  100.862503  115.049057  128.761093  140.784531  149.461243  152.441879  149.323288  141.355164  129.393906  115.616714  101.698128  87.339996  72.805939  59.914680 
 62.398697  77.181404  92.798126  108.794846  124.846725  141.154221  155.893433  166.253754  169.830933  166.147812  156.682816  142.274536  125.869843  109.936562  94.168434  78.591873  63.963966 
 65.074112  81.055153  97.344841  114.460464  132.178436  150.332809  166.843445  177.695313  181.373123  177.701248  167.563278  151.494217  133.133118  115.492493  98.788124  82.485779  66.675575 
 66.436401  82.489532  99.348434  117.024689  135.285309  154.449844  171.167191  182.070465  185.893906  182.172028  172.688751  156.201096  137.302658  119.065933  101.363281  84.211876  68.062706 
 65.601151  81.544060  98.067184  115.030472  132.963913  151.416565  168.092972  178.939529  182.768433  179.098587  169.648911  153.752655  134.325943  116.680466  99.542030  82.960785  67.192657 
 63.133331  78.180000  93.953125  110.004684  126.590149  143.192184  158.243286  168.492035  172.390152  168.842026  159.085785  144.702026  127.950150  111.681717  95.577499  79.729691  64.763435 
 59.338074  72.885780  87.544998  102.328751  116.855774  130.871567  143.401413  152.161880  155.447495  152.395157  144.165161  132.063599  118.006256  103.850311  88.993752  74.373749  60.998329 
 56.095367  66.727654  79.719688  93.097969  105.883751  117.416870  127.285156  134.035004  136.536880  134.210938  127.485001  117.922653  106.532501  94.050468  80.655624  67.616409  57.194115 
 53.729218  60.568596  70.505157  82.272659  93.288910  102.889221  110.795311  115.997192  117.837036  115.993912  110.856560  103.263596  93.650467  82.659378  70.838127  60.887970  54.373177 
 49.712128  55.197556  61.166618  69.961197  79.392860  87.550682  93.822815  98.159691  99.493492  98.199944  94.183228  87.729225  79.756516  70.030205  60.696869  55.126503  50.599007 
 } 
 GB Channel
 {
 46.991772  52.830940  58.667290  67.865990  77.403336  85.944794  92.600418  96.533752  98.201881  96.814056  92.884171  86.406876  78.023445  68.390991  59.335419  53.877861  49.504112 
 51.793854  58.144684  68.083122  80.215782  91.461250  101.348122  109.081253  114.595001  116.470627  114.700317  109.820000  101.870628  91.787186  80.932030  69.250000  59.202660  52.987450 
 54.457085  64.415001  77.375938  91.189217  103.911560  115.676880  125.644836  132.648285  135.194534  133.055939  126.502655  116.701096  104.703903  92.245155  78.852188  65.714844  55.600883 
 57.948700  70.748909  85.414375  100.575470  115.158752  129.392181  142.003601  151.124847  154.534683  151.476563  143.130005  130.657349  116.368912  101.952187  87.181252  72.279999  59.188332 
 61.227081  75.972504  91.609375  107.856873  124.341568  141.037506  156.416245  167.251251  171.187500  167.508911  157.844681  142.980164  126.068130  109.528435  93.398750  77.607658  62.910782 
 63.258072  79.347031  95.544060  112.853439  130.718903  149.315933  166.177185  177.672806  181.890930  178.267181  167.880463  151.438751  132.657028  114.695938  97.561096  81.205154  65.183281 
 64.460052  80.476097  97.180000  114.966721  133.219849  152.654068  169.654221  181.264694  185.496399  181.857819  172.244995  155.541245  136.346878  117.746094  99.839844  82.585625  66.385208 
 63.756203  79.370155  95.772499  112.734848  130.785309  149.309067  166.235931  177.718277  182.036407  178.375626  168.854370  152.835938  133.153595  115.208435  98.036720  81.390778  65.482239 
 61.264900  76.214066  91.830315  107.777031  124.416245  141.162964  156.437027  167.179382  171.454056  167.970932  158.086411  143.626724  126.587967  110.112968  93.935623  78.045311  63.197403 
 57.572548  71.114845  85.593437  100.217033  114.909683  129.115158  141.759842  150.837189  154.455307  151.598434  143.363434  131.064056  116.839218  102.375313  87.480469  72.766090  59.428802 
 54.620987  65.108284  78.017815  91.452347  104.056877  115.800308  126.027191  133.131714  135.919067  133.523285  126.837662  116.962967  105.423752  92.856094  79.269066  66.226097  55.847961 
 52.512863  59.203903  69.119064  80.923126  92.017342  101.851715  109.997658  115.435776  117.519058  115.643127  110.409531  102.439690  92.739998  81.579689  69.753128  59.871407  53.376198 
 49.109535  54.176620  59.956558  68.953125  78.494217  86.836922  93.634529  98.079735  99.639900  98.198540  94.181404  87.515099  79.122925  69.247192  59.784378  54.477859  50.062027 
 } 
 B Channel
 {
 16.614738  18.745155  21.329060  25.723175  30.138748  33.875938  36.732449  38.419846  39.070156  38.506195  36.743229  33.896976  30.071144  25.793076  21.788799  19.231667  17.374584 
 18.799736  21.298283  25.790314  31.452969  36.582500  40.825939  44.103905  46.335468  47.103283  46.193905  44.129063  40.661564  36.296562  31.422031  26.251095  21.851250  19.151665 
 20.104530  24.413906  30.281719  36.627029  42.394062  47.360313  51.428749  54.262032  55.156403  54.167656  51.342659  47.167969  42.082813  36.672970  30.784687  25.054218  20.441093 
 21.703388  27.629845  34.209530  41.027969  47.442501  53.404060  58.527031  62.237343  63.367813  61.934219  58.446404  53.186562  47.158592  40.998123  34.524689  28.197655  22.291615 
 23.339218  30.141094  37.220158  44.405624  51.612816  58.503906  64.753906  68.904846  70.332184  68.745155  64.651253  58.505936  51.385468  44.455154  37.570000  30.719063  24.031979 
 24.505520  31.749687  39.028751  46.514374  54.324844  62.052032  68.850784  73.223282  74.583282  73.165466  68.832497  61.989220  54.168282  46.650936  39.488125  32.484531  25.225990 
 24.928749  32.310001  39.772499  47.385624  55.357033  63.403748  70.159065  74.552185  76.094841  74.593437  70.515472  63.582809  55.493279  47.960781  40.419846  33.138439  25.808853 
 24.600468  31.757343  39.110157  46.418907  54.192970  61.939529  68.715782  73.040627  74.486565  72.914841  69.016090  62.363907  54.220314  46.729061  39.553593  32.483280  25.283909 
 23.306618  30.150158  37.291874  44.197811  51.272499  58.340782  64.523903  68.622971  70.133278  68.578125  64.523438  58.451721  51.399529  44.477657  37.755783  30.994373  24.145206 
 21.586407  27.648281  34.367031  40.773750  46.976719  53.006721  58.133591  61.710472  62.969376  61.751404  58.326561  53.081718  47.132343  41.011562  34.788593  28.459373  22.340626 
 20.117397  24.787811  30.705780  36.679375  42.201561  47.179688  51.400002  54.201408  55.194061  54.160469  51.312347  47.164219  42.221249  36.758595  30.930470  25.296406  20.537865 
 19.062134  21.876095  26.384842  31.730156  36.683907  40.917500  44.358124  46.573437  47.324532  46.518280  44.303905  40.863907  36.512814  31.580311  26.400936  22.119999  19.214584 
 17.627968  19.764217  22.383804  26.421196  30.794949  34.440418  37.459793  39.302605  39.831825  39.324738  37.601616  34.690781  30.726563  26.282398  22.128857  19.974583  17.915833 
 } 


 White Balance Data with optical Center Data
 r_center_x =  654 r_center_y =  500 
 gr_center_x =  654 gr_center_y =  516 
 b_center_x =  648 b_center_y =  479 
 gb_center_x =  655 gb_center_y =  471 
 r/gr 0.845705 
 b/gr 0.409000 
 gb/gr 0.998166 
 r_oc_ave 157.782227 
 b_oc_ave 76.306664 
 gr_oc_ave 186.568893 
 gb_oc_ave 186.226669 

 [AWB]
 RGr =  0.845705 
 BGr =  0.409000 
 GbGr =  0.998166 
 r_oc_ave =  157.782227 
 b_oc_ave =  76.306664 
 gr_oc_ave =  186.568893 
 gb_oc_ave =  186.226669 