 LEFT LENS SHADING DATA
 RED Channel
 {
 38.777760  42.014011  46.211300  53.543282  61.558281  68.813751  74.591042  78.117867  79.292763  77.979164  74.413536  68.571198  61.271873  53.163025  45.776356  41.058804  37.674217 
 41.326927  45.711720  53.606094  63.777657  73.470154  82.063751  89.100624  93.997658  95.685471  93.712502  89.033127  81.945160  72.985626  63.324684  53.279686  45.112343  40.127552 
 42.936512  50.662971  61.450623  73.381561  84.756721  95.186874  104.017502  110.252502  112.503281  110.124687  104.003281  94.971092  84.328751  72.992653  61.185471  50.202034  42.080990 
 45.345310  56.111565  68.647972  81.916252  95.014687  107.684685  118.776245  126.970154  130.017029  126.809998  118.919693  107.555779  94.708435  81.561874  68.360939  55.678909  44.838284 
 48.064171  60.603752  74.381874  88.714691  103.803909  118.622025  132.255936  141.630310  145.244537  141.832809  132.307663  118.695160  103.358749  88.454842  73.952187  60.181252  47.702084 
 49.864845  63.545471  78.029060  93.295311  109.903748  126.576721  141.689224  151.690308  155.427032  151.991409  141.923599  126.722809  109.327660  93.116249  77.621719  63.244843  49.885048 
 50.624016  64.702972  79.567345  95.467346  112.272812  129.839066  145.338440  155.439529  159.229538  155.780151  146.172501  130.237350  112.541870  95.391403  79.358124  64.183907  50.633278 
 49.979683  63.618439  78.192657  93.463905  109.834686  126.684067  141.929993  152.236099  155.701096  152.149368  142.654846  127.377655  109.283279  92.993591  77.547501  63.076874  49.793121 
 47.756767  60.533440  74.412659  88.705780  103.855469  118.466873  132.363129  141.948120  145.354843  141.768906  132.398743  118.503281  102.779060  88.047340  73.790001  60.110153  47.757034 
 44.751041  55.823128  68.624535  81.737030  94.738129  107.063904  118.572037  126.634537  129.500931  126.434525  118.601410  107.104065  93.775467  80.776405  67.909531  55.530159  44.622448 
 42.216877  50.428123  61.491249  73.445160  84.554688  95.002342  103.945313  110.152969  112.255310  109.767967  103.553436  94.295311  83.518127  72.208282  60.651093  49.773438  41.689270 
 40.528542  45.316875  53.601875  63.850624  73.309685  81.899689  88.902344  93.781876  95.431877  93.543747  88.536095  81.181091  72.327812  62.600784  52.527969  44.366718  39.460258 
 37.780209  41.322708  45.938541  53.511459  61.505943  68.445930  73.935463  77.725624  79.076874  77.693336  73.945465  68.005890  60.801987  52.397659  44.696507  40.100677  37.111092 
 } 
 GR Channel
 {
 48.564941  54.234947  59.811249  68.882660  78.279793  86.284431  92.679161  96.421982  97.723282  96.254738  92.416725  86.247757  78.149162  68.878387  59.959747  54.075005  49.077911 
 53.420776  59.760155  69.556252  81.523285  92.621872  101.911720  109.112503  114.149063  115.958908  113.975784  109.321091  101.784218  92.142502  81.361092  69.729530  59.788750  53.244164 
 56.243599  66.344215  79.252190  92.829063  105.475784  116.643906  125.717972  131.859848  134.258286  131.822342  125.728592  116.452194  105.085938  92.807816  79.341721  66.435623  56.225624 
 59.694481  72.980316  87.626091  102.492653  116.877182  130.559372  142.034378  150.182343  153.377029  150.216568  142.248444  130.445618  116.970627  102.719528  87.948906  73.213440  60.043854 
 63.145004  78.423752  94.366249  110.390160  126.729065  142.633591  156.889847  166.451248  170.257187  166.766251  157.171875  143.137497  126.834686  110.818748  94.652191  78.849686  63.698860 
 65.419838  82.105469  98.818909  115.660461  133.524368  151.478745  167.442810  177.613129  181.446716  178.149368  168.132187  152.262650  133.818436  116.337662  99.323593  82.699997  66.614174 
 66.411148  83.429062  100.403282  118.036713  136.199844  155.382507  171.816711  182.077499  186.047653  182.619064  172.990463  156.586243  137.484680  119.243744  101.624374  84.030312  67.564896 
 65.445518  82.008438  98.930626  115.871719  133.552963  151.894531  168.434525  179.015625  182.627502  179.225464  169.595627  153.684372  134.015625  116.397659  99.485939  82.547653  66.664536 
 62.746620  78.457657  94.707344  110.719841  127.217194  143.610779  158.597351  168.480774  172.154846  168.657181  159.033905  144.087341  127.061096  110.811562  94.974533  79.102028  63.957245 
 58.821724  72.731094  87.985466  102.848434  117.166718  131.037964  143.740463  152.070465  155.207031  152.179840  144.110626  131.637970  117.245621  102.771873  88.133904  73.368904  60.147034 
 55.704582  66.292503  79.733124  93.407654  105.955002  117.314377  127.164368  133.859375  136.255463  133.669525  126.997971  117.216400  105.503441  92.738594  79.451248  66.422340  56.145477 
 53.091095  59.925468  70.078590  82.104530  93.053909  102.638435  110.284843  115.405151  117.140930  115.205475  109.865623  102.124535  92.443283  81.306877  69.526405  59.613434  53.156349 
 48.695679  54.306511  60.215057  69.125992  78.547867  86.605934  92.668808  96.853279  98.256355  96.765259  92.564789  86.123070  77.979744  68.413956  59.128700  53.660942  49.420525 
 } 
 GB Channel
 {
 48.189003  53.762337  59.580780  68.921143  78.601044  87.067764  93.860519  97.947861  99.662247  97.995415  93.837662  87.429993  78.647026  68.917870  59.585320  53.659531  48.574944 
 52.574837  59.015472  68.886406  81.171562  92.761871  102.367966  110.123436  115.526413  117.559525  115.373749  110.560783  102.510002  92.451408  81.036407  69.131561  58.957657  52.471611 
 55.142609  65.180939  78.203438  92.095314  105.126404  116.761093  126.247345  132.820938  135.494217  133.105774  126.522339  116.859528  105.102501  92.140938  78.344841  65.248436  54.986351 
 58.253281  71.546410  86.317497  101.327034  116.058121  130.105621  142.099533  150.692032  154.222183  151.038132  142.871567  130.699371  116.616882  101.743904  86.540939  71.744064  58.410728 
 61.296928  76.606720  92.649689  108.688591  125.356094  141.695618  156.373276  166.491562  170.508743  167.093750  157.327499  142.768433  125.952499  109.465782  92.977814  76.978905  61.799530 
 63.411926  79.974220  96.673752  113.473907  131.508591  149.713440  166.270004  176.908752  181.069839  177.843750  167.508911  151.401871  132.508118  114.583435  97.211716  80.536720  64.256927 
 64.086929  81.085472  98.154846  115.611099  133.776871  153.177338  169.931412  180.597351  184.933121  181.763123  172.010468  155.306717  135.830002  117.254379  99.361877  81.671722  65.305672 
 63.135155  79.757034  96.513748  113.433121  131.061569  149.697495  166.292038  177.457809  181.568756  178.043747  168.470306  152.148285  132.233124  114.321243  97.203438  80.265625  64.387291 
 60.465004  76.241249  92.471405  108.388596  124.935150  141.387024  156.599380  167.125000  171.100784  167.706253  157.987808  142.708588  125.389526  108.928284  92.865936  76.903595  61.943390 
 57.135162  70.853279  86.055313  100.859062  115.305466  129.204681  142.137970  150.909531  154.338745  151.325317  143.243118  130.539841  115.840469  101.141403  86.308907  71.478905  58.322037 
 54.211403  64.767029  78.118904  91.812813  104.393127  116.071564  126.090469  133.062027  135.767975  133.171722  126.462814  116.389526  104.328438  91.540779  78.055779  64.875000  54.630409 
 51.926201  58.687653  68.938904  80.976097  91.986252  101.776093  109.627502  115.089996  117.116714  115.227661  109.657654  101.653282  91.609688  80.297966  68.443283  58.426247  52.128754 
 48.009949  53.444946  59.383278  68.580048  78.112083  86.405464  92.672913  97.125000  98.664841  97.247444  92.949532  86.101822  77.742188  67.753593  58.333908  52.876251  48.966255 
 } 
 B Channel
 {
 17.960365  20.056618  22.606094  26.953541  31.681927  35.613388  38.541405  40.469738  41.054325  40.302551  38.522762  35.489269  31.467030  26.727036  22.489220  19.788799  17.740471 
 19.933697  22.631405  27.164219  32.961876  38.402969  42.728592  46.275780  48.483284  49.228279  48.273590  45.995468  42.385937  37.738907  32.482655  26.941093  22.408592  19.661720 
 20.947712  25.709373  31.765312  38.237343  44.256561  49.464066  53.583435  56.350471  57.354378  56.247345  53.340935  48.939842  43.617031  37.668907  31.391094  25.509689  21.040939 
 22.510208  28.833126  35.717812  42.636250  49.308746  55.340469  60.578438  64.116096  65.437347  63.922188  60.342972  54.928909  48.697968  42.118439  35.203594  28.626251  22.873749 
 23.986355  31.337189  38.768593  46.058750  53.392654  60.438126  66.630310  70.715309  72.238594  70.661873  66.385941  60.075157  52.708282  45.422501  38.088280  31.106564  24.574898 
 24.864113  32.797657  40.568436  48.044846  55.915627  63.736252  70.601563  74.897812  76.389374  74.925934  70.532501  63.495316  55.352501  47.543438  39.981876  32.778595  25.795883 
 25.139946  33.156406  41.066406  48.811562  56.672340  64.814217  71.869377  76.136719  77.739998  76.163284  72.016876  64.813278  56.517967  48.535469  40.786095  33.281094  26.216301 
 24.558437  32.338436  40.210155  47.632969  55.130783  62.936874  69.916878  74.351410  75.782188  74.264687  70.248123  63.352654  54.836716  47.093750  39.608437  32.503281  25.749325 
 23.235622  30.475624  38.086563  45.138596  52.130310  59.000778  65.337341  69.545311  70.935310  69.357033  65.331566  58.980469  51.631248  44.547813  37.501877  30.765781  24.391407 
 21.400368  27.727657  34.882343  41.525467  47.585781  53.410156  58.669846  62.311409  63.521721  62.156403  58.730003  53.445465  47.282501  40.941563  34.429218  28.101250  22.458748 
 19.890263  24.599220  30.917187  37.147030  42.590313  47.429375  51.580002  54.437035  55.383591  54.266563  51.414688  47.223751  42.120781  36.478905  30.516563  24.894844  20.521305 
 18.734219  21.536095  26.350937  31.929531  36.830154  40.982033  44.342812  46.565781  47.244217  46.455936  44.103592  40.670624  36.337032  31.297657  25.980469  21.695625  19.165627 
 17.015469  19.290051  21.921356  26.264324  30.651615  34.296822  36.972813  38.910572  39.583591  38.917191  37.021717  34.063961  30.299324  25.854115  21.506512  19.303959  17.678123 
 } 


 White Balance Data with optical Center Data
 r_center_x =  656 r_center_y =  487 
 gr_center_x =  617 gr_center_y =  484 
 b_center_x =  675 b_center_y =  478 
 gb_center_x =  657 gb_center_y =  488 
 r/gr 0.855579 
 b/gr 0.417030 
 gb/gr 0.993930 
 r_oc_ave 159.742218 
 b_oc_ave 77.862221 
 gr_oc_ave 186.706665 
 gb_oc_ave 185.573334 

 [AWB]
 RGr =  0.855579 
 BGr =  0.417030 
 GbGr =  0.993930 
 r_oc_ave =  159.742218 
 b_oc_ave =  77.862221 
 gr_oc_ave =  186.706665 
 gb_oc_ave =  185.573334 