 LEFT LENS SHADING DATA
 RED Channel
 {
 37.420002  41.439999  45.374062  52.744736  60.481819  67.418282  72.826408  76.267502  77.440315  76.054115  72.443954  67.008438  59.972183  52.173492  44.959740  40.472809  37.224895 
 40.440834  45.007500  52.844063  62.695778  72.210785  80.591408  87.299530  91.891251  93.551559  91.742653  87.279373  80.193436  71.575935  62.328278  52.479530  44.310314  39.399895 
 42.384480  50.117813  60.911247  72.644997  83.748909  93.745628  102.445000  108.610779  110.720001  108.558746  102.559845  93.475624  83.090469  72.137497  60.682655  49.718437  41.429691 
 45.132607  55.873436  68.519684  81.654686  94.410782  106.710159  117.703903  125.675629  128.706726  125.712036  117.851410  106.743591  93.963753  80.963440  68.037971  55.449997  44.457916 
 47.983231  60.494064  74.506096  89.010315  103.699684  118.250931  131.748123  141.186569  144.688599  141.117340  132.000000  118.511093  103.231720  88.370003  74.007965  60.231873  47.518127 
 50.130310  63.884064  78.657341  94.253906  110.591873  127.092194  142.102814  152.072189  155.675156  152.093597  142.394226  127.256088  110.154846  93.720779  78.204063  63.658279  49.852242 
 51.093277  65.301407  80.489059  96.810783  113.744064  131.340942  146.676712  156.781097  160.534225  156.848434  147.427505  131.756409  113.931717  96.752029  80.368904  65.136406  51.006615 
 50.602547  64.556091  79.491409  95.103905  111.815002  128.840149  144.108444  154.549530  158.043442  154.220779  144.806091  129.588745  111.514061  94.933128  79.158592  64.360153  50.497032 
 48.810989  61.774529  75.958282  90.678749  106.180626  121.517654  135.507187  145.243439  148.869843  145.201721  135.673904  121.702820  105.851715  90.612816  75.838440  61.775467  48.829430 
 46.079639  57.307343  70.278435  83.769997  97.407188  110.504059  122.298904  130.499847  133.648743  130.757034  122.534225  110.648285  97.238594  83.782501  70.404999  57.354530  45.913074 
 43.709583  52.129997  63.310471  75.522499  87.408752  98.251877  107.641876  114.244843  116.673431  114.149063  107.493591  98.066872  86.875153  75.341095  63.319061  51.986252  43.020000 
 42.197186  47.202187  55.396408  65.919846  76.117035  85.214691  92.598595  97.640312  99.296875  97.361252  92.278748  84.833122  75.788597  65.737030  55.314690  46.546093  41.104218 
 39.118435  43.106358  47.815781  55.495049  64.019737  71.465515  77.397141  81.278229  82.636040  81.403336  77.469170  71.359795  63.748802  55.248497  47.064690  42.356720  39.047134 
 } 
 GR Channel
 {
 47.748695  53.954941  59.522293  68.262344  77.343437  84.862549  90.851563  94.371452  95.774536  94.113495  90.315880  84.414009  76.603333  67.479576  58.830475  53.059998  48.992081 
 52.659119  59.248909  68.915627  80.457970  90.992188  100.116096  107.221565  112.059372  113.660156  111.828278  107.069847  99.510468  90.125000  79.673752  68.273590  58.273750  52.152924 
 55.868179  65.959221  78.840935  92.174530  104.327187  115.061096  124.254837  130.397339  132.771255  130.386093  124.158600  114.692810  103.298904  91.207497  78.154060  65.202812  54.873230 
 59.684586  72.943748  87.793282  102.241875  116.160004  129.507187  141.337189  149.510941  152.629059  149.375153  141.168121  129.327972  115.485931  101.296097  86.706566  72.174377  58.732704 
 63.298126  78.634377  94.658752  110.552498  126.323593  142.053757  156.584686  166.316101  169.905624  166.230469  156.690781  142.383438  125.778900  109.484062  93.557968  77.764999  62.532082 
 66.082191  82.643440  99.310310  116.216248  133.690155  151.593750  167.604218  178.071716  181.443283  177.880157  167.982971  151.764069  133.247345  115.260315  98.390625  81.760155  65.381615 
 67.283958  84.271873  101.518906  119.076569  137.149841  156.126099  172.627655  183.070618  186.710007  182.832336  173.074692  156.629684  137.459213  118.868439  100.948128  83.396095  66.765472 
 66.666199  83.258904  100.191559  117.092026  134.978439  153.485931  169.685776  180.455627  183.983124  179.924057  170.239532  154.133591  134.511093  116.517029  99.177971  82.370468  66.256920 
 64.395576  79.922028  96.046410  112.107193  128.643753  145.187347  160.126724  170.175629  173.732651  169.879379  159.859070  144.927505  127.794067  111.479065  95.201096  79.091560  64.024063 
 60.663330  74.432503  89.392029  104.290154  118.882965  132.876251  145.307495  153.686722  156.892502  153.696564  145.275620  132.690002  118.193283  103.783752  88.766563  73.854843  60.230881 
 57.578491  68.083282  81.201096  94.925003  107.735466  119.199066  129.000305  135.657654  138.065628  135.496719  128.567505  118.662506  106.636566  94.160934  80.579529  67.322815  56.290733 
 54.640579  61.622032  71.489998  83.562965  94.936096  104.621246  112.282654  117.217499  119.049057  116.880310  111.736717  103.829529  93.872971  82.912811  70.919220  60.528122  53.751877 
 49.497650  55.741409  61.782082  70.795685  80.634216  88.756660  94.996613  99.098335  100.465317  98.871147  94.829010  88.332664  79.902756  70.333649  60.626923  55.049370  50.344795 
 } 
 GB Channel
 {
 48.393906  54.612244  60.425163  69.482552  79.003387  87.154793  93.694168  97.662132  99.279221  97.669640  93.526459  86.945313  78.532494  68.855942  59.651558  53.755569  49.242653 
 52.789322  59.445778  69.422028  81.417343  92.489845  102.224373  110.004997  115.378601  117.323593  115.373596  110.333122  102.237816  91.987503  80.880936  68.942810  58.602028  52.204742 
 55.526253  65.737503  78.962502  92.640160  105.299530  116.785004  126.623596  133.346405  135.979218  133.589066  126.947037  116.893906  104.842186  92.098747  78.455315  64.999062  54.426979 
 58.892395  72.347809  87.324066  102.204216  116.569839  130.536255  142.954849  151.773132  155.258591  152.028900  143.432663  131.022507  116.440781  101.688904  86.518280  71.418121  57.910210 
 62.112709  77.420624  93.544373  109.771873  125.889069  142.257660  157.343124  167.690781  171.679993  167.971558  158.178131  143.223755  126.051254  109.260780  92.831879  76.587029  61.165573 
 64.524849  80.934219  97.760155  114.652191  132.507187  150.620163  167.247025  178.180466  182.119843  178.706100  168.372192  151.878754  132.791718  114.324066  97.120781  80.155937  63.666351 
 65.323647  82.316559  99.341873  116.995163  135.179214  154.457031  171.304993  182.237808  186.432816  182.593903  172.795624  155.980774  136.500473  117.397034  99.218124  81.506096  64.768387 
 64.545677  81.090469  97.721565  114.671570  132.755783  151.282028  167.978439  179.221252  183.093903  179.257813  169.460938  153.101563  133.129211  114.898911  97.326408  80.328903  64.173698 
 62.291306  77.759842  93.741562  109.765778  126.360931  143.170471  158.330933  168.881088  172.759689  168.954056  158.909058  143.833588  126.462494  109.824997  93.262184  77.103752  62.034996 
 58.909279  72.535934  87.257813  102.195938  116.809998  131.151718  143.702972  152.547806  155.910004  152.894531  144.393753  131.670776  116.816101  102.149689  87.019379  72.043121  58.489380 
 55.948692  66.396408  79.381721  93.050934  105.959373  117.720306  127.733749  134.688278  137.308289  134.774063  127.814682  117.735306  105.470627  92.812347  79.066559  65.774063  54.857399 
 53.430367  60.236404  70.080154  82.165466  93.749535  103.626251  111.472343  116.846878  118.789841  116.689224  111.265312  103.202660  93.021095  81.894531  69.766090  59.291565  52.474480 
 48.838699  54.676613  60.559532  69.886932  79.700989  88.276665  94.828796  99.073128  100.555885  99.100258  94.821152  88.189529  79.555466  69.635155  59.878799  54.083229  49.386986 
 } 
 B Channel
 {
 16.659897  19.551563  22.108284  26.252029  30.539429  34.214321  37.078960  38.651405  39.078491  38.473644  36.761768  33.981457  30.202812  25.887760  21.603645  18.852551  17.500469 
 18.620728  21.695313  26.100155  31.457657  36.464218  40.700783  43.861874  45.898281  46.560780  45.727814  43.693436  40.391876  35.939064  30.995468  25.661564  20.988594  18.666721 
 19.974216  24.601093  30.559219  36.778751  42.380627  47.251720  51.129845  53.689690  54.631874  53.674690  50.997345  46.830624  41.711094  36.158749  30.107033  24.087345  20.041298 
 21.601715  27.719845  34.600311  41.248280  47.548904  53.317184  58.188904  61.568283  62.805000  61.515312  58.120316  52.934845  46.797344  40.524063  33.890469  27.148125  21.741459 
 23.069378  30.185623  37.557968  44.829063  51.780624  58.494843  64.391090  68.320938  69.947029  68.451248  64.465622  58.275154  51.039215  43.930157  36.797501  29.630314  23.442398 
 24.147446  31.806408  39.448280  47.079845  54.673752  62.077034  68.675316  72.872810  74.456253  73.099533  68.880936  61.995155  53.963280  46.326874  38.811249  31.424843  24.799217 
 24.706562  32.460312  40.243752  48.142189  55.952972  63.797653  70.449844  74.825935  76.584534  74.995003  70.904221  63.778595  55.533905  47.704220  39.828281  32.032814  25.387810 
 24.437450  31.928905  39.515156  47.146717  54.757660  62.377968  69.179375  73.751564  75.389999  73.843285  69.705780  62.935783  54.402031  46.801250  39.084217  31.557343  25.048386 
 23.420990  30.347031  37.725155  44.933750  52.057968  58.990471  65.327660  69.718903  71.298752  69.712029  65.496559  59.097343  51.748596  44.726093  37.428280  30.198124  24.007294 
 21.730629  27.861874  34.754845  41.462967  47.849686  53.911247  59.253281  62.909218  64.317497  63.077660  59.403748  54.046562  47.730156  41.290157  34.542812  27.745155  22.079533 
 20.274635  25.022343  30.983124  37.183437  42.937969  48.123436  52.480782  55.440628  56.502815  55.397659  52.417816  48.038750  42.768593  37.112186  30.854687  24.768906  20.252445 
 19.124065  21.962814  26.463593  32.042656  37.285625  41.825626  45.349064  47.682499  48.421410  47.507969  45.061249  41.607346  37.103748  31.984219  26.416405  21.617031  18.915573 
 16.990726  19.335312  21.944637  26.272449  30.913540  34.783958  37.764061  39.631668  40.287865  39.594009  37.685413  34.639217  30.802917  26.240261  21.796612  19.015575  17.239326 
 } 


 White Balance Data with optical Center Data
 r_center_x =  658 r_center_y =  508 
 gr_center_x =  645 gr_center_y =  517 
 b_center_x =  653 b_center_y =  482 
 gb_center_x =  645 gb_center_y =  516 
 r/gr 0.861536 
 b/gr 0.409388 
 gb/gr 0.999525 
 r_oc_ave 161.360001 
 b_oc_ave 76.675552 
 gr_oc_ave 187.293335 
 gb_oc_ave 187.204437 

 [AWB]
 RGr =  0.861536 
 BGr =  0.409388 
 GbGr =  0.999525 
 r_oc_ave =  161.360001 
 b_oc_ave =  76.675552 
 gr_oc_ave =  187.293335 
 gb_oc_ave =  187.204437 