 LEFT LENS SHADING DATA
 RED Channel
 {
 37.133331  40.468750  45.180622  52.664009  60.642601  67.670631  73.146141  76.607132  77.724686  76.302811  72.957031  67.380524  60.315735  52.652451  45.245258  41.039375  38.301460 
 39.132504  44.529999  52.811874  62.560471  72.003441  80.220627  86.960312  91.352341  93.047188  91.185310  86.687653  79.899689  71.527809  62.325157  52.680466  44.770626  40.246456 
 41.310623  50.094376  60.933746  72.289841  83.209373  93.105156  101.686096  107.474686  109.550003  107.246094  101.339691  92.687035  82.604378  71.911247  60.655624  50.042030  41.982658 
 44.814373  56.021873  68.289688  81.108437  93.752502  105.744064  116.457504  124.025940  126.683121  123.573120  116.099213  105.310310  93.009064  80.667503  67.931252  55.697502  45.045834 
 48.098129  60.746872  74.214531  88.268906  102.758438  116.835007  129.785782  138.651413  141.810776  138.288132  129.475464  116.541718  102.015160  87.747032  73.802032  60.377815  48.086983 
 50.445412  64.003754  78.258125  93.335159  109.304222  125.295471  139.578903  148.907501  152.101089  148.560776  139.160461  124.754837  108.487030  92.845314  77.734062  63.641876  50.222710 
 51.480621  65.393127  80.201874  95.887497  112.224380  129.060471  143.593445  153.035004  156.390778  152.931412  143.849380  129.010788  112.010941  95.739220  79.950470  65.027809  51.276985 
 50.724899  64.619064  79.036873  94.126251  110.296562  126.514374  140.949997  150.566254  153.595474  150.161255  141.101563  126.726715  109.616096  93.781403  78.610779  64.241562  50.733231 
 48.713181  61.810471  75.624535  89.634529  104.483910  119.217499  132.256409  141.376251  144.572495  141.194382  132.108124  118.940002  104.001404  89.560936  75.341095  61.628593  49.108383 
 45.642288  57.309372  69.987503  82.911873  95.860779  108.316872  119.379211  127.205154  130.129837  127.283905  119.643600  108.461716  95.740623  82.904846  69.933128  57.211563  46.294479 
 42.920261  51.931717  63.067345  74.742813  86.160004  96.519218  105.579529  111.816872  114.062805  111.671249  105.514847  96.520782  85.904533  74.695778  62.950157  51.933746  43.633335 
 41.166927  46.705467  55.346878  65.417343  75.303436  84.034065  91.194221  96.121246  97.691872  96.035309  91.158752  83.894684  75.059845  65.337814  55.060471  46.811405  41.893284 
 38.819843  42.540260  47.393955  55.395058  63.888855  70.926559  76.798172  80.650002  81.998543  80.876152  77.066254  71.030937  63.582550  55.083641  47.083176  43.002449  39.511200 
 } 
 GR Channel
 {
 49.295784  54.386192  60.718803  69.455933  78.409012  86.155571  92.037971  95.681038  97.084946  95.702026  91.747871  85.807396  78.222237  69.602287  60.763390  55.410156  51.508484 
 52.847862  60.022659  70.067345  81.157188  91.537971  100.533279  107.836090  112.474380  114.457657  112.348907  107.641403  100.480316  91.445778  81.118126  70.062347  60.459534  54.488068 
 55.824219  66.904846  79.649376  92.382347  104.254372  115.200470  124.437347  130.867493  133.037186  130.523743  124.214218  115.189056  104.135315  92.415627  79.631874  67.057503  57.194168 
 60.396561  73.937813  88.097969  102.398903  116.084686  129.351089  141.067337  149.382187  152.376724  149.251556  141.438431  129.745468  116.124527  102.462189  88.288750  73.972031  61.078072 
 64.464737  79.507034  94.848434  110.282654  126.260162  141.794373  156.122818  165.922806  169.503281  166.045471  156.792496  142.649063  126.490631  110.571091  94.977814  79.550629  64.760201 
 67.372604  83.378441  99.411247  116.034531  133.406097  151.487350  167.164215  177.402817  180.793747  177.523132  167.768280  152.018906  133.689682  116.365463  99.703438  83.437500  67.606667 
 68.523232  85.037811  101.581406  118.782974  136.533905  155.690308  172.058289  182.253601  185.516876  182.110931  172.804535  156.737976  137.837662  119.870941  102.259529  85.067032  68.752243 
 67.881561  84.069061  100.272972  116.740311  134.443909  152.717972  169.011566  179.740158  183.046722  179.292969  169.908905  154.227814  134.905777  117.225937  100.435158  83.932816  68.002815 
 65.368332  80.864998  96.354218  111.713593  127.975937  144.499847  159.255310  169.373901  173.021561  169.654846  160.096725  145.457336  128.580933  112.367188  96.577812  80.752502  65.920837 
 61.537712  75.546875  90.010002  104.092346  118.278122  132.164993  144.572189  153.109848  156.538437  153.621719  145.540161  133.461563  119.393280  104.983597  90.253128  75.616096  62.312965 
 58.046303  69.143593  82.125313  94.917191  107.472343  118.680161  128.495468  135.258743  137.904373  135.671249  129.080475  119.497650  108.047501  95.490158  82.113281  69.114532  59.002235 
 55.402451  62.525154  72.658440  84.312813  95.181564  104.535782  112.209686  117.448746  119.370789  117.579681  112.439529  104.919220  95.317810  84.427971  72.602501  62.696716  56.107338 
 51.365784  56.714539  62.730942  72.104897  81.604897  89.487656  95.653862  99.969170  101.485161  100.208015  96.102242  89.829430  81.858643  72.101929  62.519585  57.190254  52.544426 
 } 
 GB Channel
 {
 49.691978  54.844063  61.267029  70.457291  79.854950  88.164429  94.312286  98.360359  99.817085  98.391304  94.392342  87.917648  79.586456  70.418961  61.258446  55.647919  51.831665 
 52.715721  60.026566  70.468903  81.963127  92.838905  102.281715  109.990623  115.036407  117.164993  114.919846  109.850471  102.170784  92.548126  81.788124  70.270935  60.397499  54.347084 
 55.381668  66.603752  79.623909  92.893753  105.210159  116.526871  126.340622  133.064377  135.502808  132.883118  126.310623  116.667816  105.097809  92.699371  79.479843  66.495316  56.599899 
 59.405060  73.236092  87.753754  102.441719  116.556717  130.215775  142.409851  151.089996  154.409683  151.069382  142.878128  130.701569  116.595932  102.378281  87.631096  73.046722  60.047340 
 63.184998  78.415001  94.028282  109.890160  126.094681  141.898590  156.807968  166.845932  170.778595  167.290466  157.582962  142.928284  126.240005  109.942032  93.854378  78.185936  63.216766 
 65.825989  82.023285  98.142189  114.931091  132.562347  150.889069  166.729218  177.301559  181.138123  177.950470  167.862350  151.642502  132.900787  115.172653  98.107811  81.668594  65.799637 
 66.746567  83.331566  99.998749  117.276245  135.231567  154.357025  170.849380  181.417343  185.110931  181.668594  172.123123  155.838440  136.570618  118.278275  100.407654  83.130310  66.656982 
 65.896820  82.294533  98.525154  114.939682  132.672806  151.069214  167.476563  178.522659  182.252350  178.434525  168.873749  153.047180  133.402649  115.464218  98.394066  81.784218  65.937347 
 63.616096  79.094215  94.598595  110.027496  126.331406  142.817337  157.735306  168.148590  172.101868  168.816711  158.968597  144.199066  127.082657  110.611252  94.600784  78.813126  64.024796 
 59.987709  74.009377  88.362343  102.445160  116.818588  130.707031  143.252808  152.104218  155.597961  152.788757  144.605164  132.232651  117.979843  103.454216  88.546410  73.730469  60.567757 
 56.723289  67.843903  80.753754  93.651093  106.169685  117.543121  127.552185  134.580933  137.280319  134.947662  128.320465  118.495468  106.803909  94.099998  80.661720  67.541565  57.386566 
 54.286514  61.425468  71.636871  83.294220  94.318283  103.781715  111.676559  117.132034  119.089066  117.324844  112.025467  104.206718  94.346718  83.358597  71.456566  61.349060  54.889473 
 50.527344  55.706512  62.050629  71.402344  81.028488  89.127762  95.538651  100.001823  101.526146  100.270889  95.938179  89.431091  81.160263  71.259224  61.481979  56.258232  51.545311 
 } 
 B Channel
 {
 17.080257  19.515263  22.720261  27.166664  31.609322  35.450623  38.028126  39.774532  40.465622  39.613228  37.960835  34.979115  31.135887  26.753231  22.438023  19.935574  18.753490 
 18.253178  21.596718  26.495468  31.992500  36.935780  41.005627  44.274376  46.301407  47.033127  46.081562  43.947498  40.623905  36.327343  31.495312  26.159687  21.692032  19.599743 
 19.645939  24.797188  31.022655  37.171406  42.626877  47.422813  51.475937  54.055626  54.927345  53.776253  50.949219  46.907658  41.933750  36.554844  30.585938  24.713123  20.795628 
 21.628281  28.115158  34.992970  41.686092  47.754063  53.441093  58.465469  61.803436  62.892502  61.436409  57.964531  52.931877  47.009689  40.924686  34.412655  27.790001  22.638752 
 23.458538  30.648125  37.985939  44.985626  51.886406  58.547188  64.572029  68.492813  69.834534  68.184059  64.228592  58.221405  51.270309  44.402187  37.383595  30.291874  24.292290 
 24.740570  32.368282  39.826874  47.125000  54.665939  62.224060  68.757813  72.825310  74.144531  72.633591  68.509377  61.879684  54.095627  46.625000  39.262188  31.993752  25.546665 
 25.188595  33.061718  40.650467  48.138435  55.776405  63.705154  70.241562  74.311409  75.680313  74.293434  70.411407  63.535004  55.620003  47.942814  40.287655  32.624218  26.064011 
 25.005886  32.558594  39.924999  47.184219  54.703751  62.302185  68.867035  73.040627  74.304840  72.875465  69.155312  62.663124  54.493752  46.999531  39.545311  32.093437  25.650520 
 23.952133  31.063595  38.081562  44.946877  51.923904  58.672028  64.726563  68.821251  70.318909  68.922653  64.868439  58.860153  51.763596  44.922970  37.910156  30.724842  24.640053 
 22.195107  28.545937  35.140156  41.525314  47.646252  53.370003  58.547340  62.068123  63.478279  62.335159  58.897659  53.752655  47.825939  41.577656  34.970158  28.269062  22.858231 
 20.585831  25.455002  31.471092  37.257813  42.764999  47.589218  51.818283  54.751251  55.844528  54.913124  52.120941  48.015160  43.017345  37.395782  31.265469  25.269844  21.087551 
 19.326767  22.372189  27.020000  32.198437  37.222343  41.461876  44.966251  47.222969  48.063126  47.298126  45.014687  41.704063  37.312969  32.329063  26.842186  22.208126  19.759377 
 17.595104  19.675106  22.252914  26.553436  31.044636  34.757710  37.662498  39.552345  40.238125  39.688126  37.915520  35.030312  31.286095  26.681980  22.165520  19.652706  17.933128 
 } 


 White Balance Data with optical Center Data
 r_center_x =  666 r_center_y =  492 
 gr_center_x =  629 gr_center_y =  516 
 b_center_x =  674 b_center_y =  475 
 gb_center_x =  641 gb_center_y =  512 
 r/gr 0.842372 
 b/gr 0.407497 
 gb/gr 0.997922 
 r_oc_ave 156.711105 
 b_oc_ave 75.808891 
 gr_oc_ave 186.035553 
 gb_oc_ave 185.648895 

 [AWB]
 RGr =  0.842372 
 BGr =  0.407497 
 GbGr =  0.997922 
 r_oc_ave =  156.711105 
 b_oc_ave =  75.808891 
 gr_oc_ave =  186.035553 
 gb_oc_ave =  185.648895 