 LEFT LENS SHADING DATA
 RED Channel
 {
 38.095470  41.450886  45.573383  52.847862  60.905266  67.743752  73.319008  76.885628  78.028702  76.761826  73.457298  67.828545  60.712921  53.081612  45.588284  40.481251  37.042084 
 40.513386  45.138596  52.906097  62.691406  72.137970  80.457497  87.197968  91.885628  93.583908  91.820778  87.393127  80.399376  71.902496  62.835159  53.266403  44.701248  39.344166 
 42.320625  50.286873  60.742035  72.275780  83.323906  93.383278  101.999222  108.125465  110.345001  108.207970  102.238434  93.468124  83.106720  72.523750  61.492035  50.364998  41.500832 
 45.355625  55.886871  68.051720  80.905624  93.646721  105.789688  116.710938  124.650467  127.806564  124.871719  117.269836  106.189064  93.536407  81.055779  68.399063  56.125153  44.893696 
 48.211929  60.407967  73.907814  88.026718  102.613281  116.839844  130.107819  139.356720  142.906250  139.672028  130.723434  117.447815  102.631721  88.244217  74.187187  60.700157  48.130363 
 50.421669  63.711250  77.944687  93.019379  109.018593  125.160461  139.690475  149.520630  153.160156  149.972809  140.394226  125.699844  109.083282  93.282341  78.237503  63.952972  50.451927 
 51.312706  65.149376  79.705154  95.478592  111.797340  128.624069  143.361877  153.302811  157.083588  153.791870  144.706879  129.734222  112.490158  96.005623  80.263283  65.343437  51.380936 
 50.864693  64.350937  78.647034  93.913750  109.824219  125.858444  140.430161  150.393433  153.898438  150.612183  141.558121  127.171249  109.938751  93.910004  78.785469  64.356094  51.063797 
 49.028023  61.545937  75.300934  89.434372  104.119843  118.589218  131.734222  141.160629  144.674683  141.248276  132.222504  118.929688  104.143753  89.497810  75.320160  61.691872  48.890625 
 46.179482  57.157814  69.820625  82.699066  95.641876  107.758125  118.777649  126.801880  129.815308  127.037964  119.445465  108.194061  95.500465  82.778748  69.781563  57.168907  45.758701 
 44.089947  52.042656  63.000465  74.601410  85.940941  96.127968  105.025780  111.245628  113.626724  111.230934  105.068283  96.045311  85.536095  74.495628  62.814217  51.655159  42.623280 
 42.679531  47.226406  55.349220  65.331093  75.091721  83.647499  90.715782  95.633278  97.347031  95.536407  90.618591  83.389534  74.656876  65.012032  54.816406  46.122658  40.495781 
 40.313698  43.502865  47.837337  55.337555  63.497757  70.718750  76.447235  80.346405  81.444740  80.209114  76.338387  70.436829  63.101875  54.801826  46.438282  41.823696  38.394947 
 } 
 GR Channel
 {
 50.195724  55.772812  61.243431  69.969688  79.276924  87.110313  93.089584  96.676720  97.912445  96.539162  92.693123  86.687241  78.929634  70.087181  61.111038  54.713379  50.156723 
 54.225319  60.992813  70.573441  81.822189  92.577972  101.671562  108.886253  113.878601  115.540161  113.524994  108.786873  101.388283  92.029846  81.789688  70.635628  60.254845  53.299217 
 57.134895  67.567810  80.228905  93.143127  105.372498  116.614532  125.735779  132.127029  134.383591  131.827194  125.633743  116.206100  104.936562  93.186096  80.613129  67.452972  56.455681 
 61.070213  74.293121  88.693436  103.216248  117.097809  130.488281  142.293747  150.879211  153.907974  150.693909  142.718903  130.652817  116.875626  103.034843  88.735939  74.430779  60.805161 
 64.702133  79.797340  95.456093  111.442345  127.130157  142.816101  157.289368  167.332657  171.047028  167.501099  157.919693  143.527649  127.033432  110.982346  95.573280  79.985779  65.069740 
 67.483803  83.763596  100.162659  116.963120  134.536407  152.178909  167.870621  178.467346  182.298126  178.996246  168.924850  152.812973  134.217819  116.914993  100.226563  84.038910  68.021614 
 68.770882  85.328590  102.117340  119.543747  137.374695  156.234375  172.319382  182.751404  186.457657  182.865005  173.306870  157.202652  138.185944  120.141098  102.692657  85.568748  68.961258 
 68.127190  84.412186  100.858284  117.669067  135.120316  153.191101  169.332184  180.163284  183.529846  179.709534  169.953751  154.288437  135.085785  117.513443  100.802811  84.360779  68.510567 
 65.836609  81.107658  96.987503  112.704376  128.773743  144.875305  159.371094  169.556412  173.413589  169.732819  159.720627  145.202972  128.553589  112.433121  96.668282  81.064690  65.983849 
 62.304947  75.803909  90.415314  104.898285  119.152496  132.673599  144.598587  153.186096  156.291412  153.331726  145.332184  133.165939  119.264526  105.157341  90.556252  75.805626  61.959373 
 59.164063  69.571564  82.503593  95.773903  108.262810  119.388901  128.779846  135.484070  137.905472  135.287338  128.731247  119.139694  107.749535  95.450783  82.179375  68.923126  57.679375 
 56.775528  63.343437  73.157501  84.894531  95.732033  105.167969  112.738586  117.856567  119.561569  117.508118  112.390778  104.695778  95.284691  84.355934  72.426247  61.933746  54.627083 
 52.463028  57.903015  63.573753  72.300163  81.815155  90.033592  96.082130  100.114899  101.493233  100.056458  95.981407  89.783493  81.539268  71.968025  61.878334  56.075005  51.140419 
 } 
 GB Channel
 {
 50.904327  56.221405  61.930267  71.083488  80.787338  89.237915  95.678749  99.473648  100.967186  99.492653  95.492447  88.914581  80.674004  71.300316  61.774223  55.213181  50.493599 
 54.199745  61.102028  70.937965  82.655785  93.910469  103.508751  111.205002  116.612808  118.604691  116.389526  111.370155  103.461250  93.561722  82.852814  71.064842  60.344215  53.292343 
 56.840736  67.302811  80.225784  93.612503  106.292656  117.911880  127.637497  134.587662  137.025787  134.542816  127.939682  118.126724  106.263596  93.810783  80.643280  67.186409  56.041199 
 60.190002  73.616249  88.373283  103.167656  117.533279  131.414688  143.752350  152.828751  156.234222  152.937027  144.601089  132.055618  117.710785  103.280472  88.565468  73.731873  59.916466 
 63.411774  78.702187  94.588127  110.632187  126.821564  142.978439  157.906876  168.439377  172.634842  168.956406  159.243591  144.362656  127.390472  110.894684  94.849686  78.988434  63.700935 
 66.018639  82.210312  98.698280  115.641403  133.587189  151.371246  167.589996  178.638443  182.932816  179.505630  169.318436  152.777344  133.867188  116.216248  99.183907  82.631409  66.513283 
 67.100105  83.630936  100.433128  117.913284  135.898438  154.940781  171.333588  182.220001  186.255936  182.878128  172.982498  156.582504  137.361557  119.040466  101.292503  83.910934  67.243431 
 66.135048  82.488594  98.934059  115.774689  133.352188  151.477661  167.992340  179.072968  182.938599  179.212814  169.379532  153.336716  133.966400  116.092194  99.087341  82.478439  66.594276 
 63.970779  79.205154  95.034378  110.812035  126.989685  143.256714  157.948441  168.590317  172.592194  169.134995  159.172028  144.258911  127.495941  111.073280  95.085785  79.301407  64.265366 
 60.536774  74.122185  88.754372  103.320465  117.647964  131.215775  143.362656  152.163910  155.647812  152.762970  144.621567  132.311874  118.177811  103.840782  89.111565  74.234375  60.475212 
 57.853180  68.230469  81.148438  94.548126  106.965782  118.251099  128.017349  134.848282  137.475632  134.963913  128.176086  118.476715  106.976250  94.461403  80.992966  67.659843  56.445465 
 55.815109  62.220940  72.108437  83.841873  94.954216  104.504532  112.264847  117.647812  119.536407  117.499069  112.203278  104.301094  94.607971  83.580467  71.493279  60.892815  53.704895 
 52.010521  57.220108  62.850937  71.819374  81.452347  89.896408  96.360466  100.722397  101.992035  100.519058  96.288490  89.741302  81.318596  71.448593  61.294739  55.245316  50.399895 
 } 
 B Channel
 {
 18.117760  20.638592  23.372551  27.638645  32.198124  35.971981  38.952084  40.668800  41.235989  40.491459  38.647137  35.723385  31.752762  27.532082  23.143543  20.085835  18.579166 
 19.380680  22.504219  27.096092  32.550312  37.591873  41.819061  45.115002  47.349842  48.022034  46.938126  44.747345  41.301094  36.930470  32.273750  26.963123  22.072498  19.523750 
 20.660366  25.521408  31.575001  37.732033  43.379845  48.380157  52.399376  55.175468  55.943748  54.726875  51.903435  47.697655  42.607655  37.266407  31.460938  25.362499  21.007500 
 22.364738  28.665783  35.531563  42.220779  48.529846  54.376564  59.371246  62.915314  64.006248  62.408440  58.884529  53.711716  47.694687  41.532814  35.031719  28.455624  22.913128 
 23.953960  31.141876  38.465782  45.555157  52.602028  59.397346  65.470314  69.480003  70.735779  69.028282  65.010002  58.906250  51.877190  44.939220  37.918438  30.883595  24.703800 
 25.315468  32.802345  40.324375  47.747032  55.346878  62.875626  69.445625  73.588280  75.013283  73.400780  69.202347  62.489685  54.655624  47.199219  39.822655  32.629688  25.976353 
 25.893959  33.508125  41.165470  48.823441  56.420624  64.234375  70.743904  74.897659  76.335785  74.886719  70.839218  64.094528  56.190628  48.480316  40.852970  33.252811  26.477394 
 25.564060  33.037811  40.429844  47.903126  55.319061  62.698753  69.193909  73.382347  74.822655  73.387657  69.539063  63.086090  55.055313  47.474064  39.969219  32.634533  26.173489 
 24.500469  31.422344  38.661407  45.682812  52.578590  59.099533  64.959846  69.110939  70.578438  69.104530  65.088127  59.141563  52.195000  45.264061  38.206718  31.139687  24.975521 
 22.861561  28.959061  35.719845  42.264374  48.409218  53.921249  58.836403  62.323280  63.620941  62.353279  59.054062  54.052498  48.129059  41.931873  35.354218  28.646408  22.989117 
 21.330414  25.972500  31.952187  38.005001  43.476875  48.201561  52.310158  55.019531  55.977814  54.993279  52.275467  48.179535  43.266094  37.669064  31.568283  25.549374  20.932709 
 20.255573  23.079533  27.592655  32.963905  37.920780  42.108906  45.449375  47.633125  48.387657  47.530937  45.339844  41.979218  37.700470  32.674999  27.084999  22.247658  19.382450 
 18.574326  20.671406  23.046616  27.183281  31.708073  35.366199  38.220627  40.041462  40.623695  40.001354  38.230053  35.324429  31.551510  26.961250  22.247917  19.549534  17.765781 
 } 


 White Balance Data with optical Center Data
 r_center_x =  626 r_center_y =  507 
 gr_center_x =  618 gr_center_y =  472 
 b_center_x =  647 b_center_y =  494 
 gb_center_x =  645 gb_center_y =  516 
 r/gr 0.842069 
 b/gr 0.408757 
 gb/gr 0.999596 
 r_oc_ave 157.444443 
 b_oc_ave 76.426666 
 gr_oc_ave 186.973328 
 gb_oc_ave 186.897781 

 [AWB]
 RGr =  0.842069 
 BGr =  0.408757 
 GbGr =  0.999596 
 r_oc_ave =  157.444443 
 b_oc_ave =  76.426666 
 gr_oc_ave =  186.973328 
 gb_oc_ave =  186.897781 