 LEFT LENS SHADING DATA
 RED Channel
 {
 36.974430  40.394428  45.112812  52.754845  60.802559  67.953651  73.474739  77.054840  78.208336  77.097076  73.674011  67.907349  60.650208  52.658546  45.608021  41.420677  38.556511 
 39.208179  44.301720  52.610313  62.712967  72.231094  80.614059  87.630783  92.294220  93.949997  92.386253  88.072968  81.035469  72.256874  62.819374  53.039688  45.145470  41.066509 
 40.880466  49.464844  60.372345  71.928284  82.922028  93.195938  102.113434  108.126564  110.347343  108.282501  102.591560  93.775940  83.398750  72.379219  60.854378  50.131721  42.690258 
 43.939686  55.119690  67.470314  80.395309  93.088440  105.526253  116.792816  124.772964  127.662964  124.687653  117.207031  106.202499  93.625938  80.963280  67.894379  55.407654  45.319118 
 46.959221  59.536095  73.060936  87.206879  101.821564  116.493286  130.206879  139.337189  142.843597  139.469849  130.602661  117.419220  102.453125  87.770782  73.472656  59.914063  47.981567 
 48.928177  62.441719  76.605316  91.736252  108.071564  124.776566  139.746246  149.531403  153.097183  149.680939  140.263748  125.440781  108.618439  92.606247  77.360313  63.065155  50.120361 
 49.778847  63.589691  78.116562  93.865623  110.529846  128.062973  143.339539  153.628601  157.147659  153.802032  144.682190  129.300476  112.033752  95.200310  79.240471  64.206406  50.903702 
 49.306519  62.657967  76.933594  92.048439  108.391090  125.360779  140.517029  150.770630  154.337341  150.920319  141.759995  126.800308  109.187035  93.123123  77.753441  63.315468  50.605263 
 47.080627  59.830627  73.314377  87.495155  102.538124  117.781723  131.489212  141.160461  144.664688  141.389374  132.330475  118.759842  103.454063  88.722969  74.303284  60.712341  48.600471 
 44.037815  55.250313  67.759064  80.659218  93.743904  106.582031  118.040939  126.165161  129.242188  126.743439  119.036880  107.703903  94.771561  81.788437  68.666405  56.094841  45.632549 
 41.139843  49.912971  60.970467  72.585472  83.860153  94.279373  103.632965  109.985153  112.642349  110.476875  104.380470  95.302498  84.665779  73.365936  61.678596  50.781250  43.014164 
 39.279739  44.952030  53.503281  63.597031  73.288437  82.047340  89.332344  94.399529  96.033279  94.660622  90.055466  82.850159  73.953903  64.207344  54.066406  45.963280  41.668072 
 36.782658  41.043076  46.127239  54.050575  62.339272  69.801727  75.385048  79.188072  80.775986  79.786041  76.330269  70.372864  63.005363  54.490463  46.578693  42.589321  39.651405 
 } 
 GR Channel
 {
 48.420677  53.388596  59.327660  68.425987  77.618172  85.432129  91.714172  95.184898  96.466301  94.871925  91.257599  85.032448  76.976509  68.007133  59.679222  54.419586  50.421249 
 52.029007  58.897972  68.902031  80.620781  91.390472  100.817345  108.243752  113.295319  115.138596  113.294220  108.347191  100.932655  91.149216  80.501091  69.069847  59.551247  54.151253 
 54.494118  65.467659  78.458282  91.867035  104.104691  115.371399  124.598755  131.102493  133.731720  131.287033  125.011414  115.641251  104.086563  91.827347  78.498123  65.841721  56.536514 
 58.485886  72.252342  86.947502  101.681877  115.856873  129.373596  141.225632  149.656876  152.963913  149.691406  141.644531  129.876099  115.985931  101.833282  87.007965  72.196716  59.885262 
 62.286461  77.641876  93.500000  109.510002  125.698120  141.539688  156.164368  166.047028  169.605621  165.929840  156.508743  142.373749  126.023743  109.856560  93.605934  77.647812  63.069481 
 64.967339  81.401718  97.964844  114.982971  132.793442  150.782974  166.756256  177.478745  181.120316  177.407501  167.272964  151.607025  133.115005  115.499374  98.354065  81.588440  65.730522 
 65.949432  82.819221  99.731247  117.325150  135.595001  154.561874  170.979996  181.828598  185.588913  181.927032  172.333908  156.057495  137.186096  118.875626  100.812965  83.163284  67.100151 
 65.231766  81.579689  98.165939  115.188751  132.999222  151.343445  167.685318  178.802963  182.527191  178.945786  169.225937  153.311249  133.864380  116.128128  98.710159  81.812965  66.224426 
 62.587753  78.162971  93.888435  109.927811  126.443756  142.839371  157.794693  168.275314  172.170319  168.678909  158.701721  143.911560  127.041092  110.744843  94.435310  78.416252  63.983330 
 58.692863  72.440155  87.125626  101.965309  116.498276  130.328125  142.814529  151.743439  155.348587  152.484848  144.165314  131.758911  117.470474  102.742653  87.814842  72.934998  60.199165 
 54.899796  66.059372  79.245003  92.621719  105.437187  116.978912  127.044693  134.155151  137.088287  134.598587  127.777649  117.680466  105.769066  93.039063  79.500153  66.552345  56.990051 
 52.446091  59.929222  70.271408  82.064377  93.227188  102.831566  110.701408  116.228745  118.258743  116.586563  111.232658  103.322342  93.370781  82.222504  70.427971  60.703125  55.043121 
 48.806091  54.684013  61.018288  70.291458  79.817604  88.277817  94.297867  98.635422  100.035835  99.051979  95.032028  88.550056  80.263489  70.417084  61.141930  56.143127  51.793953 
 } 
 GB Channel
 {
 48.586456  53.793541  59.865356  69.505623  79.115471  87.728065  94.423119  98.208702  99.696404  98.207497  94.029892  87.272552  78.519951  68.869110  60.101822  54.653542  50.503960 
 51.784790  58.893127  69.170158  81.471878  92.887344  102.803284  110.654373  115.966400  117.974533  116.002502  110.780312  102.661095  92.392654  81.076408  69.202034  59.408127  53.993126 
 53.844849  65.041718  78.373596  92.301247  105.139374  116.988434  126.778900  133.564056  136.265320  133.764526  127.141251  117.173279  105.077972  92.041092  78.302032  65.190941  55.806763 
 57.482971  71.433594  86.454689  101.740158  116.440781  130.396881  142.721878  151.626251  155.043274  151.747818  143.156555  130.874695  116.481567  101.671249  86.378441  71.246246  58.874168 
 60.680939  76.403435  92.576248  109.001877  125.573593  141.929535  156.936401  167.167191  171.132034  167.392029  157.633743  142.947662  126.030472  109.295311  92.577812  76.345314  61.955727 
 63.144218  79.788597  96.492813  113.959381  132.224686  150.526566  166.807816  177.850632  181.809372  178.165314  167.759369  151.567337  132.698441  114.565155  96.944374  79.978592  64.364639 
 64.002083  81.051247  98.120003  116.007507  134.583282  153.857346  170.485931  181.641876  185.652649  182.066101  172.203598  155.671097  136.467651  117.644531  99.156715  81.394379  65.259789 
 63.184372  79.744377  96.501404  113.749847  131.912338  150.320938  166.970627  178.367340  182.315628  178.827026  168.834686  152.643127  132.939850  114.777039  97.078278  79.959221  64.613174 
 60.811661  76.401253  92.245468  108.506409  125.245621  141.923279  156.990311  167.655151  171.852188  168.220627  158.365631  143.259842  126.099380  109.355934  92.813126  76.765312  62.306564 
 56.957596  70.955940  85.690468  100.672653  115.428131  129.475464  142.049530  151.287811  154.880310  152.095306  143.687027  130.932495  116.432663  101.458595  86.443123  71.482811  58.712395 
 53.780571  64.880783  78.167191  91.718124  104.698906  116.333435  126.490631  133.809845  136.714218  134.301407  127.334839  117.117188  104.920158  92.055939  78.424377  65.333908  55.838280 
 51.582970  59.011093  69.510155  81.431404  92.749222  102.533752  110.559219  116.220474  118.248596  116.593445  111.178596  103.021561  92.899063  81.476715  69.606094  59.838593  54.224220 
 48.274635  54.144638  60.600365  70.047035  79.841927  88.237495  94.611504  98.950676  100.585884  99.405518  95.277138  88.624893  80.030312  70.076508  60.631721  55.457550  51.326302 
 } 
 B Channel
 {
 17.734898  19.965309  22.769009  27.290627  31.895523  35.846512  38.850677  40.698071  41.320415  40.618023  38.753021  35.758179  31.738487  27.202034  22.885571  20.563957  18.983955 
 19.232811  22.502811  27.436718  33.239376  38.505936  42.944218  46.495468  48.777031  49.584999  48.683441  46.537186  42.945469  38.325783  33.010155  27.402031  22.915627  20.887291 
 20.290623  25.466873  31.914063  38.516251  44.371407  49.696404  54.134216  56.997498  57.974686  56.888748  54.113129  49.776718  44.384220  38.439842  31.907658  25.946720  22.143593 
 21.945263  28.620468  35.834373  42.997189  49.692810  55.944534  61.443909  65.147034  66.447655  65.045158  61.493752  56.107185  49.720627  43.004219  35.907188  28.988438  23.690937 
 23.741821  31.079533  38.746876  46.301876  53.872345  61.211403  67.823128  72.002815  73.528908  71.939217  67.810936  61.397186  53.997185  46.510780  38.845001  31.543594  25.339218 
 24.976044  32.735626  40.535625  48.480469  56.718124  64.940628  71.989845  76.417503  77.901253  76.355156  71.999847  65.029060  56.727814  48.735313  40.783592  33.150002  26.470417 
 25.317444  33.321407  41.235313  49.380157  57.662186  66.267342  73.385155  77.856560  79.355156  77.845940  73.715622  66.555313  58.170158  49.934219  41.641876  33.751251  26.872913 
 25.048592  32.771717  40.521717  48.438751  56.511871  64.733749  71.836563  76.458595  77.844376  76.380310  72.263596  65.263123  56.603279  48.657188  40.606251  33.014530  26.433075 
 23.823071  31.167030  38.623280  46.023125  53.630470  61.024376  67.602501  71.982033  73.465935  71.960472  67.672028  61.212502  53.675934  46.277969  38.765469  31.456249  25.371254 
 21.976665  28.625000  35.666248  42.598125  49.327034  55.594063  61.164063  64.900154  66.282501  65.038124  61.369843  55.868752  49.507347  42.797344  35.767967  28.940781  23.584324 
 20.409428  25.776718  32.137188  38.566563  44.567345  49.892654  54.415154  57.546410  58.692810  57.652969  54.650154  50.177971  44.664063  38.718750  32.197189  26.193748  22.268333 
 19.409374  22.943127  28.075939  33.868126  39.257343  43.855782  47.505783  49.966248  50.777657  49.991562  47.675468  44.014999  39.348282  33.967812  28.130157  23.581562  21.612396 
 17.973961  20.715622  23.914272  28.430210  33.058800  37.090157  39.897655  41.921249  42.554531  42.149063  40.318180  37.085003  33.180157  28.354061  23.606613  21.471561  19.952812 
 } 


 White Balance Data with optical Center Data
 r_center_x =  664 r_center_y =  513 
 gr_center_x =  655 gr_center_y =  514 
 b_center_x =  656 b_center_y =  477 
 gb_center_x =  650 gb_center_y =  514 
 r/gr 0.846218 
 b/gr 0.426594 
 gb/gr 1.001456 
 r_oc_ave 157.573334 
 b_oc_ave 79.435555 
 gr_oc_ave 186.208893 
 gb_oc_ave 186.479996 

 [AWB]
 RGr =  0.846218 
 BGr =  0.426594 
 GbGr =  1.001456 
 r_oc_ave =  157.573334 
 b_oc_ave =  79.435555 
 gr_oc_ave =  186.208893 
 gb_oc_ave =  186.479996 