 LEFT LENS SHADING DATA
 RED Channel
 {
 37.088333  40.912502  46.031616  54.021828  62.329323  69.425941  75.048027  78.645416  79.808754  78.349846  74.995369  69.342552  62.128227  54.322342  46.734173  42.384167  39.489586 
 39.160000  44.737499  53.391403  63.512032  73.112030  81.383438  88.302185  92.970001  94.544998  92.639221  88.301407  81.376091  72.891563  63.629219  53.779999  45.598751  41.334999 
 41.222500  50.267502  61.498909  73.129372  84.043594  94.037971  102.742500  108.739532  110.806717  108.460312  102.686249  93.936874  83.858910  73.126877  61.674065  50.726563  42.857395 
 44.590210  56.184372  68.752968  81.800629  94.422653  106.559685  117.498444  125.175934  127.930939  124.879532  117.395157  106.535782  94.103752  81.624222  68.719063  56.252968  45.801094 
 47.721405  60.863281  74.557655  88.781097  103.431877  117.727341  130.883591  139.884842  143.169693  139.692337  130.677658  117.565002  102.910156  88.579376  74.419373  60.893593  48.707962 
 50.029846  63.950470  78.459221  93.611252  109.732498  125.845306  140.302963  150.267181  153.705002  150.085938  140.623276  125.652496  109.217499  93.481560  78.474533  64.255470  50.887764 
 50.909950  65.117653  80.020782  95.977501  112.433441  129.562653  144.552032  154.488754  157.927338  154.566406  145.231720  129.863281  112.683441  96.267029  80.491409  65.474220  51.819008 
 50.379997  64.392502  78.842812  94.127655  110.335625  127.092194  141.929535  151.790939  155.104843  151.487350  142.345474  127.430786  110.143440  94.248436  79.104530  64.552345  51.123383 
 48.156509  61.430466  75.162498  89.490471  104.537971  119.569839  133.099380  142.456558  145.660004  142.198914  132.955475  119.355774  104.467033  89.913284  75.658592  61.748749  49.360413 
 44.888596  56.574219  69.360779  82.517654  95.751404  108.494843  119.869690  127.738586  130.682343  127.780319  119.994217  108.541878  95.874062  82.953751  69.979065  57.225784  46.267239 
 41.697449  51.110153  62.596092  74.443283  85.820160  96.196564  105.379997  111.611252  114.066879  111.683907  105.537811  96.365784  85.792656  74.614220  62.832657  51.735153  43.466198 
 39.772034  45.967655  54.905785  65.045937  74.719215  83.592033  90.817497  95.652969  97.289215  95.601715  90.835312  83.504997  74.645470  64.921410  54.800781  46.502342  41.666302 
 37.714115  41.843281  46.953484  54.791779  63.076096  70.481827  76.064590  79.965256  81.276924  80.183594  76.520309  70.375420  63.084839  54.464111  46.822235  42.677555  39.287556 
 } 
 GR Channel
 {
 49.272758  54.663597  61.154121  70.349640  79.691719  87.601822  93.793541  98.182243  99.510780  97.836403  94.201874  87.924217  79.819847  70.761719  61.749123  56.489426  52.617348 
 52.370674  59.666718  69.985153  81.528595  92.177345  101.373283  109.233124  114.490784  116.031403  113.979538  109.359375  101.919846  92.451721  81.876091  70.486404  60.715469  55.234848 
 55.213699  66.488907  79.469376  92.473595  104.783279  115.895630  125.492188  131.805939  134.109070  131.621094  125.711563  116.392349  105.229065  93.280159  80.022346  67.072968  57.476097 
 59.586197  73.428909  87.830940  102.264374  116.374695  129.947815  141.674850  150.040787  153.155624  149.939682  142.317032  130.717651  117.125153  103.041405  88.406250  73.674530  60.978905 
 63.621040  78.888123  94.435158  110.242340  126.297501  142.029694  156.435471  166.335938  169.823441  166.427032  157.485306  143.362976  127.199066  111.220627  95.031715  79.191406  64.389526 
 66.466614  82.682655  99.006561  115.841873  133.269226  151.167496  166.979065  177.657349  181.468597  178.011566  168.376556  152.433594  134.274689  116.792664  99.856407  83.311409  67.136612 
 67.398438  84.033440  100.791718  118.323441  136.152649  155.183289  171.445786  182.023743  186.021561  182.840469  173.400314  156.993118  138.432037  120.302338  102.350311  84.772346  68.173805 
 66.797714  82.993126  99.246719  116.154526  134.039536  152.265930  168.536880  179.334213  183.118118  179.590775  170.259537  154.203125  135.360001  117.619843  100.312035  83.388435  67.376770 
 63.938118  79.391876  94.944847  110.977188  127.533600  144.102188  158.828278  169.424377  172.902496  169.429840  159.796875  145.253906  128.752502  112.457184  96.138123  79.857658  64.962448 
 59.744377  73.676872  88.348595  103.093750  117.574066  131.647034  144.213120  153.116714  156.371567  153.491257  145.279373  132.925003  118.815781  104.121246  89.242813  74.275154  61.140785 
 55.558960  67.239372  80.578438  93.855621  106.287659  118.059998  128.214996  135.176880  137.862976  135.439850  128.689850  118.722504  106.927032  94.209999  80.658592  67.579216  57.596512 
 53.130058  60.812347  71.418434  82.876091  93.828903  103.501717  111.590622  116.941711  118.734222  116.890930  111.621559  103.734840  93.934845  82.750938  70.978279  61.197189  55.223434 
 49.866722  55.172546  61.299271  70.498383  79.974953  87.947762  94.185204  98.525673  99.903595  98.698853  94.754066  88.188385  80.019218  70.163017  61.130989  56.043442  51.831772 
 } 
 GB Channel
 {
 49.445099  54.997185  61.843231  71.555779  81.358337  89.758850  96.710884  101.179733  102.717552  100.858643  96.552818  89.828705  81.283073  71.545937  62.174217  56.746460  52.664375 
 52.265518  59.814690  70.511566  82.568909  93.714996  103.497185  111.741096  117.198288  118.964844  116.795319  111.667816  103.712654  93.619530  82.543434  70.598595  60.641876  55.018127 
 54.659485  66.125313  79.513596  93.003128  105.892654  117.625626  127.608902  134.363129  136.793747  134.171722  127.681244  117.863281  106.100311  93.524689  79.836403  66.593124  56.926041 
 58.512245  72.633278  87.398438  102.447968  117.019684  131.120941  143.296722  152.074066  155.395004  152.022659  143.879684  131.776245  117.531555  103.029533  87.863281  72.798279  60.088905 
 62.115883  77.687347  93.607658  109.876717  126.490784  142.554062  157.332504  167.697495  171.384216  167.862808  158.418900  143.808289  127.110779  110.475624  94.062347  77.986252  63.111671 
 64.617760  81.015472  97.566872  114.906555  132.762344  150.905151  166.999847  178.033432  182.070786  178.681717  168.634995  152.206558  133.670624  115.693909  98.449219  81.635468  65.460258 
 65.459633  82.154846  99.182655  116.968903  135.172806  154.341721  170.888123  181.707809  185.874069  182.757034  172.985153  156.195313  137.285934  118.854843  100.699684  82.916092  66.531303 
 64.559425  81.014221  97.453438  114.534683  132.655151  151.121872  167.559692  178.670471  182.802338  179.065002  169.578430  153.339844  134.003433  116.122345  98.626404  81.522812  65.637398 
 62.050003  77.541252  93.178596  109.326248  126.148285  142.897964  157.900314  168.474838  172.234680  168.708755  159.011566  144.279999  127.453751  110.892967  94.382813  78.147346  63.181717 
 57.978020  72.054688  86.859222  101.754532  116.369690  130.632034  143.327499  152.307816  155.643433  152.803436  144.385788  131.843903  117.416412  102.780472  87.617340  72.691559  59.584480 
 54.311615  65.936409  79.336876  92.682655  105.473434  117.256256  127.492493  134.639374  137.361877  134.792343  128.057663  117.904846  105.935623  93.088280  79.387970  66.299690  56.438850 
 52.092293  59.830627  70.492035  82.188278  93.198441  103.090157  111.305466  116.702820  118.648438  116.741089  111.316093  103.254219  93.166252  81.935310  69.965782  60.119217  54.210258 
 49.223961  54.586037  60.941826  70.201408  79.726768  88.106613  94.448174  98.940727  100.494270  99.187965  94.933380  88.070679  79.604584  69.631142  60.474747  55.183182  50.986099 
 } 
 B Channel
 {
 18.477184  21.077187  24.377811  29.314842  34.188545  38.264477  41.389114  43.324375  43.888332  43.163906  41.383438  38.197033  34.030781  29.381302  24.689846  22.050365  20.736198 
 19.404270  22.858437  28.025314  33.849220  39.191875  43.594063  47.157658  49.440628  50.202499  49.170784  47.055939  43.520157  38.856407  33.654842  27.966721  23.291405  21.305367 
 20.465416  25.915001  32.305939  38.682186  44.555313  49.760780  54.047966  56.842812  57.776093  56.576721  53.803749  49.509689  44.263439  38.506561  32.081718  25.950470  22.068176 
 22.420628  29.148125  36.224842  43.233906  49.812653  56.040001  61.356094  64.873283  66.078751  64.531403  60.976410  55.619377  49.338280  42.868752  35.868282  28.967655  23.532032 
 24.248592  31.565468  39.147499  46.750156  54.129219  61.264847  67.665779  71.692345  72.912811  71.281403  67.138748  60.783752  53.514847  46.182343  38.674217  31.398281  25.149742 
 25.334743  33.190781  41.070156  49.010155  57.062965  64.946564  71.833908  76.050316  77.410782  75.727188  71.378441  64.337814  56.255936  48.311722  40.548283  32.982967  26.354427 
 25.790573  33.703281  41.715782  49.911720  58.084846  66.428436  73.281250  77.550781  78.953125  77.348595  73.195160  65.904533  57.573441  49.540001  41.376877  33.476875  26.722294 
 25.316299  33.203594  41.069687  48.959221  56.975624  64.934532  71.853439  76.179375  77.589378  75.932503  71.841560  64.731560  56.185471  48.238434  40.398594  32.746719  26.311092 
 24.108231  31.567814  39.106720  46.531250  53.950783  61.224533  67.638283  71.844215  73.032501  71.472343  67.085785  60.605156  53.181091  45.845627  38.467499  31.191875  25.020626 
 22.169323  29.018280  36.058281  42.943127  49.488747  55.720627  61.079216  64.620941  65.750778  64.379845  60.567970  55.089691  48.739059  42.186092  35.358906  28.617657  23.214947 
 20.407814  25.981564  32.350468  38.597031  44.450001  49.613907  53.947189  56.689690  57.551559  56.299690  53.343437  48.881721  43.552967  37.810158  31.478127  25.623436  21.585522 
 19.370834  22.924999  27.960155  33.559219  38.603748  42.949062  46.439220  48.528748  49.115158  48.166878  45.802811  42.217030  37.715626  32.637344  27.103127  22.556873  20.368546 
 17.887497  20.345413  23.362865  27.717758  32.172501  35.872398  38.549007  40.382919  40.791199  40.231457  38.361561  35.399738  31.545624  26.849636  22.568123  20.198540  18.565208 
 } 


 White Balance Data with optical Center Data
 r_center_x =  663 r_center_y =  501 
 gr_center_x =  647 gr_center_y =  519 
 b_center_x =  636 b_center_y =  490 
 gb_center_x =  666 gb_center_y =  495 
 r/gr 0.847541 
 b/gr 0.423782 
 gb/gr 1.000357 
 r_oc_ave 158.324448 
 b_oc_ave 79.164444 
 gr_oc_ave 186.804443 
 gb_oc_ave 186.871109 

 [AWB]
 RGr =  0.847541 
 BGr =  0.423782 
 GbGr =  1.000357 
 r_oc_ave =  158.324448 
 b_oc_ave =  79.164444 
 gr_oc_ave =  186.804443 
 gb_oc_ave =  186.871109 