 LEFT LENS SHADING DATA
 RED Channel
 {
 35.681461  39.381458  44.125050  51.533485  59.527916  66.527763  71.987923  75.543015  76.443390  75.173538  71.683800  65.989792  58.790108  51.212608  44.464268  40.888699  37.899948 
 38.098537  43.478127  51.679840  61.455780  70.955002  79.205467  85.985001  90.452187  91.989845  89.978127  85.497345  78.504372  69.827187  60.592186  51.255936  43.915157  40.234528 
 40.247501  48.962502  59.789841  71.189377  82.195465  92.267189  100.951721  106.736404  108.784531  106.220779  100.313751  91.448593  81.023285  70.173439  58.879845  48.624222  41.774006 
 43.634949  54.832657  67.148125  80.037498  92.753441  104.974220  115.923126  123.544373  126.130463  122.796875  115.158752  104.166092  91.631096  78.958122  66.197342  54.010315  44.007813 
 46.928596  59.657967  73.209534  87.495468  102.153435  116.531403  129.688599  138.536713  141.427963  137.709534  128.647034  115.391098  100.649376  86.233749  72.032028  58.529846  46.593800 
 49.318855  63.070938  77.389999  92.646561  108.894997  125.054062  139.651245  149.027649  151.946243  148.355316  138.641556  123.874069  107.246094  91.344376  76.082657  61.747971  48.742348 
 50.311714  64.428596  79.328278  95.174217  111.993279  128.953125  143.806091  153.251877  156.507660  152.835464  143.572342  128.271255  110.969376  94.403748  78.259689  63.148590  49.735054 
 49.744423  63.726715  78.261566  93.671722  110.080315  126.442810  141.178909  150.844055  153.867188  150.145004  140.987350  126.088745  108.587029  92.462029  76.858437  62.383438  49.408028 
 47.739326  61.009529  74.789841  89.171722  104.360466  119.214691  132.521088  141.699371  144.902969  141.245468  131.904068  118.224060  103.014221  88.248123  73.604843  59.833908  47.896610 
 44.679375  56.415627  69.164375  82.303436  95.651405  108.204842  119.526413  127.290787  130.264374  127.217651  119.256714  107.632813  94.528595  81.340622  68.108597  55.525940  45.154270 
 41.813282  50.962654  62.130470  73.991249  85.582184  96.043282  105.057503  111.371872  113.663437  111.235001  104.777344  95.452187  84.545471  73.026405  61.139847  50.428436  42.725101 
 39.647968  45.443592  54.230156  64.519531  74.497971  83.190315  90.339691  95.279221  97.016251  95.101250  89.973434  82.584999  73.488747  63.482033  53.303596  45.567814  41.121559 
 36.720467  40.956718  46.140362  54.250572  62.669014  69.731148  75.586357  79.404839  80.564163  79.410416  75.435936  69.179169  61.710831  53.176407  45.660053  41.799896  38.239063 
 } 
 GR Channel
 {
 47.613232  53.315727  59.198547  68.194061  77.249847  85.002762  90.806931  94.711929  95.769066  94.447914  90.470886  84.504585  76.504013  67.884171  59.923019  55.032288  50.672714 
 51.566978  58.820313  68.825623  80.004059  90.501717  99.474220  106.711716  111.554222  113.225311  111.084999  106.458595  99.061249  89.591721  79.257500  68.344688  59.336876  54.221039 
 54.877342  65.799217  78.604691  91.359062  103.578751  114.499374  123.762970  129.962967  132.184067  129.453125  123.261719  113.949371  102.663910  90.533127  77.718124  65.439842  56.651299 
 59.203957  72.913124  87.258904  101.617653  115.472504  128.866562  140.808899  149.013596  151.872650  148.519226  140.371567  128.560150  114.788437  100.756721  86.332184  72.007034  59.920570 
 63.268181  78.580467  93.987816  109.685310  125.664063  141.649689  156.310623  165.865936  169.137024  165.338440  155.760468  141.508743  125.120163  109.151718  93.383591  77.635002  63.252075 
 66.394943  82.616409  98.785934  115.450623  133.108902  151.235474  167.235779  177.573120  180.817184  177.116409  167.166245  150.981400  132.540619  115.049530  98.173279  81.618591  65.968803 
 67.743546  84.335625  100.974998  118.183289  136.419220  155.470474  171.804382  182.153595  185.656876  182.034531  172.568436  156.015472  136.876877  118.622192  100.873436  83.312813  67.161972 
 66.998482  83.583282  99.779846  116.564056  134.308746  152.574844  168.906097  179.515930  182.973587  179.389221  169.835464  153.537506  133.993286  116.215942  99.002968  82.225159  66.552864 
 64.605415  80.285004  95.850159  111.559219  128.110474  144.524994  159.273743  169.576874  173.068756  169.425003  159.474380  144.552505  127.598129  111.234375  95.016876  79.076721  64.461510 
 60.683434  74.850937  89.525467  103.842033  118.414993  132.161713  144.512817  153.155777  156.487030  153.426407  144.957962  132.457504  117.905151  103.381561  88.536095  73.795937  61.001350 
 56.892555  68.383591  81.494530  94.607971  107.415154  118.691254  128.386414  135.209534  137.849060  135.272034  128.319839  118.445618  106.590157  93.896408  80.413597  67.619530  57.955566 
 53.741508  61.432968  71.917191  83.672653  94.767029  104.250153  111.958748  117.178757  119.097961  117.215469  111.779221  103.815781  93.872498  82.755936  70.972969  61.502815  55.316147 
 49.113174  55.227341  61.722603  71.075783  80.588074  88.539116  94.964584  99.102074  100.536507  99.192345  94.812759  88.526405  79.980003  70.047600  61.313179  56.174057  51.032394 
 } 
 GB Channel
 {
 48.007240  53.710571  59.976616  69.284477  78.872292  87.086617  93.534477  97.323540  98.403442  96.940208  92.722549  86.327919  77.937141  68.649475  60.273750  55.270050  50.988388 
 51.566406  58.828278  69.187653  80.794060  91.854378  101.331406  108.956566  114.113129  115.957184  113.630630  108.614845  100.584999  90.668594  79.762810  68.375000  59.224846  54.148804 
 54.286873  65.470627  78.472504  91.809219  104.424690  115.837341  125.535461  131.990311  134.443756  131.699524  125.123276  115.254532  103.283905  90.802811  77.408592  64.839066  56.066566 
 58.046768  72.063438  86.683281  101.391716  115.716400  129.529068  141.997650  150.592026  153.631256  150.103439  141.822342  129.363281  114.908127  100.476250  85.695000  70.976097  58.735466 
 61.805885  77.259842  92.923904  108.845314  125.215469  141.544998  156.550308  166.599380  170.039688  166.264847  156.386566  141.613129  124.580307  108.275154  92.094215  76.129219  61.734009 
 64.548698  80.941406  97.065002  113.962189  131.805939  150.131882  166.531250  177.147659  180.675781  177.150467  166.756256  150.401093  131.397507  113.540466  96.407654  79.720154  64.061195 
 65.670624  82.258125  98.888596  116.221558  134.579376  153.639069  170.287186  180.884537  184.862656  181.128906  171.401413  154.652817  135.312500  116.658905  98.737816  81.175468  65.081100 
 64.914581  81.379997  97.567657  114.262024  132.182190  150.565781  167.006088  177.956879  181.666718  178.111252  168.445160  151.875153  132.146088  114.122818  96.829063  80.016563  64.374481 
 62.669479  78.247810  93.838127  109.527657  126.087662  142.622498  157.436096  167.914368  171.581558  168.067032  158.065308  142.895309  125.691711  109.203438  92.825935  76.869843  62.273804 
 58.941406  73.029533  87.699997  102.052498  116.583282  130.445007  142.903122  151.716248  155.154694  152.175629  143.575317  130.886093  116.161255  101.578438  86.624062  71.765938  59.168434 
 55.398956  66.859375  79.952034  93.200310  105.969215  117.294846  127.102966  133.949066  136.774536  134.075775  127.155624  117.051254  105.006248  92.251091  78.697655  65.875465  56.411507 
 52.469475  60.140312  70.709373  82.522972  93.657028  103.192184  110.996719  116.491257  118.498123  116.450775  110.845940  102.709221  92.653122  81.381409  69.571404  60.085472  54.016098 
 48.424896  54.279480  60.979370  70.389008  80.220161  88.294273  94.815681  99.114578  100.659798  99.092247  94.518021  87.896927  79.213127  69.164116  60.114120  55.035675  50.054008 
 } 
 B Channel
 {
 16.791092  19.481510  22.530262  27.028233  31.560623  35.233597  38.067032  39.788387  40.264427  39.635624  37.837082  34.797344  30.825623  26.458855  22.440311  20.179996  18.903336 
 18.066509  21.466721  26.337967  31.750313  36.800625  40.944218  44.221405  46.278595  47.001720  46.000626  43.785000  40.385468  35.876877  30.983437  25.712814  21.562500  19.965000 
 19.396194  24.710155  30.940311  37.035938  42.553280  47.444218  51.579063  54.161720  55.044533  53.766251  50.968437  46.742344  41.616405  36.135780  29.977657  24.340626  20.983540 
 21.342083  28.005001  34.869064  41.494217  47.740936  53.598747  58.860779  62.210312  63.320778  61.720467  58.213593  52.972191  46.883125  40.604218  33.986874  27.334217  22.512760 
 23.280987  30.619530  37.880314  45.012970  52.071877  58.985466  65.085938  69.144531  70.220467  68.567345  64.319221  58.188751  51.150154  44.143124  36.910156  29.780312  23.977810 
 24.577969  32.339844  39.795467  47.313282  55.004684  62.717659  69.394997  73.500626  74.652969  72.992500  68.737968  61.914215  54.021561  46.409843  38.795937  31.478283  25.106407 
 25.157867  32.982655  40.592030  48.282814  56.228905  64.189217  70.948593  74.997658  76.328751  74.709373  70.714218  63.622658  55.549530  47.800781  39.912968  32.189220  25.534008 
 24.900311  32.560314  39.924061  47.487030  55.253281  62.871719  69.559845  73.774063  75.080467  73.472504  69.494530  62.757813  54.392189  46.792969  39.071095  31.612656  25.286617 
 23.900940  31.049686  38.177658  45.233437  52.416718  59.276253  65.320000  69.634689  70.843597  69.370628  65.240158  58.965309  51.731407  44.662498  37.355625  30.222813  24.261147 
 21.963383  28.477345  35.227345  41.696720  48.089531  53.871559  59.093124  62.665314  64.004845  62.714531  59.213593  53.821877  47.625156  41.249687  34.488594  27.767967  22.560677 
 20.204430  25.344219  31.438751  37.513126  43.099842  48.029533  52.241875  55.138123  56.207031  55.102341  52.148125  47.854374  42.682655  36.975468  30.675938  24.860157  20.988281 
 18.743126  22.118126  26.900780  32.309376  37.385468  41.658436  45.142967  47.393906  48.200470  47.370781  45.012344  41.458126  36.967030  31.822342  26.264061  21.864689  19.594685 
 16.757290  19.236874  22.115990  26.554375  31.103180  34.774689  37.590675  39.591614  40.179012  39.484737  37.600052  34.635628  30.618904  25.849636  21.758232  19.285522  17.411774 
 } 


 White Balance Data with optical Center Data
 r_center_x =  657 r_center_y =  513 
 gr_center_x =  664 gr_center_y =  510 
 b_center_x =  626 b_center_y =  473 
 gb_center_x =  625 gb_center_y =  515 
 r/gr 0.842933 
 b/gr 0.410500 
 gb/gr 0.994517 
 r_oc_ave 157.137772 
 b_oc_ave 76.524445 
 gr_oc_ave 186.417770 
 gb_oc_ave 185.395554 

 [AWB]
 RGr =  0.842933 
 BGr =  0.410500 
 GbGr =  0.994517 
 r_oc_ave =  157.137772 
 b_oc_ave =  76.524445 
 gr_oc_ave =  186.417770 
 gb_oc_ave =  185.395554 