 LEFT LENS SHADING DATA
 RED Channel
 {
 36.487549  39.388802  43.537708  50.873795  58.932816  66.072350  71.711983  75.226089  76.527039  75.062401  71.672028  66.225777  59.213547  51.290474  43.919373  39.454323  36.408489 
 38.942135  43.562344  51.430626  61.302345  70.710312  79.197968  86.154060  90.931717  92.652657  90.951561  86.355156  79.343903  70.775627  61.514847  51.688126  43.587032  38.859737 
 40.486408  48.872032  59.437187  70.942657  81.984375  91.912811  100.859688  107.052658  109.361252  107.099220  101.238434  92.399841  82.073280  71.141090  59.756721  48.967972  40.828594 
 43.458126  54.409378  66.727501  79.582970  92.172188  104.279533  115.443909  123.545319  126.591400  123.758743  116.195618  105.198128  92.651253  79.863129  66.966095  54.552032  43.952240 
 46.519955  58.891403  72.615623  86.601875  100.902969  115.237808  128.684219  138.125305  141.568130  138.436569  129.697662  116.543274  101.600471  86.966408  72.813751  59.247498  47.039581 
 48.656097  62.064217  76.493752  91.493752  107.299690  123.292969  138.008438  148.278900  151.857193  148.537033  139.237503  124.780777  108.008438  92.063904  76.764999  62.529999  49.228333 
 49.757919  63.328751  78.089844  93.816559  110.096718  126.882660  141.928284  152.153275  155.892349  152.522964  143.787186  128.806412  111.426094  94.750778  78.788910  63.824684  50.272598 
 49.064430  62.561722  76.750313  92.089996  107.890778  124.065155  138.880005  149.072495  152.804535  149.245468  140.565155  126.074371  108.606247  92.695778  77.323280  62.835785  49.669319 
 47.057552  59.702347  73.278908  87.546722  102.373123  116.869537  130.207336  139.702347  143.295471  139.927658  131.018906  117.781403  102.630470  88.067657  73.732658  60.082184  47.838440 
 44.307343  55.231720  67.862030  80.726250  93.800934  106.069534  117.257187  125.164993  128.255783  125.568756  117.848282  106.727814  93.945938  80.996407  67.941559  55.486252  44.848751 
 41.755726  49.980316  60.927658  72.557343  83.922501  94.300934  103.267029  109.417503  111.709534  109.342659  103.247810  94.267967  83.745628  72.463753  60.718597  50.021873  42.063541 
 40.443382  45.131092  53.131721  63.251404  73.015312  81.653122  88.879997  93.427971  95.126877  93.460785  88.592812  81.427185  72.604378  62.915154  52.845467  44.907501  40.374165 
 38.041306  41.800053  46.086510  53.601616  61.726563  69.063126  74.927917  78.618591  79.857292  78.538078  74.885727  68.930519  61.487289  53.069946  45.230679  41.488750  38.627499 
 } 
 GR Channel
 {
 48.294998  52.862083  58.136513  66.711037  75.779320  83.802605  89.966873  93.929115  95.387184  93.932350  90.270889  84.125679  76.390213  67.460258  58.740570  53.255829  49.225418 
 52.229584  58.477501  67.967972  79.331879  89.963280  99.363434  107.001877  112.302658  114.393433  112.430466  107.502342  99.915466  90.499374  79.921722  68.639534  58.943748  52.866257 
 54.901672  64.993752  77.550003  90.642967  102.947029  114.044998  123.949997  130.814224  133.506882  130.990005  124.827652  115.131409  103.569687  91.364845  78.284531  65.707344  55.755051 
 58.392555  71.707344  86.100624  100.589378  114.759216  128.340942  140.709381  149.679840  153.004211  150.056717  142.157349  129.910629  115.872498  101.514534  86.748283  72.316093  59.711304 
 62.112450  77.131409  92.871094  108.689690  124.734680  140.798431  155.736252  166.040787  169.926712  166.649994  157.263596  142.953598  126.275787  109.776566  93.695778  78.053749  63.479584 
 64.967400  80.917816  97.402657  114.294525  131.876556  149.900787  166.129532  177.173599  181.099533  177.770157  168.066711  152.309845  133.816406  115.797974  98.486404  82.101097  66.396721 
 66.082291  82.401878  99.181877  116.854996  134.971405  153.754837  170.166870  181.334534  185.335464  181.919693  173.021561  156.954056  137.826569  119.164215  101.067032  83.723282  67.619736 
 65.203644  81.292816  97.629997  114.666245  132.486252  150.589066  166.998276  177.968750  181.887497  178.329224  169.370941  153.978745  134.413132  116.376251  98.984375  82.358284  66.868904 
 62.700256  77.822968  93.430313  109.463280  126.098129  142.570938  157.197495  167.547501  171.577820  168.163437  158.601410  144.162186  127.204529  110.829842  94.627968  78.940155  64.215363 
 59.034843  72.450470  87.009216  101.533279  116.065933  130.189850  142.707809  151.373276  154.740311  151.878433  143.684845  131.427185  117.183746  102.623283  87.820000  73.319221  60.557343 
 55.815002  66.127502  78.977188  92.292343  104.924065  116.552032  126.573288  133.467651  136.166565  133.582336  126.795471  117.017502  105.352966  92.671722  79.293282  66.699997  56.981667 
 53.592133  60.024841  69.748749  81.420311  92.309845  101.992653  110.067345  115.205002  117.151093  115.127808  109.889687  101.927032  92.168907  81.306252  69.599533  60.254059  54.550728 
 49.706718  55.543800  61.125832  69.891563  79.144630  87.488693  93.924637  98.067917  99.404213  98.085732  93.938431  87.304321  79.242859  69.442505  60.223488  55.766144  51.694481 
 } 
 GB Channel
 {
 49.036720  53.590889  59.055260  68.122032  77.756767  86.122498  92.799271  97.176620  98.703018  97.152344  92.854950  86.425362  78.026146  68.515671  59.392082  53.624115  49.453285 
 52.477142  58.832344  68.580467  80.413910  91.573441  101.567497  109.669685  115.293900  117.472183  115.484222  110.000153  101.931404  91.911560  80.787971  69.017502  58.997658  52.890785 
 54.504272  64.927185  77.789215  91.314217  104.073906  115.908127  126.227036  133.518753  136.360931  133.777191  127.114059  116.899063  104.739685  91.915154  78.286720  65.324371  55.240211 
 57.713287  71.025154  85.824066  100.771408  115.439850  129.444839  142.418900  151.744690  155.399841  152.250931  143.974533  131.340942  116.627808  101.620781  86.379219  71.598595  58.718384 
 61.135574  76.127029  92.047966  108.296249  124.755005  141.238754  156.501556  167.337036  171.581253  168.252502  158.638275  143.684998  126.440002  109.396095  92.828278  76.947655  62.192444 
 63.536148  79.515312  96.108284  113.347351  131.259537  149.595306  166.214371  177.577820  181.952347  178.620941  168.451096  152.447342  133.397659  114.947342  97.162971  80.584373  64.850212 
 64.682922  80.775002  97.596878  115.390625  133.790619  152.809219  169.399216  181.101563  185.438751  182.110931  172.925934  156.491562  137.105469  117.943283  99.486717  82.006248  65.734581 
 63.704681  79.593437  95.972031  113.112503  131.129837  149.467972  165.963287  177.434998  181.749222  178.270630  169.135162  153.284531  133.467651  115.087189  97.331406  80.571404  65.104118 
 61.122864  76.163910  91.857811  107.930939  124.729065  141.267807  156.313904  167.109848  171.255310  167.935944  158.186249  143.475937  126.259537  109.405785  93.007347  77.192970  62.523178 
 57.697815  71.060310  85.711876  100.308746  114.996094  129.112808  141.801407  150.787033  154.388596  151.550781  143.391876  130.829849  116.231873  101.391563  86.343124  71.815468  59.159431 
 54.819786  64.965622  77.831718  91.186562  103.993279  115.796570  126.067505  133.207184  136.003754  133.471725  126.675629  116.560776  104.510628  91.651718  78.129219  65.482346  55.724220 
 52.784897  59.270309  68.945625  80.762657  91.823753  101.644997  109.958748  115.326721  117.326721  115.408600  109.988594  101.838905  91.759689  80.548904  68.745316  59.306091  53.681725 
 49.413231  55.096146  60.675629  69.624954  79.237915  87.467499  94.243332  98.499016  100.119423  98.564217  94.074219  87.428696  79.019691  69.054115  59.704887  55.009636  51.077972 
 } 
 B Channel
 {
 17.209896  19.259895  21.640316  25.878174  30.408543  34.200520  37.210884  39.073803  39.736874  39.031406  37.248283  34.342606  30.534012  26.141510  21.868855  19.222607  17.530106 
 18.874897  21.765312  26.366562  31.827969  36.905624  41.353439  44.847343  47.219845  48.048126  47.183281  45.008907  41.475937  36.980469  31.845470  26.334686  21.834686  19.253437 
 20.064220  24.904842  30.948750  37.257030  42.943127  47.979061  52.375778  55.363281  56.518906  55.414215  52.591408  48.278435  42.929531  37.150158  30.908749  25.096092  20.697136 
 21.796768  28.010937  34.963749  41.909531  48.245941  54.225937  59.600624  63.489532  64.968437  63.539688  60.137344  54.697342  48.328438  41.717812  34.820782  28.266720  22.590679 
 23.439171  30.502499  38.008125  45.347500  52.548126  59.569374  65.891251  70.286095  71.877342  70.577660  66.574066  60.048752  52.698280  45.232498  37.923283  30.961250  24.442085 
 24.663696  32.175156  39.848438  47.575314  55.441559  63.261253  70.132034  74.679840  76.276405  74.925781  70.775627  63.901093  55.661560  47.702499  39.951096  32.729530  25.843906 
 25.191200  32.792656  40.554844  48.565315  56.546722  64.727341  71.562347  76.167191  77.848282  76.347343  72.539841  65.514687  57.160934  48.963280  40.894531  33.433907  26.397449 
 24.687084  32.253750  39.771095  47.603592  55.400940  63.236717  70.203903  74.728439  76.251717  74.772346  71.023903  64.231720  55.758438  47.770939  40.015469  32.855938  25.957184 
 23.584274  30.628437  37.989063  45.295780  52.625778  59.767029  66.139221  70.344063  71.979843  70.422813  66.354691  60.132034  52.760468  45.470001  38.091721  31.285313  24.899479 
 21.819378  28.141876  35.113907  41.837345  48.347343  54.482033  59.823128  63.454376  64.718597  63.572968  59.996559  54.712189  48.372658  41.835312  35.083595  28.724686  23.121769 
 20.317966  25.168594  31.269844  37.564686  43.355000  48.489220  52.914215  55.748436  56.686096  55.638435  52.739372  48.443596  43.158749  37.373280  31.110939  25.583752  21.407497 
 19.473747  22.368752  26.940468  32.513283  37.673283  42.090157  45.769218  47.973595  48.625000  47.815937  45.430157  41.914063  37.374687  32.212967  26.734531  22.599064  20.334892 
 18.312916  20.835415  23.602760  27.912239  32.493073  36.461201  39.557762  41.552971  42.057499  41.318855  39.379951  36.235729  32.267605  27.438595  23.003487  21.116562  19.652809 
 } 


 White Balance Data with optical Center Data
 r_center_x =  661 r_center_y =  512 
 gr_center_x =  659 gr_center_y =  476 
 b_center_x =  648 b_center_y =  480 
 gb_center_x =  658 gb_center_y =  471 
 r/gr 0.840313 
 b/gr 0.419822 
 gb/gr 1.000836 
 r_oc_ave 156.417770 
 b_oc_ave 78.146667 
 gr_oc_ave 186.142227 
 gb_oc_ave 186.297775 

 [AWB]
 RGr =  0.840313 
 BGr =  0.419822 
 GbGr =  1.000836 
 r_oc_ave =  156.417770 
 b_oc_ave =  78.146667 
 gr_oc_ave =  186.142227 
 gb_oc_ave =  186.297775 