 LEFT LENS SHADING DATA
 RED Channel
 {
 38.377239  41.880154  45.905731  53.516823  61.597710  68.797714  74.144012  77.709007  78.526253  77.048439  73.263588  67.523438  60.143288  52.365570  44.733852  39.998333  37.167500 
 40.920158  45.683281  53.660309  63.740784  73.489372  81.961876  89.036720  93.424217  95.012497  92.953438  88.230469  80.843437  71.923904  62.309532  52.390938  44.070000  39.455833 
 42.669010  50.641716  61.519844  73.259064  84.645622  94.995003  103.880936  109.866249  111.889374  109.427032  102.987030  93.714996  82.887810  71.706879  60.106094  49.234840  41.384636 
 45.385632  56.231873  68.815941  82.048752  95.090157  107.714066  118.917816  126.740005  129.465622  126.269379  118.078598  106.351563  93.125313  80.033279  66.969215  54.612030  44.215160 
 48.086823  60.718285  74.651093  89.183281  104.180153  119.009995  132.456558  141.492188  144.623276  140.860306  131.445465  117.637192  102.011093  86.928749  72.400627  58.931877  46.963127 
 50.271873  63.811874  78.459061  93.889999  110.279373  126.841400  141.667969  151.418747  154.469376  150.837662  140.954056  125.636093  108.070000  91.625938  76.218903  61.973434  49.074272 
 50.955368  64.921410  79.947342  96.040939  112.779999  130.072342  145.126251  154.850632  157.942337  154.151245  144.725937  129.027344  111.247032  94.082031  77.939529  63.035782  49.920158 
 50.225266  63.867966  78.498123  94.058746  110.477814  126.948593  141.820007  151.481247  154.538437  150.742493  141.402039  126.175629  108.264847  91.772972  76.350937  62.115784  49.264740 
 48.305107  60.930939  74.743126  89.349686  104.277031  119.236404  132.467651  141.570007  144.590942  140.909683  131.601715  117.821243  102.184532  87.156563  72.769997  59.336250  47.360836 
 45.554321  56.422028  69.024841  82.192032  95.218285  107.910309  119.031876  126.747971  129.298279  126.187653  118.047348  106.503593  93.202034  80.092659  67.066872  54.665939  44.292187 
 43.142399  51.262810  62.056252  73.807655  85.200623  95.508904  104.535156  110.549530  112.572495  109.880783  103.356720  94.095467  83.291092  71.996246  60.340622  49.498749  41.536667 
 41.805573  46.608280  54.625313  64.614220  74.375153  83.075470  90.000938  94.639221  96.029373  94.062653  89.155785  81.833282  72.939529  63.117500  52.945778  44.712967  40.071095 
 39.823074  43.252243  47.502815  54.915672  62.959953  70.183174  75.911766  79.481926  80.678963  79.327454  75.470993  69.545990  62.122238  53.703751  45.754742  41.185261  38.597347 
 } 
 GR Channel
 {
 50.160622  55.499794  60.924736  69.658440  79.014160  87.186516  92.923965  96.346352  97.419434  95.578331  91.870361  85.315468  77.315674  68.274849  59.437607  53.503075  49.718491 
 54.346870  60.850624  70.622032  82.442184  93.382500  102.476715  109.680626  114.573441  116.194214  113.978745  108.732658  100.872345  91.269218  80.530472  69.068436  58.994530  52.992661 
 56.906975  67.204063  80.236092  93.758751  106.150154  117.199524  126.295776  132.778442  134.994217  132.132187  125.385162  115.538589  103.874062  91.575623  78.544373  65.581093  55.623810 
 60.500107  74.105934  88.916405  103.735626  117.890152  131.248596  143.037338  151.440781  154.396408  150.828903  142.283127  129.740158  115.448441  101.378441  86.837341  72.250465  59.428177 
 64.245621  79.756874  95.674065  111.697815  127.869995  143.666412  158.097031  167.947037  171.282806  167.386093  157.299377  142.451721  125.428131  109.130470  93.173126  77.488434  63.080109 
 67.055626  83.526878  100.082031  117.131561  134.857651  152.593124  168.509216  178.990158  182.380005  178.520309  167.975006  151.413910  132.336563  114.569061  97.678123  81.340157  65.835785 
 68.195465  84.814842  101.863747  119.497971  137.496872  156.105774  172.211243  182.865784  186.298126  182.414368  172.325317  155.485153  136.111099  117.625305  99.935623  82.754997  66.887924 
 67.130470  83.612343  100.204842  117.189850  134.778748  152.552811  168.563278  179.208435  182.396881  178.606567  168.571411  152.373749  132.638596  114.771408  97.865311  81.411095  66.126724 
 64.541824  79.905785  95.907814  111.934845  128.037659  143.896088  158.261093  168.363907  171.642502  167.835938  157.689377  142.720932  125.794693  109.551559  93.613594  78.071251  63.711662 
 60.991875  74.315628  89.122185  104.003754  118.119370  131.482971  143.480774  151.999222  154.896255  151.651871  142.765152  130.147964  115.902817  101.585625  86.986565  72.594215  59.767761 
 57.573753  68.007500  81.042503  94.617500  107.127655  118.106567  127.525940  134.184067  136.599213  133.705002  126.578278  116.628906  104.905937  92.464531  79.137497  66.286560  56.144066 
 55.422081  62.102501  72.001564  83.832970  94.994843  104.360153  111.659531  116.717346  118.408905  116.347809  110.841248  102.981560  93.216873  82.084999  70.246872  60.195160  54.091614 
 51.731659  57.327080  63.024902  71.982346  81.542969  89.531197  95.545158  99.593384  100.902031  99.436981  95.289162  88.800316  80.461876  70.658333  60.929794  55.253273  51.297447 
 } 
 GB Channel
 {
 50.513123  56.023544  61.565933  70.909737  80.547241  89.184792  95.547287  99.267555  100.577866  98.658432  94.402657  87.259171  78.780937  69.166771  59.844482  53.668640  49.639893 
 54.390625  60.995628  71.017189  83.258278  94.738281  104.420624  112.099380  117.269836  119.013901  116.729691  111.197029  102.695000  92.493439  81.145935  69.187813  58.892815  52.649895 
 56.401352  66.923439  80.284218  94.160469  107.040154  118.604370  128.315155  135.151871  137.561569  134.645630  127.500305  117.062973  104.805466  91.882660  78.259377  65.001717  55.009010 
 59.654999  73.343750  88.378593  103.625626  118.320786  132.244843  144.550934  153.445786  156.554062  152.854065  143.897034  130.887344  116.019226  101.160622  86.068436  71.248909  58.307861 
 62.822182  78.522186  94.687500  111.135155  127.802032  143.982651  158.909225  169.100464  172.654694  168.762817  158.309525  142.976257  125.425308  108.367340  92.001717  76.207657  61.568283 
 65.243744  81.943748  98.638283  116.042343  134.092499  152.309525  168.466873  179.357971  183.002502  178.950470  168.344681  151.380630  131.941101  113.559525  96.217033  79.633591  64.090469 
 66.043648  82.976563  100.047813  118.047348  136.165466  155.180618  171.661713  182.614212  186.135941  182.264526  172.122192  155.047348  135.353287  116.370789  98.127342  80.821404  65.082870 
 65.255363  81.690155  98.345627  115.484528  133.297653  151.480469  167.618744  178.727966  182.181412  178.272034  168.105316  151.697495  131.571564  113.357025  95.997345  79.497810  64.335312 
 62.812187  78.218437  94.260002  110.353905  126.622025  142.894531  157.371399  167.775467  171.263123  167.354538  157.001877  141.963745  124.697189  108.094063  91.952347  76.350311  62.033234 
 59.601509  72.876717  87.760780  102.740623  116.978912  130.623596  142.761246  151.434998  154.426254  151.159683  142.303284  129.476089  114.936874  100.277657  85.440315  70.978592  58.162132 
 56.456093  66.881721  80.010468  93.659065  106.361717  117.539688  127.227188  133.836090  136.280777  133.479370  126.231873  116.159851  104.139687  91.467972  77.937347  65.022972  54.957756 
 54.697449  61.348907  71.258904  83.251564  94.538284  104.035309  111.700623  116.779526  118.555161  116.384537  110.760155  102.677185  92.650940  81.481560  69.384529  59.307816  53.228226 
 51.418701  56.822868  62.595787  71.624062  81.560570  89.675316  95.962288  100.102654  101.383690  100.070152  95.678703  88.948853  80.367188  70.412811  60.453491  54.654060  50.589066 
 } 
 B Channel
 {
 18.895939  21.222187  23.821201  28.209270  32.748699  36.706665  39.560257  41.252136  41.666615  40.831566  38.844326  35.747135  31.838749  27.321198  22.990936  20.211460  18.706871 
 20.702187  23.764687  28.481407  34.335938  39.583908  43.939999  47.454220  49.617340  50.171410  49.059059  46.658279  42.944843  38.353748  33.102657  27.523438  22.934376  20.416874 
 21.777138  26.689842  33.137188  39.744843  45.682968  50.969063  55.237816  58.046249  58.831566  57.470940  54.424217  49.756096  44.243439  38.330467  31.970470  26.124844  21.853802 
 23.229012  29.772968  37.057343  44.317032  50.970154  57.207497  62.655937  66.349373  67.383904  65.765160  61.881096  56.147346  49.580315  42.772186  35.810314  29.265938  23.683437 
 24.858124  32.221874  40.033749  47.826248  55.320938  62.492188  68.902809  73.054375  74.404373  72.735466  68.197502  61.442497  53.721718  46.191093  38.600468  31.611874  25.393539 
 26.068596  33.894218  41.950626  49.888283  57.969063  65.987656  72.853279  77.209534  78.425003  76.837341  72.298904  65.046410  56.465157  48.430466  40.527657  33.332500  26.610832 
 26.453545  34.396873  42.544064  50.757813  58.925468  67.132660  73.993752  78.315941  79.584999  77.911720  73.659531  66.393440  57.817497  49.463753  41.324688  33.829063  27.052395 
 26.022137  33.812344  41.675938  49.653435  57.566559  65.427345  72.281715  76.473747  77.774529  76.045311  71.814217  64.859840  56.184372  48.150940  40.322498  33.093124  26.593124 
 24.939583  32.231251  39.835625  47.318905  54.745316  61.851097  67.923752  72.014999  73.234528  71.494690  67.199997  60.710785  53.212967  45.831406  38.424061  31.521717  25.405678 
 23.247448  29.710155  36.857655  43.940468  50.489059  56.566872  61.771561  65.241722  66.308281  64.836250  61.053284  55.487343  49.029999  42.429688  35.580936  29.081406  23.648281 
 21.982552  26.938595  33.285625  39.802189  45.815781  50.999847  55.216721  57.992813  58.783752  57.590469  54.434059  49.962029  44.525314  38.611404  32.222343  26.405468  22.206924 
 21.129429  24.335468  29.151093  34.997345  40.396095  44.861874  48.302811  50.512810  51.114685  50.162498  47.681564  44.001251  39.332813  33.965626  28.196407  23.683907  21.248695 
 19.741508  22.157341  24.809219  29.221302  33.942970  37.798546  40.789898  42.656147  43.150940  42.374168  40.473232  37.287502  33.382813  28.424793  23.737450  21.283699  19.790363 
 } 


 White Balance Data with optical Center Data
 r_center_x =  632 r_center_y =  481 
 gr_center_x =  634 gr_center_y =  495 
 b_center_x =  659 b_center_y =  446 
 gb_center_x =  664 gb_center_y =  470 
 r/gr 0.847165 
 b/gr 0.425876 
 gb/gr 0.997932 
 r_oc_ave 158.431107 
 b_oc_ave 79.644447 
 gr_oc_ave 187.013336 
 gb_oc_ave 186.626663 

 [AWB]
 RGr =  0.847165 
 BGr =  0.425876 
 GbGr =  0.997932 
 r_oc_ave =  158.431107 
 b_oc_ave =  79.644447 
 gr_oc_ave =  187.013336 
 gb_oc_ave =  186.626663 