 LEFT LENS SHADING DATA
 RED Channel
 {
 35.652237  38.807240  43.103436  50.403648  58.175468  65.046410  70.685371  74.092865  75.306763  73.872078  70.551041  64.910263  57.799744  50.155731  43.095989  38.921925  36.451923 
 37.508488  42.208282  49.919685  59.604065  69.072342  77.369530  84.236404  88.761406  90.283440  88.407501  83.898125  76.877968  68.235779  59.107811  49.558281  41.871719  37.940262 
 39.193909  47.144531  57.684219  69.054688  80.162186  90.467499  99.281250  105.141716  107.288284  104.792503  98.788597  89.768906  79.328590  68.538910  57.230003  46.754219  39.358593 
 42.144062  52.704063  64.946251  77.763908  90.731094  103.197968  114.279526  122.250000  125.046097  121.808441  113.985306  102.696404  89.772346  76.957184  64.161560  52.013748  41.948750 
 45.110783  57.270157  70.793594  85.001091  99.778748  114.711411  128.147812  137.387024  140.624374  137.007660  127.838120  114.254379  98.827972  84.019684  69.823753  56.522034  44.853073 
 47.143543  60.441872  74.630470  89.950623  106.394379  123.117813  137.921249  147.901871  151.220474  147.507660  137.722809  122.528275  105.291092  89.037186  73.819061  59.739372  47.075626 
 48.062080  61.737503  76.514847  92.457809  109.268127  126.684372  141.851410  151.875153  155.366089  151.661087  142.118744  126.592499  108.812347  91.738747  75.706718  60.957657  47.757034 
 47.551357  60.982185  75.384689  90.827499  107.414688  124.216873  139.135788  149.060623  152.540161  148.772812  139.358276  124.328751  106.334999  89.910469  74.317970  60.055313  47.405308 
 45.695625  58.229378  71.893906  86.477341  101.651566  116.772812  130.324692  139.804214  143.096878  139.485306  130.191254  116.341873  100.745468  85.583282  71.031250  57.413910  45.557446 
 42.912445  53.958908  66.677658  79.597809  92.932968  105.745781  117.032028  125.106567  128.062805  125.226257  117.232498  105.620316  92.174217  78.926559  65.633438  53.109688  42.654686 
 40.736927  48.891716  59.730469  71.389999  82.923904  93.430466  102.557343  108.896561  111.402969  108.930000  102.457657  92.949532  81.925934  70.548126  58.728752  48.009377  40.084789 
 39.161510  43.981720  52.105934  62.079529  71.892029  80.638123  87.911873  92.737656  94.428123  92.541405  87.673752  80.145782  71.025154  61.185471  51.128441  43.132969  38.601093 
 36.778595  40.414845  44.677189  51.986412  60.218483  67.397705  73.121460  76.748283  77.927704  76.766197  72.857918  67.096405  59.533279  51.175674  43.542606  39.619011  36.358177 
 } 
 GR Channel
 {
 47.817810  53.011566  58.745110  67.644325  76.639893  84.325729  90.406464  94.203850  95.646660  94.265572  90.411621  84.235939  76.177551  67.361504  58.835098  53.537819  49.844475 
 51.252403  57.911560  67.620941  78.892029  89.450310  98.670311  106.160622  111.250938  113.077499  110.952034  106.061409  98.484688  88.912346  78.342972  67.138435  57.711563  52.204063 
 53.988960  64.403122  76.889999  89.812653  102.033279  113.300629  122.826721  129.443909  131.871567  129.144226  122.647339  112.895004  101.419373  89.289841  76.379219  63.827812  54.214066 
 57.978859  71.068436  85.260941  99.752029  113.918274  127.518433  139.730469  148.449371  151.667191  148.123444  139.828598  127.372650  113.175308  99.129059  84.603279  70.156715  57.606514 
 61.648903  76.584534  92.147499  107.910622  124.172348  140.417191  155.367035  165.515930  169.164215  165.412659  155.373123  140.366409  123.502029  107.254845  91.340157  75.652031  61.258072 
 64.465569  80.432030  96.803909  113.661255  131.512650  149.798599  166.277649  177.330154  181.119217  176.966095  166.468277  149.872025  130.735153  113.177185  96.149063  79.662811  64.063232 
 65.579323  81.957031  98.702972  116.374527  134.648438  153.745621  170.743118  181.709213  185.466568  181.491882  171.298126  154.450470  135.265472  116.496246  98.499687  81.146873  65.073120 
 64.816414  80.940781  97.446091  114.269531  132.394058  150.940155  167.389526  178.507339  182.210007  178.180466  168.317810  152.053757  132.015472  113.892029  96.704842  80.075935  64.574684 
 62.223381  77.628593  93.257500  109.312347  125.824066  142.255463  157.240784  167.648438  171.397964  167.845932  157.699997  142.585007  125.391251  108.756096  92.458748  76.792191  62.369682 
 58.608803  72.292343  87.056252  101.468437  115.946564  129.974533  142.211411  151.167816  154.682495  151.393906  142.799225  130.230316  115.587036  100.991249  86.202347  71.572189  58.754265 
 55.341774  66.008438  78.983597  92.146561  104.977028  116.265930  126.119537  133.084381  135.690781  133.110306  126.009537  115.961243  103.933907  91.360626  77.931717  65.036247  55.248337 
 52.763016  59.610939  69.664528  81.307190  92.270309  102.027191  109.745628  114.957657  116.827347  114.637970  109.250626  101.221565  91.363129  80.124222  68.330940  58.644379  52.734795 
 48.765518  54.455109  60.160988  68.965515  78.466568  86.399689  92.642288  96.849533  98.180466  96.730255  92.544380  86.130722  77.545204  67.726921  58.658432  53.801033  49.080208 
 } 
 GB Channel
 {
 48.357712  53.726036  59.596458  68.922760  78.456085  86.693436  93.149109  97.332710  98.839165  97.099266  92.994164  86.265678  77.769844  68.279434  59.329483  53.846458  50.088951 
 51.506454  58.221878  68.298126  79.970467  91.054222  100.668434  108.638908  114.009369  115.832504  113.569687  108.348747  100.272972  90.070465  78.986717  67.299065  57.593124  51.914787 
 53.664688  64.288437  77.164528  90.508125  103.282501  114.961243  125.027191  131.906403  134.354370  131.438126  124.476868  114.422180  102.324371  89.562347  76.119530  63.228439  53.607597 
 57.133125  70.568123  85.130157  99.983437  114.662659  128.776413  141.392654  150.455154  153.686874  149.904694  141.235001  128.370316  113.546097  98.764687  83.916878  69.194374  56.605209 
 60.578590  75.659218  91.522659  107.525780  124.360626  140.924530  156.179688  166.728119  170.657974  166.411560  156.129837  140.839539  123.278275  106.510941  90.189842  74.279686  59.742607 
 63.075882  79.171097  95.618439  112.915161  131.069214  149.719681  166.350006  177.699371  181.542969  177.258286  166.574844  149.628128  130.151566  111.942032  94.722504  77.967972  62.479012 
 63.826302  80.509842  97.424530  115.285782  133.725159  153.156723  170.117188  181.329376  185.237808  181.179214  170.857819  153.706253  134.190002  115.004837  96.533440  79.136253  63.332504 
 63.091095  79.444221  95.952812  113.075470  131.303589  149.884369  166.488129  177.830002  181.586411  177.587967  167.597504  151.060776  130.666565  112.249222  94.732971  78.042030  62.708908 
 60.700523  76.144684  91.965309  108.013283  124.712814  141.335312  156.335007  166.894226  170.687347  167.071243  156.708588  141.400787  124.046875  107.093285  90.618904  74.782654  60.452858 
 57.221352  71.044685  85.809219  100.429222  115.003601  129.062805  141.440002  150.456558  153.946716  150.611725  141.971878  129.131714  114.282654  99.390938  84.459221  69.810310  57.068642 
 54.353127  65.018127  77.983124  91.359375  104.148438  115.688431  125.609375  132.665787  135.317032  132.489380  125.286407  114.936401  102.836090  90.056091  76.440002  63.549690  53.797188 
 52.036461  58.904373  68.985313  80.781250  91.838905  101.685158  109.581406  114.805313  116.709839  114.434692  108.888748  100.730621  90.508904  79.208595  67.154846  57.449997  51.662918 
 48.282707  53.987289  59.872818  68.746246  78.392441  86.761612  93.163284  97.199059  98.548393  96.968437  92.757088  86.083130  77.113701  67.115463  57.925049  52.830002  48.359169 
 } 
 B Channel
 {
 18.087814  20.469059  23.244221  27.759480  32.474060  36.435471  39.464375  41.207916  41.941509  41.069950  39.341305  36.275887  32.162914  27.589478  23.166767  20.642757  19.456093 
 19.038227  22.226563  27.097343  32.849064  38.244064  42.697342  46.228127  48.496246  49.174217  48.135155  45.873592  42.268593  37.506248  32.317814  26.728439  22.176720  20.198597 
 19.949585  24.843750  31.099533  37.550312  43.429844  48.718903  52.961716  55.718597  56.601250  55.339844  52.424065  47.956562  42.592030  36.820782  30.511562  24.593124  20.773956 
 21.602554  27.961094  35.030937  41.943905  48.576096  54.763908  60.018440  63.695160  64.889534  63.243591  59.515312  53.983597  47.511250  40.924843  34.005627  27.388126  22.074791 
 23.242188  30.448437  37.998592  45.410000  52.889061  60.090469  66.607033  70.793121  72.247971  70.333748  66.087814  59.447342  51.817810  44.423439  36.948124  29.921562  23.845314 
 24.461559  32.047813  39.799530  47.648438  55.787659  63.883904  70.965469  75.466248  76.873123  74.996872  70.511406  63.226563  54.737190  46.722656  38.920467  31.627655  25.096195 
 24.850986  32.565781  40.608906  48.738747  56.985466  65.341873  72.568436  77.052032  78.486252  76.655785  72.192497  64.769997  56.235466  47.955154  39.846092  32.147343  25.416721 
 24.370518  32.087189  39.948906  47.847969  55.969841  64.018280  71.158279  75.539528  76.989845  75.182816  70.880470  63.799690  55.036720  46.931408  39.026718  31.658592  25.303806 
 23.166771  30.504688  38.147812  45.687969  53.150314  60.368126  66.741409  71.081406  72.410782  70.730469  66.341248  59.717499  52.104843  44.736874  37.208908  30.148438  24.062191 
 21.579426  28.117970  35.251564  42.184532  48.794060  54.997810  60.235001  63.851410  65.119690  63.809685  59.993439  54.458435  47.854218  41.220001  34.324532  27.672813  22.448231 
 20.096512  25.186718  31.469219  37.848282  43.723907  48.845779  53.126717  56.006874  57.029846  55.778908  52.732971  48.228752  42.769062  36.903908  30.539063  24.753281  20.731403 
 19.184685  22.362186  27.101406  32.761875  37.942814  42.398750  45.744217  48.047966  48.740471  47.812813  45.380157  41.702030  37.034374  31.816875  26.169376  21.747032  19.413490 
 17.695103  20.092186  22.777863  27.014790  31.668228  35.338749  38.209427  40.055260  40.573589  39.906147  37.914948  34.936405  30.827709  26.126045  21.760208  19.445156  17.680988 
 } 


 White Balance Data with optical Center Data
 r_center_x =  667 r_center_y =  501 
 gr_center_x =  658 gr_center_y =  505 
 b_center_x =  647 b_center_y =  469 
 gb_center_x =  650 gb_center_y =  484 
 r/gr 0.836695 
 b/gr 0.422239 
 gb/gr 0.998592 
 r_oc_ave 155.777771 
 b_oc_ave 78.613335 
 gr_oc_ave 186.182220 
 gb_oc_ave 185.919998 

 [AWB]
 RGr =  0.836695 
 BGr =  0.422239 
 GbGr =  0.998592 
 r_oc_ave =  155.777771 
 b_oc_ave =  78.613335 
 gr_oc_ave =  186.182220 
 gb_oc_ave =  185.919998 