 LEFT LENS SHADING DATA
 RED Channel
 {
 35.245941  38.525520  42.489269  49.566246  57.395470  64.402550  69.929787  73.506927  74.762398  73.568382  70.147141  64.671249  57.775940  50.171089  42.929325  38.663071  35.786819 
 37.933022  42.144688  49.782188  59.548752  68.951096  77.232346  84.331879  89.137970  90.850311  89.123596  84.756096  77.828751  69.187187  60.041718  50.464531  42.649532  38.213074 
 39.842499  47.108749  57.464844  69.025940  80.182030  90.382034  99.248123  105.599533  107.936874  105.619530  99.619064  90.829529  80.428436  69.672028  58.483597  47.937344  40.127136 
 42.513332  52.644997  64.666252  77.663437  90.693596  103.197815  114.301880  122.472809  125.810471  122.700317  114.841400  103.653908  90.956879  78.338753  65.712029  53.522972  43.032341 
 45.431873  57.291878  70.530624  84.787659  99.777657  114.604370  128.158752  137.850937  141.655624  138.251404  128.875931  115.351410  100.236717  85.687347  71.545471  58.187187  46.123852 
 47.639744  60.625778  74.701408  89.895309  106.331879  123.241089  138.240631  148.619995  152.639069  149.209381  139.377655  124.056717  107.033905  90.875000  75.709221  61.559219  48.344009 
 48.575729  62.029060  76.552811  92.423592  109.373123  127.069214  142.540314  152.822968  156.969223  153.530319  144.180618  128.401718  110.640778  93.734375  77.741562  62.858437  49.466354 
 47.981617  61.182655  75.616875  90.862190  107.431564  124.364685  139.677505  150.068588  153.937027  150.498276  141.246567  125.824844  107.966095  91.728592  76.330154  61.979691  48.981346 
 46.088902  58.532028  72.129372  86.472969  101.599060  116.903900  130.643753  140.511246  144.157806  140.798126  131.444534  117.442337  102.087189  87.328751  72.871872  59.206093  46.932972 
 43.453018  54.073441  66.606407  79.676559  92.830627  105.645157  117.249695  125.564224  128.647507  126.015320  118.003906  106.377815  93.281563  80.203438  67.142029  54.649376  43.981876 
 41.178440  48.965935  59.799690  71.432816  82.871094  93.474998  102.822815  109.281563  111.727341  109.426247  103.080154  93.801247  82.921722  71.725471  60.030785  49.135941  40.932186 
 39.544117  44.197655  52.006248  62.066872  71.865158  80.565781  87.988434  93.045471  94.748283  93.002968  88.042030  80.737816  71.792816  62.103127  51.993126  43.807343  38.979633 
 36.731617  40.567448  44.773335  52.090622  60.215370  67.490578  73.361359  77.305672  78.536407  77.207764  73.531410  67.593643  60.268646  51.823128  44.181461  39.687134  36.363388 
 } 
 GR Channel
 {
 46.584324  51.978905  57.507507  66.329475  75.379845  83.385368  89.291306  93.196098  94.688332  93.396713  89.822922  83.746246  76.038330  67.085159  58.390831  52.773598  48.347351 
 51.299736  57.464531  67.022499  78.686562  89.621719  98.783905  106.188591  111.384216  113.346252  111.518593  106.918747  99.628754  90.223747  79.725784  68.500000  58.562965  52.189430 
 54.334427  63.932968  76.626717  90.167503  102.719841  113.850006  123.244843  129.954529  132.337814  130.079681  123.923752  114.743286  103.424065  91.388283  78.497658  65.537498  55.395004 
 58.028595  70.851715  85.282188  100.153908  114.586411  128.352661  140.363907  149.097656  152.323288  149.216248  141.230774  129.264374  115.596100  101.577812  87.085159  72.579216  59.459427 
 61.784111  76.573906  92.067657  108.222031  124.697037  141.066711  155.764374  166.094681  169.913132  166.395004  156.831879  142.468903  125.974060  109.826561  94.090782  78.245781  63.364319 
 64.541245  80.518753  96.934685  113.827347  131.865784  150.452652  166.577347  177.631256  181.631561  178.180939  168.049225  151.780945  133.173599  115.505936  98.603905  82.233597  66.311722 
 65.728600  82.134216  99.073593  116.677505  135.122650  154.499069  171.203598  182.114532  186.213120  182.801407  173.218903  156.564377  137.390625  118.955475  101.056091  83.834534  67.484322 
 64.807655  81.083282  97.805000  114.858444  132.823120  151.468124  168.087662  178.967499  182.987656  179.638596  170.284058  154.059845  134.409225  116.573593  99.345001  82.702034  66.721405 
 62.622864  77.725159  93.714531  109.972656  126.428284  143.237808  158.230469  168.649216  172.532349  169.281403  159.555161  144.743591  127.787033  111.485466  95.273590  79.286873  64.342293 
 58.948647  72.315315  87.260155  102.292656  116.851257  131.061401  143.452820  152.160461  155.536255  152.824997  144.705627  132.307816  118.079529  103.598907  88.678284  73.792816  60.485313 
 55.761192  66.111404  79.301094  92.989372  105.818123  117.447189  127.368286  134.152039  136.751099  134.323288  127.825470  118.099380  106.332184  93.764999  80.200623  66.964691  56.537193 
 53.089691  59.984688  69.926407  81.838280  93.082184  102.711090  110.589218  116.017181  117.800003  115.890930  110.867340  103.162971  93.415627  82.216560  70.215309  60.095779  53.480156 
 48.467606  54.710938  60.539536  69.332657  78.895515  87.382561  93.495682  97.910942  99.281242  97.931770  94.074638  87.534424  79.182289  69.214890  60.104477  54.439743  49.605576 
 } 
 GB Channel
 {
 46.826508  52.296509  58.110367  67.205994  76.811920  85.236145  91.940422  95.966614  97.662758  96.475426  92.553169  86.111717  77.828392  68.424011  59.211090  53.192398  48.642395 
 51.219429  57.322968  67.168907  79.265778  90.674217  100.375313  108.443748  114.060150  116.311722  114.338745  109.607971  101.806091  91.811096  80.815468  69.047966  58.887810  52.342819 
 53.730835  63.503754  76.393127  90.275467  103.399216  115.097809  125.130157  132.323593  135.048904  132.615631  126.247650  116.611099  104.750153  92.260002  78.729218  65.469688  55.234268 
 57.121407  70.020782  84.579063  99.847343  114.725311  129.055466  141.611557  150.844055  154.564056  151.518906  143.149368  130.766098  116.429993  101.965309  87.019531  72.146095  58.854218 
 60.395630  75.289375  90.828125  107.271873  124.068130  140.906097  156.242813  167.192337  171.474380  168.140778  158.263443  143.336868  126.327499  109.730003  93.612030  77.477501  62.219170 
 62.914429  78.862968  95.264999  112.269531  130.635315  149.552032  166.096100  177.752502  182.299683  178.813904  168.607651  151.914993  132.954681  114.938126  97.705940  81.027657  64.955780 
 63.808334  80.213753  96.995468  114.558289  133.227966  152.802811  169.858902  181.316711  185.922028  182.634995  172.918442  156.128281  136.764847  117.874527  99.722809  82.398590  65.920471 
 62.993225  79.041565  95.536407  112.544525  130.605942  149.490158  166.343445  177.833282  182.285782  179.193756  169.651093  153.285309  133.502350  115.322968  97.897499  81.165779  65.107651 
 60.629738  75.643280  91.606247  107.614220  124.304840  141.319839  156.471252  167.366257  171.798752  168.543594  158.852661  143.794998  126.672028  110.157501  93.789688  77.782028  62.703072 
 57.050362  70.563904  85.229530  100.231720  114.899216  129.188599  141.921402  151.066101  154.742493  152.265152  143.988434  131.372498  116.925156  102.345940  87.323441  72.374374  59.098961 
 54.283279  64.573906  77.641563  91.141876  104.076096  115.950775  126.105774  133.308899  136.200470  133.831253  127.192337  117.438126  105.504997  92.664688  79.095314  65.813904  55.267448 
 51.861458  58.693123  68.576561  80.462967  91.780472  101.690002  109.763908  115.494370  117.531097  115.731094  110.516403  102.713593  92.716560  81.378754  69.350159  59.216721  52.651924 
 47.740627  53.716042  59.515732  68.574844  78.086098  86.778328  93.454948  98.093124  99.525475  98.058388  94.042030  87.431305  78.701981  68.733742  59.370361  53.721092  49.067764 
 } 
 B Channel
 {
 16.341927  18.484428  20.993538  25.458488  29.907032  33.740726  36.670937  38.275364  38.877342  38.279167  36.591507  33.691925  29.955467  25.636044  21.591305  18.900417  17.127499 
 18.488178  21.006718  25.434376  31.030781  36.261406  40.585312  43.918438  46.220158  47.007969  46.113750  44.079220  40.685471  36.237343  31.333126  26.106094  21.599998  18.942501 
 19.681461  24.101875  29.843594  36.255001  42.139061  47.198280  51.359222  54.178596  55.142967  54.073128  51.348595  47.182186  42.032345  36.533127  30.563908  24.856876  20.337288 
 21.346668  27.248749  33.835625  40.661564  47.224998  53.304062  58.517029  62.095940  63.386253  62.014999  58.507034  53.248749  47.090313  40.879845  34.375156  28.018436  22.222187 
 23.090523  29.775936  36.878281  44.095627  51.434219  58.535309  64.729065  68.903748  70.377655  68.874687  64.813126  58.567810  51.332344  44.288437  37.296406  30.532501  23.908337 
 24.206303  31.428593  38.842342  46.293594  54.126251  62.032967  68.820938  73.180153  74.784843  73.369377  69.077034  62.229843  54.229218  46.505470  39.212502  32.291405  25.137867 
 24.729008  32.026718  39.608124  47.344688  55.228592  63.396561  70.300316  74.687187  76.318596  74.895935  70.881096  63.870155  55.640938  47.765938  40.137032  32.883125  25.751873 
 24.292915  31.526249  38.939686  46.388905  54.067970  61.919060  68.775154  73.198128  74.711250  73.296097  69.491096  62.743439  54.335312  46.672031  39.259377  32.232811  25.293232 
 23.086983  29.980312  37.113907  44.168282  51.273438  58.319847  64.556252  68.841721  70.363594  68.931091  64.856560  58.626564  51.446091  44.413593  37.472031  30.722656  24.084118 
 21.325836  27.401249  34.135780  40.749531  47.072189  52.937653  58.273750  61.948280  63.205627  62.040627  58.628128  53.355782  47.264530  40.890156  34.441250  28.121876  22.177292 
 19.810783  24.555157  30.461094  36.544064  42.189529  47.161564  51.446251  54.392815  55.422028  54.291565  51.591873  47.409218  42.208752  36.558281  30.635780  24.985470  20.365677 
 18.576302  21.597343  26.068592  31.470314  36.526249  40.760780  44.295311  46.600937  47.365467  46.562969  44.363281  40.873123  36.469845  31.380470  26.012970  21.775002  19.011665 
 16.906719  19.382133  22.027134  26.147396  30.671249  34.379322  37.319065  39.315105  39.844841  39.282345  37.441406  34.513958  30.614635  25.988594  21.786926  19.449581  17.517498 
 } 


 White Balance Data with optical Center Data
 r_center_x =  639 r_center_y =  499 
 gr_center_x =  656 gr_center_y =  505 
 b_center_x =  659 b_center_y =  482 
 gb_center_x =  630 gb_center_y =  480 
 r/gr 0.844675 
 b/gr 0.409870 
 gb/gr 0.998311 
 r_oc_ave 157.777771 
 b_oc_ave 76.559998 
 gr_oc_ave 186.791107 
 gb_oc_ave 186.475555 

 [AWB]
 RGr =  0.844675 
 BGr =  0.409870 
 GbGr =  0.998311 
 r_oc_ave =  157.777771 
 b_oc_ave =  76.559998 
 gr_oc_ave =  186.791107 
 gb_oc_ave =  186.475555 