 LEFT LENS SHADING DATA
 RED Channel
 {
 36.720993  39.945576  44.713905  52.454895  60.271935  67.364586  72.856247  76.420990  77.493752  76.082817  72.445984  66.871666  59.671150  52.013596  44.881248  40.668751  37.865414 
 39.280991  44.404530  52.748283  62.727814  72.104218  80.371246  87.142502  91.825783  93.313751  91.412811  86.960785  80.077499  71.344063  62.092972  52.320000  44.461250  40.325417 
 41.632290  50.001877  60.968285  72.445313  83.255470  93.157967  101.850784  107.859222  110.003754  107.484222  101.674217  92.956093  82.519684  71.661095  60.275154  49.669685  42.039272 
 45.116043  55.921875  68.297966  81.013908  93.667030  105.618752  116.732971  124.526093  127.268600  124.013596  116.380463  105.444221  92.952972  80.432030  67.605316  55.333282  45.003071 
 48.577240  60.874535  74.266876  88.246719  102.754219  116.833908  130.163589  139.593124  142.636246  139.030151  129.879379  116.678284  101.949997  87.577499  73.603127  60.074066  48.073235 
 50.949532  64.392654  78.279846  93.345314  109.407814  125.504379  140.086716  150.218124  153.379379  149.617661  139.955780  125.110779  108.439529  92.761406  77.702187  63.504684  50.265518 
 52.087494  65.913750  80.299843  95.901093  112.445313  129.446411  144.433441  154.730164  158.092819  154.305466  144.648285  129.323120  112.234070  95.815468  79.830467  64.919533  51.453072 
 51.586098  65.097969  79.277657  94.337341  110.599998  127.019684  141.938431  152.146088  155.439850  151.511414  142.034851  127.210007  109.702347  93.769684  78.370468  64.000778  51.003494 
 49.470619  62.231873  75.836090  89.948128  104.829842  119.636093  133.322968  142.943130  146.304993  142.484375  132.816406  119.245316  103.995155  89.319221  75.017502  61.287033  49.064743 
 46.041252  57.754997  70.307968  83.289688  96.183128  108.876717  120.281876  128.649063  131.424377  128.307343  120.181091  108.508125  95.485153  82.559532  69.533752  56.774689  46.233856 
 43.012394  52.347809  63.500313  75.086090  86.408905  96.827812  106.007965  112.464218  114.882813  112.329056  105.671249  96.355003  85.454842  74.177185  62.432816  51.583122  43.471458 
 40.983383  46.889843  55.583595  65.740311  75.503441  84.142342  91.427811  96.237030  97.847809  95.907967  90.905472  83.359062  74.309059  64.501404  54.397186  46.289532  41.537239 
 38.761719  42.491302  47.493385  55.526566  63.874268  71.022552  76.886978  80.679741  81.756561  80.385681  76.504845  70.219055  62.716980  54.328697  46.474689  42.324322  39.242657 
 } 
 GR Channel
 {
 48.299011  53.218597  59.277916  68.521507  77.522240  85.226143  90.998909  94.969536  96.271461  94.835312  91.155525  85.451721  77.877869  69.044746  60.315834  54.960838  50.502922 
 52.489433  59.387970  69.451248  80.989220  91.429535  100.351563  107.705780  112.722656  114.564377  112.711563  108.265938  101.018593  91.686409  81.380783  70.018753  60.596252  54.732918 
 55.883232  66.450310  79.255310  92.307503  104.297653  115.056412  124.403122  130.866409  133.319382  130.680161  124.825470  115.929062  104.787498  92.920311  79.911095  67.292816  57.555725 
 60.374428  73.447968  87.745316  101.962341  115.934219  129.094528  141.088745  149.551254  152.739059  149.373276  141.749695  130.428757  116.704529  102.906097  88.592972  74.205315  61.434067 
 64.459114  79.211403  94.175316  109.613129  125.634216  141.461868  156.184845  166.270309  169.796722  166.192505  156.884842  143.039841  126.978912  111.164375  95.481247  79.970154  65.280365 
 67.266296  83.101097  98.669533  115.175934  132.735153  150.703125  166.931870  178.049850  181.564056  177.802811  168.215942  152.530151  134.355942  116.892654  100.269844  83.971718  68.144844 
 68.609688  84.705940  100.795624  117.747818  136.026871  154.970474  171.669373  183.017181  186.849838  183.172348  173.611877  157.551086  138.791092  120.704224  102.993904  85.785004  69.401245 
 68.028854  83.715935  99.562035  116.055618  133.999527  152.546875  169.267807  180.498123  184.276566  180.592499  171.054688  155.307343  135.882034  118.133118  101.113747  84.629997  69.023758 
 65.532860  80.615158  95.816559  111.497032  127.978439  144.668121  159.856094  170.592346  174.368744  170.778595  161.036560  146.550781  129.527191  113.267807  97.277031  81.540627  66.493118 
 61.583748  75.455002  89.832970  104.240784  118.618591  132.732651  145.229370  154.326569  157.798126  154.925156  146.699371  134.400467  120.086716  105.656563  90.972191  76.205467  62.989006 
 57.666504  69.209221  82.243752  95.324997  107.787659  119.233124  129.256256  136.090317  138.895309  136.511246  129.806870  120.152191  108.434685  96.112343  82.730782  69.771721  59.429428 
 54.836769  62.448441  72.937813  84.655785  95.545471  105.061096  112.729843  118.051559  119.955475  118.180161  113.051086  105.362343  95.761093  84.721718  72.942497  63.029533  56.558487 
 51.131355  56.403023  63.064064  72.330986  81.885681  89.696297  96.232552  100.234901  101.580681  100.407028  96.305473  90.013382  81.804634  72.014435  62.744583  57.344742  52.755981 
 } 
 GB Channel
 {
 48.515305  53.281563  59.621193  69.291039  78.710266  86.808228  93.460106  97.289474  98.770058  97.271767  93.288704  87.094421  78.862862  69.598701  60.488228  54.836777  50.515930 
 52.212814  59.189064  69.502655  81.466873  92.346718  101.727814  109.394684  114.779068  116.661087  114.739685  109.898903  102.202972  92.462654  81.711403  69.960312  60.284691  54.418854 
 55.347862  65.862656  78.901878  92.341873  104.626877  115.830627  125.654221  132.502808  135.195938  132.435150  126.186096  116.884842  105.211876  92.856247  79.351563  66.545784  56.793900 
 59.357658  72.504532  86.900780  101.537971  115.792969  129.346725  141.839996  150.723282  154.144836  150.836090  142.855621  130.951248  116.725784  102.471878  87.731873  73.058281  60.336823 
 63.071251  77.816254  92.890312  108.628281  124.844223  141.009537  156.102661  166.772507  170.540787  166.945938  157.358444  143.043274  126.422501  110.184532  94.198441  78.370003  63.604584 
 65.595520  81.295937  96.894997  113.328278  131.154068  149.351563  165.876251  177.414063  181.365158  177.685776  167.674683  151.815628  133.160004  115.448441  98.519218  82.221878  66.066872 
 66.768234  82.641563  98.665939  115.612808  133.816406  152.982819  169.856873  181.644684  185.813904  182.134216  172.548904  156.220001  137.258911  118.840622  100.966248  83.755157  67.384949 
 65.879166  81.616249  97.290314  113.710938  131.604843  150.196411  167.038757  178.898911  182.799850  179.367966  169.700623  153.656876  134.072968  116.190155  99.000778  82.533127  66.816048 
 63.610214  78.614372  93.672501  109.260155  125.684692  142.413589  157.835785  168.970154  173.068756  169.372818  159.621094  144.923599  127.734848  111.309372  95.186874  79.461250  64.504585 
 59.728798  73.583595  88.025940  102.259842  116.565155  130.741562  143.431717  152.834213  156.518600  153.713593  145.380783  132.869370  118.351410  103.812813  89.028435  74.300468  61.069016 
 56.147079  67.610001  80.546722  93.610779  106.243752  117.782349  127.829056  135.042969  137.907974  135.552811  128.757187  118.889374  107.008591  94.496407  81.033127  68.090935  57.837189 
 53.510780  61.132660  71.615471  83.238747  94.292191  103.899689  111.867813  117.256714  119.293121  117.481400  112.193283  104.351410  94.562653  83.428284  71.609062  61.629997  55.317917 
 50.231621  55.413277  62.056931  71.582916  81.164268  89.115105  95.876564  100.154846  101.468544  100.310783  96.066399  89.370361  80.895363  71.075157  61.524063  56.158340  51.952499 
 } 
 B Channel
 {
 17.302086  19.072502  21.968960  26.603073  31.145676  34.802185  37.556618  39.295208  39.737606  39.147087  37.362190  34.512241  30.669792  26.488800  22.463749  19.922554  18.016720 
 19.106247  21.958752  26.740623  32.439529  37.557968  41.650936  44.851406  47.045624  47.709686  46.785000  44.670937  41.323280  36.915627  32.073593  26.830002  22.487343  19.989220 
 20.599529  25.276405  31.336250  37.599220  43.308281  48.048752  52.047966  54.746872  55.621559  54.502190  51.836090  47.795624  42.659374  37.261875  31.297970  25.597969  21.245678 
 22.592033  28.606407  35.174374  41.897499  48.374687  54.065941  59.074219  62.627342  63.819687  62.383438  58.906250  53.842033  47.761250  41.659061  35.258595  28.890781  23.140991 
 24.349426  31.319218  38.187656  45.260155  52.493904  59.221405  65.335785  69.478592  70.756409  69.127968  65.048592  58.913124  51.901405  45.084217  38.228439  31.501720  24.974010 
 25.650627  32.930626  40.008438  47.330624  55.252815  62.876404  69.549377  73.951248  75.267967  73.561722  69.239059  62.462814  54.676720  47.273594  40.107811  33.265625  26.109375 
 26.132656  33.589531  40.809532  48.320160  56.317032  64.363907  71.175629  75.521561  76.949066  75.201721  71.088280  64.042656  56.157188  48.577187  41.041561  33.876877  26.640625 
 25.710468  33.024845  40.161877  47.448280  55.193909  63.054375  69.839531  74.235466  75.544685  73.865936  69.720779  63.033279  54.904846  47.424686  40.203438  33.273907  26.252865 
 24.554691  31.514687  38.431252  45.245155  52.364059  59.435623  65.692032  69.933746  71.350471  69.638748  65.500626  59.224220  52.140625  45.193592  38.437344  31.771408  25.077450 
 22.668022  28.933437  35.565624  41.919220  48.210785  54.212029  59.492035  63.054688  64.299690  62.983437  59.402657  54.112968  48.006561  41.770000  35.495625  29.236404  23.394531 
 20.828903  25.978283  31.951874  37.866562  43.441093  48.451248  52.712814  55.495941  56.501251  55.341095  52.459686  48.232811  43.047188  37.564999  31.702030  26.229687  21.522606 
 19.505730  22.794064  27.620155  32.949844  37.914219  42.143280  45.641563  47.769844  48.479530  47.646408  45.355469  41.860470  37.443592  32.506092  27.270000  23.075626  20.276459 
 18.084480  20.218643  23.237034  27.631718  31.964844  35.720570  38.655312  40.358803  40.955574  40.258698  38.396927  35.407345  31.523384  26.965885  22.909584  20.677708  18.803123 
 } 


 White Balance Data with optical Center Data
 r_center_x =  647 r_center_y =  524 
 gr_center_x =  630 gr_center_y =  496 
 b_center_x =  648 b_center_y =  489 
 gb_center_x =  630 gb_center_y =  507 
 r/gr 0.845248 
 b/gr 0.410445 
 gb/gr 0.994953 
 r_oc_ave 158.542221 
 b_oc_ave 76.986664 
 gr_oc_ave 187.568893 
 gb_oc_ave 186.622223 

 [AWB]
 RGr =  0.845248 
 BGr =  0.410445 
 GbGr =  0.994953 
 r_oc_ave =  158.542221 
 b_oc_ave =  76.986664 
 gr_oc_ave =  187.568893 
 gb_oc_ave =  186.622223 