 LEFT LENS SHADING DATA
 RED Channel
 {
 38.457657  41.783489  46.812656  54.807083  63.072029  70.092079  75.395828  78.551559  79.489639  77.708542  73.739792  67.913445  60.704529  52.728645  45.068539  39.954998  36.489166 
 40.735577  46.159531  54.907028  65.144997  74.815155  82.989998  89.586250  93.999062  95.288597  92.870628  87.871872  80.582184  71.878906  62.417816  52.600624  44.145000  38.934998 
 43.151821  51.982033  63.244217  75.160156  86.308594  96.204376  104.582497  110.343124  111.881248  108.821877  102.402809  93.390778  82.876877  71.979843  60.490936  49.530624  40.921040 
 46.611355  58.069687  70.921410  84.164688  96.869217  108.925468  119.678284  127.005630  129.170319  125.129211  117.073914  105.623123  93.048126  80.357971  67.595001  55.096718  43.986927 
 49.938965  63.008125  77.014999  91.475311  106.002815  120.273285  133.086563  141.635468  144.224213  139.841568  130.188126  116.736877  101.836716  87.313438  73.210472  59.638435  47.055935 
 52.416458  66.406876  81.184845  96.528435  112.622971  128.588593  142.655777  151.756714  154.328598  149.997650  139.857193  124.649994  107.989998  92.151253  77.049690  62.847343  49.315056 
 53.400887  67.866096  83.047188  99.080154  115.400940  132.095306  146.354218  155.501877  158.162506  153.969681  143.962967  128.644226  111.348595  94.780624  79.083435  64.100311  50.179901 
 52.626411  66.914528  81.793907  97.239685  113.099686  129.013275  143.247650  152.505157  155.108902  150.747192  141.011093  126.182816  108.692657  92.777969  77.618752  63.129684  49.738022 
 50.810005  64.014999  78.214996  92.663437  107.133751  121.501877  134.302185  142.923904  145.480164  141.357498  131.790466  118.293442  103.142502  88.511719  74.210159  60.525314  47.711563 
 47.911304  59.269844  72.448128  85.497032  98.482971  110.621246  121.370468  128.682816  130.820465  127.389847  119.255005  107.766251  94.858749  81.879219  68.824684  56.166252  44.648335 
 44.985104  53.878441  65.125313  77.026878  88.332344  98.683594  107.274063  113.009995  114.699371  111.818748  105.096405  95.841560  85.095779  73.672340  61.918282  50.801094  41.781303 
 43.494324  48.627029  57.021561  67.236717  77.086403  85.757965  92.683441  97.127968  98.257347  96.002029  90.814217  83.259689  74.183441  64.322502  53.966721  45.561562  40.331978 
 40.815990  44.530575  49.103226  56.644432  64.977028  72.347343  77.650108  81.426094  82.210472  80.671822  76.377350  70.407188  62.621765  54.063339  46.044430  41.609062  38.188648 
 } 
 GR Channel
 {
 50.426613  55.442032  61.644531  70.946297  80.136299  87.724739  93.378593  96.997963  97.957657  95.945366  92.151825  86.088020  78.173332  69.277077  60.217659  54.142807  49.615730 
 54.065781  61.185158  71.373909  82.936096  93.402344  102.285782  109.389221  113.903595  115.380783  113.002655  107.989532  100.399689  91.161247  80.779999  69.668282  59.560310  52.807404 
 57.462296  68.284378  81.192810  94.222969  106.235313  117.031723  126.123444  132.209686  134.165787  131.130310  124.684692  115.009216  103.800934  91.880157  79.073753  66.192345  55.726715 
 61.838066  75.382034  89.827660  104.308907  118.243912  131.399063  142.944839  151.144058  153.610779  149.722183  141.364380  129.226563  115.410782  101.468597  87.374374  72.998749  59.665413 
 65.924538  81.146408  96.759689  112.582504  128.479538  144.094849  158.227493  167.489059  170.211243  166.104691  156.430618  141.820465  125.424225  109.425781  93.857811  78.387497  63.421669 
 68.854004  85.085472  101.513283  118.315475  135.519836  153.233276  168.532349  178.396713  181.164368  177.212494  167.062653  150.852036  132.363907  114.921722  98.373596  82.203278  66.203911 
 69.935150  86.710785  103.765938  121.038757  138.674850  157.156403  172.889221  182.754684  185.630310  181.291718  171.537186  155.085464  136.206100  118.081726  100.712341  83.615936  67.419273 
 69.038078  85.650780  102.198441  119.002350  136.299683  153.919693  169.715469  179.786255  182.720306  178.241882  168.566559  152.591095  133.171402  115.583282  98.923439  82.464531  66.534325 
 66.628021  82.210938  98.007500  113.757507  129.759842  145.593597  159.836868  169.426712  172.296249  168.147507  158.355774  143.662506  126.879059  110.705627  94.858437  79.288910  64.061195 
 62.938278  76.680153  91.474686  105.914841  119.922348  133.395630  145.184219  153.281250  155.968445  152.439682  144.004684  131.627808  117.561096  103.204529  88.670937  73.946404  60.044525 
 59.326561  70.256561  83.188591  96.360313  108.645782  119.849533  129.213120  135.713913  137.564850  134.578278  127.757507  117.983124  106.543282  93.914688  80.548752  67.370781  56.371819 
 56.781876  63.615623  73.626717  85.154846  96.031403  105.417030  112.806870  117.729218  119.093750  116.789536  111.547501  103.702034  94.040779  82.945313  71.070160  60.858749  53.931252 
 52.190628  57.931458  63.732765  72.477547  81.850777  89.926407  95.809372  99.733177  100.787079  99.355156  95.087502  88.550995  80.300995  70.599892  61.025360  55.507500  50.372086 
 } 
 GB Channel
 {
 50.834633  56.109642  62.553596  72.304268  82.104118  90.258492  96.377914  100.099373  101.349739  99.218178  94.649323  88.038956  79.689316  70.311409  60.878014  54.394272  49.773438 
 54.097969  61.431091  71.969215  83.952187  94.941406  104.423279  111.894997  116.919373  118.669525  115.921722  110.578278  102.438126  92.542030  81.608284  69.917191  59.407188  52.527184 
 57.047295  68.023125  81.337654  94.863594  107.357033  118.690628  128.439224  134.955475  137.119217  133.919846  126.935623  116.779373  104.894379  92.358749  78.972809  65.666092  54.905472 
 60.983337  74.747498  89.539528  104.368591  118.692810  132.259537  144.695007  153.425003  155.912659  151.844376  143.085007  130.374847  115.859680  101.432816  86.671562  71.893593  58.446724 
 64.590363  80.066406  95.777344  111.964996  128.211563  144.152817  158.884369  168.708435  171.886093  167.476257  157.351563  142.267349  125.282181  108.689377  92.753441  76.874535  61.751404 
 67.131042  83.513123  99.968597  116.808289  134.400940  152.339371  168.137970  178.422653  181.599213  177.461243  166.933441  150.348587  131.391556  113.518280  96.679688  80.197502  64.198753 
 67.902344  84.721718  101.695778  118.935944  136.764847  155.461090  171.383911  181.739685  184.940002  180.640472  170.668747  154.009995  134.820313  116.263748  98.657814  81.527496  64.981255 
 66.987709  83.478127  99.920471  116.595001  134.017654  151.672348  167.769058  178.199066  181.374374  177.009537  167.225632  151.124069  131.372818  113.508743  96.607346  80.065155  64.053284 
 64.655678  80.040466  95.712654  111.487190  127.441711  143.299225  157.832184  167.691254  170.911880  166.829056  156.804688  141.984528  124.986877  108.597969  92.653908  76.820465  61.631508 
 61.046143  74.789063  89.429062  103.776718  117.800156  131.309067  143.252655  151.699844  154.429535  151.039368  142.513748  129.840149  115.657028  101.072029  86.480621  71.630936  58.117607 
 57.885521  68.560936  81.447189  94.511093  106.879997  118.041565  127.593903  134.349213  136.226868  133.310150  126.391556  116.470932  104.696564  92.059059  78.640625  65.435623  54.655205 
 55.435364  62.311409  72.216560  83.788437  94.586403  104.028595  111.683128  116.756561  118.193130  115.840149  110.381721  102.390938  92.664063  81.393593  69.423439  59.291092  52.321304 
 51.259529  56.695778  62.517395  71.278023  80.801193  89.048378  95.312706  99.243645  100.286453  98.688698  94.412758  87.712601  79.334900  69.376717  59.755524  54.137550  49.182137 
 } 
 B Channel
 {
 17.837032  20.214111  23.256771  27.836197  32.342762  36.094635  38.842659  40.525833  40.850365  39.717918  37.836250  34.816772  30.994793  26.647396  22.295467  19.375885  17.690468 
 19.088280  22.431408  27.430939  33.016407  38.049217  42.136093  45.444530  47.403751  47.857655  46.533749  44.168751  40.705936  36.441875  31.547813  26.254845  21.428593  18.865051 
 20.531460  25.724377  32.053123  38.316093  43.868595  48.745628  52.727966  55.239220  55.772034  54.237816  51.217346  46.923126  41.921719  36.480938  30.459999  24.422344  20.198803 
 22.479115  29.066406  36.103283  42.877342  49.114220  54.951721  59.955940  63.183907  63.801720  61.790779  58.070938  52.783440  46.824375  40.571251  34.122814  27.438595  21.944637 
 24.342499  31.686249  39.124531  46.332657  53.437035  60.268753  66.178909  69.805626  70.618279  68.546410  64.194374  57.929840  50.911560  43.893593  36.865467  29.800625  23.633957 
 25.659428  33.430470  41.089531  48.561249  56.289063  63.823280  70.182816  74.002342  74.898903  72.969528  68.455940  61.447189  53.606407  46.028439  38.612499  31.375626  24.832291 
 26.238071  34.052032  41.852032  49.599220  57.405937  65.200157  71.556877  75.253593  76.358124  74.396095  70.117813  63.020935  54.986565  47.167656  39.586094  31.985939  25.264687 
 25.840313  33.481564  41.077656  48.593597  56.139999  63.452499  69.883591  73.865471  74.870628  73.000465  68.752190  62.000626  53.680939  46.121250  38.696564  31.350624  24.961876 
 24.646511  31.892967  39.133907  46.255936  53.111092  59.695313  65.623123  69.402344  70.512032  68.610001  64.386871  58.197029  51.029221  43.995937  36.966408  29.901562  23.747814 
 22.854950  29.176407  36.087502  42.678123  48.744530  54.383904  59.299377  62.673279  63.660934  62.080154  58.445465  53.063438  47.031406  40.694687  34.151405  27.477032  21.845573 
 21.244270  26.155937  32.224686  38.304688  43.797031  48.636093  52.678123  55.310310  55.978752  54.728439  51.678436  47.337658  42.262970  36.584843  30.459843  24.473282  19.994324 
 20.113697  23.057655  27.667343  32.980938  38.075626  42.326561  45.570000  47.667500  48.170624  47.129845  44.730312  41.156406  36.684845  31.585312  26.127029  21.478592  18.827137 
 18.242451  20.368702  22.851719  27.087601  31.498955  35.321560  38.080418  39.934166  40.218124  39.576302  37.583229  34.420364  30.532135  25.932400  21.501827  18.972553  17.152134 
 } 


 White Balance Data with optical Center Data
 r_center_x =  635 r_center_y =  508 
 gr_center_x =  649 gr_center_y =  489 
 b_center_x =  634 b_center_y =  450 
 gb_center_x =  640 gb_center_y =  498 
 r/gr 0.852115 
 b/gr 0.410059 
 gb/gr 0.997208 
 r_oc_ave 158.724442 
 b_oc_ave 76.382225 
 gr_oc_ave 186.271118 
 gb_oc_ave 185.751114 

 [AWB]
 RGr =  0.852115 
 BGr =  0.410059 
 GbGr =  0.997208 
 r_oc_ave =  158.724442 
 b_oc_ave =  76.382225 
 gr_oc_ave =  186.271118 
 gb_oc_ave =  185.751114 