 LEFT LENS SHADING DATA
 RED Channel
 {
 37.293903  40.505573  45.288906  52.838280  60.830475  67.756882  73.147865  76.433647  77.425102  75.916664  72.254219  66.495361  59.352127  51.244789  43.559582  38.434944  35.598698 
 40.142654  45.033279  53.295784  63.442657  72.958595  81.053123  87.747658  92.180313  93.474686  91.316254  86.613594  79.413910  70.678596  61.261871  51.394997  42.876408  37.749947 
 42.322239  50.714531  61.566406  73.234222  84.276253  94.370468  102.742813  108.396561  110.173439  107.507813  101.284218  92.128754  81.543747  70.555779  59.247345  48.418594  39.995052 
 45.623745  56.646248  69.105156  82.062347  94.845627  107.071564  117.743118  125.175934  127.567657  124.025162  115.970779  104.417191  91.738434  78.878906  66.190628  53.979218  43.296093 
 48.614525  61.456406  75.147346  89.327972  103.927498  118.338287  131.381088  139.954376  142.730774  138.752502  129.173431  115.543274  100.443909  85.980934  71.921410  58.558746  46.386669 
 50.632553  64.543594  79.202972  94.463127  110.415627  126.391403  140.713287  150.079681  152.834686  148.750000  138.675629  123.509842  106.722969  90.766876  75.757500  61.708595  48.540047 
 51.378540  65.708122  80.808907  96.757187  113.127808  129.937500  144.429840  153.887192  156.880463  152.595001  143.010468  127.415939  110.191719  93.602188  77.736717  62.982185  49.537605 
 50.870422  64.684998  79.415627  94.859062  110.968437  127.182495  141.513901  150.941406  153.628601  149.687027  140.077194  125.148438  107.574844  91.500778  76.335472  62.129059  49.104485 
 48.874062  61.744064  75.667191  90.120941  105.048126  119.500778  132.420471  141.237183  143.952652  140.275314  130.688126  117.082504  101.924217  87.275940  73.026566  59.493439  47.193439 
 46.079006  56.997971  69.720314  83.073280  96.118591  108.361092  119.166565  126.583908  129.135315  125.905945  117.949371  106.357346  93.540314  80.618279  67.577660  55.079376  44.394791 
 43.796875  51.690628  62.666565  74.419846  85.821716  96.095314  104.781563  110.641251  112.539993  109.983124  103.506409  94.410934  83.680939  72.334061  60.620628  49.659691  41.370522 
 42.374065  46.835312  54.780785  64.740311  74.449532  83.011093  89.980156  94.647972  95.892342  93.990936  89.011719  81.561249  72.749062  62.862816  52.659065  44.432030  39.726406 
 40.050732  43.906559  47.878075  55.108650  63.245575  70.448387  76.183281  79.856926  80.874222  79.483437  75.622345  69.575005  61.994064  53.438225  45.549892  41.173908  38.335991 
 } 
 GR Channel
 {
 49.278488  53.949745  59.736763  68.818962  77.573853  85.333702  91.230728  94.738853  96.073021  94.382500  90.444527  84.449165  76.503380  67.384949  58.236771  52.344849  48.422340 
 53.355576  59.852028  69.652191  81.174377  91.908440  100.787659  107.994064  113.038437  114.495941  112.125000  107.090157  99.407501  89.788597  79.165154  67.972191  57.852966  51.581093 
 56.602715  66.764374  79.501404  92.546249  104.851097  115.955933  125.016098  131.299377  133.441559  130.587662  123.738586  113.976089  102.266090  90.093903  77.269066  64.533279  54.194740 
 60.859741  73.914528  88.092972  102.630157  116.725937  130.315628  142.140930  150.072189  152.789368  149.157501  140.517181  128.076874  114.104691  99.839378  85.571877  71.325157  58.454117 
 64.491661  79.605003  94.955780  110.787498  127.139374  142.976563  157.313278  166.642181  169.547028  165.440933  155.456558  140.865005  124.138901  108.045624  92.247185  76.816254  62.299583 
 67.001717  83.337341  99.887970  116.588913  134.370163  152.218124  167.757187  177.860779  180.756561  176.554214  165.887497  149.971405  131.439682  113.744690  96.883591  80.785469  65.144424 
 67.786247  84.698753  101.717033  119.446564  137.305466  155.956879  171.904221  182.007965  185.171402  180.960007  170.766098  154.299225  135.440155  117.128281  99.312813  82.300316  66.392815 
 67.174065  83.305313  100.137344  117.262344  135.095154  152.758286  168.591248  178.849686  181.681564  177.762970  167.875778  151.754837  132.276245  114.552185  97.450783  81.164063  65.694893 
 64.654114  79.813904  95.645935  111.910309  128.486252  144.587967  158.556412  168.252502  171.304840  167.454376  157.387497  142.765625  125.813751  109.365784  93.317810  77.849533  63.205154 
 61.036659  74.127502  88.683907  103.575623  118.246567  132.031555  144.171875  152.056244  154.789841  151.537338  142.975784  130.457809  116.235001  101.680626  87.033592  72.456253  59.478745 
 57.875885  67.766090  80.540627  93.899063  106.690781  118.097656  127.850311  134.350311  136.350311  133.335464  126.506256  116.571091  104.709686  92.179222  78.768127  65.919533  55.887238 
 55.345985  61.644531  71.089531  82.536873  93.518753  103.124687  110.907341  116.072495  117.544220  115.312805  109.790627  101.694534  91.882347  80.884377  69.222969  59.544685  53.519691 
 51.451820  57.393074  62.695984  71.214371  80.430412  88.588440  94.976303  99.190834  100.494423  98.974480  94.411041  87.709328  79.430046  69.695625  60.366516  55.007607  51.360939 
 } 
 GB Channel
 {
 49.946045  54.583122  60.647034  70.091881  79.437607  87.669006  93.942917  97.866875  99.198906  97.277863  92.950676  86.432396  77.732452  68.278702  58.716766  52.511360  48.456772 
 53.630630  60.239372  70.275154  82.331879  93.693436  103.045471  110.695000  115.915619  117.535782  114.876404  109.370468  101.051559  90.967659  79.822655  68.089691  57.667191  51.314682 
 56.435257  66.866722  79.895157  93.457657  106.300781  117.935318  127.428757  134.106400  136.234222  133.116714  125.829681  115.462814  103.194221  90.447189  77.064377  63.990311  53.563225 
 60.344536  73.663910  88.049065  103.163750  117.841873  131.892975  144.126404  152.372192  155.241714  151.353592  142.253906  129.241257  114.622345  99.831879  85.001251  70.462341  57.472969 
 63.746353  78.955940  94.581406  110.811874  127.648132  143.854370  158.573441  168.465317  171.360306  167.130630  156.539688  141.435318  124.258118  107.400002  91.268753  75.671097  60.875877 
 65.887138  82.404846  99.113129  116.123444  134.249527  152.448288  168.236252  178.682968  182.003906  177.437347  166.561249  150.002808  131.053436  112.791870  95.557190  79.193596  63.654633 
 66.619843  83.522972  100.753754  118.589066  136.805786  155.789215  171.828278  182.260620  185.684372  181.309845  170.764221  153.928909  134.724380  115.858597  97.637970  80.550156  64.582443 
 65.807968  82.171097  99.065315  116.516876  134.420319  152.395462  168.273438  178.877350  181.921570  177.812805  167.481247  151.200775  131.383118  113.152649  95.761871  79.412498  63.940826 
 63.494217  78.721092  94.787033  111.087029  127.924683  144.131714  158.334534  168.261414  171.609528  167.537033  157.253128  142.237976  124.848434  108.159065  91.810623  76.156403  61.662865 
 60.099174  73.278748  87.918594  103.049065  117.945160  131.865005  144.036713  152.070618  155.017807  151.408432  142.743286  130.020157  115.406097  100.520935  85.571877  71.044685  58.097183 
 57.189278  67.192184  80.049843  93.564064  106.517654  118.148285  127.972183  134.676086  136.622650  133.580475  126.512497  116.245789  104.068596  91.278908  77.638748  64.787033  54.635574 
 55.117134  61.369843  70.822968  82.548904  93.695465  103.447655  111.496094  116.737030  118.314682  115.910934  110.086250  101.694061  91.582809  80.355003  68.458748  58.623436  52.686356 
 51.597557  57.365051  62.878174  71.395775  80.969017  89.202026  95.868385  100.063072  101.398445  99.622604  94.906662  87.896980  79.331978  69.250839  59.920837  54.382187  50.743858 
 } 
 B Channel
 {
 18.236301  20.290886  23.020000  27.398911  31.775833  35.444687  38.100365  39.847710  40.307343  39.582031  37.802917  34.841824  31.034115  26.487919  22.025002  19.014534  17.501614 
 19.992554  23.056095  27.880001  33.467030  38.576248  42.715939  45.902657  47.940624  48.480469  47.395157  45.108749  41.570782  37.106407  32.012501  26.583752  21.837658  19.077034 
 21.314060  26.302811  32.575001  39.009220  44.766876  49.802032  53.801872  56.322815  56.943283  55.549217  52.550156  48.126877  42.754845  37.134842  30.932186  25.056717  20.591095 
 23.208336  29.568748  36.673752  43.802967  50.320000  56.417816  61.496719  64.816872  65.604218  63.810783  59.906715  54.287346  47.863750  41.412498  34.691406  28.227970  22.654011 
 24.880001  32.192501  39.807343  47.349686  54.786720  61.965469  68.070625  71.907341  72.827187  70.802811  66.139221  59.583282  52.052185  44.748280  37.582657  30.712967  24.447342 
 25.961353  33.833439  41.695000  49.663910  57.758125  65.658279  72.446564  76.376564  77.282188  75.241562  70.428596  63.129845  54.834373  46.951248  39.337345  32.351093  25.782135 
 26.251560  34.302811  42.437344  50.652969  58.762970  67.043434  73.826408  77.896561  78.922340  76.819847  72.246719  64.739372  56.369064  48.230003  40.262814  32.891251  26.223331 
 25.825001  33.605000  41.598907  49.561409  57.507813  65.444534  72.316254  76.456566  77.450310  75.434059  70.952499  63.802498  55.129219  47.119530  39.390625  32.294376  25.841877 
 24.602398  31.884064  39.620781  47.153126  54.607658  61.765312  67.884377  71.871246  73.003128  71.086563  66.565941  59.995468  52.387810  44.988750  37.602188  30.809063  24.597809 
 22.797497  29.193748  36.370781  43.477814  50.144844  56.212814  61.351250  64.687813  65.694534  64.064690  60.309059  54.743126  48.319687  41.657814  34.824844  28.324844  22.855885 
 21.375988  26.135780  32.352501  38.862656  44.827343  49.950623  54.074997  56.769379  57.626717  56.221718  53.152496  48.692810  43.229061  37.335781  31.048595  25.246407  21.013699 
 20.457138  23.323593  28.058594  33.743595  39.039532  43.464375  46.912811  49.090309  49.517029  48.565315  46.104218  42.437500  37.766563  32.467812  26.743752  22.295311  20.029476 
 19.162136  22.002972  24.677135  29.167133  33.903488  37.884373  40.898647  42.799065  43.249325  42.498646  40.374424  37.115002  32.946560  28.119896  23.477501  20.971565  19.672398 
 } 


 White Balance Data with optical Center Data
 r_center_x =  649 r_center_y =  496 
 gr_center_x =  648 gr_center_y =  496 
 b_center_x =  656 b_center_y =  494 
 gb_center_x =  649 gb_center_y =  492 
 r/gr 0.846939 
 b/gr 0.425155 
 gb/gr 1.003085 
 r_oc_ave 157.417770 
 b_oc_ave 79.022224 
 gr_oc_ave 185.866669 
 gb_oc_ave 186.440002 

 [AWB]
 RGr =  0.846939 
 BGr =  0.425155 
 GbGr =  1.003085 
 r_oc_ave =  157.417770 
 b_oc_ave =  79.022224 
 gr_oc_ave =  185.866669 
 gb_oc_ave =  186.440002 