 LEFT LENS SHADING DATA
 RED Channel
 {
 35.379894  38.962811  43.748489  51.437706  59.270370  66.058601  71.387970  75.084892  76.293640  75.091354  71.720627  66.185524  59.080734  51.087395  43.865520  39.591930  36.643177 
 37.982811  43.325314  51.690781  61.424377  70.825157  78.774216  85.556091  90.231560  92.049065  90.298439  85.850624  78.892189  70.390312  61.100311  51.415939  43.322968  38.761093 
 40.191196  48.880157  59.847656  71.111717  81.918747  91.643127  100.433128  106.460159  108.772186  106.512032  100.689064  91.936874  81.576721  70.735001  59.471718  48.654999  40.539169 
 43.565884  54.819847  67.137810  79.850471  92.243279  104.333595  115.381714  123.212494  126.051254  123.080002  115.556091  104.601875  92.010780  79.546410  66.715622  54.218437  43.440937 
 47.016663  59.717499  73.133125  86.968597  101.217499  115.578751  128.955307  137.922974  141.284531  137.940155  128.973434  115.945465  101.072189  86.667030  72.608124  59.013908  46.384953 
 49.421455  63.068123  77.059219  91.855469  107.718285  123.981247  138.328903  148.201401  151.646881  148.148285  138.620163  124.084686  107.554222  91.685310  76.561249  62.221565  48.546974 
 50.590103  64.542191  78.836403  94.313126  110.621246  127.600464  142.381882  152.299057  155.984070  152.418594  143.138443  128.203278  111.096252  94.623123  78.667343  63.484222  49.454430 
 50.019791  63.680626  77.721718  92.719063  108.824844  125.109528  139.757813  149.697342  153.106567  149.512650  140.469376  125.974060  108.659531  92.614220  77.287811  62.600937  49.040520 
 47.984638  60.809845  74.391403  88.495941  103.345467  117.887344  131.179688  140.535004  143.854370  140.386719  131.282181  118.138596  102.912346  88.350311  73.797028  60.002502  47.107502 
 44.929218  56.323593  68.929840  81.900780  94.955940  107.341721  118.515472  126.356567  129.121399  126.241089  118.693130  107.428909  94.356873  81.439377  68.312187  55.583748  44.288334 
 42.154377  51.089378  62.131874  73.926247  85.206566  95.548904  104.577660  110.675781  112.810623  110.543282  104.252968  94.978905  84.348122  73.093124  61.308746  50.270935  41.649273 
 40.240471  45.894844  54.388596  64.609688  74.505623  83.102188  90.234062  95.014061  96.512184  94.710159  89.675934  82.269997  73.244690  63.500465  53.377815  45.112656  39.795780 
 37.478386  41.475468  46.606297  54.433853  62.837708  69.978020  75.645317  79.364899  80.520943  79.296196  75.193024  69.214172  61.681770  53.103592  45.301144  41.120365  37.244949 
 } 
 GR Channel
 {
 47.466202  52.804115  58.900467  68.091927  76.938171  84.450989  90.170776  93.934219  95.150940  93.685783  90.147652  84.560890  76.739525  67.844948  59.177238  53.750778  49.493698 
 51.571205  58.736404  68.942345  80.294220  90.522972  99.174530  106.233910  111.038597  112.859680  111.046410  106.673279  99.548592  90.366409  79.891403  68.725784  58.866409  52.711617 
 54.800003  65.862503  78.892967  91.734062  103.327187  113.784378  122.873596  129.240784  131.497192  129.426407  123.451401  114.406403  103.491409  91.442032  78.489059  65.587189  55.214691 
 59.159317  73.194534  87.683907  101.648125  115.050003  128.197342  139.780151  148.210632  151.177963  148.288437  140.635315  128.996094  115.582031  101.589066  87.052658  72.282501  58.983337 
 63.497238  79.167030  94.690155  109.855156  125.480469  140.926712  155.284531  165.113129  168.719055  165.459839  156.130005  141.983597  125.885315  109.956879  94.138435  78.037186  62.640518 
 66.541092  83.346718  99.367966  115.432663  132.748444  150.439682  166.104843  176.783432  180.455475  177.101715  167.196411  151.585938  133.407806  115.902649  98.996872  82.208122  65.498131 
 68.205879  85.182343  101.457497  118.332809  135.991089  154.654999  170.855774  181.601563  185.479996  182.121872  172.609375  156.479843  137.692963  119.551880  101.781876  83.904686  66.647606 
 67.489578  84.052498  100.066254  116.449524  134.010162  151.987503  168.208588  179.217194  183.013275  179.214844  169.920471  154.177963  134.717194  117.100311  99.891090  82.762344  65.985054 
 64.874168  80.658752  96.058907  111.703590  128.000626  143.980316  158.687500  169.112030  172.949844  169.287338  159.678589  145.320313  128.491714  112.161255  95.796249  79.567032  63.728905 
 61.018639  75.179062  89.718285  104.283752  118.547806  132.145004  144.451874  153.225937  156.476410  153.412338  145.229843  133.187027  118.993286  104.516716  89.572655  74.259689  60.143852 
 57.346252  68.687500  81.697968  95.018906  107.628906  119.014999  128.733902  135.663757  137.972351  135.518280  128.977493  119.024368  107.600471  94.978279  81.323906  67.719528  56.783493 
 54.567764  62.091721  72.299690  84.240623  95.389847  104.894684  112.572189  117.892181  119.548904  117.772339  112.479370  104.492653  94.734375  83.629684  71.557343  61.272812  54.059898 
 50.163589  55.784012  62.136765  71.596458  81.253799  89.364265  95.684685  99.756355  100.962448  100.021721  95.589790  89.112442  80.643959  70.733017  61.378387  55.772812  50.200729 
 } 
 GB Channel
 {
 48.217606  53.674690  60.319641  70.048431  79.758377  87.717865  93.909431  98.316093  99.754120  98.323700  94.150208  87.706253  79.150986  69.392136  60.161301  54.318542  49.839790 
 51.750519  59.267189  69.958595  81.934685  92.897346  102.061409  109.899216  115.210464  117.278900  115.246399  110.258125  102.394997  92.449532  81.191093  69.291092  58.988129  52.408539 
 54.500679  65.932968  79.429222  92.769997  105.039688  116.185623  126.019379  133.058121  135.457031  133.104538  126.629684  116.903122  105.046562  92.228279  78.521873  65.111252  54.511246 
 58.424744  72.827034  87.630470  102.036873  115.989532  129.688431  142.058594  151.093277  154.384995  151.247345  143.111877  130.610306  116.339996  101.629372  86.372810  71.211403  57.574951 
 62.430305  78.257813  94.019844  109.510315  125.517975  141.620941  156.534378  166.826874  170.805786  167.288284  157.459213  142.882034  125.919067  109.267029  92.802032  76.381096  60.804222 
 64.955360  81.848907  97.855316  114.301254  131.857025  149.961716  166.206406  177.371567  181.358902  177.826721  167.698746  151.383118  132.599060  114.280319  96.938591  79.810936  63.090515 
 66.246880  83.108124  99.531563  116.491714  134.500626  153.271561  169.822662  181.061401  185.315002  181.701569  171.915787  155.510941  136.088913  117.339691  99.108910  81.130623  63.932289 
 65.345940  81.844688  97.852028  114.373749  132.071243  150.189056  166.621872  178.065002  182.105164  178.277344  168.749069  152.740005  132.735153  114.669693  97.123283  79.888596  63.225471 
 62.897758  78.549217  93.888748  109.471405  125.835312  142.063904  156.899216  167.552658  171.637497  168.060776  158.261566  143.548279  126.309998  109.673592  93.034065  76.665154  60.966202 
 59.220474  73.286095  87.808441  102.252815  116.571564  130.277649  142.641098  151.728745  155.032501  151.999374  143.651093  131.294693  116.742188  101.981247  86.926094  71.524376  57.740204 
 55.854431  67.074219  80.025780  93.309219  105.905159  117.238129  127.222351  134.231400  136.594528  134.158752  127.465149  117.299377  105.537811  92.601097  78.829842  65.313904  54.517448 
 53.297867  60.640160  70.804688  82.815628  93.930313  103.527969  111.460472  116.933121  118.587494  116.682190  111.209061  102.951721  92.986092  81.613747  69.499847  59.200310  52.088646 
 49.045776  54.645370  61.032188  70.560623  80.337814  88.508171  94.854004  99.131462  100.447914  99.160942  94.589897  87.750671  79.220467  69.134995  59.723389  54.112396  48.798233 
 } 
 B Channel
 {
 16.740623  19.171043  22.354168  26.864323  31.394321  35.151356  37.989429  39.918751  40.435467  39.840103  38.204376  35.484684  31.637032  27.079269  22.703541  19.903488  18.363487 
 18.146873  21.618126  26.625000  32.220779  37.253281  41.472187  44.865467  47.029999  47.814842  47.085938  45.168125  41.898438  37.522655  32.370937  26.823124  22.094532  19.621407 
 19.464893  24.775314  31.110626  37.259220  42.845314  47.789219  51.957184  54.657028  55.640472  54.910156  52.410469  48.395470  43.255783  37.479687  31.232033  25.102188  20.752605 
 21.327602  28.048439  34.985001  41.575001  47.840157  53.771248  58.853127  62.364372  63.767815  62.714996  59.529533  54.417816  48.275154  41.851875  35.055782  28.102501  22.456249 
 23.177811  30.649063  37.869686  44.904999  52.002029  58.864685  64.984840  69.121094  70.843437  69.716721  65.766251  59.658127  52.469688  45.253124  37.984844  30.619843  24.069637 
 24.541821  32.320782  39.617188  46.987968  54.720467  62.317657  68.996246  73.556252  75.304375  74.135628  70.004219  63.186874  55.155937  47.476563  39.884064  32.232967  25.409424 
 25.164223  32.889843  40.270939  47.905468  55.674843  63.633438  70.396873  74.983124  76.951721  75.716095  71.659691  64.684685  56.464844  48.637810  40.862968  32.855625  25.725208 
 24.796562  32.200314  39.478283  46.841408  54.468437  62.086403  69.015472  73.697655  75.603127  74.160622  70.256096  63.564842  55.102814  47.566875  39.950783  32.255001  25.349586 
 23.486824  30.498280  37.573593  44.593906  51.607971  58.529686  64.930153  69.426559  71.230316  69.814377  65.696877  59.582809  52.331879  45.392654  38.111252  30.725311  24.210312 
 21.580627  27.904373  34.622501  41.078594  47.458439  53.347191  58.762184  62.637970  64.119377  62.975311  59.460625  54.174530  48.052658  41.829533  35.104530  28.203907  22.405781 
 19.948021  24.924686  30.865936  36.921875  42.620468  47.631405  52.106560  55.091560  56.223595  55.192032  52.312035  47.992344  42.972656  37.390156  31.237186  25.109688  20.658852 
 18.750103  21.775936  26.391094  31.820938  37.003906  41.397030  44.965469  47.340782  48.102028  47.284374  44.946095  41.411251  37.080154  32.098282  26.655624  21.996250  19.225418 
 16.831356  18.990105  21.683804  26.075939  30.653278  34.427242  37.422760  39.424324  39.965572  39.369793  37.333801  34.497498  30.639530  26.096821  21.849377  19.327080  17.364582 
 } 


 White Balance Data with optical Center Data
 r_center_x =  644 r_center_y =  505 
 gr_center_x =  632 gr_center_y =  522 
 b_center_x =  631 b_center_y =  506 
 gb_center_x =  647 gb_center_y =  498 
 r/gr 0.841534 
 b/gr 0.413269 
 gb/gr 0.997163 
 r_oc_ave 156.884445 
 b_oc_ave 77.044441 
 gr_oc_ave 186.426666 
 gb_oc_ave 185.897781 

 [AWB]
 RGr =  0.841534 
 BGr =  0.413269 
 GbGr =  0.997163 
 r_oc_ave =  156.884445 
 b_oc_ave =  77.044441 
 gr_oc_ave =  186.426666 
 gb_oc_ave =  185.897781 