 LEFT LENS SHADING DATA
 RED Channel
 {
 37.803802  41.265049  45.579319  52.881668  60.724739  67.696877  73.201881  76.444008  77.381195  75.848381  72.298279  66.628334  59.336357  51.731567  44.554581  40.530209  37.141460 
 40.325886  45.151093  53.083282  63.019997  72.500778  80.698128  87.376877  91.945465  93.293907  91.226097  86.541405  79.418747  70.800934  61.407814  51.768753  43.925625  39.506462 
 42.263229  50.489059  61.313438  72.906715  83.879845  93.987503  102.582809  108.433128  110.387810  107.793594  101.518440  92.487503  82.093285  71.045471  59.644218  49.033592  41.250469 
 45.263958  56.241875  68.866562  81.897499  94.818909  107.065155  118.006088  125.714066  128.290314  124.704224  116.659851  105.205154  92.502815  79.812813  66.862343  54.467659  43.920361 
 48.416718  61.162346  75.013435  89.332809  104.158127  118.850937  132.148590  141.108597  144.160782  140.126099  130.497498  116.712814  101.633904  87.022812  72.822189  59.132187  46.880936 
 50.660515  64.534691  79.203438  94.565781  111.055000  127.616409  142.458282  151.949219  154.970001  151.049530  140.732819  125.312195  108.315468  92.182503  76.977501  62.594841  49.013390 
 51.744743  65.838280  81.030472  97.137497  114.069382  131.589539  146.684525  156.359222  159.476089  155.354691  145.588913  129.654846  112.025940  95.101250  78.971405  63.932816  49.940727 
 51.099533  65.145157  79.854378  95.407028  112.054993  128.982025  143.984222  153.708282  156.839539  152.758286  142.908752  127.442657  109.536720  93.181252  77.724373  63.195778  49.832245 
 49.300415  62.311249  76.374847  90.961876  106.157967  121.377975  135.046722  144.301559  147.339218  143.348282  133.471100  119.494537  103.892967  88.920311  74.401566  60.449066  47.971973 
 46.308380  57.778595  70.741875  84.021408  97.323128  110.248749  121.592651  129.628601  132.257660  128.838120  120.486557  108.711563  95.548752  82.244843  68.996407  56.168907  45.050777 
 43.710361  52.507660  63.679062  75.696564  87.306717  97.865471  107.007187  113.155472  115.362808  112.560623  105.836716  96.371872  85.482811  73.960159  62.023590  50.931877  42.409374 
 42.033592  47.384220  55.832497  66.145470  76.176247  84.879532  91.969063  96.772499  98.199219  96.209534  90.965782  83.402344  74.339066  64.395309  54.192657  45.807030  40.778492 
 39.463593  43.191929  47.883339  55.609428  63.979164  71.371819  77.038643  80.642502  81.802345  80.318909  76.387238  70.361717  62.644058  54.129478  46.186199  41.843906  38.470989 
 } 
 GR Channel
 {
 48.980934  54.310944  60.161407  69.167809  78.168282  86.011505  92.119110  95.428802  96.518440  94.937660  90.957977  84.833015  76.892654  67.876099  59.175209  53.886879  49.241463 
 53.003433  59.799690  69.677032  81.235313  91.930153  101.047966  108.288910  113.022339  114.395935  112.165787  107.391090  99.928436  90.502029  79.846718  68.480621  58.840622  52.919792 
 56.026672  66.622498  79.621559  92.833908  105.120003  116.115936  125.338287  131.475784  133.282028  130.444534  124.131088  114.573593  103.453278  91.363907  78.258591  65.365158  55.437859 
 59.871147  73.702812  88.512032  103.093750  117.084534  130.422180  142.164215  150.217651  152.680161  149.028595  140.800934  128.881088  115.359222  101.439529  86.965469  72.207497  59.031662 
 64.009529  79.618904  95.488281  111.278908  127.289993  143.127029  157.363586  166.803909  169.991714  165.937805  156.063431  141.493591  125.382813  109.570465  93.695778  77.837029  62.728485 
 66.893280  83.472656  100.150780  116.953751  134.596100  152.428284  168.192337  178.243591  181.409851  177.463287  166.971100  150.817032  132.713913  115.267654  98.445938  81.925781  65.826408 
 68.221672  85.097504  102.179375  119.664536  137.650787  156.338745  172.509995  182.764694  186.064529  181.820160  171.847031  155.457962  136.721405  118.527817  100.953590  83.484062  66.762390 
 67.594948  84.145157  100.849533  117.595001  135.197495  153.256256  169.354218  179.807495  182.959061  178.927338  168.992966  152.941879  133.746719  116.101715  99.071716  82.313278  66.260994 
 65.067345  80.771721  96.619217  112.372498  128.492661  144.873276  159.452652  169.273132  172.579224  168.484848  158.680161  143.915466  127.260788  111.111877  95.134842  79.087967  63.850685 
 61.361565  75.387810  90.082809  104.602028  118.869690  132.686722  144.734528  153.079681  155.964371  152.467026  144.125626  131.980164  118.026566  103.518593  88.724846  73.712967  60.264427 
 57.877083  68.827499  81.966721  95.328903  107.882500  119.129211  128.621094  135.202972  137.449524  134.539368  127.881088  118.147507  106.598434  93.917656  80.379219  67.130310  56.535309 
 55.018852  62.258438  72.387497  84.219841  95.348122  104.636093  112.180618  117.056412  118.509689  116.576248  111.208122  103.527969  93.758904  82.511253  70.640778  60.534691  53.641350 
 50.303024  56.142601  62.366661  71.554222  80.989792  89.113388  95.066879  98.883690  100.336769  98.560417  94.757294  88.286934  79.867027  70.034996  60.435997  54.857605  49.950943 
 } 
 GB Channel
 {
 49.532654  54.923912  61.022034  70.526039  80.224579  88.439163  94.988129  98.893593  99.893753  98.169792  94.102554  87.372917  78.718544  69.065826  60.139008  54.488747  49.658333 
 53.247246  60.017029  70.278908  82.358124  93.663750  103.338753  111.071877  116.286713  117.823746  115.603119  110.381096  102.330002  92.264374  80.947502  69.015472  58.997498  52.815422 
 55.573128  66.480621  79.844376  93.548439  106.330780  117.897659  127.670471  134.178436  136.364838  133.540161  126.732193  116.662033  104.830627  92.101410  78.425003  65.115471  54.859009 
 59.096199  73.067657  88.209999  103.162971  117.706253  131.644836  143.885941  152.368744  155.262817  151.631561  143.003128  130.427811  116.210464  101.727814  86.562347  71.432190  58.076775 
 62.671150  78.462814  94.596092  110.656715  127.039368  143.388443  158.113281  168.033752  171.688751  167.630005  157.391724  142.295151  125.506714  109.120003  92.770470  76.544685  61.305519 
 65.362083  82.027496  98.721718  115.779999  133.585938  151.760941  167.892654  178.494217  182.114685  178.137497  167.413757  150.792343  132.100784  114.092194  96.927345  80.104530  63.610153 
 66.448853  83.249687  100.218437  117.774841  135.894684  154.843277  171.304062  181.932343  185.659058  181.564850  171.456253  154.687653  135.549683  116.971100  98.889847  81.357185  64.649689 
 65.400780  82.076408  98.629372  115.299530  133.009842  151.286713  167.594223  178.500305  182.201874  178.164536  168.054840  151.843903  132.287186  114.293274  96.962967  80.151093  63.874634 
 63.249893  78.655312  94.420311  110.162186  126.377808  142.804840  157.628433  168.016876  171.403442  167.668594  157.575943  142.703278  125.707504  109.352188  92.989845  76.813904  61.556618 
 59.473434  73.409691  87.952660  102.548904  116.854843  130.751556  143.095627  151.724060  154.885468  151.526566  143.056564  130.674377  116.445160  101.724533  86.795784  71.732185  58.253433 
 56.187500  67.167503  80.284065  93.551720  106.210785  117.593124  127.429688  134.116882  136.542816  133.740463  126.878281  117.053436  105.275314  92.361877  78.707970  65.368904  54.808289 
 53.834061  60.842812  71.000778  82.803749  93.953125  103.503281  111.257660  116.397339  118.088440  116.043594  110.684998  102.720940  92.718437  81.356094  69.351097  59.118279  52.485161 
 49.522400  55.098236  61.285164  70.604996  80.331879  88.603905  94.786613  98.882561  100.394684  98.820473  94.552086  87.913017  79.214684  69.191299  59.445465  53.934326  49.082237 
 } 
 B Channel
 {
 17.234268  19.845940  22.606251  26.869118  31.288490  34.952709  37.947659  39.541718  39.827602  38.944168  37.224583  34.338127  30.544636  26.096043  21.926460  19.274788  17.700626 
 18.880936  22.044689  26.807499  32.211407  37.182030  41.365623  44.689529  46.686092  47.150936  46.096249  43.912498  40.553123  36.223595  31.183125  25.799374  21.215626  18.912292 
 20.185001  25.198750  31.415939  37.503750  43.074062  48.091721  52.074844  54.482346  55.179222  53.876564  51.151093  46.975624  41.981876  36.358124  30.207031  24.169846  20.112137 
 21.931561  28.389061  35.441406  42.112968  48.386566  54.243904  59.149376  62.320778  63.252655  61.593124  58.147972  52.915466  46.969688  40.700470  33.965157  27.178593  21.825470 
 23.729061  31.089062  38.501720  45.575001  52.703903  59.581566  65.367813  69.052345  70.315002  68.539215  64.379684  58.089844  51.086250  44.056408  36.905624  29.641563  23.474064 
 24.976513  32.746719  40.418438  47.927811  55.644531  63.246559  69.672966  73.567970  74.816093  73.225624  68.760941  61.893593  54.021561  46.354530  38.819843  31.345470  24.756927 
 25.459793  33.375626  41.145470  48.943436  56.813904  64.636406  71.181564  75.229218  76.577187  74.825623  70.695465  63.632965  55.561409  47.606094  39.807812  32.043282  25.286404 
 25.258438  32.837189  40.431564  48.018280  55.611404  63.232498  69.847969  74.065155  75.363129  73.789063  69.643906  62.770470  54.354530  46.590469  39.048904  31.522499  25.031254 
 24.183071  31.294533  38.528439  45.708908  52.668594  59.618591  65.737816  69.898438  71.254997  69.541718  65.333282  59.022346  51.649841  44.533592  37.401875  30.136093  23.968800 
 22.397499  28.707500  35.545155  42.165627  48.368279  54.374535  59.530624  63.123436  64.366562  63.039528  59.434685  53.960785  47.714218  41.236095  34.574688  27.756248  22.332085 
 20.834373  25.699375  31.783436  37.855156  43.529842  48.603127  52.754059  55.636566  56.651718  55.538910  52.584061  48.142502  42.849220  37.084217  30.847187  24.839062  20.500729 
 19.634373  22.656876  27.288593  32.762032  37.901093  42.260624  45.699532  47.912655  48.564529  47.737968  45.298904  41.696407  37.093281  31.906563  26.435471  21.762814  19.217812 
 17.630207  19.826874  22.537968  26.880989  31.364635  35.218540  38.053074  39.927032  40.585987  39.857342  37.932449  34.889534  30.821404  26.207813  21.769424  19.373230  17.498230 
 } 


 White Balance Data with optical Center Data
 r_center_x =  647 r_center_y =  512 
 gr_center_x =  631 gr_center_y =  519 
 b_center_x =  647 b_center_y =  476 
 gb_center_x =  638 gb_center_y =  487 
 r/gr 0.856796 
 b/gr 0.410370 
 gb/gr 0.995862 
 r_oc_ave 160.106674 
 b_oc_ave 76.684448 
 gr_oc_ave 186.866669 
 gb_oc_ave 186.093338 

 [AWB]
 RGr =  0.856796 
 BGr =  0.410370 
 GbGr =  0.995862 
 r_oc_ave =  160.106674 
 b_oc_ave =  76.684448 
 gr_oc_ave =  186.866669 
 gb_oc_ave =  186.093338 