 LEFT LENS SHADING DATA
 RED Channel
 {
 36.805157  40.231403  45.450050  53.383224  61.167397  68.249893  73.651871  77.227608  78.442139  77.115631  73.651871  68.073280  60.749794  52.788956  45.091045  40.320419  36.774998 
 39.177242  44.707031  53.444847  63.409065  72.807816  81.182816  88.039375  92.644684  94.331093  92.603127  88.000626  80.868904  72.125626  62.721878  52.685623  44.310001  39.350834 
 41.481457  50.320625  61.422501  73.012032  83.971405  94.355934  103.333282  109.325623  111.484375  108.972504  102.812347  93.786407  83.239685  72.320000  60.666718  49.664063  41.370728 
 44.431767  56.040939  68.654533  81.709373  94.620628  107.321564  118.534378  126.505157  129.167038  125.761719  117.796402  106.312500  93.527191  80.784378  67.798126  55.214691  44.186352 
 47.656406  60.625778  74.379845  88.821251  103.633125  118.698288  132.177811  141.086563  144.151718  140.496719  131.090775  117.451721  102.325310  87.705627  73.369843  59.656403  47.195362 
 49.839218  63.738594  78.264687  93.662346  110.135780  126.849838  141.527649  150.830154  154.059219  150.294220  140.507965  125.321716  108.514061  92.451874  77.187813  62.878754  49.171242 
 50.616722  64.757347  79.699532  95.878128  112.857498  130.142807  144.997498  154.409378  157.757507  153.966248  144.387344  128.921570  111.667030  94.910782  78.991562  63.931091  50.120056 
 49.919266  63.703438  78.326874  93.863434  110.442970  127.086868  141.689224  151.140625  154.307343  150.499527  141.152344  126.237183  108.761093  92.827034  77.602966  62.949532  49.587234 
 47.781876  60.721878  74.647346  89.100937  104.339531  119.114380  132.390778  141.422974  144.376404  140.801880  131.474533  117.911087  102.908905  88.320625  74.098747  60.267654  47.730362 
 44.871822  56.103279  68.839844  82.006721  95.230316  107.929840  118.931870  126.623749  129.279999  126.335632  118.485626  106.968903  94.228439  81.321091  68.440468  55.746719  45.026508 
 42.377655  50.773285  61.720779  73.516251  85.011406  95.580467  104.392342  110.453751  112.671722  110.276566  103.935310  94.762497  84.220467  73.003906  61.376717  50.524529  42.606823 
 40.647137  45.703594  53.772499  63.885468  73.720154  82.449219  89.459999  94.220627  95.959061  94.202187  89.301559  81.955940  72.965622  63.291718  53.411720  45.750626  41.187290 
 38.217968  41.634216  46.090839  53.300262  61.729950  68.886925  74.618752  78.217293  79.774063  78.470100  74.571976  68.696358  61.266869  53.086922  46.111092  42.235210  38.427292 
 } 
 GR Channel
 {
 48.988228  53.851563  60.549484  69.842712  78.817505  86.596672  92.395569  96.138283  97.506508  96.038277  92.293907  86.362762  78.325363  69.107338  59.990883  53.966721  49.331306 
 52.589058  59.972809  70.460312  81.983124  92.367500  101.500000  108.619530  113.676407  115.375473  113.468903  108.692032  101.261719  91.685158  81.101715  69.398590  59.271095  52.933807 
 55.943176  67.041718  80.150627  93.188278  105.201721  116.341873  125.879684  132.274841  134.339539  131.754532  125.412186  115.775314  104.489685  92.324371  79.055466  65.933441  55.669685 
 60.095314  74.032814  88.585472  103.024063  116.949997  130.823746  142.895782  151.192184  153.957031  150.592026  142.150467  129.928589  116.202347  102.111565  87.521095  72.641563  59.356979 
 64.224686  79.672188  95.307190  111.009689  127.147339  143.617661  158.212662  167.635315  170.686569  167.030472  157.156250  142.571411  125.986099  109.937035  94.018127  78.039841  63.174637 
 66.793175  83.530472  99.956093  116.672180  134.385620  152.775314  168.857651  178.728287  181.847961  177.985153  167.801254  151.368118  132.763275  115.259369  98.497971  82.020157  65.755363 
 67.906464  84.851875  101.782814  119.185623  137.431564  156.505310  172.622498  182.755463  185.842194  182.016876  172.355316  155.633911  136.676880  118.431717  100.791252  83.471092  66.919220 
 67.010475  83.451096  99.985466  116.892807  134.781097  153.047974  168.950943  179.027191  182.245789  178.344376  168.699524  152.710464  133.270462  115.729538  98.842346  82.142342  66.133392 
 64.303802  79.993591  95.723434  111.627029  128.157181  144.372818  158.768433  168.298599  171.572495  167.769226  158.070160  143.107819  126.519684  110.539215  94.712967  78.785622  63.600204 
 60.505836  74.272499  88.922653  103.536247  117.830307  131.572968  143.674377  151.756409  154.613754  151.484528  143.336243  130.794998  116.889374  102.610153  88.097191  73.224373  60.160622 
 57.065575  67.620781  80.523285  93.820938  106.377968  117.819061  127.282806  133.649216  136.012970  133.525787  126.738281  116.993286  105.456093  92.821877  79.559998  66.731560  56.793640 
 54.222656  60.933281  70.730003  82.325935  93.347343  103.019684  110.448753  115.432968  117.262497  115.459213  110.047653  102.132034  92.384216  81.231407  69.716721  60.429062  54.303230 
 49.735580  55.143486  60.780418  69.483856  79.006302  87.185524  93.093750  97.196510  98.534164  97.221931  92.930367  86.565987  78.051933  68.777031  60.203178  55.286980  49.912819 
 } 
 GB Channel
 {
 49.315933  54.452606  61.272346  71.174377  80.844429  88.963959  95.562027  99.724274  101.125938  99.710579  95.499008  88.924004  80.348022  70.367973  60.749535  54.401199  49.690781 
 52.571777  60.109688  70.976715  82.950623  94.071716  103.723122  111.367653  116.868439  118.949692  116.875778  111.682968  103.560471  93.435936  82.182343  69.980156  59.447655  52.835777 
 55.333229  66.740311  80.206093  93.756561  106.487816  118.282028  128.347809  135.307037  137.675781  134.858749  128.049850  117.972656  105.877815  92.990936  79.185783  65.675629  55.099792 
 59.123123  73.289375  88.181717  103.068123  117.640625  132.137970  144.846725  153.699844  156.673126  153.302185  144.500778  131.544525  117.025314  102.345627  87.287186  72.023438  58.468018 
 62.689850  78.594215  94.337341  110.451408  127.173904  144.110474  159.314529  169.250931  172.864532  169.026871  158.780945  143.589691  126.273911  109.574371  93.196404  76.962967  61.726509 
 65.251038  81.928123  98.476250  115.324066  133.677032  152.381882  168.938278  179.423904  182.926559  179.020462  168.551559  151.632965  132.443130  114.414841  97.195938  80.416718  63.990685 
 66.020111  82.922188  99.820160  117.503281  136.019058  155.357651  171.986404  182.551880  186.209061  182.287964  172.343277  155.228287  135.833908  117.094223  99.081406  81.583595  64.907135 
 65.108597  81.527969  98.046097  115.062195  133.128601  151.673126  167.842346  178.397964  182.073746  178.183441  168.332962  151.850006  132.096405  114.208130  97.029999  80.145309  64.140732 
 62.414009  78.006721  93.722191  109.738281  126.428284  142.860931  157.567032  167.586411  171.169525  167.343903  157.477493  142.182495  125.308899  108.960472  92.940315  76.867188  61.712189 
 58.765518  72.607185  87.167656  101.919685  116.361404  130.367340  142.625153  150.965149  154.130936  151.069382  142.813278  129.944687  115.725006  101.273125  86.485779  71.573441  58.473854 
 55.634895  66.284065  79.132034  92.558746  105.242653  116.880157  126.493744  133.295776  135.869064  133.300156  126.424850  116.314377  104.570778  91.771873  78.294060  65.290466  55.403175 
 53.143852  59.904686  69.666878  81.430313  92.683746  102.536720  110.329376  115.527344  117.402817  115.576401  110.071091  101.893280  91.798439  80.494217  68.807343  59.376404  53.262032 
 49.007599  54.378860  60.076874  69.034065  78.890007  87.227341  93.546043  97.808388  99.493645  97.985367  93.521309  86.759735  78.058022  68.310677  59.621307  54.541199  49.210365 
 } 
 B Channel
 {
 17.074795  19.391460  22.538647  27.098957  31.400574  35.197811  37.974377  39.536095  39.988232  39.483906  37.710732  34.906769  31.039169  26.495209  22.015316  19.191357  17.780521 
 18.501041  21.935623  26.969063  32.416874  37.348282  41.579063  44.753124  46.859219  47.537811  46.729530  44.761562  41.334686  36.762501  31.746876  26.132813  21.443436  18.978855 
 19.986668  25.166248  31.422501  37.520157  43.121719  48.155159  52.218285  54.809532  55.732658  54.625465  51.940468  47.738907  42.496094  36.738750  30.565937  24.472031  20.328907 
 21.719009  28.320469  35.200157  41.903751  48.284691  54.284691  59.318123  62.686874  63.885628  62.566093  59.121872  53.709373  47.483749  41.034374  34.340939  27.478127  22.006039 
 23.489635  30.812344  38.077187  45.278439  52.475937  59.420471  65.423279  69.320465  70.724998  69.342346  65.189529  58.867188  51.432503  44.328907  37.069061  29.887188  23.584686 
 24.688438  32.329689  39.863281  47.434063  55.203125  62.789063  69.430313  73.434372  74.884529  73.520470  69.260941  62.176872  54.066872  46.481407  38.950626  31.484688  24.719273 
 25.154633  32.812344  40.439377  48.269066  56.146248  63.923126  70.606873  74.742653  76.269531  74.824066  70.777191  63.544373  55.412346  47.626095  39.774845  31.988281  25.157654 
 24.636406  32.047031  39.569530  47.143906  54.730782  62.347656  68.852188  73.136253  74.592346  73.242813  69.197029  62.278748  54.006561  46.507343  39.024689  31.416561  24.774063 
 23.495834  30.375000  37.615311  44.673283  51.654221  58.362030  64.519218  68.555466  70.117813  68.707809  64.584686  58.201248  51.223434  44.320938  37.156250  29.882500  23.707920 
 21.608906  27.764530  34.483749  41.006874  47.212189  53.044685  58.237190  61.815941  63.099686  61.931404  58.464691  53.029221  47.058594  40.828125  34.190781  27.386875  22.030205 
 19.974632  24.709843  30.615311  36.620937  42.261562  47.298439  51.497498  54.366249  55.490311  54.516876  51.505623  47.276562  42.161720  36.492970  30.308750  24.439842  20.412556 
 18.721195  21.672657  26.118282  31.430782  36.553593  40.963593  44.349842  46.709530  47.583439  46.788437  44.362812  40.836094  36.380001  31.270782  25.818592  21.478905  19.221199 
 16.807449  19.036198  21.512238  25.583904  30.152550  33.927967  36.888386  38.882240  39.627602  38.933018  37.021149  33.946304  30.027496  25.558075  21.505882  19.213280  17.204533 
 } 


 White Balance Data with optical Center Data
 r_center_x =  634 r_center_y =  515 
 gr_center_x =  649 gr_center_y =  474 
 b_center_x =  649 b_center_y =  474 
 gb_center_x =  649 gb_center_y =  473 
 r/gr 0.848933 
 b/gr 0.409844 
 gb/gr 1.001835 
 r_oc_ave 158.297775 
 b_oc_ave 76.422226 
 gr_oc_ave 186.466660 
 gb_oc_ave 186.808884 

 [AWB]
 RGr =  0.848933 
 BGr =  0.409844 
 GbGr =  1.001835 
 r_oc_ave =  158.297775 
 b_oc_ave =  76.422226 
 gr_oc_ave =  186.466660 
 gb_oc_ave =  186.808884 