 LEFT LENS SHADING DATA
 RED Channel
 {
 37.818802  40.974636  45.834637  53.699425  61.606148  68.538338  74.112396  77.684685  79.049011  77.649948  74.225525  68.430313  61.310318  53.668282  46.654430  42.880051  39.522972 
 39.951302  45.281094  53.779846  63.859222  73.366562  81.708748  88.540314  93.090935  94.866722  93.042656  88.669685  81.775314  73.139061  63.817657  54.101715  46.421093  42.389633 
 41.949894  50.737816  61.760315  73.371559  84.380157  94.485001  103.130936  109.171562  111.264374  108.974686  103.214844  94.630157  84.278122  73.450157  62.137970  51.386871  44.061047 
 45.293026  56.382187  68.890472  81.797188  94.599998  106.852188  117.737656  125.671722  128.451874  125.270462  117.704529  106.831406  94.528908  82.084221  69.356720  56.870155  46.717861 
 48.591614  61.122658  74.602188  88.809845  103.582497  118.065781  131.403442  140.553436  143.866409  140.235001  131.007187  117.755630  103.103752  88.968285  75.027496  61.491249  49.308754 
 50.858231  64.264061  78.476875  93.567345  109.878281  126.320465  141.190475  151.155151  154.363907  150.929840  140.837494  125.925629  109.480934  93.867500  79.121719  64.762657  51.450775 
 51.897865  65.615158  80.202187  95.922813  112.672348  130.161407  145.219376  155.509995  158.788589  155.239685  145.633286  130.166565  112.982819  96.671562  81.008751  65.972504  52.318329 
 51.235413  64.730003  79.028122  94.238747  110.641090  127.507339  142.643906  152.809525  155.940933  152.240784  142.791870  127.724533  110.421097  94.607811  79.470314  65.042191  51.836769 
 49.021347  61.954689  75.594215  89.741722  104.760941  119.874527  133.701569  143.369370  146.341568  142.662659  133.127655  119.613129  104.608124  90.152496  75.912498  62.217186  49.833435 
 45.698231  57.315315  70.029686  82.874374  95.888123  108.725471  120.252808  128.419693  131.216400  128.116714  119.964066  108.599373  95.890625  83.226715  70.274529  57.656403  46.834118 
 42.498749  51.797501  63.142029  74.767967  85.896873  96.560158  105.759529  112.051880  114.386246  111.832657  105.383438  96.342812  85.882187  74.832031  63.104065  52.257347  44.006298 
 40.370728  46.304062  55.356407  65.536720  75.168594  83.866409  90.922340  95.814842  97.538124  95.582809  90.723434  83.301094  74.798592  65.182503  55.042343  46.848751  42.229168 
 38.329479  41.616562  47.299534  55.338593  63.557968  70.727859  76.404221  80.153381  81.624794  80.224899  76.273857  70.498390  63.078804  54.930420  47.036716  42.786667  39.500420 
 } 
 GR Channel
 {
 49.252609  53.965103  60.043015  69.121460  78.017967  85.866776  91.755943  95.464012  96.831200  95.487343  91.659111  85.381828  77.476357  68.777077  60.561401  55.519318  50.225159 
 52.918442  59.809685  69.983437  81.604378  92.077347  101.217186  108.368439  113.261719  114.937653  112.977966  108.582657  101.142029  91.788437  81.153748  69.963280  60.777031  55.058899 
 56.079163  66.855003  79.804688  92.927811  105.017967  115.967972  125.047806  131.143433  133.133743  130.800476  124.993439  115.859848  104.824066  92.747498  79.645935  67.048126  57.947296 
 60.406982  73.786560  88.226875  102.778435  116.803589  130.161560  141.595779  149.653442  152.504379  149.313431  141.534058  130.022186  116.640472  102.993126  88.444847  73.872498  61.441254 
 64.481560  79.417816  95.008904  110.768593  126.776245  142.653442  157.060471  166.407349  169.740463  165.975632  156.515930  142.560944  126.672180  110.980316  95.258904  79.570465  65.121925 
 67.435722  83.397812  99.523903  116.309067  134.050156  152.080780  168.017975  177.862976  181.375153  177.720154  167.630630  151.727966  133.817032  116.694534  99.989685  83.551094  67.802963 
 68.615883  84.952347  101.555000  119.029846  137.322968  156.392349  172.702347  182.675156  186.194687  182.591400  173.099213  156.776718  138.130005  120.207657  102.568909  85.284065  69.051559 
 67.861412  83.923279  100.237030  117.080154  135.063751  153.646255  170.021561  180.282501  183.485779  179.769379  170.381088  154.327026  135.350784  117.857819  100.834999  84.066406  68.416618 
 65.143227  80.662811  96.349220  112.160461  128.791565  145.609680  160.569839  170.546722  173.678284  169.968750  160.118286  145.654846  128.992493  112.854538  96.638748  80.766403  65.909111 
 61.022705  75.240623  89.961250  104.526093  119.207184  133.349380  145.981247  154.446564  157.517502  154.175629  145.832657  133.579224  119.507339  105.051094  90.204529  75.348595  62.335052 
 57.125572  68.649529  82.019684  95.313751  107.942345  119.604996  129.473434  136.373901  138.812347  136.022964  129.091400  119.436249  107.802345  95.344688  81.805779  68.736565  58.598648 
 54.252235  61.797028  72.709846  84.426720  95.376251  104.912811  112.631088  118.003601  119.760788  117.664536  112.264069  104.627029  94.933128  83.928749  72.065781  62.023125  55.933548 
 50.906822  55.703491  62.552551  71.884842  81.152916  89.101563  95.345055  99.760887  101.026405  99.640984  95.234474  89.005150  80.680626  71.035416  61.806404  56.540207  51.709793 
 } 
 GB Channel
 {
 48.912605  53.646355  60.015099  69.471924  78.756516  87.197189  93.562653  97.379684  99.038284  97.515678  93.662399  86.789268  78.513702  69.228439  60.789894  55.551247  50.195000 
 52.217186  59.162186  69.598434  81.482971  92.586716  102.162186  109.765778  115.034683  116.867661  114.936722  110.340309  102.503441  92.557655  81.543434  69.911560  60.565002  54.778328 
 54.998695  65.782654  78.923279  92.471405  104.982971  116.524368  125.910629  132.551880  135.042969  132.567657  126.632339  117.009537  105.448753  92.837654  79.478279  66.609375  57.275627 
 58.776146  72.324066  86.996559  101.842499  116.291718  130.042816  142.139999  150.650314  153.852966  150.656723  142.732819  130.750473  116.949692  102.757187  87.867813  73.078438  60.445526 
 62.466667  77.542503  93.129532  109.160782  125.639694  141.921875  156.752808  166.685471  170.424377  166.890778  157.183746  142.794220  126.440781  110.438126  94.340157  78.431564  63.713646 
 65.193184  81.090469  97.288597  114.355621  132.232651  150.584686  166.916412  177.630936  181.400467  177.869370  167.536087  151.372650  133.190628  115.596878  98.588753  82.021095  66.197548 
 66.066406  82.483284  99.063278  116.584061  134.977493  154.213440  170.821869  181.598434  185.644684  182.149841  172.535782  155.909378  137.087494  118.918900  101.068436  83.599998  67.229172 
 65.370934  81.292191  97.636719  114.492661  132.602493  151.361404  167.936401  178.826569  182.431091  179.031403  169.422806  153.363281  134.011871  116.411560  99.154686  82.333748  66.590424 
 62.747391  78.247810  93.758438  109.659218  126.378128  143.429062  158.705002  169.115936  172.704224  169.213287  159.240005  144.534225  127.599213  111.349686  95.067497  79.079689  64.252602 
 58.967232  72.990784  87.681877  102.183441  116.995316  131.314224  144.340942  153.155945  156.481247  153.456558  145.018753  132.537033  118.162506  103.632965  88.732498  73.800468  60.743179 
 55.251297  66.831093  80.068909  93.330780  106.086716  118.043747  128.171875  135.335785  138.081879  135.452652  128.474533  118.630310  106.707184  94.161247  80.563278  67.385941  57.395943 
 52.684898  60.255310  71.127968  82.879532  93.866096  103.795624  111.723595  117.358444  119.398285  117.442810  111.920158  103.926559  94.163910  83.004997  71.034691  61.058441  54.957184 
 49.801567  54.446564  61.371506  71.008492  80.405464  88.424377  95.149223  99.538017  101.138069  99.807396  95.287445  88.728645  80.151611  70.455002  61.090515  55.807610  51.231354 
 } 
 B Channel
 {
 17.635361  19.349945  22.341148  26.927448  31.269531  35.195469  38.105312  39.825726  40.583385  39.755886  38.017605  35.009117  31.112915  26.786198  22.898335  20.488541  18.348541 
 19.274948  22.148907  27.044064  32.793907  37.846405  42.147343  45.506561  47.796562  48.516090  47.644844  45.575939  42.102657  37.560001  32.582657  27.290001  22.964375  20.466042 
 20.650311  25.470314  31.562656  37.978748  43.610939  48.640472  52.776093  55.595467  56.465935  55.322029  52.754997  48.579376  43.405312  37.873123  31.821407  26.014061  21.679897 
 22.629272  28.679688  35.411407  42.285469  48.675156  54.649689  59.754997  63.304535  64.503906  63.023125  59.627815  54.506248  48.485001  42.291092  35.803749  29.164688  23.323853 
 24.406559  31.257813  38.333282  45.564220  52.819534  59.756874  65.885468  69.949219  71.398750  69.745155  65.597191  59.466560  52.514221  45.674843  38.762501  31.787811  24.882397 
 25.614899  32.800312  40.052811  47.664845  55.457344  63.210938  69.897346  74.262497  75.635155  74.147659  69.753281  62.927185  55.295471  47.869373  40.672188  33.491562  26.074894 
 26.034531  33.408905  40.767502  48.457031  56.439690  64.471878  71.310623  75.497658  77.068283  75.533440  71.466721  64.494064  56.644218  49.065781  41.629063  34.129532  26.420155 
 25.497242  32.807030  39.967655  47.346561  55.182190  62.939529  69.802345  73.989059  75.472969  73.925781  69.989845  63.319221  55.197815  47.882343  40.613281  33.431564  26.095730 
 24.254219  31.223595  38.164375  45.019688  52.196091  59.224998  65.428436  69.565468  70.974533  69.416878  65.257500  59.170158  52.292969  45.474064  38.658592  31.791718  24.819427 
 22.314583  28.643749  35.245468  41.546093  47.871407  53.825470  59.081879  62.563904  63.872345  62.510155  58.969063  53.941093  48.057343  41.981407  35.685314  29.251720  23.001095 
 20.349373  25.569374  31.566406  37.382500  42.837967  47.889687  52.057968  54.915466  55.973747  54.862030  51.980003  47.852970  42.951405  37.610470  31.794064  26.106407  21.280781 
 18.976513  22.279221  27.269844  32.495625  37.318592  41.553593  44.874531  47.125938  47.906563  47.017654  44.776405  41.450470  37.211720  32.422501  27.268436  22.897499  20.044167 
 17.607758  19.650677  22.791721  27.151039  31.286304  35.000885  37.753906  39.607601  40.233646  39.638279  37.732449  35.034428  31.186512  26.833752  22.746357  20.529167  18.329166 
 } 


 White Balance Data with optical Center Data
 r_center_x =  644 r_center_y =  504 
 gr_center_x =  636 gr_center_y =  505 
 b_center_x =  640 b_center_y =  499 
 gb_center_x =  661 gb_center_y =  479 
 r/gr 0.851847 
 b/gr 0.412547 
 gb/gr 0.996314 
 r_oc_ave 159.204437 
 b_oc_ave 77.102219 
 gr_oc_ave 186.893326 
 gb_oc_ave 186.204437 

 [AWB]
 RGr =  0.851847 
 BGr =  0.412547 
 GbGr =  0.996314 
 r_oc_ave =  159.204437 
 b_oc_ave =  77.102219 
 gr_oc_ave =  186.893326 
 gb_oc_ave =  186.204437 