 LEFT LENS SHADING DATA
 RED Channel
 {
 36.750938  40.135521  45.213181  52.927139  60.707764  67.491302  72.844170  75.962242  76.811356  75.344849  71.783173  66.147346  59.227028  51.589691  44.272396  40.010986  37.261822 
 38.982189  44.622189  53.132965  62.813591  72.067970  80.147346  86.592499  90.847031  92.045937  90.000465  85.397972  78.501717  70.127655  61.113434  51.619064  43.649532  39.120571 
 41.590153  50.538284  61.417343  72.500778  83.363594  93.074371  101.463593  107.066406  108.899529  106.122658  99.938591  91.239685  81.038597  70.533752  59.425003  48.859528  40.904324 
 45.151615  56.547653  68.881096  81.436562  94.079063  106.021721  116.613586  124.073914  126.407501  122.737976  114.744995  103.695160  91.366875  78.958908  66.521721  54.400940  43.815937 
 48.658020  61.388435  74.763123  88.802498  103.320313  117.627975  130.729538  139.248276  142.027817  137.878754  128.426712  115.006409  100.402344  86.188438  72.365784  59.038124  46.825630 
 51.209373  64.769379  79.015778  94.113747  110.233597  126.484070  140.746567  150.044067  152.819534  148.656250  138.690781  123.679993  106.954376  91.379845  76.471565  62.478752  49.296249 
 52.347343  66.354218  81.145470  96.982498  113.647812  130.623123  145.267029  154.605469  157.588593  153.377502  143.571411  128.092651  110.765778  94.385002  78.617966  63.810623  50.255211 
 51.766563  65.742813  80.256561  95.565628  111.863281  128.431412  142.794846  152.320313  154.957809  150.855774  141.289841  126.126404  108.584686  92.602966  77.427032  63.044220  49.864845 
 50.019012  63.187965  76.995941  91.381248  106.226250  120.993439  134.259064  143.213287  146.005310  141.967346  132.244843  118.560150  103.278282  88.687347  74.365311  60.576561  48.156570 
 46.985207  58.816872  71.581566  84.572189  97.649841  110.099998  121.163284  128.815628  131.306412  128.000305  119.862030  108.153908  95.183441  82.177971  68.967499  56.285782  45.462234 
 44.415730  53.451561  64.726250  76.443748  87.851097  98.237190  107.040466  113.007187  115.036407  112.312027  105.657341  96.280472  85.504997  74.126091  62.248596  51.292969  43.229427 
 42.818905  48.242035  56.913910  67.012497  76.925156  85.585625  92.521721  97.152809  98.508904  96.487816  91.388123  83.795624  74.728905  64.775627  54.611404  46.507343  41.734634 
 40.396820  44.074322  48.924530  56.726250  65.058281  72.259789  77.946922  81.539894  82.588699  81.041557  77.159370  71.016045  63.212448  54.652710  47.175369  43.044220  39.385056 
 } 
 GR Channel
 {
 48.143120  53.327713  59.537811  68.552872  77.587654  85.443596  91.371872  94.802238  95.771088  94.255730  90.372192  84.388756  76.590363  67.659111  58.863541  53.520515  49.788437 
 51.753128  59.218124  69.351563  80.542656  91.142029  100.121719  107.159378  111.847031  113.296722  111.147812  106.293434  98.872498  89.625153  79.205154  68.051872  58.329689  52.435944 
 55.134789  66.528122  79.269997  91.915314  104.118591  115.038757  124.088593  130.206879  132.083435  129.333435  122.931244  113.613754  102.425468  90.591095  77.745468  65.081879  55.098961 
 59.823647  73.902809  88.119064  102.139061  116.100937  129.505157  141.213120  149.323120  151.845932  148.165787  140.012817  128.140320  114.452026  100.695465  86.459999  71.995628  58.981041 
 64.132858  79.686409  95.105621  110.494064  126.399689  142.247818  156.723907  166.196564  169.289841  165.166718  155.379837  140.964066  124.716873  108.919998  93.335938  77.748123  62.797295 
 67.298386  83.704842  100.065155  116.657028  134.083435  151.838120  167.680161  177.983597  181.123444  177.176712  166.799057  150.635788  132.241714  115.040314  98.290314  81.923126  65.918953 
 68.815109  85.530937  102.397659  119.910934  137.917816  156.464996  172.543274  182.866409  186.069534  182.069382  172.157974  155.573120  136.737656  118.734375  100.939377  83.572968  67.169838 
 68.084785  84.798126  101.367966  118.300156  136.070786  154.379379  170.140625  180.467346  183.338440  179.301086  169.714691  153.448441  134.099380  116.508118  99.172188  82.394844  66.440468 
 65.678650  81.632813  97.558128  113.535934  129.905624  146.272034  160.989685  170.733597  173.697662  169.510941  159.455475  144.715469  127.897659  111.553436  95.267967  79.226410  64.265778 
 61.870514  76.470940  91.379059  105.843285  120.275787  134.109528  146.144226  154.628601  157.544525  154.283752  145.767502  133.213287  118.728592  104.105316  89.039215  74.002190  60.753021 
 58.505051  70.016090  83.169685  96.525780  109.144379  120.480469  130.308594  136.833130  139.034378  136.351257  129.533432  119.543594  107.772812  94.857033  81.104530  67.880783  57.668495 
 55.918961  63.284378  73.635628  85.287498  96.436409  106.010155  113.696411  118.764374  120.379379  118.321243  112.894058  104.882500  94.811562  83.464844  71.448906  61.580940  55.218430 
 51.867714  57.454788  63.509377  72.686668  82.381195  90.581619  96.797028  100.762703  102.038124  100.567917  96.198647  89.682495  80.844482  70.996712  61.811203  56.691772  51.516357 
 } 
 GB Channel
 {
 48.750725  53.894890  60.499016  70.081352  79.620209  87.846558  94.125626  98.035210  99.104172  97.301765  93.078751  86.680367  78.252396  68.746094  59.496979  53.829948  49.843285 
 51.776146  59.582809  70.076721  81.777191  92.924377  102.297813  109.850624  114.853119  116.447495  114.117188  108.830002  101.005157  91.061562  80.112968  68.436562  58.380157  52.412865 
 54.785675  66.549217  79.597969  92.808746  105.411720  116.785156  126.278900  132.918442  134.943756  131.987030  125.273132  115.427505  103.642189  91.081566  77.735153  64.664688  54.473434 
 58.996407  73.449532  87.886871  102.325623  116.801712  130.654068  142.723907  151.367493  154.196869  150.329681  141.765625  129.307816  115.040161  100.686096  85.920311  71.087814  57.950729 
 62.878487  78.694534  94.428123  110.112656  126.352814  142.603912  157.491257  167.416412  170.839844  166.588593  156.361557  141.479065  124.723282  108.356560  92.349846  76.325157  61.336609 
 65.721672  82.256248  98.840935  115.658127  133.226715  151.320313  167.397186  178.170944  181.612503  177.499069  166.813431  150.394836  131.610001  113.845627  96.714378  80.150467  63.959427 
 66.927757  83.777969  100.783592  118.401245  136.479065  155.213913  171.487503  182.085312  185.625153  181.768433  171.576248  154.747498  135.599060  117.116089  99.079689  81.469215  65.093597 
 66.097809  82.890312  99.430939  116.528122  134.398743  152.701569  168.664841  179.274841  182.461411  178.450775  168.600784  152.075943  132.579224  114.630005  97.181404  80.274689  64.330933 
 63.830780  79.843903  95.742813  111.727814  128.256256  144.619995  159.462036  169.552185  172.716568  168.450150  158.257187  143.269058  126.225464  109.710785  93.187035  77.065315  62.128235 
 60.398178  74.756721  89.605934  104.135315  118.706879  132.501877  144.780472  153.566254  156.570007  153.251556  144.615158  131.789368  117.147339  102.316872  87.086250  72.088440  59.025108 
 57.229736  68.610779  81.809998  95.154846  107.779999  119.273911  129.158127  135.899063  138.202652  135.572815  128.547348  118.333908  106.336250  93.375313  79.447968  66.301407  56.051193 
 54.797707  62.155624  72.450935  84.316093  95.477028  105.138748  113.018906  118.337967  119.901566  117.919998  112.179688  103.991722  93.718124  82.251404  70.088280  60.213127  53.916870 
 51.098129  56.591873  62.716354  72.129631  81.785988  90.182915  96.572861  100.789421  102.333641  100.410416  95.835518  88.967339  80.093544  69.929955  60.780571  55.543121  50.628128 
 } 
 B Channel
 {
 17.350834  19.814999  23.064632  27.729843  32.241356  36.040886  38.774689  40.434895  40.855366  40.013439  38.074844  35.106720  31.239475  26.907295  22.492134  19.887863  18.758282 
 18.471249  21.977501  27.049843  32.564220  37.609688  41.709843  44.885937  47.006561  47.465157  46.404686  44.150467  40.702343  36.352814  31.409374  26.131092  21.535156  19.366196 
 19.999481  25.394062  31.739220  37.887501  43.493126  48.341095  52.310936  54.893127  55.598747  54.156403  51.287971  47.046406  41.984375  36.544220  30.571095  24.612186  20.635941 
 22.062447  28.795155  35.781250  42.417812  48.777657  54.597504  59.646873  62.905472  63.851563  62.019531  58.320465  53.106873  47.073124  40.911877  34.357498  27.716873  22.449795 
 24.006618  31.392654  38.805157  46.008595  53.079063  59.964844  66.030937  69.723907  70.769066  68.826408  64.566093  58.306091  51.331253  44.350311  37.316875  30.174843  24.218388 
 25.349064  33.076561  40.793282  48.333908  56.015312  63.719376  70.254684  74.196251  75.218750  73.429840  68.881096  62.050156  54.220940  46.795780  39.277187  31.981407  25.447865 
 26.029533  33.902657  41.781406  49.535004  57.452499  65.445938  71.933746  75.781250  76.918747  75.174377  70.864845  63.859062  55.865311  48.128441  40.374687  32.624218  25.918594 
 25.739113  33.561405  41.243439  48.790314  56.519844  64.172501  70.592499  74.667191  75.760780  74.037346  69.962814  63.160622  54.850311  47.248749  39.542812  32.045311  25.613644 
 24.838436  32.157188  39.509842  46.673126  53.799065  60.585159  66.558128  70.462502  71.659531  69.986252  65.766563  59.465935  52.246872  45.147812  37.873123  30.647655  24.498283 
 23.141510  29.696720  36.529842  43.090782  49.370628  55.184219  60.269844  63.745003  64.872185  63.485626  59.893906  54.525627  48.360001  41.920155  35.056873  28.243595  22.907967 
 21.519741  26.644531  32.783905  38.839531  44.432186  49.295471  53.478279  56.259216  57.168747  56.010002  53.011566  48.662971  43.473907  37.674061  31.410469  25.348595  21.163383 
 20.264324  23.502029  28.218750  33.626408  38.697033  42.945156  46.416874  48.695938  49.324532  48.356720  45.994530  42.382187  37.772343  32.602814  26.972031  22.403282  20.028072 
 18.704327  20.808075  23.440414  27.670780  32.189739  36.092865  39.004372  40.783436  41.330990  40.586514  38.622242  35.573025  31.501301  26.672394  22.469326  20.010155  18.153072 
 } 


 White Balance Data with optical Center Data
 r_center_x =  638 r_center_y =  517 
 gr_center_x =  640 gr_center_y =  519 
 b_center_x =  623 b_center_y =  464 
 gb_center_x =  652 gb_center_y =  506 
 r/gr 0.846174 
 b/gr 0.412398 
 gb/gr 0.997527 
 r_oc_ave 158.155548 
 b_oc_ave 77.080002 
 gr_oc_ave 186.906662 
 gb_oc_ave 186.444443 

 [AWB]
 RGr =  0.846174 
 BGr =  0.412398 
 GbGr =  0.997527 
 r_oc_ave =  158.155548 
 b_oc_ave =  77.080002 
 gr_oc_ave =  186.906662 
 gb_oc_ave =  186.444443 