 LEFT LENS SHADING DATA
 RED Channel
 {
 34.912189  38.241352  43.301300  51.208282  59.554634  66.665939  72.236412  75.947189  77.243698  75.898384  72.714996  66.971977  59.792450  51.906456  44.580257  40.482342  37.800678 
 37.193851  42.535938  51.106094  61.292656  70.968597  79.730934  86.860779  91.689690  93.452660  91.648590  87.341248  80.356560  71.570160  62.029373  52.174217  44.205467  40.079430 
 38.958229  47.860313  58.975471  70.644684  81.848434  92.383591  101.557190  107.790154  110.077660  107.680779  102.050156  93.161247  82.555779  71.457497  59.723434  49.026718  41.562344 
 42.300831  53.423752  66.044220  79.060783  92.111877  104.958282  116.397186  124.471558  127.394684  124.335007  116.753128  105.542191  92.752968  79.958748  66.860001  54.252190  44.218021 
 45.377453  57.975159  71.766403  85.991562  101.084999  116.016098  129.743912  139.022339  142.393280  138.950775  129.781723  116.561249  101.546097  86.908127  72.384216  58.655312  46.634895 
 47.424839  60.991722  75.461403  90.866249  107.311409  124.102814  138.989685  148.950470  152.414215  148.831406  139.472183  124.620789  107.590309  91.621719  76.224846  61.757187  48.776772 
 48.374115  62.136406  76.892342  92.932968  109.726715  127.201248  142.591095  152.574997  156.197662  152.635162  143.211243  127.990311  110.660622  94.073128  77.974220  62.882034  49.472237 
 47.664898  61.202812  75.631409  90.964996  107.502502  124.302338  139.489059  149.495941  152.726563  149.220306  140.008911  125.146561  107.752502  91.776878  76.311722  61.801720  48.919426 
 45.624161  58.237503  71.971878  86.394531  101.490936  116.483902  130.048599  139.481567  142.764221  139.279221  130.251877  116.849686  101.800156  87.244843  72.662186  58.944534  47.150150 
 42.494373  53.606873  66.239220  79.435936  92.629845  105.332184  116.779221  124.609375  127.437347  124.640625  117.061096  105.863129  92.980469  80.000313  66.894844  54.362343  44.249218 
 39.703022  48.429688  59.453125  71.213280  82.709534  93.172340  102.138123  108.572968  110.759529  108.482971  102.440155  93.512497  82.825935  71.565628  59.734062  49.082970  41.999012 
 38.282185  43.554688  51.973595  62.106094  71.952812  80.750465  87.918434  92.851410  94.372498  92.727654  87.945160  80.872032  72.048279  62.169373  52.122185  44.623123  40.815628 
 36.174271  39.851772  44.855465  52.424637  60.814476  68.053596  73.967194  77.733276  78.922089  77.912033  74.195366  68.322235  60.796410  52.638542  45.183437  41.623959  38.628956 
 } 
 GR Channel
 {
 47.091923  51.964424  58.079582  67.292816  76.440781  84.642700  90.705048  94.430054  95.684013  94.396614  90.992599  84.732811  76.874062  67.853706  59.233910  54.139214  50.026299 
 50.738594  57.654221  67.871246  79.506561  90.517654  100.151878  107.661095  112.747345  114.764221  112.795151  108.142189  100.489059  90.804062  80.172653  68.840782  59.381096  53.697136 
 53.395363  64.306404  77.312347  90.613281  103.207497  114.777817  124.503128  131.231720  133.857971  131.223282  124.921570  115.334213  103.664063  91.283279  78.072189  65.410309  56.140724 
 57.464584  71.132500  85.796097  100.498909  114.978439  128.977661  141.299850  150.130157  153.260788  149.910782  141.654694  129.579056  115.437973  101.248436  86.510315  71.891251  59.617081 
 61.259018  76.456718  92.444847  108.424377  125.205002  141.735001  156.432343  166.558289  170.027969  166.299530  156.440155  142.085007  125.559067  109.336250  93.029221  77.154999  62.870003 
 63.978386  80.341095  96.959221  114.158279  132.450470  150.934525  167.016724  177.687653  181.302963  177.468903  167.238586  151.111877  132.611099  114.863754  97.662498  81.021721  65.381516 
 65.172661  81.712029  98.773438  116.685623  135.402191  154.583130  171.059998  181.668121  185.474838  181.684998  171.755630  155.308899  136.297180  117.996719  99.883751  82.337654  66.318703 
 64.156769  80.493439  97.139534  114.390930  132.705475  151.168594  167.546097  178.201401  181.884842  178.081100  168.220474  152.182343  132.881088  115.078598  97.818283  80.965622  65.431046 
 61.729530  76.870155  92.818909  109.088905  125.846558  142.357025  157.020782  167.505936  171.159058  167.435776  157.416412  142.667191  125.954529  109.761566  93.262497  77.440941  63.109268 
 57.711411  71.313278  86.058281  100.964378  115.646561  129.601089  142.005157  151.081406  154.276871  151.171875  142.741882  130.380630  116.013748  101.414688  86.530937  71.945778  59.712234 
 54.215889  65.048592  78.044060  91.568748  104.550629  115.961868  125.914215  132.986099  135.663910  133.166870  126.283600  116.409683  104.538750  91.794060  78.231560  65.673904  56.785782 
 51.991562  59.060310  69.125313  80.928596  92.165939  101.881096  109.658279  115.083435  117.116257  115.240936  109.944374  101.893906  91.997658  80.733124  69.044998  60.066254  54.730003 
 48.665726  54.125313  60.206558  68.995468  78.729691  87.050888  93.278908  97.352600  98.929581  97.730103  93.602707  87.073280  78.592865  69.125214  60.499588  55.731667  51.136253 
 } 
 GB Channel
 {
 47.225517  52.175522  58.490570  68.223335  78.050674  86.655312  93.327293  97.578651  98.861511  97.537552  93.609894  86.664330  78.276718  68.972916  59.877289  54.486725  50.390884 
 50.363853  57.590935  68.080780  80.168747  91.834221  101.902809  110.046875  115.527817  117.729218  115.764847  110.670311  102.579529  92.206093  80.949997  69.074371  59.267342  53.740883 
 52.743851  63.829689  77.232033  90.935623  104.047501  116.104218  126.534531  133.705933  136.492035  133.787033  127.164368  116.944534  104.685783  91.690155  77.870468  64.932655  55.603279 
 56.262398  70.247810  85.184219  100.390938  115.323288  129.953278  142.723587  151.987808  155.498276  152.031097  143.548904  130.714371  116.083435  101.210625  85.905312  70.988747  58.747086 
 59.753387  75.161095  91.423279  107.808746  125.012192  141.944061  157.147507  167.666870  171.678284  167.810318  157.576874  142.852966  125.574524  108.796097  92.073441  75.908440  61.513023 
 62.134109  78.715157  95.468437  112.961243  131.723755  150.529221  167.137344  178.219528  182.075623  178.166092  167.878754  151.329849  132.208908  114.015320  96.395309  79.464691  63.996346 
 63.134583  79.932503  96.989685  115.227493  134.289688  153.790314  170.569061  181.528748  185.648438  181.786255  171.848755  155.137817  135.655624  116.803589  98.306404  80.620155  64.723701 
 62.142395  78.635315  95.291718  112.786255  131.442337  150.187347  166.634995  177.853592  181.736557  178.020157  167.967346  151.750473  131.999222  113.788757  96.197968  79.207344  63.879219 
 59.980049  75.087341  91.185310  107.530159  124.449371  141.271088  156.277969  167.000778  170.851410  167.363129  157.157974  142.098907  125.097656  108.566093  91.903748  75.888908  61.769119 
 56.086197  69.745155  84.562500  99.651566  114.518280  128.738907  141.387970  150.461716  153.975784  150.972961  142.450943  129.726257  115.249695  100.401093  85.266563  70.570938  58.485100 
 53.055984  63.852028  76.972031  90.594688  103.644218  115.383118  125.429535  132.715149  135.469055  132.922974  126.108749  115.967194  103.899376  90.949844  77.178123  64.529686  55.861351 
 51.155312  58.146561  68.332657  80.198593  91.715782  101.586563  109.590469  115.235931  117.227814  115.375931  109.980934  101.813278  91.665779  80.262810  68.397499  59.372498  54.236664 
 47.921146  53.409477  59.690361  68.713799  78.588074  87.008644  93.544426  97.830940  99.540733  98.298851  94.003021  87.226822  78.548073  68.899475  60.118752  55.423332  50.848335 
 } 
 B Channel
 {
 16.917656  19.161819  22.053280  26.738441  31.427864  35.387917  38.339848  40.328072  40.819740  40.258488  38.446301  35.433907  31.574062  27.066669  22.722446  20.353699  18.790779 
 18.523907  21.819530  26.880157  32.744686  38.011406  42.637501  46.269218  48.529533  49.384529  48.530785  46.379845  42.828281  38.199062  32.959999  27.268906  22.812656  20.688282 
 19.658020  24.934689  31.397655  37.930626  43.966095  49.455467  54.045311  57.076874  58.082031  57.014061  54.170311  49.838440  44.342499  38.353283  31.797657  25.908592  21.918800 
 21.420418  28.041248  35.249218  42.413280  49.212654  55.796562  61.528282  65.534065  66.753128  65.372810  61.763123  56.173752  49.744690  42.979061  35.792343  29.002342  23.727135 
 23.096355  30.429688  38.086563  45.774063  53.556252  61.263283  68.045937  72.419685  73.895470  72.305626  68.090782  61.569221  54.071091  46.452343  38.712967  31.450626  25.200626 
 24.361561  32.101563  40.008438  48.110626  56.481720  64.920937  72.204216  76.756721  78.324532  76.784378  72.412971  65.297501  56.892654  48.840622  40.770000  33.153751  26.395416 
 24.854481  32.661564  40.679688  49.001564  57.535004  66.206718  73.585159  78.052971  79.660469  78.052345  73.917656  66.710938  58.198593  49.936722  41.486561  33.595470  26.730263 
 24.408333  32.037498  39.945156  47.892811  56.289215  64.573128  71.854218  76.402344  77.804062  76.273438  72.125000  65.117500  56.547028  48.471565  40.360626  32.817657  26.118698 
 23.276508  30.494217  37.989063  45.615936  53.278282  60.724846  67.325470  71.764221  73.214844  71.743591  67.364220  60.962189  53.466248  46.167969  38.390469  31.175625  25.097290 
 21.417030  27.952656  35.052345  42.095470  48.987816  55.439377  61.016090  64.805313  66.099060  64.795311  61.180466  55.668282  49.194221  42.490158  35.387188  28.705936  23.480106 
 19.834999  25.147499  31.576874  38.106251  44.243752  49.638908  54.214531  57.302971  58.336563  57.261566  54.343750  49.912346  44.387188  38.365780  31.766094  25.937813  22.359062 
 19.164219  22.433594  27.513126  33.321564  38.767189  43.494686  47.189999  49.635315  50.440941  49.629372  47.254688  43.557655  38.793907  33.326874  27.547344  23.394844  21.516304 
 17.667969  20.218384  23.213959  27.640308  32.370106  36.440521  39.551250  41.471146  42.107185  41.498127  39.664688  36.543282  32.321613  27.693542  23.355469  21.280468  19.710884 
 } 


 White Balance Data with optical Center Data
 r_center_x =  645 r_center_y =  496 
 gr_center_x =  650 gr_center_y =  470 
 b_center_x =  636 b_center_y =  458 
 gb_center_x =  661 gb_center_y =  503 
 r/gr 0.842573 
 b/gr 0.428687 
 gb/gr 1.001098 
 r_oc_ave 156.853333 
 b_oc_ave 79.804443 
 gr_oc_ave 186.160004 
 gb_oc_ave 186.364441 

 [AWB]
 RGr =  0.842573 
 BGr =  0.428687 
 GbGr =  1.001098 
 r_oc_ave =  156.853333 
 b_oc_ave =  79.804443 
 gr_oc_ave =  186.160004 
 gb_oc_ave =  186.364441 