 LEFT LENS SHADING DATA
 RED Channel
 {
 37.726044  41.027710  45.715675  53.563385  61.580109  68.847450  74.339272  77.840256  78.667503  77.158180  73.474945  67.772758  60.602448  52.501869  44.692188  39.711460  36.482708 
 40.759373  45.389374  53.647972  63.849846  73.732185  82.143906  88.980934  93.467972  94.949997  92.882965  88.128906  81.011719  72.136406  62.573128  52.678436  44.216873  38.938961 
 42.591927  50.907967  61.753128  73.617813  84.950935  95.244530  103.794373  109.831253  112.017654  109.293282  102.962967  93.843903  83.325470  72.204376  60.651878  49.698906  41.164951 
 45.614220  56.631096  69.117966  82.276718  95.344063  107.751251  118.664841  126.561722  129.433289  126.030945  117.908905  106.318436  93.707184  80.736404  67.817032  55.305000  44.227085 
 48.800468  61.309845  75.093750  89.292816  104.157341  118.677185  132.107651  141.196564  144.514999  140.612350  130.977036  117.358444  102.337189  87.788284  73.572968  59.948753  47.378746 
 50.877754  64.670471  79.183594  94.216721  110.460938  126.763596  141.613434  151.177505  154.411880  150.563126  140.658752  125.475311  108.541405  92.515160  77.571877  63.200470  49.616508 
 51.908028  65.943436  80.935623  96.544533  112.914536  130.061569  145.020782  154.947495  158.147964  154.299377  144.774063  129.173752  111.927811  95.312187  79.466408  64.420624  50.671455 
 51.127808  65.011566  79.726410  94.790939  110.681564  127.054382  141.678131  151.607971  154.695007  150.842651  141.422028  126.604691  108.975937  93.137497  77.813591  63.447189  50.131355 
 49.195625  62.071877  76.004059  90.039688  104.805313  119.203125  132.243912  141.594528  144.627808  140.766724  131.317184  117.902191  102.782188  88.382034  74.112656  60.512657  48.035782 
 46.118183  57.284218  70.082184  83.015778  95.862816  108.024689  118.964691  126.803757  129.431244  126.155472  118.219223  106.872658  94.006721  81.158752  68.356247  55.883438  44.785522 
 43.656040  51.825623  62.906403  74.535004  85.824066  96.003281  104.554375  110.763908  112.959381  110.312500  103.684998  94.581253  84.093437  72.896721  61.186409  50.373749  42.036667 
 41.851563  46.712814  54.870468  64.784843  74.446251  83.213127  90.034065  94.659843  96.140625  94.143440  89.027496  81.716248  72.955780  63.194221  53.065468  44.720936  39.979691 
 39.084061  42.914063  47.149845  54.311302  62.607498  69.815628  75.482819  79.032974  80.231453  78.846352  74.675415  68.795418  61.222237  52.990677  45.024426  40.768021  37.839691 
 } 
 GR Channel
 {
 49.163643  54.386147  60.372444  69.595108  78.712914  86.358437  92.360733  95.950676  97.249634  95.739166  92.189064  86.279686  78.736298  69.553902  60.396194  54.254425  49.657349 
 53.755730  60.316559  70.132660  81.780937  92.576248  101.674690  108.927811  113.860474  115.471100  113.649994  109.006561  101.729691  92.471092  81.949532  70.583908  60.415466  53.580261 
 56.915581  67.079529  79.680000  93.009216  105.224373  116.399216  125.528442  131.931717  134.460632  131.952194  125.540787  116.364685  105.063126  93.082809  80.109528  67.289375  56.686874 
 60.752243  73.902031  88.110626  102.681091  116.868286  130.492035  142.328598  150.918900  154.243591  150.660156  142.662186  130.673431  116.896408  102.912811  88.542816  74.148125  60.832291 
 64.497711  79.351875  94.861877  110.458282  126.665466  142.753433  157.610626  167.372650  171.111252  167.323441  157.820160  143.480316  126.875000  111.053284  95.197189  79.523285  64.847656 
 67.039276  83.144684  99.355782  115.938751  133.620789  151.764694  168.268433  178.620789  182.159225  178.522034  168.768906  152.679688  133.977493  116.325943  99.670158  83.379059  67.599480 
 68.229424  84.620468  101.255157  118.437805  136.461243  155.573746  172.093750  182.752655  186.177185  182.740158  173.432968  157.064224  138.044220  119.660934  102.094063  84.817032  68.690575 
 67.205833  83.531250  99.928909  116.499374  133.988907  152.473755  168.763901  179.216248  182.776566  179.237350  170.030472  154.324524  134.669998  116.939224  100.039215  83.669060  67.999481 
 64.809425  80.067970  95.746407  111.493439  127.714844  143.989059  158.795151  168.838440  172.389374  168.943909  159.474380  144.958755  128.208130  111.952187  95.921249  80.344528  65.398491 
 60.993385  74.668594  89.318123  103.906097  118.051254  131.853745  144.058594  152.505783  155.665787  152.930618  144.690628  132.589066  118.511414  104.093285  89.423752  74.890778  61.577660 
 57.803902  68.235779  81.175629  94.486717  106.940628  118.188431  127.561096  134.329681  136.764374  134.474838  127.770309  118.275787  106.880310  94.449684  81.032814  68.063591  57.707550 
 55.002708  62.001877  71.730782  83.297340  94.248283  103.670311  111.036247  116.103287  117.948746  116.024841  110.832184  103.246719  93.820625  83.027031  71.249535  61.196251  54.854584 
 50.514381  56.459373  62.051407  70.737976  80.177238  88.024063  94.128746  98.091820  99.579170  98.245476  94.158852  87.789841  79.851875  70.336823  61.057648  55.627090  51.606255 
 } 
 GB Channel
 {
 49.312813  54.507393  60.830620  70.130310  79.900513  88.024063  94.215050  98.012451  99.455315  97.803078  93.746559  87.585052  79.387703  69.794533  60.401619  53.939636  49.321304 
 53.588646  60.119064  70.156876  82.167816  93.314690  102.805313  110.312347  115.538910  117.254059  115.317032  110.291565  102.686096  92.949371  81.892654  70.057655  59.611092  52.728394 
 56.262398  66.626564  79.353439  92.909065  105.587967  117.074524  126.586563  133.377808  135.893127  133.340317  126.592026  117.008591  105.176407  92.784843  79.239845  66.140160  55.515778 
 59.826515  73.126717  87.497345  102.179375  116.612350  130.652039  143.037506  151.916718  155.309372  151.672348  143.225784  130.852036  116.527817  102.103439  87.273438  72.481873  59.194794 
 63.209427  78.156715  93.631874  109.355316  125.887344  142.341095  157.497345  167.680466  171.560623  167.712341  157.787338  143.109375  126.039841  109.610001  93.535934  77.552032  62.811401 
 65.385361  81.518906  97.595001  114.245316  131.913437  150.548904  167.125931  177.820465  181.850632  178.045319  168.085312  151.677505  132.592819  114.543121  97.611404  81.164528  65.265991 
 66.499687  82.800934  99.321564  116.507660  134.330307  153.740463  170.409531  181.323288  185.214996  181.630157  172.080780  155.515320  136.184692  117.547974  99.620628  82.347343  66.275879 
 65.585518  81.708435  97.905937  114.369370  131.844681  150.341721  166.838440  177.782349  181.447968  177.907501  168.545471  152.471878  132.806244  114.793594  97.602814  81.140938  65.516357 
 63.215782  78.415154  93.875626  109.521408  125.660309  141.973907  156.897339  167.304214  171.147659  167.662338  158.068436  143.325470  126.263123  109.820465  93.564690  78.025002  62.954590 
 59.535934  73.112190  87.673592  102.097343  116.376404  130.017807  142.461411  151.134842  154.554062  151.793121  143.326874  130.910156  116.571564  102.116562  87.254845  72.717812  59.502815 
 56.643753  66.947502  79.962029  93.082970  105.535309  116.943130  126.537033  133.323746  136.027649  133.674683  126.760941  117.029068  105.357185  92.737190  79.222656  66.245781  56.003906 
 54.180260  60.924217  70.716560  82.223282  93.107658  102.758904  110.414841  115.560944  117.510468  115.529526  110.113129  102.303436  92.648590  81.556564  69.793907  59.753906  53.473274 
 50.035263  55.721512  61.239479  69.995155  79.590782  87.728287  93.928391  98.089684  99.667763  98.203079  93.804375  87.309273  79.173393  69.422401  59.901611  54.447029  50.375366 
 } 
 B Channel
 {
 17.667133  19.561718  22.474220  27.068230  31.720467  35.503700  38.356148  40.001041  40.514168  39.723801  37.911774  34.909271  30.943489  26.515625  22.186874  19.233803  17.450882 
 19.623386  22.448593  27.093594  32.816563  38.102345  42.445156  45.841564  47.970627  48.567497  47.482346  45.177189  41.665939  37.172031  32.105625  26.693127  22.077343  19.268387 
 20.856041  25.636875  31.621250  37.976093  43.873749  49.021248  53.079689  55.813438  56.721252  55.404999  52.392502  48.034843  42.744843  37.054844  31.018280  25.192188  20.734688 
 22.547764  28.879219  35.552032  42.358124  48.915779  54.983910  60.142654  63.729691  64.911873  63.300934  59.510315  53.947342  47.779686  41.409218  34.755470  28.286251  22.582500 
 24.245781  31.351406  38.594376  45.721718  52.948753  60.081879  66.409691  70.376564  71.807190  69.957970  65.622185  59.129219  51.794373  44.723125  37.621719  30.811718  24.382347 
 25.365414  32.946251  40.495625  47.844532  55.616409  63.507965  70.404686  74.510002  75.883438  74.083435  69.653595  62.561409  54.493439  46.761719  39.473125  32.451717  25.716095 
 25.826252  33.428749  41.127655  48.715622  56.453751  64.584846  71.516090  75.795471  77.138123  75.382034  71.124222  63.995316  55.883751  47.889999  40.239845  32.979374  26.068958 
 25.288853  32.785938  40.388126  47.702969  55.194534  62.847343  69.725159  74.041565  75.211250  73.484840  69.388283  62.655472  54.353752  46.652344  39.255314  32.339062  25.795731 
 24.225834  31.122501  38.415939  45.383595  52.230621  58.997658  65.183281  69.292503  70.495941  68.848595  64.625778  58.460625  51.308907  44.360157  37.379219  30.774845  24.473801 
 22.447865  28.497658  35.335938  41.864063  47.902969  53.547966  58.631409  62.119843  63.234688  61.820938  58.199997  53.055939  47.035156  40.824062  34.349998  28.161720  22.599842 
 20.892971  25.434845  31.455780  37.534061  42.911564  47.627186  51.633751  54.425156  55.299690  54.098907  51.157188  46.980312  42.026093  36.535625  30.510468  25.026093  20.636719 
 19.587654  22.420780  26.882343  32.300938  37.205311  41.296875  44.498905  46.680000  47.253124  46.390156  44.067188  40.650623  36.355782  31.401875  26.038906  21.776562  19.338646 
 17.916405  20.177238  22.578800  26.743019  31.069893  34.695210  37.402866  39.242916  39.727707  38.979950  37.160103  34.238129  30.503490  26.016876  21.693695  19.475731  18.078644 
 } 


 White Balance Data with optical Center Data
 r_center_x =  665 r_center_y =  499 
 gr_center_x =  645 gr_center_y =  494 
 b_center_x =  652 b_center_y =  466 
 gb_center_x =  675 gb_center_y =  464 
 r/gr 0.848968 
 b/gr 0.413677 
 gb/gr 0.994144 
 r_oc_ave 158.515549 
 b_oc_ave 77.239998 
 gr_oc_ave 186.715561 
 gb_oc_ave 185.622223 

 [AWB]
 RGr =  0.848968 
 BGr =  0.413677 
 GbGr =  0.994144 
 r_oc_ave =  158.515549 
 b_oc_ave =  77.239998 
 gr_oc_ave =  186.715561 
 gb_oc_ave =  185.622223 