 LEFT LENS SHADING DATA
 RED Channel
 {
 35.690727  38.556980  43.000729  50.637970  58.513962  65.616982  71.046196  74.368797  75.664063  74.377342  70.801201  65.409431  58.393753  50.647705  43.175678  38.139584  35.333332 
 38.280312  42.940311  50.979065  60.869843  70.315628  78.622810  85.471405  89.948593  91.567810  89.665466  85.226410  78.285469  69.879997  60.669373  51.082970  42.742500  37.664165 
 40.300472  48.398590  58.950623  70.377815  81.334999  91.505783  100.230469  106.173752  108.123909  105.677971  99.825470  91.095627  80.824219  70.142502  58.937813  48.222031  39.990574 
 43.237293  54.116875  66.277657  79.036560  91.691872  103.916718  114.871719  122.477661  125.238281  121.960938  114.406097  103.385780  90.996559  78.590309  65.998436  53.718750  43.172501 
 46.303230  58.811562  72.211250  86.104065  100.598747  115.021088  128.103912  137.034378  140.170471  136.582184  127.522812  114.398438  99.692657  85.336716  71.494064  58.252968  46.135262 
 48.348701  61.866409  76.156250  91.084373  106.928749  122.990311  137.475006  147.078125  150.397186  146.675629  137.095779  122.456253  105.911095  90.248749  75.441406  61.429375  48.441879 
 49.053909  63.068283  77.839218  93.491409  109.631874  126.541412  141.167496  150.985474  154.256409  150.529373  141.308899  126.233444  109.254845  92.858910  77.233284  62.596092  49.412132 
 48.514740  61.985779  76.630157  91.840157  107.649216  123.744537  138.271255  147.919998  151.145004  147.261414  138.257034  123.683746  106.596405  90.886719  75.803749  61.618279  48.835991 
 46.715103  59.134689  72.961403  87.339996  102.035309  116.406097  129.539368  138.537186  141.564850  137.889694  128.775940  115.404068  100.784378  86.379372  72.213593  58.783592  46.835056 
 43.988022  54.667191  67.343903  80.385468  93.353592  105.633438  116.537964  124.160934  126.835785  123.815155  116.009537  104.792656  92.262970  79.547653  66.603905  54.265778  43.798492 
 41.763905  49.563278  60.458282  72.179375  83.438751  93.765938  102.576248  108.442345  110.635155  108.087814  101.834061  92.782341  82.329529  71.188126  59.627029  48.979843  40.915054 
 40.404686  44.829689  52.686562  62.670937  72.328125  80.984528  87.901566  92.450470  94.047340  92.168434  87.416252  80.186409  71.398750  61.724686  51.771095  43.706093  39.126305 
 38.190937  41.508434  45.604481  52.678848  60.942291  68.175995  73.835312  77.331093  78.419632  77.369690  73.548752  67.734940  60.194168  51.896355  44.315468  40.235470  37.468803 
 } 
 GR Channel
 {
 48.815002  53.290001  59.164993  68.392502  77.453697  85.237663  91.232033  94.647240  96.191933  94.438072  90.659637  84.745674  76.925102  68.019585  59.255882  53.115417  49.063332 
 53.029167  59.412498  69.150002  80.665001  91.332657  100.424530  107.712654  112.674530  114.152969  112.160782  107.208595  99.787971  90.417191  80.231247  69.197342  58.972504  52.643745 
 56.077446  66.315155  78.849533  91.850311  104.105156  115.296402  124.663132  130.972656  133.051712  130.311249  123.888901  114.322037  103.037186  91.188751  78.531715  65.820313  55.666565 
 60.108910  73.332031  87.441254  101.809372  116.047501  129.697495  141.537338  149.851563  152.567963  149.101089  140.769531  128.620468  114.792816  100.981873  86.794373  72.651566  59.795731 
 63.927292  78.913124  94.375778  110.144379  126.317963  142.445618  156.893127  166.301880  169.464539  165.657974  155.829056  141.278748  124.771713  108.793747  93.392342  78.208435  63.664276 
 66.587288  82.759377  99.224533  116.012344  133.706100  151.665161  167.563431  177.725006  180.970779  176.831879  166.482346  150.338913  131.951096  114.493591  98.040466  82.102341  66.720474 
 67.576927  84.111717  101.275780  118.928757  136.928284  155.805618  171.860931  182.039993  185.260620  181.286880  171.381882  155.049377  136.184692  117.888748  100.427498  83.595779  67.775566 
 66.594795  82.851875  99.792030  116.857498  134.660309  152.777344  168.796570  178.977341  182.169693  177.942657  168.228287  152.292816  133.027817  115.415787  98.484222  82.353752  67.066246 
 64.332756  79.462967  95.571404  111.890312  128.261871  144.576569  159.095154  168.880463  171.879532  167.864380  157.677185  143.004211  126.315933  110.151405  94.344528  78.976250  64.537918 
 60.787292  73.960625  88.899376  103.846092  118.346252  132.220474  144.324997  152.680618  155.435150  151.914063  143.315002  130.718750  116.611404  102.317497  87.747345  73.366562  60.659065 
 57.683022  67.758438  80.758904  94.293121  107.032341  118.543121  128.234528  134.674850  136.987183  134.011719  126.855621  116.735001  105.078751  92.652657  79.432190  66.779846  56.815056 
 55.198799  61.718597  71.288437  82.969688  93.986717  103.638435  111.323593  116.188751  117.782028  115.598434  110.071251  102.056564  92.362816  81.370003  69.848434  60.214218  54.189011 
 51.538795  57.170471  62.242599  70.911766  80.410675  88.508026  94.769218  98.672081  99.891823  98.306770  93.945831  87.545311  78.994064  69.454590  60.435524  55.277756  51.515266 
 } 
 GB Channel
 {
 49.022346  53.481934  59.654114  69.175209  78.791565  87.319633  93.735413  97.678024  99.137756  97.535522  93.487862  86.976875  78.668808  69.263702  60.078232  53.524788  49.461868 
 52.820679  59.255470  69.403908  81.311874  92.590309  102.294846  110.160004  115.507187  117.385468  115.174683  109.993904  102.111877  92.193596  81.276405  69.762810  59.226875  52.865211 
 55.484222  65.841095  78.616722  92.073441  104.969215  116.718124  126.674225  133.558899  135.924683  133.215317  126.486099  116.418121  104.542656  92.049217  78.923279  65.787811  55.491150 
 58.989998  72.425003  86.866722  101.757660  116.409378  130.721405  143.224533  152.057816  155.161880  151.602341  143.015320  130.415314  116.007187  101.556564  86.816719  72.264534  59.278076 
 62.486610  77.653908  93.421875  109.396721  126.143280  142.807495  157.773438  167.919373  171.627350  167.631256  157.623123  142.615631  125.551254  109.058281  93.068909  77.494064  62.765312 
 64.900269  81.095467  97.733124  114.833282  132.841568  151.344849  167.683121  178.373276  182.015472  178.151245  167.810944  151.204849  132.285004  114.256714  97.311409  81.143280  65.428490 
 65.525208  82.289375  99.487816  117.265472  135.598755  154.843445  171.326248  182.069534  185.815781  181.990936  172.064056  155.445313  136.186722  117.427185  99.526093  82.523903  66.544113 
 64.615730  80.979065  97.892029  115.235931  133.033752  151.704376  167.954681  178.672028  182.500473  178.405777  168.551880  152.359375  132.703430  114.706253  97.591248  81.171722  65.646088 
 62.559738  77.627029  93.812653  110.122810  126.827194  143.307343  158.139374  168.442337  171.985001  168.009369  157.996719  142.932037  125.960159  109.488594  93.333282  77.789063  63.271149 
 59.178490  72.443283  87.392342  102.481560  117.126251  131.272034  143.702347  152.272339  155.398132  152.266251  143.434372  130.746399  116.342499  101.766716  86.889687  72.491409  59.514946 
 56.458382  66.561096  79.528282  93.219215  106.145622  117.810150  127.731400  134.557037  137.075775  134.406250  127.266556  116.858276  104.962029  92.248596  78.810936  66.152031  56.078911 
 54.474739  60.864532  70.511253  82.260941  93.442970  103.371407  111.250626  116.560150  118.400940  116.233902  110.650002  102.483124  92.366249  81.226250  69.461090  59.727501  53.820419 
 51.133492  56.431404  61.808334  70.513435  80.208176  88.606201  95.094795  99.362862  100.725929  99.292442  94.895828  88.081459  79.559586  69.467918  60.307137  55.252914  51.214165 
 } 
 B Channel
 {
 17.262135  19.105469  21.625782  26.120312  30.683853  34.680729  37.505260  39.088959  39.692341  38.988956  37.146042  34.400261  30.601303  26.235367  21.924427  19.093803  17.392555 
 19.044220  21.946095  26.498905  31.952812  37.118439  41.585312  45.059219  47.254375  47.791718  46.873123  44.724377  41.250469  36.853592  31.895157  26.524220  21.937344  19.177135 
 20.303329  25.238750  31.192188  37.265156  42.950939  48.232658  52.559219  55.313126  56.181091  55.000000  52.066559  47.754063  42.493595  36.982811  30.996407  25.180000  20.617085 
 22.135468  28.448593  35.142189  41.836563  48.148590  54.330627  59.740936  63.457184  64.561409  62.946877  59.252190  53.917030  47.644062  41.281406  34.732655  28.378750  22.544998 
 23.879166  30.935001  38.261562  45.386406  52.545158  59.539375  66.049217  70.238594  71.588753  69.783592  65.557503  59.134377  51.727654  44.540470  37.636250  30.968281  24.295155 
 25.028542  32.463123  40.150780  47.737812  55.305153  63.077347  70.055153  74.512970  76.070938  74.217033  69.721092  62.604530  54.511406  46.749218  39.450939  32.560158  25.556614 
 25.425831  32.951248  40.908127  48.674217  56.399376  64.441406  71.365623  75.827972  77.343124  75.660782  71.336716  64.207344  55.904686  47.956562  40.330467  33.161877  25.910625 
 24.901772  32.378437  40.087032  47.725155  55.322502  62.966248  69.806877  74.166565  75.696091  73.992653  69.833282  62.992500  54.520157  46.803905  39.391251  32.458126  25.593544 
 23.789425  30.752968  38.176407  45.489376  52.575470  59.379997  65.448753  69.665001  71.089066  69.392815  65.203438  58.821404  51.589531  44.484062  37.525623  30.867813  24.356144 
 22.113647  28.225311  35.119686  41.950939  48.286407  54.176094  59.161560  62.641251  63.956253  62.575623  58.985001  53.591248  47.454845  41.102657  34.616093  28.356564  22.565731 
 20.678696  25.290157  31.374687  37.590157  43.331406  48.315468  52.346718  54.985626  56.059219  54.874374  52.011719  47.644218  42.456718  36.758751  30.807968  25.259220  20.736092 
 19.622501  22.482498  26.953751  32.468750  37.592499  41.865158  45.138439  47.249844  47.940781  47.052811  44.764999  41.247814  36.769062  31.669376  26.309219  22.127029  19.520992 
 18.410000  20.899582  23.471664  27.584167  32.119999  35.962032  38.937603  40.689636  41.044323  40.554897  38.533752  35.536560  31.519062  26.813957  22.528179  20.429321  18.675156 
 } 


 White Balance Data with optical Center Data
 r_center_x =  636 r_center_y =  499 
 gr_center_x =  644 gr_center_y =  497 
 b_center_x =  666 b_center_y =  481 
 gb_center_x =  644 gb_center_y =  496 
 r/gr 0.832390 
 b/gr 0.416135 
 gb/gr 1.004586 
 r_oc_ave 154.902222 
 b_oc_ave 77.440002 
 gr_oc_ave 186.093338 
 gb_oc_ave 186.946671 

 [AWB]
 RGr =  0.832390 
 BGr =  0.416135 
 GbGr =  1.004586 
 r_oc_ave =  154.902222 
 b_oc_ave =  77.440002 
 gr_oc_ave =  186.093338 
 gb_oc_ave =  186.946671 