 LEFT LENS SHADING DATA
 RED Channel
 {
 36.286613  39.574947  43.470833  50.865150  58.905624  65.852608  71.225937  74.550835  75.742134  74.413177  71.017654  65.456459  58.496147  50.854218  43.608383  39.282185  36.483440 
 39.329533  43.682655  51.068748  60.985779  70.470627  78.608437  85.359688  89.996246  91.602341  89.757965  85.322029  78.403122  70.051559  60.932343  51.373596  43.414688  38.782604 
 41.323177  48.949219  59.043907  70.429535  81.279060  91.326874  100.024689  106.021095  108.079842  105.823753  99.931717  91.220467  81.063438  70.435783  59.235779  48.699997  40.708752 
 44.118855  54.662186  66.387657  78.984062  91.546097  103.779060  114.767654  122.612976  125.347504  122.270157  114.709534  103.693123  91.375313  79.001251  66.405785  54.300629  43.648956 
 47.096409  59.339531  72.335938  85.997971  100.360779  114.901871  128.306412  137.598282  140.800476  137.342346  128.226868  115.092194  100.258438  86.094063  72.216721  58.866249  46.907497 
 49.126091  62.607971  76.379845  91.012810  106.919533  123.352493  138.203278  148.303436  151.652817  147.901093  138.279068  123.495468  106.704689  91.006096  76.160469  62.195313  49.214897 
 50.100052  63.949844  78.390778  93.656097  109.986877  127.264374  142.458282  152.628601  155.983124  152.387650  143.002502  127.897659  110.445160  93.968597  78.188591  63.620155  50.057037 
 49.673279  63.158905  77.443909  92.275627  108.315002  124.812195  139.889221  150.102341  153.562347  149.811401  140.472656  125.640320  108.181091  92.090622  76.966721  62.761406  49.780785 
 47.666874  60.375626  74.066719  88.000000  102.677032  117.408432  131.087967  140.702972  144.234680  140.444214  131.152649  117.612350  102.489845  87.801247  73.570000  60.167969  47.969013 
 44.887966  55.879845  68.522034  81.308907  94.057503  106.514221  117.853912  126.095474  129.022507  126.089371  118.132660  106.732185  93.879372  81.074066  67.917816  55.569687  44.859684 
 42.389114  50.741409  61.751877  73.355469  84.232811  94.624687  103.620155  110.059059  112.430313  110.031250  103.573593  94.407188  83.817970  72.671410  61.002815  50.203903  42.085781 
 40.753174  45.749218  53.893280  63.941093  73.509529  81.946404  89.054062  93.862030  95.475624  93.799377  88.826561  81.548439  72.782188  63.221565  53.151093  45.017811  40.422813 
 38.289425  42.009842  46.645153  54.013390  62.210159  69.141617  74.644058  78.467659  79.484375  78.557709  74.739899  68.804268  61.552605  53.279480  45.517136  41.326145  38.466560 
 } 
 GR Channel
 {
 48.014122  53.029945  58.329895  67.138596  76.546043  84.496407  90.481720  94.176880  95.528229  93.754265  89.870781  83.665733  75.661095  66.601509  58.039116  52.434166  48.433334 
 52.824951  58.937653  68.256561  79.865471  90.950623  100.097031  107.439842  112.293121  114.031555  111.885941  106.877655  99.385315  89.952972  79.337967  67.908905  58.132500  52.005417 
 55.894379  65.855621  78.155624  91.413750  103.891563  115.086563  124.315781  130.611725  132.765472  130.230621  123.884537  114.342651  103.088440  90.940468  77.815468  65.089691  54.980934 
 59.767082  72.904999  86.959686  101.504997  115.748276  129.430939  141.292038  149.417816  152.381561  149.040466  140.772507  128.730316  114.831879  100.774216  86.369377  72.022499  59.187500 
 63.550102  78.784691  94.103752  109.707657  125.853287  142.006714  156.790939  166.153122  169.054840  165.177963  155.533279  141.183441  124.639526  108.808746  93.033905  77.480782  63.029327 
 66.409637  82.817345  98.993904  115.651245  133.369995  151.629532  167.255936  177.557816  180.647186  176.764526  166.587189  150.624222  131.984375  114.645309  97.832497  81.627190  66.023857 
 67.536461  84.426872  101.358124  118.644058  136.482025  155.395462  171.795944  182.471558  185.909378  182.026566  172.107346  155.592346  136.553589  118.301407  100.545311  83.497498  67.120827 
 66.774376  83.394379  100.208748  116.807037  134.265472  152.356720  169.042816  179.903275  183.279068  179.225937  169.297806  153.193436  133.812195  115.886566  98.877029  82.260155  66.686615 
 64.387657  79.970779  96.150154  111.874062  128.032349  144.581253  159.566559  169.809372  173.163437  169.144531  159.040787  144.203903  127.423126  110.871094  94.779221  79.031563  64.173645 
 60.638176  74.464218  89.394684  104.061096  118.422806  132.332184  144.753128  153.342346  156.563904  153.162033  144.585464  132.040314  117.596405  103.114220  88.104065  73.434532  60.325157 
 57.385101  68.048439  81.048904  94.775002  107.207657  118.701874  128.372025  135.213913  137.653275  134.993744  127.845779  117.745316  106.001877  93.215935  79.694847  66.749222  56.594841 
 54.814949  61.736404  71.476715  83.410469  94.489845  103.880157  111.619690  116.802658  118.453598  116.488434  111.042343  102.975311  93.037498  81.843124  70.080154  60.179375  53.916458 
 50.422035  56.171616  61.946510  71.004005  80.635468  88.701202  94.701355  98.833275  100.247551  99.001350  94.675468  87.980316  79.417923  69.596878  60.332451  55.126457  50.899376 
 } 
 GB Channel
 {
 48.373642  53.400734  58.978439  68.193855  78.268646  86.635475  93.201096  97.240471  98.760002  97.153435  92.986412  86.177399  77.664116  68.091560  58.877754  53.060989  48.904739 
 52.922821  59.059059  68.570938  80.694687  92.250313  102.103592  109.867966  115.249847  117.307495  115.073441  109.899529  101.875313  91.812653  80.632813  68.765472  58.570778  52.274734 
 55.571411  65.548279  78.195313  91.938126  104.924843  116.746719  126.440781  133.337967  135.796722  133.331726  126.632507  116.600937  104.742188  91.997498  78.331093  65.190781  54.880989 
 59.032028  72.178909  86.576248  101.588280  116.205154  130.496872  142.965317  151.697037  154.883911  151.641251  143.259995  130.543442  116.129532  101.535309  86.509216  71.769997  58.684174 
 62.329369  77.628128  93.114059  108.975937  125.677185  142.336090  157.705002  167.732025  171.090149  167.249374  157.375473  142.487183  125.502182  109.055000  92.796097  76.920784  62.176407 
 64.841309  81.269844  97.495781  114.349533  132.374069  151.014374  167.278122  178.028122  181.741562  177.873596  167.636566  151.304382  132.336563  114.548752  97.292969  80.730782  64.916412 
 65.796295  82.663597  99.533592  117.017975  134.996246  154.102341  170.830933  182.110931  186.095154  182.385620  172.427338  155.933746  136.418900  117.797806  99.641251  82.311722  65.981094 
 65.064529  81.491409  98.363129  114.974533  132.582184  150.974686  167.880463  179.282501  183.032654  179.255783  169.302338  153.070313  133.382187  115.200775  97.819534  81.059219  65.335678 
 62.592766  78.172966  94.322815  109.984688  126.405472  143.142654  158.443756  169.177032  172.835632  169.066711  158.992035  144.009995  126.776566  110.035469  93.637344  77.744377  62.858543 
 59.185829  72.873749  87.703751  102.479691  116.960159  131.057190  143.578751  152.847351  156.280777  153.051559  144.446564  131.800781  117.173752  102.317032  87.044685  72.296722  59.263176 
 56.219849  66.691719  79.688591  93.394844  105.995941  117.716400  127.701401  134.780945  137.579376  134.934219  127.870621  117.513901  105.606873  92.663124  78.923904  65.907028  55.787651 
 53.906868  60.701874  70.494843  82.452812  93.677345  103.455154  111.295158  116.790314  118.850311  116.792343  111.176407  102.965157  92.765160  81.395782  69.458908  59.506874  53.516037 
 50.056877  55.447716  61.149635  70.484894  80.305885  88.611198  94.820786  99.400307  100.789063  99.370888  95.117447  88.066620  79.517448  69.480568  59.889114  54.663544  50.719376 
 } 
 B Channel
 {
 17.291721  19.299217  21.567917  25.854218  30.528126  34.504425  37.374790  38.967762  39.397709  38.688488  36.879898  34.014271  30.169220  25.836979  21.600887  19.045628  17.468540 
 19.338802  21.942345  26.278751  31.681095  37.000626  41.454220  44.871876  46.930470  47.604374  46.568283  44.429062  40.989689  36.587345  31.596561  26.187344  21.774376  19.156872 
 20.541981  25.142811  30.936874  37.054062  42.748436  47.928749  52.212029  54.894531  55.703278  54.530624  51.733597  47.491718  42.427967  36.826561  30.732033  25.011562  20.571976 
 22.362602  28.425938  34.984219  41.562813  47.843281  53.890625  59.326408  62.846565  63.809998  62.361252  58.828125  53.590157  47.558125  41.277813  34.693905  28.244686  22.433437 
 24.051044  31.009377  38.098438  45.037498  52.033592  58.977188  65.471092  69.612030  70.724998  69.090469  65.004372  58.859222  51.724686  44.720936  37.666248  30.815937  24.315937 
 25.299427  32.680470  40.079533  47.391563  54.936562  62.581253  69.604378  74.076248  75.382500  73.663750  69.344215  62.518906  54.541252  47.010311  39.570000  32.544689  25.512188 
 25.774166  33.382500  41.054062  48.688438  56.185623  64.143127  71.108124  75.754532  77.077187  75.371407  71.251717  64.333122  56.196877  48.344841  40.599842  33.288906  26.080364 
 25.363384  32.797344  40.356564  47.818283  55.266876  62.759377  69.659065  74.277496  75.716408  74.171722  70.038750  63.370316  55.075935  47.296719  39.821564  32.734062  25.840733 
 24.113644  31.202812  38.536251  45.609531  52.608437  59.398125  65.571404  70.092812  71.641090  70.041405  65.882813  59.539063  52.332657  45.140156  38.024689  31.278126  24.668961 
 22.333748  28.663750  35.595779  42.173752  48.394218  54.227028  59.381721  63.094063  64.600311  63.407967  59.716560  54.372658  48.096878  41.655468  34.969219  28.630936  22.788853 
 20.856304  25.671093  31.781406  38.032032  43.577656  48.489685  52.551094  55.554688  56.738434  55.732811  52.681091  48.303596  43.017033  37.292969  31.188751  25.528595  21.114635 
 19.627396  22.685314  27.339844  32.856876  37.927658  42.154686  45.430000  47.632343  48.503128  47.763748  45.361095  41.815468  37.290627  32.131718  26.704220  22.405155  19.803699 
 18.304897  20.728226  23.434219  27.755207  32.365360  36.103436  39.007915  40.674217  41.269791  40.831253  39.022137  35.826092  31.700207  27.026924  22.622341  20.445778  18.921616 
 } 


 White Balance Data with optical Center Data
 r_center_x =  661 r_center_y =  496 
 gr_center_x =  632 gr_center_y =  523 
 b_center_x =  633 b_center_y =  490 
 gb_center_x =  652 gb_center_y =  496 
 r/gr 0.837557 
 b/gr 0.412413 
 gb/gr 0.999287 
 r_oc_ave 156.720001 
 b_oc_ave 77.168892 
 gr_oc_ave 187.115555 
 gb_oc_ave 186.982224 

 [AWB]
 RGr =  0.837557 
 BGr =  0.412413 
 GbGr =  0.999287 
 r_oc_ave =  156.720001 
 b_oc_ave =  77.168892 
 gr_oc_ave =  187.115555 
 gb_oc_ave =  186.982224 