 LEFT LENS SHADING DATA
 RED Channel
 {
 34.978230  37.999065  42.018593  49.002502  56.788750  63.681870  69.418076  72.879532  74.108963  72.703590  69.339478  63.834068  57.018646  49.439484  42.386356  38.355209  35.576038 
 37.294895  41.725311  49.364220  58.971252  68.308746  76.690628  83.622032  88.560158  90.059372  88.107971  83.760315  76.700310  68.455315  59.347809  49.858437  42.264374  38.015209 
 39.077030  46.567657  57.043121  68.386871  79.301407  89.529221  98.161560  104.333122  106.544060  103.904846  98.037346  89.411560  79.331566  68.769844  57.472656  47.201248  39.831253 
 41.802341  51.921722  63.980621  76.827034  89.575470  101.876404  112.719055  120.390320  123.376877  120.012192  112.517654  101.541718  89.383904  77.137497  64.519066  52.623596  42.573383 
 44.709164  56.337502  69.612968  83.780312  98.317345  112.744370  125.818436  134.798904  138.267181  134.287659  125.284378  112.342026  98.097031  84.108437  70.243279  57.150314  45.420315 
 46.734531  59.391403  73.356873  88.394066  104.348434  120.793900  134.959213  144.570007  148.152344  144.184372  134.804382  120.332809  104.059059  88.871407  74.056252  60.386719  47.711926 
 47.434372  60.658127  74.845627  90.578751  107.068748  124.226089  138.769379  148.450943  152.056717  148.124695  138.923431  124.012650  107.237030  91.288750  75.828751  61.549217  48.596924 
 46.738857  59.733437  73.702499  88.682816  104.884842  121.179062  135.577972  145.338913  148.916718  144.866882  135.761246  121.312347  104.352341  89.114532  74.358749  60.590469  47.937759 
 44.921825  56.969528  70.183441  84.182816  99.072815  113.699371  126.569061  135.681091  139.180939  135.422180  126.210159  113.149216  98.583595  84.596718  70.717499  57.730469  46.056507 
 42.138493  52.588280  64.672028  77.337189  90.270470  102.778908  113.472656  121.204056  124.089844  121.080154  113.332184  102.244530  89.932816  77.561562  65.075310  53.232658  43.059532 
 39.558804  47.542343  58.010315  69.289063  80.476410  90.728752  99.255310  105.226250  107.325470  104.947502  98.849846  90.258438  80.066719  69.331879  58.126717  47.947033  40.346405 
 38.078438  42.720936  50.443283  60.011871  69.383904  77.891716  84.655785  89.329376  90.741562  88.972343  84.376717  77.464691  68.987030  59.752502  50.176720  42.800156  38.399532 
 35.668854  38.823856  42.882236  49.840630  57.548698  64.532761  70.123901  74.001038  74.895309  73.620049  70.080261  64.553017  57.504326  49.724998  42.593178  38.611195  36.091614 
 } 
 GR Channel
 {
 47.619213  52.797134  58.385208  67.045937  75.997818  83.744324  89.709007  93.500618  94.684898  92.876244  89.250366  83.209068  75.593018  66.843956  58.440315  53.103172  48.542763 
 51.905472  58.377342  68.070625  79.428436  90.052811  99.147034  106.426720  111.580627  113.236557  110.892502  106.292656  98.697815  89.619690  79.395622  67.997810  58.649216  52.641098 
 54.943176  64.861717  77.640938  90.865784  103.127342  114.268600  123.505463  129.948120  132.272507  129.254684  123.054214  113.640778  102.570938  90.799217  77.638435  65.207970  55.581100 
 58.767288  71.571877  85.985626  100.837341  115.327347  128.967972  140.749222  149.026566  151.961868  148.172974  140.347504  128.141098  114.487976  100.741722  86.210938  71.967659  59.308273 
 62.458023  77.008438  92.739220  108.867813  125.478439  141.822189  156.303284  165.869690  169.251724  165.070618  155.451569  141.085632  124.707184  108.918121  92.947655  77.404846  62.928383 
 65.095940  80.940941  97.187347  114.433746  132.524063  151.087341  167.167664  177.395157  180.715775  176.420624  166.437973  150.383438  131.715149  114.409851  97.570160  81.394684  65.812187 
 66.177345  82.295471  98.904686  116.877655  135.549683  154.907501  171.472351  181.753281  185.096100  180.787659  171.242188  154.867035  135.644058  117.515472  99.793121  82.740623  66.837708 
 65.200363  81.088905  97.391403  114.447037  133.076874  151.797653  168.181564  178.522034  181.758591  177.554535  167.850784  151.915939  132.328751  114.838745  97.918434  81.617340  66.124634 
 62.882141  77.802345  93.422501  109.406563  126.416412  143.172974  157.987503  167.779068  171.026413  167.293747  157.257339  142.558746  125.801407  109.667030  93.727341  78.208282  63.604317 
 59.184113  72.500153  86.956879  101.537971  116.370316  130.387650  142.693909  151.226410  154.076874  150.761566  142.493439  130.081253  115.970627  101.774529  87.201408  72.796562  60.037399 
 55.784584  66.378754  79.155472  92.324066  104.959534  116.400314  125.996094  132.487350  134.708908  132.014694  125.328903  115.868591  104.281403  91.929222  78.721878  66.266716  56.184845 
 53.343796  60.078590  69.752029  81.353752  91.925781  101.533127  108.879997  113.946869  115.554062  113.576401  108.443283  101.021248  91.468903  80.651253  69.058746  59.676720  53.506516 
 49.152138  54.317139  59.837242  68.488754  77.405983  85.352707  91.455002  95.511879  96.408646  95.084114  91.127663  85.162918  77.247032  67.940834  59.109589  53.967339  49.472763 
 } 
 GB Channel
 {
 47.018124  52.152290  57.920204  66.934425  76.320572  84.674171  91.053856  95.415054  96.667389  95.185265  91.438026  85.000000  76.920052  67.907402  58.990524  53.474060  48.865311 
 50.958961  57.505623  67.296875  78.949219  90.100784  99.864998  107.660934  113.322342  115.327820  113.080475  108.194687  100.498749  90.936096  80.222809  68.505936  58.906563  52.802399 
 53.767448  63.676407  76.546875  90.059845  102.854065  114.591095  124.428757  131.665939  134.250305  131.352341  124.999847  115.426880  103.795471  91.581406  77.995468  65.291252  55.525833 
 57.324799  69.975624  84.559845  99.611877  114.550629  128.838593  141.317032  150.388748  153.903442  150.336243  142.106094  129.633743  115.628281  101.350624  86.413124  71.898903  59.069954 
 60.755829  75.217499  90.805000  107.228279  124.208282  141.094528  156.154694  166.777817  170.844528  166.771561  156.983276  142.389694  125.411713  109.210938  92.957031  77.151878  62.364792 
 63.018440  78.610939  94.837654  112.174850  130.564682  149.576569  166.259064  177.337341  181.380463  177.378433  167.366257  151.084061  132.012344  114.473587  97.318436  80.892967  64.942764 
 63.818901  79.817032  96.324219  114.281723  133.206100  152.961411  169.985626  181.095474  185.175781  181.110779  171.545944  154.999374  135.736404  117.338745  99.376717  82.174377  65.958954 
 63.143387  78.636093  94.776878  111.839218  130.462189  149.589691  166.549225  177.733124  181.590942  177.581879  167.891403  151.718750  132.061569  114.411087  97.304840  80.828438  65.158020 
 60.804276  75.475937  90.872971  106.788124  123.877029  140.842194  156.189377  166.823441  170.729065  167.063431  157.101715  142.311401  125.401566  109.229065  93.107185  77.563126  62.786873 
 57.201775  70.364685  84.615471  99.231720  114.091248  128.297653  141.161087  150.218597  153.682037  150.715469  142.286713  129.923904  115.535156  101.190941  86.530624  72.173752  59.264999 
 54.332809  64.550316  77.146095  90.203751  103.044998  114.736877  124.812195  131.792816  134.512344  131.957031  125.336090  115.710632  103.944221  91.607346  78.261871  65.730621  55.572716 
 51.943443  58.613434  68.196716  79.679688  90.458748  100.203125  108.050468  113.471725  115.324997  113.568436  108.461090  100.928749  91.302971  80.520622  68.826561  59.368591  53.150475 
 48.109688  53.096352  58.594849  67.205109  76.304169  84.665627  90.936508  95.310677  96.613335  95.241776  91.425880  85.388748  77.366928  67.918541  58.907806  53.826302  49.482140 
 } 
 B Channel
 {
 16.814373  18.734795  21.607189  25.773750  30.217186  33.964008  36.975101  38.774117  39.505524  38.802032  37.022087  34.005157  30.061562  25.825207  21.731983  19.006874  16.872292 
 18.792294  21.346874  25.992188  31.583752  36.564686  40.950470  44.379688  46.762657  47.705936  46.815155  44.533749  40.943283  36.332813  31.475624  26.107811  21.520626  18.720207 
 20.064064  24.339062  30.456875  36.820156  42.470470  47.516563  51.715622  54.544373  55.799530  54.618279  51.650002  47.465782  42.091721  36.644218  30.489376  24.539375  19.965206 
 21.791561  27.527813  34.264843  41.211407  47.647968  53.685936  58.769997  62.481094  63.884064  62.503754  58.753593  53.360466  47.070469  40.877499  34.270000  27.686718  21.612343 
 23.390465  29.993595  37.156719  44.544846  51.826721  58.722191  64.900314  69.083435  70.662346  69.241875  64.701248  58.521561  51.166405  44.183594  37.173595  30.192657  23.277447 
 24.561409  31.587032  38.921875  46.584373  54.403122  62.185158  68.941254  73.281403  74.834846  73.416565  68.800629  61.903282  53.900780  46.329533  39.073124  31.929688  24.430523 
 24.881248  32.021252  39.355000  47.288280  55.260780  63.345467  70.234688  74.584221  76.096405  74.770622  70.283752  63.167343  55.264999  47.371563  39.822655  32.443905  24.794113 
 24.330677  31.361717  38.548595  46.047031  53.870628  61.651405  68.418747  72.778435  74.226097  72.870003  68.544533  61.644997  53.648590  46.047344  38.852188  31.800781  24.363071 
 23.093021  29.719688  36.642967  43.647812  50.789528  57.662346  63.792191  67.935623  69.500778  68.246872  63.759377  57.390938  50.641876  43.663906  36.913437  30.093281  23.115990 
 21.283646  27.120312  33.617031  39.996719  46.399532  52.139534  57.339996  60.875153  62.278282  61.052971  57.474686  52.002815  46.250313  40.098438  33.895313  27.576561  21.401562 
 19.713959  24.203125  29.862656  35.742500  41.261093  46.235939  50.313438  53.165779  54.253441  53.231560  50.373123  46.029221  41.144218  35.919846  30.072811  24.529842  19.703384 
 18.508434  21.298439  25.601875  30.760624  35.644062  39.960938  43.261875  45.536407  46.216564  45.442814  43.115158  39.616405  35.432499  30.777500  25.645939  21.465782  18.441822 
 17.002186  18.994270  21.545208  25.517292  29.761978  33.359684  36.086876  37.921616  38.276562  37.640732  35.876194  32.878700  29.182083  25.069168  21.144688  18.989738  16.998905 
 } 


 White Balance Data with optical Center Data
 r_center_x =  644 r_center_y =  509 
 gr_center_x =  632 gr_center_y =  508 
 b_center_x =  661 b_center_y =  484 
 gb_center_x =  668 gb_center_y =  478 
 r/gr 0.821019 
 b/gr 0.410868 
 gb/gr 0.999211 
 r_oc_ave 152.559998 
 b_oc_ave 76.346664 
 gr_oc_ave 185.817780 
 gb_oc_ave 185.671112 

 [AWB]
 RGr =  0.821019 
 BGr =  0.410868 
 GbGr =  0.999211 
 r_oc_ave =  152.559998 
 b_oc_ave =  76.346664 
 gr_oc_ave =  185.817780 
 gb_oc_ave =  185.671112 