 LEFT LENS SHADING DATA
 RED Channel
 {
 39.276718  42.943802  46.972397  54.223129  62.050156  69.042549  74.774109  78.395004  79.665779  78.162086  74.602234  68.790466  61.481712  53.423645  45.874691  41.237709  38.002293 
 41.634220  46.147343  53.835312  63.776878  73.262032  81.562347  88.541405  93.236252  94.747658  92.955002  88.272034  81.152344  72.416092  62.915314  53.102188  44.855625  39.871040 
 43.074013  51.001717  61.737503  73.323753  84.364220  94.556091  103.290001  109.442657  111.491722  109.086403  102.877968  93.920937  83.365784  72.419533  60.976097  50.129372  41.658958 
 45.681198  56.548904  69.146095  82.067032  94.744530  107.015160  118.082657  126.158905  128.892349  125.648590  117.790161  106.435310  93.628128  80.932030  68.059059  55.651718  44.796509 
 48.469536  61.158905  74.707497  88.915466  103.580780  118.002975  131.500473  140.625000  143.955780  140.419846  131.042816  117.610931  102.366096  87.891403  73.774529  60.303749  47.891670 
 50.589638  64.239845  78.532188  93.651093  109.865623  126.120163  140.870621  150.608902  153.877975  150.376724  140.396088  125.632187  108.724373  92.823753  77.649376  63.435936  50.174683 
 51.489586  65.321251  80.025314  96.005783  112.507187  129.578430  144.499069  154.338120  157.705475  154.164215  144.949997  129.662659  112.067505  95.497032  79.665466  64.838280  50.960159 
 50.719276  64.354691  78.854691  94.254372  110.294060  126.792664  141.481720  151.347504  154.583435  151.004211  141.720306  126.864380  109.412659  93.527496  78.306564  63.866409  50.479942 
 48.460464  61.428596  75.370781  89.612343  104.503281  119.102966  132.487183  141.934372  145.130783  141.649536  132.145309  118.728745  103.614685  89.072342  74.881096  61.245628  48.716034 
 45.263073  56.900780  69.669220  82.673904  95.714066  108.024841  119.095001  127.057495  129.903900  126.862503  118.949844  107.705940  94.914528  82.129532  69.328590  56.742653  45.407032 
 42.743591  51.640472  62.696716  74.387184  85.734528  95.856873  104.782341  110.939217  113.188278  110.734840  104.433281  95.347031  84.864372  73.801094  62.333908  51.262032  42.240154 
 41.340103  46.443436  54.903595  65.000465  74.687187  83.218903  90.305939  95.026718  96.561722  94.780159  89.883904  82.904060  74.072655  64.574844  54.493591  45.678905  40.049114 
 38.937191  42.229275  47.113384  54.853592  63.075523  70.135780  75.744270  79.454842  80.481926  79.336197  75.642029  70.070724  62.729538  54.423805  45.983387  41.155785  37.658699 
 } 
 GR Channel
 {
 50.323128  56.006874  61.352028  70.009789  79.275162  87.354164  93.644066  97.411613  98.794220  97.236404  93.163956  86.695572  78.489738  69.075256  60.211983  54.428070  50.089325 
 54.257706  60.465622  69.993904  81.843124  92.748283  101.995003  109.547813  114.545151  116.211090  114.034531  108.915627  101.253281  91.520782  80.635468  69.086563  59.107033  52.773903 
 56.683960  66.755623  79.694374  93.251717  105.650940  116.932663  126.443588  132.866089  135.006256  132.364212  125.569061  115.951096  104.267967  91.923752  78.737503  65.723747  55.405838 
 60.165886  73.542343  88.378281  103.213753  117.370941  131.058121  143.006561  151.497192  154.273285  150.666718  142.263901  130.077194  116.072495  101.819374  87.158279  72.487816  59.354889 
 63.892807  79.184059  95.149689  110.989998  127.240936  143.334839  157.792496  167.528748  170.761246  166.884842  156.979691  142.500473  125.806870  109.654221  93.762497  78.086403  63.035782 
 66.673180  83.057968  99.639221  116.650314  134.369064  152.221725  168.140625  178.499527  181.852814  177.842651  167.401093  151.513123  132.794220  115.282181  98.368126  81.933746  65.931671 
 67.830833  84.513748  101.439377  119.122192  137.212189  155.908752  172.015930  182.406555  185.572037  181.779999  172.122192  155.778595  136.664063  118.579849  100.823280  83.612816  67.023643 
 66.824219  83.242340  100.042656  117.185944  134.696564  152.690002  168.584686  178.887192  182.084061  178.312973  168.561096  152.706726  133.536560  115.998749  98.955780  82.167343  66.235886 
 64.125832  79.720001  96.066093  111.937653  128.231400  144.264694  158.652191  168.480316  171.715775  167.934845  157.919220  143.399841  126.555786  110.595154  94.579842  78.794998  63.776665 
 60.275414  74.412498  89.501717  104.066719  118.306091  131.778748  143.635162  151.860153  154.920944  151.717346  143.218124  130.972504  116.903748  102.548126  88.053436  73.369530  59.688492 
 56.762238  68.022034  81.197968  94.514534  107.044220  118.179214  127.715317  134.091568  136.350464  133.522339  126.717346  116.864685  105.220467  92.871719  79.682030  66.633438  55.571358 
 54.632805  61.431564  71.649376  83.353439  94.314842  103.722191  111.307030  116.343903  117.771881  115.511719  110.173752  102.488129  92.833122  81.958595  70.216248  59.668434  52.774269 
 50.778641  55.546150  61.473541  70.610519  80.251305  88.263023  94.247650  98.435364  99.436455  97.799011  93.708748  87.481873  79.222290  69.562965  59.677498  53.824684  49.385529 
 } 
 GB Channel
 {
 50.977753  56.645676  62.018745  71.048172  80.841148  89.162910  95.919998  100.327026  101.627708  99.924164  95.572708  88.728806  79.760933  69.932709  60.528282  54.563805  50.100471 
 54.394836  60.679222  70.436249  82.652969  94.006561  103.781250  111.736252  117.132660  118.950623  116.627502  111.225624  102.978592  92.582184  81.223122  69.208908  58.883591  52.521309 
 56.301247  66.526253  79.780312  93.740623  106.592812  118.311401  128.199219  135.112183  137.368744  134.598587  127.546402  117.389847  105.194847  92.215309  78.454216  65.105621  54.567711 
 59.322975  72.852341  88.072655  103.305466  117.865158  131.957504  144.398132  153.116882  156.274994  152.707504  143.970932  131.202652  116.506088  101.782654  86.534691  71.528435  58.185104 
 62.600937  78.068436  94.107971  110.426407  127.000000  143.450775  158.332031  168.474838  172.020782  168.212967  157.918121  143.053284  125.777344  109.078751  92.748436  76.672653  61.754112 
 64.937134  81.463593  98.096252  115.259064  133.434067  151.472031  167.671570  178.356720  182.093597  178.227966  167.568756  151.284378  132.207809  114.150787  96.858124  80.151718  64.081505 
 65.822968  82.596092  99.557816  117.435150  135.745789  154.499069  170.814224  181.466721  185.150314  181.504379  171.648911  155.060944  135.549850  117.043274  99.085938  81.621559  65.129486 
 64.918953  81.266876  98.056877  115.298904  133.016251  151.033279  167.017654  177.731247  181.314056  177.577652  167.615463  151.646713  132.116562  114.237976  96.955315  80.100784  64.193069 
 62.190414  77.832497  94.095314  110.136719  126.535004  142.557343  157.186096  167.162506  170.738754  167.048904  156.897186  142.240005  125.232346  108.887032  92.696877  76.919373  61.761452 
 58.601303  72.668594  87.692810  102.413750  116.699524  130.361252  142.261414  150.683289  153.973587  150.823593  142.217499  129.817184  115.547974  101.031715  86.423752  71.687653  58.063698 
 55.416565  66.634064  79.750153  93.137184  105.737503  116.897339  126.607651  133.256409  135.688126  132.897339  125.932343  115.932037  104.137970  91.537811  78.297501  65.095627  54.340622 
 53.504318  60.317032  70.541092  82.329376  93.395622  102.972343  110.560471  115.761566  117.514374  115.217972  109.704689  101.821564  92.026566  81.003906  69.132347  58.561874  51.595207 
 50.057655  54.724739  60.895889  70.131874  79.701042  87.984634  94.344009  98.669060  99.560211  98.099014  93.653854  87.271149  78.710732  68.902443  58.817131  53.011879  48.586876 
 } 
 B Channel
 {
 18.380051  20.941719  23.594845  28.131252  32.724167  36.630623  39.695782  41.422447  42.002811  41.354477  39.419636  36.354115  32.175312  27.524582  23.043541  20.236561  18.791565 
 19.471718  22.344845  27.015469  32.687500  37.939999  42.231876  45.606407  47.876408  48.550316  47.684063  45.302345  41.748905  37.094063  31.924999  26.399376  21.707813  19.409061 
 20.468334  25.161251  31.454063  37.961250  43.749374  48.799217  52.958282  55.775002  56.555779  55.412659  52.422813  48.103592  42.689686  36.954533  30.722187  24.669689  20.515102 
 22.004429  28.335468  35.449375  42.470158  48.909691  54.842346  60.086403  63.592812  64.760315  63.148750  59.464996  53.959999  47.635468  41.210155  34.471405  27.764374  22.386044 
 23.568958  30.788124  38.395313  45.813282  52.962967  59.930313  66.133125  70.172813  71.400780  69.704063  65.302971  58.999222  51.639374  44.517811  37.289375  30.192345  24.151722 
 24.768436  32.460938  40.245937  47.917656  55.702660  63.332344  70.084373  74.222809  75.430000  73.704689  69.136406  62.250313  54.312035  46.656406  39.086407  31.790939  25.468021 
 25.084896  32.980312  40.912186  48.770470  56.580780  64.623749  71.336563  75.451408  76.646408  74.965469  70.741722  63.799843  55.640312  47.857655  40.112968  32.492344  25.802967 
 24.775051  32.449844  40.201096  47.770626  55.404060  63.067657  69.627029  73.731720  74.905937  73.268280  69.161095  62.591408  54.341408  46.735470  39.243282  31.814529  25.420990 
 23.632915  30.927502  38.343594  45.523125  52.652496  59.430000  65.389061  69.284378  70.460472  68.911873  64.844376  58.657501  51.506248  44.537498  37.413750  30.396561  24.288227 
 21.876041  28.434376  35.357811  41.957344  48.274841  53.933746  58.788284  62.128128  63.339996  62.017654  58.488129  53.308281  47.307968  41.014843  34.451874  27.924061  22.392399 
 20.309429  25.435471  31.522186  37.688908  43.169376  47.883751  51.839996  54.532341  55.466721  54.419998  51.546722  47.327499  42.259220  36.743282  30.729843  24.872658  20.487034 
 19.370003  22.395000  27.169998  32.504845  37.330780  41.443127  44.716251  46.912342  47.574532  46.713749  44.470314  41.051563  36.765625  31.838123  26.459999  21.632969  18.907761 
 17.785835  19.799583  22.546249  26.614220  31.003906  34.677711  37.397083  39.205051  39.770573  39.140831  37.238644  34.471146  30.728958  26.233543  21.640003  18.852760  17.169010 
 } 


 White Balance Data with optical Center Data
 r_center_x =  629 r_center_y =  516 
 gr_center_x =  631 gr_center_y =  477 
 b_center_x =  620 b_center_y =  501 
 gb_center_x =  651 gb_center_y =  473 
 r/gr 0.847996 
 b/gr 0.411514 
 gb/gr 0.996041 
 r_oc_ave 158.039993 
 b_oc_ave 76.693336 
 gr_oc_ave 186.368896 
 gb_oc_ave 185.631104 

 [AWB]
 RGr =  0.847996 
 BGr =  0.411514 
 GbGr =  0.996041 
 r_oc_ave =  158.039993 
 b_oc_ave =  76.693336 
 gr_oc_ave =  186.368896 
 gb_oc_ave =  185.631104 