 LEFT LENS SHADING DATA
 RED Channel
 {
 37.948647  41.270729  46.051922  53.619682  61.610619  68.402710  73.668640  77.008904  77.927605  76.320992  72.614532  66.858490  59.701248  52.015419  44.404167  39.376823  36.144741 
 40.708649  45.786564  54.176720  64.127190  73.405624  81.638123  88.354065  92.723282  94.065941  91.860779  87.092659  79.893280  71.241249  61.987503  52.322502  43.823280  38.708488 
 43.067814  51.297813  62.408905  73.956718  84.791092  94.908279  103.511253  109.347191  111.109840  108.358124  101.850624  92.769066  82.320938  71.538437  60.277191  49.634377  40.966877 
 46.300259  57.191719  69.816719  82.663750  95.457970  107.736092  118.694534  126.359528  128.910934  125.250778  116.975632  105.355316  92.540001  79.918747  67.391403  55.176872  44.502708 
 49.542130  62.077347  75.766251  90.010315  104.693283  119.103287  132.579681  141.523743  144.488281  140.258438  130.533752  116.498276  101.366562  86.914063  72.931877  59.789528  47.652657 
 51.887184  65.512184  79.746872  95.153435  111.274376  127.537338  142.335464  152.026093  154.801712  150.690308  140.364532  124.692032  107.828903  91.873123  76.858910  63.035004  49.833336 
 53.062241  66.880783  81.620003  97.669685  114.180466  131.403900  146.228745  156.053131  158.916718  154.651413  144.782181  128.824692  111.263596  94.648590  78.941719  64.403282  50.873070 
 52.501251  66.006248  80.389061  95.760002  112.092499  128.541412  143.143906  152.969055  155.689529  151.347351  141.634842  126.176407  108.528748  92.541878  77.446877  63.416565  50.349060 
 50.537292  63.110626  76.866722  91.209061  106.091721  120.702972  133.877350  142.975464  145.821411  141.607819  131.837036  117.878433  102.648285  88.052971  73.621872  60.472809  48.567810 
 47.562447  58.431404  71.102501  84.156250  97.166252  109.454842  120.389694  128.089218  130.349380  126.870941  118.626724  107.014687  94.112030  80.887032  67.822029  55.777031  45.420158 
 45.203541  53.104378  64.011406  75.752190  87.127655  97.402344  106.045624  112.087341  113.826721  110.954529  104.312035  95.041565  84.291878  72.790001  61.041405  50.571877  42.583538 
 43.829063  48.346565  56.194687  66.174065  75.994843  84.617188  91.464218  96.019066  97.337967  95.153122  89.992500  82.471565  73.517189  63.775314  53.705154  45.657814  40.930309 
 41.569477  44.874897  48.791359  56.071152  64.223389  71.218437  76.952766  80.286560  81.374840  79.896042  75.859589  69.785721  62.265106  53.598648  45.905365  41.871147  38.826561 
 } 
 GR Channel
 {
 48.447914  53.905830  60.093597  69.171974  78.350471  86.087341  91.759529  95.300941  96.627968  95.052811  91.105309  84.920158  76.994316  68.224014  59.062241  52.844009  48.256096 
 53.124580  60.123749  70.389221  82.094063  92.739845  101.825470  108.897659  113.563431  115.048599  112.892807  107.919060  100.529533  91.034531  80.841721  69.407028  58.989220  52.298180 
 56.607498  67.072502  80.253281  93.558128  105.783592  116.921402  125.932663  131.977966  134.147507  131.196411  124.802032  115.269058  103.915001  92.145622  79.124687  66.336403  55.555786 
 61.025414  74.283752  88.957809  103.630470  117.755157  131.183594  142.728912  150.903122  153.680466  149.989685  141.701874  129.625931  115.690933  101.861877  87.570938  73.283905  60.137871 
 64.856560  79.920311  95.596718  111.491249  127.647034  143.569534  158.019531  167.429535  170.734680  166.727966  156.988434  142.318756  125.826569  109.774689  94.109375  78.861565  64.067398 
 67.635887  83.782341  100.032967  117.019531  134.687500  152.591873  168.706406  178.899689  182.209381  178.234070  167.996094  151.620316  133.042816  115.517502  98.896248  82.783127  66.895210 
 68.850105  85.387184  102.072655  119.791565  137.772812  156.745789  172.887344  183.194214  186.450150  182.570938  172.860474  156.271255  137.218445  118.878433  101.335625  84.407967  68.280678 
 68.236771  84.424690  100.884842  117.803131  135.674057  153.732819  169.879379  180.049850  183.322037  179.146713  169.571411  153.512344  134.148590  116.545624  99.529686  83.230156  67.601616 
 65.614014  80.916718  97.054840  112.854691  129.406403  145.568588  159.933289  169.509537  172.750931  168.712814  158.964691  144.271713  127.581726  111.481720  94.946564  79.683907  65.189529 
 61.780365  75.377655  90.334846  105.132347  119.651413  133.376724  145.165939  153.306870  155.833130  152.617661  144.289536  132.097031  118.128433  103.202812  88.209686  74.059998  61.220001 
 58.571877  68.965622  82.084534  95.756096  108.504059  119.788589  129.070618  135.310944  137.370941  134.574844  127.895935  118.272339  106.781563  93.737968  80.027344  67.526718  57.307350 
 56.091248  62.821251  72.642815  84.376717  95.513908  105.177971  112.735153  117.566101  119.003754  116.941406  111.646408  103.757660  94.065781  83.128441  71.135941  61.255623  54.745621 
 51.551254  57.694580  63.192398  71.814850  81.419945  89.466095  95.667442  99.662544  100.907082  99.562447  95.199112  88.609947  80.080574  70.258850  60.935524  55.841873  51.343124 
 } 
 GB Channel
 {
 48.800735  54.111984  60.621773  70.131668  79.777809  87.938385  94.154213  98.012550  99.182190  97.592186  93.395363  86.909584  78.503487  69.162346  59.494118  53.003441  48.437187 
 52.927391  60.015312  70.513435  82.493752  93.590309  103.288597  110.683594  115.713593  117.429688  115.092194  109.897659  102.002502  92.115784  81.336716  69.547653  58.863434  51.895103 
 56.126770  66.612190  79.992966  93.651405  106.247185  117.837189  127.341873  133.815933  136.097504  133.246719  126.443588  116.554688  104.617813  92.308746  78.893280  65.778908  54.865784 
 60.050316  73.232811  88.131248  103.104530  117.636719  131.564682  143.728119  152.194061  155.243439  151.601410  142.949066  130.456879  115.934067  101.605934  86.836090  72.306564  58.988640 
 63.630157  78.558281  94.369064  110.431877  126.806717  143.229843  158.094849  168.197342  171.829056  167.809525  157.660461  142.574066  125.586868  109.114998  93.133438  77.544533  62.486824 
 66.078178  82.142967  98.418907  115.337814  133.262970  151.439529  167.931244  178.597183  182.367493  178.369690  167.847656  151.113434  132.326248  114.373749  97.381874  81.160782  65.024330 
 66.998383  83.403595  100.071877  117.580002  135.713745  154.873444  171.469528  182.240005  185.841400  181.883743  172.136414  155.329224  136.052338  117.474060  99.657654  82.625938  66.365936 
 66.271355  82.353439  98.780472  115.489685  133.447968  151.726257  168.053757  178.682663  182.178284  178.276566  168.504684  152.201096  132.699844  114.861725  97.772812  81.306877  65.632286 
 63.829529  78.948906  94.670624  110.483124  127.154999  143.356720  158.045944  168.190002  171.691711  167.866714  157.885620  142.962967  126.177338  109.827187  93.190155  77.929222  63.174835 
 60.265312  73.597809  88.438751  103.070160  117.691406  131.546722  143.647964  152.057663  154.844055  151.693436  143.410782  130.958282  116.741257  101.668434  86.511093  72.366249  59.554581 
 57.280418  67.511253  80.455780  94.084221  106.841095  118.323288  127.848434  134.408279  136.620468  133.953903  127.180786  117.300003  105.613594  92.373909  78.590309  66.167503  55.957916 
 55.098495  61.593285  71.330627  83.094528  94.250000  104.088440  111.908592  116.917496  118.632187  116.471725  111.094215  103.088905  93.034218  81.960938  69.837341  60.003593  53.636719 
 50.915573  56.735153  62.242706  70.847664  80.570831  88.821770  95.409637  99.646255  100.836349  99.353172  94.923592  88.108704  79.439430  69.405518  59.998802  54.952965  50.522141 
 } 
 B Channel
 {
 17.726929  19.662762  22.637138  27.221722  31.614582  35.183125  37.909325  39.407291  39.879478  39.210522  37.287659  34.382294  30.589638  26.378696  22.179272  19.147137  17.133389 
 19.660679  22.556717  27.407345  33.106094  38.061249  42.203125  45.404530  47.434376  47.984062  46.869686  44.642033  41.123123  36.702343  31.905155  26.729687  21.994843  18.926300 
 21.198959  25.828125  31.981876  38.314686  43.891876  48.858284  52.865784  55.439690  56.170158  54.814690  51.839844  47.517967  42.386093  37.011250  31.189999  25.409687  20.468857 
 23.052658  29.157032  35.969688  42.742500  49.175156  54.967972  59.976250  63.436722  64.431877  62.710472  58.958748  53.500313  47.307030  41.228905  34.945000  28.627499  22.633331 
 24.843330  31.840000  38.928905  46.198906  53.422966  60.182343  66.238129  70.222656  71.359840  69.470154  65.051720  58.578751  51.357811  44.481407  37.754063  31.093124  24.333958 
 26.090000  33.511250  40.863125  48.415466  56.203438  63.768280  70.344841  74.499687  75.653122  73.742966  69.166878  62.074997  54.193596  46.752499  39.641251  32.816719  25.496925 
 26.618801  34.143593  41.696251  49.417969  57.294998  65.259216  71.809219  75.884377  77.079689  75.117813  70.842346  63.678596  55.595154  47.932186  40.581718  33.479061  26.034065 
 26.177967  33.558594  41.006718  48.408279  56.236565  63.745155  70.207970  74.353592  75.466873  73.567184  69.417656  62.492966  54.299690  46.919220  39.816875  32.848125  25.728958 
 24.969582  31.901249  39.199375  46.200157  53.324219  60.116722  65.970940  69.922653  71.004059  69.146873  64.881561  58.565002  51.442497  44.677345  37.656406  31.175625  24.583542 
 23.140678  29.271717  36.070000  42.665627  49.055466  54.834061  59.730469  62.978752  63.928909  62.395470  58.779846  53.488907  47.417500  40.938282  34.534218  28.485470  22.731094 
 21.548283  26.280155  32.264374  38.383751  44.062187  49.030937  52.899216  55.462029  56.238281  54.947502  52.099373  47.702812  42.667812  36.882969  30.879688  25.524220  20.822346 
 20.550987  23.433281  27.840000  33.209843  38.259377  42.579845  45.835938  47.879375  48.471718  47.506718  45.119686  41.539219  37.089844  32.058281  26.855000  22.578438  19.675518 
 19.003910  21.278908  23.726250  27.679218  32.104790  35.922970  38.830105  40.461040  41.003593  40.338596  38.373856  35.224426  31.352554  26.692238  22.507084  20.367184  18.374687 
 } 


 White Balance Data with optical Center Data
 r_center_x =  633 r_center_y =  509 
 gr_center_x =  640 gr_center_y =  501 
 b_center_x =  644 b_center_y =  473 
 gb_center_x =  656 gb_center_y =  471 
 r/gr 0.852048 
 b/gr 0.413697 
 gb/gr 0.994708 
 r_oc_ave 159.586670 
 b_oc_ave 77.484444 
 gr_oc_ave 187.297775 
 gb_oc_ave 186.306671 

 [AWB]
 RGr =  0.852048 
 BGr =  0.413697 
 GbGr =  0.994708 
 r_oc_ave =  159.586670 
 b_oc_ave =  77.484444 
 gr_oc_ave =  187.297775 
 gb_oc_ave =  186.306671 