 LEFT LENS SHADING DATA
 RED Channel
 {
 37.775517  40.783020  44.964951  52.420158  60.554794  67.879738  73.579063  77.210258  78.400734  77.037033  73.463959  67.839897  60.408539  52.524902  45.101513  40.757137  38.048386 
 39.425522  43.978439  51.830154  61.712029  71.596878  80.107033  87.211563  91.989220  93.651566  91.711403  87.011871  79.830315  71.055626  61.752815  51.997971  44.057343  39.715469 
 41.097500  48.945000  59.674690  71.507500  82.917503  93.355934  102.157814  108.259689  110.521248  107.999535  101.943436  92.742653  82.197189  71.208435  59.843750  49.168907  41.470364 
 43.778126  54.695625  67.341873  80.551559  93.564529  106.242188  117.482346  125.373123  128.121567  125.045944  117.159225  105.763435  92.872810  79.977654  67.048279  54.738907  44.379116 
 46.863384  59.624847  73.491409  87.912498  102.849998  117.773911  131.360001  140.420776  143.760162  140.139847  131.092194  117.418121  102.116249  87.272034  72.899841  59.302345  47.180470 
 49.447395  63.091560  77.621094  93.089844  109.570778  126.273132  141.074997  150.829376  154.212341  150.800476  141.180161  126.109848  108.752190  92.477188  76.935936  62.595627  49.433540 
 50.413750  64.529999  79.406876  95.639847  112.608749  129.943283  145.198288  155.017029  158.479538  155.119843  145.815628  130.281403  112.410004  95.227028  78.917030  63.894066  50.519066 
 49.834686  63.655937  78.387184  94.019997  110.553749  127.330627  142.381088  152.497345  155.895462  152.293594  143.035461  128.005310  109.807655  93.316406  77.629997  63.002342  50.121719 
 47.926666  60.903748  74.990158  89.474998  104.768280  120.044525  133.786255  143.444687  146.648590  143.143600  133.895157  119.967194  104.125778  88.963440  74.262184  60.534843  48.187134 
 45.254791  56.363129  69.153282  82.502655  95.956253  108.979843  120.721252  128.725311  131.561096  128.696243  120.629532  108.861404  95.457809  81.926872  68.667503  56.052032  45.352650 
 42.897083  50.989998  62.185471  74.224998  85.963440  96.695160  105.973747  112.289993  114.654221  112.164368  105.634377  96.216095  85.150154  73.562813  61.629845  50.626564  42.626564 
 41.160934  46.247189  54.586876  64.942345  74.861717  83.754684  90.994377  95.977028  97.558441  95.685310  90.610939  83.143127  74.095467  64.061249  53.680939  45.504375  40.745209 
 38.585106  42.703438  47.016045  54.627136  62.963593  70.111351  76.039787  79.976822  81.070099  79.737396  75.965942  69.851044  62.283600  53.771248  45.854687  41.483543  38.297710 
 } 
 GR Channel
 {
 49.238953  54.320206  59.784431  68.866875  78.043129  86.156250  92.464996  96.669579  97.898796  96.367706  92.634636  86.379845  78.150520  69.050835  59.839317  54.436256  50.831673 
 52.441040  58.995628  68.682968  80.139374  91.029373  100.315002  107.967499  113.298752  115.108597  112.990631  107.918594  100.447968  90.790939  80.093750  68.533279  58.764999  53.237503 
 55.066452  65.286873  78.192184  91.493126  103.899216  115.164841  124.758438  131.214218  133.663437  130.998596  124.559372  115.007339  103.285156  91.068909  78.005310  65.195938  55.439278 
 58.818275  72.280159  87.001091  101.702812  115.888901  129.623276  141.535629  150.055786  152.991714  149.734375  141.587494  129.225006  115.110931  100.987968  86.351410  71.906715  59.203590 
 62.893806  78.203590  94.104218  109.998909  126.260468  142.252975  156.831558  166.516403  170.044373  166.303589  156.524368  142.188904  125.526245  109.373596  93.274376  77.424065  62.626144 
 65.969894  82.332809  98.812813  115.757965  133.613754  151.474060  167.176407  177.900940  181.187347  177.562973  167.729843  151.707504  132.860306  115.213745  98.033592  81.465309  65.436562 
 67.283226  83.954063  100.872971  118.677963  136.637192  155.459061  171.854691  182.180786  185.705475  182.410629  172.774689  156.184692  137.190628  118.681091  100.613907  83.092186  66.703850 
 66.375107  82.753441  99.604691  116.615631  134.350937  152.655151  168.703278  179.133286  183.075470  179.335464  169.619370  153.930618  134.271881  116.194687  98.809532  81.987343  65.983383 
 63.737549  79.308594  95.448753  111.443123  128.022186  144.309998  159.246246  169.366714  172.913589  169.097351  159.412506  144.712036  127.621246  110.951874  94.571091  78.615158  63.716621 
 60.240311  73.872810  88.715782  103.492813  118.041412  132.098434  144.712494  153.194839  156.172974  153.241714  144.815002  132.302505  117.766724  102.974220  87.994843  73.164528  59.856819 
 56.766258  67.528748  80.690781  94.145309  106.934219  118.754532  128.571716  135.265152  137.847183  135.166718  128.138123  118.070160  106.092972  93.203751  79.537659  66.464996  56.474586 
 54.313698  61.250153  71.472031  83.200935  94.495003  104.168747  111.950935  117.226715  118.987183  116.765930  111.305313  103.404999  93.418747  82.036873  69.932030  60.026878  53.842705 
 49.984123  56.079109  61.951828  70.931770  80.395416  88.330002  94.732605  99.006927  100.098442  98.712189  94.605309  87.898750  79.531258  69.584793  60.146820  54.765213  50.461876 
 } 
 GB Channel
 {
 49.849167  54.827919  60.623596  69.867973  79.755310  88.181404  94.952141  99.315521  100.857552  99.205620  94.945679  88.170158  79.488434  69.877968  60.304733  54.573387  50.758385 
 52.496254  59.014999  69.005470  80.994843  92.421562  102.254532  110.307343  115.960938  117.908600  115.595627  110.206718  102.118279  91.965935  80.681091  68.702034  58.744843  52.968803 
 54.664742  64.953278  78.111404  91.907654  104.950157  116.694061  126.698914  133.487030  136.118286  133.397507  126.552505  116.372192  104.156403  91.355934  77.833595  64.733749  54.774582 
 57.699112  71.543907  86.502655  101.674065  116.474838  130.586411  143.014221  151.848282  155.045624  151.587662  143.094681  130.191254  115.555313  100.942032  85.841873  71.011566  58.144066 
 61.414474  77.091560  93.242340  109.437813  126.155777  142.712494  157.666245  167.722961  171.341248  167.634064  157.441711  142.621246  125.473282  108.813904  92.267502  76.186249  61.360832 
 64.486458  80.849373  97.593903  114.903748  132.957962  151.156403  167.305939  178.186096  181.825775  177.879837  167.861557  151.416245  132.207184  114.144379  96.724533  79.943283  63.942238 
 65.396935  82.195465  99.284065  117.342026  135.589844  154.607971  171.173752  181.764221  185.436569  182.028275  172.257339  155.508591  136.202652  117.261566  98.901093  81.292343  65.029221 
 64.600677  81.044220  97.872498  115.143906  133.064850  151.439056  167.713440  178.487030  182.449524  178.700943  168.865784  152.864838  133.020004  114.617661  97.070465  80.096092  64.274223 
 62.156357  77.758438  93.837654  109.898903  126.524994  143.211411  158.190308  168.577026  172.215149  168.250473  158.392654  143.607971  126.294220  109.348595  92.886406  76.711250  61.866249 
 58.741920  72.479218  87.287971  102.197029  116.930618  131.044525  143.729843  152.453430  155.580933  152.479843  143.887497  131.016556  116.451401  101.489532  86.344215  71.479530  58.389320 
 55.624794  66.321877  79.430153  93.008278  105.921875  117.839539  127.827026  134.532654  137.231400  134.521561  127.347183  117.129059  105.095627  91.942032  78.246407  65.021873  55.116043 
 53.311974  60.305313  70.528595  82.424530  93.872185  103.597031  111.495628  117.035629  118.679214  116.433289  110.932030  102.661247  92.615623  81.069221  68.870316  58.858910  52.812035 
 49.493233  55.478226  61.349640  70.416405  80.010101  88.502663  94.781036  99.228958  100.360680  99.006813  94.576408  87.569168  79.068130  68.864014  59.202400  53.835777  49.798698 
 } 
 B Channel
 {
 18.390938  20.498856  23.298122  27.860466  32.632030  36.786148  40.061825  41.962811  42.588070  41.949429  40.190262  37.017601  32.810055  28.170002  23.543022  20.895569  19.671402 
 19.124687  22.114689  26.910625  32.678593  38.068905  42.632813  46.269531  48.636566  49.418282  48.454216  46.072968  42.455936  37.792343  32.575001  26.937187  22.415783  20.416405 
 19.955990  24.760780  31.008595  37.590469  43.596405  48.952660  53.193909  55.986877  56.984222  55.667656  52.755310  48.270470  42.902187  37.114845  30.809063  24.992031  21.096825 
 21.495884  27.992344  35.172188  42.261875  48.995155  55.250778  60.610779  64.136719  65.230469  63.652809  59.868279  54.302658  47.900158  41.367031  34.547501  27.959530  22.656822 
 23.351250  30.695000  38.439064  46.051720  53.506721  60.750778  67.062187  71.079689  72.253281  70.487343  66.169846  59.715157  52.193436  44.879532  37.433907  30.354687  24.157188 
 24.739738  32.529530  40.506092  48.427345  56.535622  64.422653  71.177185  75.355469  76.558746  74.880783  70.385780  63.397972  55.115471  47.161877  39.365311  32.091408  25.484531 
 25.343960  33.269375  41.300312  49.523438  57.723434  65.908752  72.818123  76.873909  78.211090  76.428436  72.173752  65.076874  56.606247  48.483437  40.277657  32.676094  26.060467 
 24.818386  32.759842  40.660782  48.579063  56.645470  64.544685  71.267029  75.422028  76.688438  75.047340  70.962029  64.126877  55.364845  47.413593  39.501251  32.083752  25.637081 
 23.761665  31.134998  38.818748  46.345001  53.838127  60.941559  67.192970  71.190781  72.455940  70.806091  66.601410  60.114372  52.541878  45.220470  37.690468  30.587658  24.442444 
 22.144947  28.626408  35.880936  42.800468  49.434998  55.510780  60.823593  64.244843  65.411560  64.079063  60.333595  54.838905  48.284531  41.632030  34.639999  27.995155  22.674114 
 20.802189  25.817188  32.088123  38.438438  44.337814  49.566254  53.799377  56.618439  57.479065  56.249222  53.103279  48.656563  43.157032  37.190311  30.799843  24.940468  20.989010 
 19.853382  22.902344  27.607811  33.289688  38.577187  43.016876  46.470936  48.642502  49.188438  48.234840  45.710938  42.022812  37.367970  32.040627  26.347500  21.894531  19.570988 
 18.190052  20.527554  23.259895  27.535938  32.114689  35.950207  38.859688  40.715420  41.063023  40.210884  38.279270  34.988647  31.147758  26.406456  21.867081  19.422241  17.864323 
 } 


 White Balance Data with optical Center Data
 r_center_x =  650 r_center_y =  503 
 gr_center_x =  652 gr_center_y =  513 
 b_center_x =  646 b_center_y =  495 
 gb_center_x =  647 gb_center_y =  497 
 r/gr 0.852702 
 b/gr 0.420010 
 gb/gr 0.998069 
 r_oc_ave 158.977783 
 b_oc_ave 78.306664 
 gr_oc_ave 186.440002 
 gb_oc_ave 186.080002 

 [AWB]
 RGr =  0.852702 
 BGr =  0.420010 
 GbGr =  0.998069 
 r_oc_ave =  158.977783 
 b_oc_ave =  78.306664 
 gr_oc_ave =  186.440002 
 gb_oc_ave =  186.080002 