 LEFT LENS SHADING DATA
 RED Channel
 {
 37.804012  41.057762  45.177185  52.401039  60.289063  67.001099  72.505310  75.858757  76.873848  75.623070  72.324532  66.807236  59.582809  51.886978  44.804585  40.840157  38.069324 
 39.786095  44.157970  51.869690  61.610626  70.972809  79.219215  85.829063  90.501251  91.958435  90.095779  85.655159  78.662033  70.176559  60.959061  51.457497  43.734531  39.619740 
 41.285679  49.101715  59.627342  71.008125  81.924530  92.008751  100.582031  106.537811  108.509064  106.216095  100.282028  91.391563  81.057343  70.310158  59.136566  48.629845  41.079632 
 43.932919  54.654999  66.945778  79.646408  92.425156  104.687500  115.587036  123.267654  125.977814  123.060318  115.464218  104.144218  91.505470  78.911247  66.289841  54.107185  43.920521 
 46.925106  59.354691  72.816254  86.992813  101.671875  116.176407  129.492493  138.375305  141.644684  138.214996  129.266403  115.683899  100.564690  85.978905  71.970314  58.703438  46.803852 
 49.010986  62.530785  76.862030  92.026878  108.330940  124.689224  139.363434  149.149368  152.447037  148.989212  139.270935  124.186249  107.185783  91.067497  76.057655  61.987503  49.143333 
 49.906303  63.857346  78.714691  94.641563  111.254532  128.541092  143.675934  153.745468  157.172806  153.679688  144.162506  128.838287  111.045471  94.131409  78.215782  63.517342  50.079224 
 49.439476  63.054062  77.725159  93.225159  109.614372  126.173431  141.270630  151.388901  154.541565  151.046402  141.951401  126.694839  108.750000  92.431564  77.079842  62.633904  49.742447 
 47.520573  60.404533  74.447655  88.948280  103.970154  119.084686  132.751099  142.096405  145.466248  142.060150  132.828751  118.831253  103.134689  88.140160  73.570778  59.976563  47.835316 
 44.467762  56.056717  69.020309  81.973595  95.183907  107.953903  119.316406  127.512344  130.408905  127.529221  119.585632  107.751404  94.520157  81.237030  68.141251  55.518280  44.691406 
 41.770367  50.785156  61.914841  73.671562  85.391403  95.842972  104.983284  111.362343  113.611557  111.205467  104.825470  95.406097  84.396721  73.062035  61.233749  50.186562  41.596565 
 39.974060  45.479061  54.039528  64.387497  74.360001  83.231407  90.374535  95.215782  96.751717  94.981873  89.932190  82.477966  73.317345  63.543594  53.383904  44.756092  39.638802 
 37.306976  41.141144  46.212654  54.347084  62.770424  70.119530  75.769737  79.365158  80.396095  79.240623  75.465111  69.545677  61.905884  53.304634  45.014534  40.517551  37.287132 
 } 
 GR Channel
 {
 48.620987  54.152237  59.537292  68.338127  77.560883  85.185783  91.196144  95.037033  96.499947  95.130989  91.176201  85.126205  77.082809  67.996513  59.539948  54.836250  51.066666 
 52.364326  58.757034  68.173126  79.644379  90.271095  99.318909  106.679062  111.796410  113.711411  111.739532  106.916405  99.383904  89.939064  79.362968  68.295158  58.894997  53.394997 
 54.917450  64.917656  77.518280  90.494377  102.631561  113.695465  123.081253  129.701721  132.071869  129.714066  123.409378  113.881882  102.510780  90.495628  77.520470  64.946404  55.258286 
 58.404892  71.782814  86.122032  100.257347  114.414368  127.839539  139.725464  148.191254  151.350632  148.274216  140.295776  128.304382  114.337662  100.407028  86.105934  71.616249  58.726669 
 62.232140  77.497345  92.946091  108.644066  124.696564  140.401566  154.884995  164.882813  168.583755  165.281876  155.623749  141.191879  124.751724  108.860001  93.015312  77.227341  62.509636 
 65.031258  81.389999  97.659065  114.372818  132.034058  149.822342  165.886414  176.872971  180.630936  177.114838  166.863434  150.842026  132.509216  114.754837  97.765160  81.363434  65.434273 
 66.196823  83.043282  99.879684  117.193756  135.182190  154.072815  170.654694  181.806412  185.712814  182.160782  172.741257  156.181244  136.704376  118.296249  100.500938  83.217186  66.648857 
 65.616455  82.044373  98.621094  115.566101  133.201096  151.072662  167.673599  178.984070  182.872192  179.353439  169.812347  153.458435  133.971252  116.008438  98.870628  82.182816  66.377815 
 62.901047  78.745628  94.762497  110.809845  126.929993  143.222031  158.026566  168.656555  172.598755  168.973129  159.242035  144.315308  127.249222  110.891251  94.835312  78.890160  63.756615 
 59.090469  73.416092  88.300003  102.822189  117.266724  131.152649  143.407501  152.256256  155.755783  152.798126  144.226410  131.863434  117.520004  103.131409  88.251251  73.341095  59.727547 
 55.486923  66.812965  80.120628  93.440628  106.234840  117.710312  127.483444  134.486877  137.150940  134.502808  127.822037  117.794846  105.986092  93.282967  79.862968  66.567970  55.734840 
 52.692863  60.192657  70.703751  82.680939  93.824997  103.385315  111.305779  116.446869  118.330933  116.435150  111.142189  103.102814  93.020470  81.929840  70.053123  59.659218  52.856094 
 48.665779  54.234947  60.648750  70.255943  80.002914  88.279900  94.336823  98.298126  99.847603  98.762032  94.233017  87.649055  79.191093  69.207550  59.533127  53.865677  49.705261 
 } 
 GB Channel
 {
 49.458649  55.061562  60.699486  69.902611  79.500153  87.503387  94.022400  98.102501  99.504631  98.217293  93.797188  87.307137  78.690628  69.094223  60.423752  55.086983  51.149063 
 52.741150  59.311562  69.131561  81.025940  92.060783  101.642342  109.310310  114.673752  116.697342  114.623123  109.402191  101.213593  91.279373  80.133591  68.519997  58.867813  53.169479 
 54.678490  64.955780  78.047813  91.405159  104.066406  115.729218  125.392502  132.294846  134.704376  132.229218  125.475784  115.412811  103.511719  90.843124  77.361404  64.465309  54.633224 
 57.897392  71.455315  86.208595  100.899376  115.384842  129.310776  141.613281  150.427032  153.546722  150.367188  141.944687  129.425003  114.892502  100.273125  85.486565  70.559059  57.621140 
 61.220108  76.784691  92.507187  108.632347  125.051254  141.285934  156.119370  166.355774  170.155319  166.613281  156.684525  141.658752  124.686401  108.095314  91.823593  75.690468  61.014015 
 63.763908  80.160782  96.712189  113.779694  131.842972  149.856567  166.244370  177.329224  181.383438  177.685471  167.051407  150.603592  131.816559  113.430466  96.101097  79.367188  63.532600 
 64.603020  81.473434  98.493904  116.160629  134.497345  153.559998  170.190155  181.621399  185.634842  181.949997  172.150787  155.241257  135.443756  116.669693  98.472031  81.045937  64.632187 
 63.839218  80.409843  97.132500  114.220306  132.238129  150.273911  166.843124  178.212341  182.223587  178.689377  168.767975  152.239685  132.521713  114.142807  96.754684  79.934059  64.279060 
 61.209007  77.182968  93.229218  109.400780  125.837662  142.177963  157.133118  167.870621  171.900940  168.200943  158.147812  143.039536  125.664993  109.077034  92.768906  76.758438  61.808022 
 57.653908  71.924530  86.999062  101.666252  116.183899  130.085785  142.537964  151.483902  154.962662  151.904068  143.248749  130.511871  116.040619  101.355621  86.306564  71.350311  57.842400 
 54.302765  65.729218  79.127815  92.571716  105.450310  117.035004  126.778275  133.851410  136.456253  133.804214  126.997025  116.778900  104.700783  91.721092  78.152031  64.820160  54.225365 
 51.776558  59.312813  69.889999  82.020157  93.323593  102.993126  110.941719  116.297501  118.091248  116.169998  110.620941  102.362343  92.060783  80.731873  68.701248  58.225624  51.539375 
 48.341560  53.649902  60.228340  69.863274  79.887550  88.215210  94.500259  98.457924  100.130005  98.809586  94.148857  87.387131  78.748901  68.378120  58.612923  52.850624  48.549789 
 } 
 B Channel
 {
 18.925365  21.374531  24.061771  28.589790  33.280155  37.133278  40.193592  41.956982  42.465210  41.786930  39.854534  36.833958  32.763645  28.150105  23.851978  21.414738  20.213490 
 19.992031  22.996407  27.740936  33.508125  38.814529  43.155155  46.567970  48.802811  49.418121  48.470467  46.255157  42.605625  38.032814  32.847187  27.405312  22.847031  20.890991 
 20.819580  25.567501  31.781406  38.132343  43.965939  49.093124  53.171562  55.876091  56.694687  55.559685  52.691872  48.366096  43.073593  37.363594  31.119373  25.223595  21.360466 
 22.357498  28.673752  35.748280  42.534061  49.083908  55.098595  60.210625  63.677032  64.832031  63.323128  59.788437  54.517342  48.146721  41.726563  34.887814  28.190937  22.914688 
 23.968594  31.234219  38.673283  46.110157  53.424377  60.427345  66.675468  70.753593  72.102341  70.471565  66.363747  59.879059  52.502502  45.233749  37.883125  30.800312  24.702396 
 25.115887  32.809845  40.622814  48.386253  56.384689  64.179840  71.071251  75.416878  76.847504  75.213280  70.819687  63.699997  55.530937  47.615002  39.888596  32.511406  25.962444 
 25.481354  33.364689  41.376564  49.429535  57.581253  65.844688  72.884216  77.252968  78.681717  77.077187  72.878281  65.580002  57.182190  49.044373  40.982811  33.284218  26.559425 
 24.998383  32.751095  40.716721  48.612503  56.637657  64.487656  71.561096  76.006248  77.380936  75.704376  71.649841  64.579689  55.978127  47.937500  40.214375  32.757500  26.342503 
 23.773174  31.237968  38.928905  46.422501  53.899841  61.139847  67.526718  71.684998  73.069374  71.547028  67.177032  60.718597  53.156876  45.822811  38.411720  31.255157  25.116196 
 22.068176  28.789219  36.037811  42.917969  49.569687  55.806564  60.993904  64.644844  65.906563  64.578590  60.811249  55.331566  48.880470  42.293594  35.430470  28.701248  23.183750 
 20.464478  25.825314  32.215469  38.647186  44.622189  49.737343  53.991722  56.888596  57.807030  56.611877  53.687347  49.177032  43.729843  37.935780  31.682812  25.574219  21.337341 
 19.387188  22.797188  27.863750  33.628124  38.943127  43.401718  46.801250  49.004059  49.723122  48.794373  46.385624  42.699688  38.060936  32.812656  27.171562  22.375000  19.815414 
 17.828438  20.179272  23.190834  27.823959  32.480621  36.457760  39.298332  41.053646  41.500629  40.899792  38.931873  35.921352  31.907604  26.976612  22.225731  19.752502  18.143330 
 } 


 White Balance Data with optical Center Data
 r_center_x =  664 r_center_y =  486 
 gr_center_x =  654 gr_center_y =  496 
 b_center_x =  653 b_center_y =  500 
 gb_center_x =  651 gb_center_y =  504 
 r/gr 0.846093 
 b/gr 0.422391 
 gb/gr 1.000787 
 r_oc_ave 157.764450 
 b_oc_ave 78.760002 
 gr_oc_ave 186.462219 
 gb_oc_ave 186.608887 

 [AWB]
 RGr =  0.846093 
 BGr =  0.422391 
 GbGr =  1.000787 
 r_oc_ave =  157.764450 
 b_oc_ave =  78.760002 
 gr_oc_ave =  186.462219 
 gb_oc_ave =  186.608887 