 LEFT LENS SHADING DATA
 RED Channel
 {
 36.290470  39.479633  43.800415  51.165520  59.135361  66.493027  72.411720  75.971504  77.645309  76.542290  73.068954  67.617599  60.300056  52.431717  45.410778  41.051769  37.407185 
 38.806301  43.448593  51.487503  61.375938  70.997658  79.529686  86.801094  91.795471  93.711563  92.205627  87.755623  80.825935  72.203590  62.827347  52.980156  45.055939  40.536770 
 40.409168  48.574997  59.347343  70.910004  81.970001  92.356094  101.314690  107.923439  110.305626  108.399376  102.553123  93.928123  83.555313  72.636566  60.965309  50.133278  42.388908 
 43.153751  54.077499  66.537811  79.415466  92.212189  104.692970  115.960464  124.229843  127.602036  124.848129  117.414688  106.457344  93.905472  81.207184  68.241096  55.649841  45.195053 
 46.034996  58.666252  72.249687  86.330002  100.895470  115.584381  129.319534  139.058441  142.895782  139.680313  130.807037  117.718597  102.767502  88.332970  74.120155  60.333748  48.136665 
 47.976200  61.698906  75.963127  91.004059  107.172653  123.702194  138.866562  149.098755  153.231873  150.035461  140.582809  126.044373  109.206093  93.227341  77.970314  63.626564  50.121979 
 48.814323  62.863281  77.575623  93.370941  110.044685  127.345779  142.714691  153.097961  157.184692  153.895462  144.771713  129.698288  112.478287  95.741409  79.756248  64.602501  51.010002 
 48.389008  61.886719  76.337967  91.727814  107.925468  124.571869  139.645157  149.996246  154.037033  150.657028  141.501724  126.986099  109.575470  93.503593  78.128754  63.633591  50.449638 
 46.496090  58.999222  72.791405  87.037498  102.082657  116.962814  130.533432  140.106247  144.126724  140.988434  131.804062  118.445313  103.445160  88.793907  74.468124  60.686409  48.433693 
 43.447292  54.523125  67.113594  80.114685  93.210159  105.787346  117.074371  125.303589  128.608124  126.122818  118.406555  107.123283  94.556091  81.694374  68.702347  56.034378  45.448959 
 40.869373  49.249374  60.230782  72.039063  83.492035  93.787346  102.822502  109.106094  111.585312  109.587502  103.536407  94.705780  84.278748  73.182190  61.545158  50.561409  42.418282 
 38.822708  44.110626  52.462967  62.599846  72.439842  81.073593  88.026253  92.824997  94.563751  93.256561  88.692032  81.681877  73.063904  63.568123  53.413124  45.236717  40.464012 
 36.236462  40.066456  44.724426  52.507553  60.726303  68.097549  73.474167  77.286667  78.391243  77.471153  74.069740  68.653534  61.726196  53.489792  45.703541  41.276096  37.822762 
 } 
 GR Channel
 {
 47.231770  52.296356  57.991661  66.844788  76.114067  84.099113  90.749954  94.853065  96.717400  95.671410  91.692284  85.769897  77.561089  68.510155  59.923119  54.321663  48.842079 
 51.434685  57.837189  67.831253  79.461876  90.326561  99.693909  107.730156  113.025787  115.262817  113.702026  109.096878  101.766563  92.210472  81.372032  69.746872  60.066254  53.765831 
 54.156464  64.574371  77.503754  90.795784  103.244530  114.542038  124.193588  131.100159  133.760788  131.885162  125.991714  116.751724  105.466721  93.145470  79.643127  66.638908  56.803696 
 57.894112  71.366409  85.950157  100.628593  114.802032  128.401245  140.540314  149.490936  153.154373  150.338287  142.766876  131.137192  117.428436  103.286407  88.586876  73.531097  60.673798 
 61.582603  76.822189  92.539375  108.537498  124.688126  140.704224  155.632965  165.982193  170.194839  166.675934  157.521088  143.742966  127.399063  111.445778  95.304375  79.071716  64.115685 
 64.190262  80.556717  97.015938  113.949524  131.661560  149.843445  166.080627  177.202972  181.449524  178.169846  168.442184  153.030319  134.672028  117.117340  100.075157  83.271873  66.848961 
 65.164169  82.010002  98.861092  116.706253  134.848434  153.481400  170.276718  181.233444  185.854843  182.881409  173.477036  157.536255  138.848129  120.390320  102.430153  84.688904  68.133278 
 64.530571  80.830780  97.430626  114.501877  132.388123  150.578125  167.099533  178.332504  182.911255  179.825623  170.214996  154.810318  135.482819  117.566101  100.383904  83.495155  67.500778 
 62.174278  77.269684  93.252655  109.139534  125.795151  142.307968  157.364685  167.874069  172.306564  169.431412  159.810776  145.388275  128.730621  112.339218  96.085312  79.930939  64.982185 
 58.209900  71.746559  86.607971  101.495316  116.051086  130.116714  142.532181  151.317657  155.277817  152.880005  144.811249  132.643753  118.586563  104.125313  89.308907  74.277496  61.159172 
 54.622238  65.349533  78.497032  92.112968  105.019531  116.461411  126.368912  133.159378  136.185944  134.142654  127.800003  118.216721  106.686562  94.140160  80.637344  67.548439  57.286774 
 51.703751  58.982498  69.180939  81.101097  92.287498  101.908279  109.637032  114.836243  116.824371  115.400787  110.622810  103.124374  93.427658  82.480003  70.642815  60.746872  54.384789 
 47.967503  53.432503  59.461769  68.592972  78.212914  86.530991  92.719330  96.785835  98.001045  97.162659  93.363647  87.269371  79.317451  69.742493  60.570313  54.926041  50.408546 
 } 
 GB Channel
 {
 47.545048  52.474632  58.486252  67.666306  77.598022  86.168800  93.505096  97.987442  99.883125  98.440262  94.497139  87.902863  79.149376  69.605835  60.489639  54.693596  49.266930 
 51.332970  57.852341  67.982498  80.133591  91.642189  101.648590  110.033440  115.803909  118.198120  116.585464  111.647346  103.792656  93.676872  82.157501  70.042343  59.984222  53.845253 
 53.552338  64.142967  77.440628  91.159065  104.160782  116.049850  126.263748  133.610153  136.537659  134.539063  128.303284  118.572815  106.691406  93.598747  79.672501  66.330627  56.318123 
 56.899376  70.493126  85.390625  100.430000  115.191406  129.470474  142.217194  151.519058  155.533905  152.710632  144.772812  132.533127  118.265152  103.446877  88.091560  72.727028  59.811409 
 60.182449  75.641403  91.525467  107.780472  124.401566  141.021561  156.553131  167.305466  172.003906  168.329224  158.923126  144.593750  127.657349  111.038284  94.429375  77.923439  62.858437 
 62.413643  78.972809  95.607658  112.708908  130.795944  149.377182  166.163757  177.670944  182.256882  179.011719  168.967819  153.180618  134.298431  116.235474  98.883904  81.682816  65.274063 
 63.313538  80.106873  97.181404  114.978119  133.464691  152.411087  169.555313  181.066879  185.939377  182.938278  173.387192  157.186096  137.983902  119.213287  100.827812  83.069534  66.378067 
 62.513695  78.850159  95.555779  112.703430  130.654068  149.085007  165.891403  177.612976  182.602341  179.499222  169.770004  154.016724  134.490631  116.261246  98.687347  81.682503  65.790413 
 60.390472  75.336090  91.365784  107.471092  124.169998  140.970154  156.154526  167.110931  171.989059  168.897034  159.239685  144.534531  127.582184  110.969688  94.440002  78.260002  63.209167 
 56.547188  70.105934  84.960312  100.018753  114.606094  128.790619  141.490158  150.690002  154.723755  152.416870  144.252975  131.782349  117.484222  102.821404  87.806717  72.766876  59.628960 
 53.245575  63.934532  77.181252  90.870781  103.931252  115.521408  125.675003  132.765625  135.843124  133.797501  127.390778  117.545471  105.753593  93.014847  79.422028  66.222191  56.190941 
 50.799797  57.856873  68.154846  80.190781  91.569687  101.370941  109.253128  114.790161  116.910782  115.505005  110.447029  102.629219  92.737503  81.622971  69.595001  59.679688  53.490105 
 47.354382  52.467293  58.640472  68.014328  77.683022  86.302185  92.632706  97.024940  98.506401  97.417503  93.629318  87.373177  79.007500  69.144844  59.744171  54.414268  49.856773 
 } 
 B Channel
 {
 17.304691  19.278023  21.810364  26.079636  30.611927  34.666668  37.812187  39.737606  40.574688  39.937866  38.209583  35.118908  30.972916  26.609169  22.279686  19.718597  17.690262 
 18.982185  21.905937  26.501408  32.016094  37.176720  41.687500  45.325939  47.807186  48.723434  47.940155  45.733749  42.287033  37.692501  32.411251  26.813438  22.289219  19.816513 
 20.082706  25.046875  31.144218  37.278282  43.061405  48.219528  52.567810  55.663284  56.752968  55.845627  53.064842  48.867966  43.605782  37.794533  31.390469  25.392811  21.161564 
 21.782711  28.203125  35.099998  41.787968  48.084534  54.132034  59.459221  63.364685  64.885941  63.619530  60.145309  54.919533  48.730156  42.240311  35.323593  28.528908  22.877449 
 23.501404  30.600780  38.116093  45.256092  52.190781  59.107346  65.573753  69.868439  71.669998  70.299690  66.260780  60.089844  52.824219  45.679844  38.281719  31.106407  24.575783 
 24.617188  32.148438  39.893436  47.348751  54.916252  62.494530  69.414688  73.982033  75.779999  74.478752  70.310471  63.602188  55.579216  47.810780  40.158127  32.822968  25.774429 
 24.967030  32.656406  40.485626  48.311874  56.029373  63.781563  70.714531  75.214691  77.050156  75.777031  71.932655  64.987816  56.887184  48.860001  40.909843  33.270782  26.200153 
 24.572712  31.959373  39.612343  47.238438  54.808128  62.298752  69.022186  73.586563  75.344688  74.081093  70.223434  63.695160  55.420471  47.592655  39.901405  32.649532  25.905575 
 23.453907  30.325783  37.627342  44.830624  51.898438  58.625778  64.595314  68.977028  70.761406  69.544685  65.545784  59.473747  52.352501  45.149063  37.944218  30.941563  24.653645 
 21.458122  27.666874  34.488438  41.235157  47.519531  53.217186  58.217972  61.927345  63.426407  62.495941  59.347031  54.049065  47.977501  41.572811  34.883907  28.379688  22.902603 
 19.723648  24.630314  30.723907  36.977345  42.628906  47.421406  51.410782  54.192032  55.406563  54.628281  52.026253  47.926250  42.846405  37.192657  30.966251  25.263748  21.097080 
 18.344063  21.530312  26.273907  31.808907  36.912655  41.057343  44.229218  46.361874  47.170780  46.595001  44.621250  41.337032  36.989845  31.905781  26.396717  22.130470  19.708595 
 16.847393  19.210732  22.014534  26.392448  30.935364  34.732555  37.412342  39.065208  39.688492  39.258747  37.669586  35.032238  31.165886  26.591820  22.176514  19.889843  18.275677 
 } 


 White Balance Data with optical Center Data
 r_center_x =  671 r_center_y =  502 
 gr_center_x =  665 gr_center_y =  500 
 b_center_x =  669 b_center_y =  485 
 gb_center_x =  658 gb_center_y =  479 
 r/gr 0.846212 
 b/gr 0.413372 
 gb/gr 1.000834 
 r_oc_ave 157.835556 
 b_oc_ave 77.102219 
 gr_oc_ave 186.520004 
 gb_oc_ave 186.675552 

 [AWB]
 RGr =  0.846212 
 BGr =  0.413372 
 GbGr =  1.000834 
 r_oc_ave =  157.835556 
 b_oc_ave =  77.102219 
 gr_oc_ave =  186.520004 
 gb_oc_ave =  186.675552 