 LEFT LENS SHADING DATA
 RED Channel
 {
 38.477032  41.822449  46.331928  53.975723  62.282181  69.475525  74.933281  78.308380  79.494431  77.929016  74.294266  68.347969  61.062866  53.079170  45.209373  40.255779  37.162865 
 40.712032  45.321407  53.414215  63.500313  73.235939  81.545937  88.452660  93.029846  94.394218  92.351715  87.670937  80.393593  71.592659  62.137497  52.353127  43.881405  38.919949 
 42.531456  50.433128  61.440468  73.091560  84.222343  94.523590  103.184059  109.010155  111.107658  108.447815  102.243126  93.107658  82.495003  71.536095  60.140472  49.167656  40.794949 
 45.279011  56.196716  68.734528  81.763908  94.743904  107.055779  118.106400  125.857346  128.613586  125.211868  117.199997  105.552032  92.652657  79.869377  67.173752  54.790314  43.909061 
 48.264427  60.860466  74.570938  88.881721  103.675156  118.283752  131.738907  140.844055  144.027649  140.114838  130.573120  116.697662  101.618279  86.886719  72.843597  59.406250  47.035419 
 50.396980  63.941559  78.422813  93.750938  109.973122  126.500931  141.172653  150.806412  154.046097  150.122971  140.167816  124.847031  107.802658  91.714218  76.722969  62.583595  49.416718 
 51.181198  65.150154  80.060310  95.932343  112.604065  129.823120  144.621719  154.375000  157.573914  153.766403  144.231873  128.517975  111.089066  94.381561  78.436722  63.639847  50.260475 
 50.452187  64.165939  78.852501  94.193436  110.463593  126.748444  141.257187  151.057037  154.305618  150.514847  140.956100  125.835312  108.139687  92.056564  76.949066  62.648750  49.866249 
 48.547661  61.274529  75.285004  89.626717  104.388908  118.854691  131.947037  141.155319  144.222183  140.503433  130.988434  117.378433  102.080940  87.466095  73.397659  59.845314  47.531563 
 45.694683  56.839691  69.475784  82.530159  95.456406  107.661407  118.652039  126.276718  128.927963  125.901413  117.978119  106.612816  93.732346  80.724373  67.841721  55.327499  44.368332 
 43.405048  51.496094  62.298126  73.960625  85.342346  95.609840  104.327347  110.233910  112.288910  109.862190  103.482033  94.197189  83.648438  72.421249  60.859222  49.847809  41.253231 
 41.845520  46.505936  54.426407  64.434998  74.370941  82.957031  89.635941  94.107033  95.720940  93.855316  88.857185  81.510315  72.643280  63.003441  52.930000  44.591873  39.547291 
 39.259689  42.802189  46.978275  54.318748  62.539680  69.355156  74.968857  78.571823  79.756348  78.299896  74.726776  68.611565  61.205994  52.975098  45.084583  40.438961  37.198544 
 } 
 GR Channel
 {
 49.905098  55.360107  61.246933  70.494270  80.184471  88.092812  93.992035  97.966408  99.350151  97.672394  93.597916  87.168282  78.906609  69.688492  60.495415  54.400208  50.157295 
 53.700523  60.144684  70.141716  81.888435  92.712814  101.931564  109.398903  114.669525  116.413284  114.224060  109.201248  101.333908  91.581406  80.792030  69.356247  58.910622  52.580208 
 56.427078  66.672501  79.708282  93.024376  105.321404  116.520935  126.078125  132.618286  135.005310  132.158127  125.592026  115.806412  104.129219  91.900940  78.616409  65.500313  55.085732 
 60.196716  73.556091  88.310471  102.811409  117.102966  130.729065  142.687653  151.136719  154.225784  150.705154  142.405624  130.128281  116.036087  101.531563  86.939842  72.279846  59.076721 
 63.851044  79.149376  94.992035  110.963440  127.194534  143.181564  157.681564  167.454376  170.977661  167.042038  157.502029  142.834381  125.834061  109.527031  93.824371  77.884064  62.979485 
 66.492348  82.880470  99.384689  116.399063  134.255005  152.088913  168.001404  178.499374  181.948746  178.160629  168.009995  151.597656  133.077347  115.351715  98.290939  81.968437  65.907608 
 67.524063  84.276566  101.309998  119.087189  137.097504  155.813126  171.814682  182.435623  186.071869  181.952347  172.441101  155.937973  136.855942  118.427811  100.610939  83.408279  67.112656 
 66.588753  83.057503  99.795624  116.933899  134.630005  152.251251  168.177338  178.849533  182.273911  178.589844  168.651871  152.625778  133.221558  115.576096  98.625778  81.970001  66.326256 
 64.015411  79.438751  95.570000  111.713440  127.773590  143.708130  157.914841  167.871246  171.432968  167.570160  157.604370  143.174683  126.612183  110.383438  94.343285  78.495316  63.546562 
 60.443283  74.088905  88.763596  103.481873  117.656403  131.146881  143.151413  151.582962  154.462662  151.249222  143.169373  131.094055  116.881256  102.420158  87.726250  73.016090  59.590889 
 57.425362  67.686409  80.502815  93.867340  106.260002  117.571716  127.153900  133.576401  135.951248  133.486404  126.799530  116.841568  105.035782  92.627342  79.329842  66.230156  55.586609 
 54.689011  61.407967  71.069374  82.628593  93.633591  103.130470  110.546722  115.485474  117.350937  115.472031  110.068283  102.130936  92.291878  81.363434  69.594063  59.564064  52.940315 
 50.209015  56.046097  61.643959  70.285057  79.719223  87.262344  93.219421  97.474426  99.221764  97.448906  93.185989  86.697609  78.428955  68.880104  59.475311  53.906563  49.691986 
 } 
 GB Channel
 {
 50.573647  55.895729  62.024277  71.627609  81.852814  90.093491  96.564583  100.808601  102.151192  100.320992  95.895149  89.047966  80.260361  70.444481  60.846245  54.545364  50.229111 
 53.802811  60.436562  70.753441  82.913437  94.225311  103.940781  111.837502  117.364212  119.158905  116.785782  111.367035  103.001091  92.747658  81.354065  69.451248  58.807655  52.227028 
 55.935257  66.560471  79.907028  93.649529  106.498123  118.223907  128.109528  134.885162  137.409225  134.437347  127.504532  117.245941  104.880623  92.101715  78.289688  64.891716  54.294846 
 59.322868  73.002655  88.084999  103.107971  117.868591  131.810944  144.127350  152.913757  156.170151  152.654846  143.752975  130.935318  116.227188  101.225937  86.223282  71.219528  57.871819 
 62.715317  78.175316  94.312653  110.698753  127.312195  143.684525  158.529068  168.680466  172.296570  168.200943  158.102661  143.105774  125.602188  108.846092  92.567184  76.453590  61.350891 
 65.107391  81.641563  98.410782  115.714539  133.893753  152.136093  168.133591  178.831879  182.524994  178.625626  167.896881  151.134537  132.342499  113.953430  96.674530  80.082031  64.240570 
 65.820572  82.693283  99.936096  117.857025  136.320618  155.034058  171.256256  181.950150  185.946716  181.787506  171.745316  155.018753  135.653122  116.824066  98.779686  81.361252  65.275414 
 64.961975  81.411560  98.229843  115.535461  133.481567  151.435776  167.297653  178.133118  181.702347  177.788284  167.871246  151.497025  131.807037  113.884689  96.736404  79.895470  64.351929 
 62.490837  77.941254  94.081406  110.314690  126.510468  142.636246  156.965149  167.063431  170.675156  166.761566  156.782181  142.035782  125.102814  108.727028  92.409691  76.499222  61.743179 
 59.087029  72.725159  87.430939  102.207031  116.539215  130.097183  142.196716  150.771255  153.739212  150.406097  142.161880  129.866089  115.446243  100.859062  85.953125  71.170311  57.795311 
 56.384995  66.673752  79.480316  92.876091  105.390625  116.769531  126.402344  132.942337  135.355164  132.837494  125.961868  115.867340  103.866409  91.168121  77.781715  64.675468  54.121933 
 54.001244  60.548752  70.293907  81.895470  93.041718  102.674065  110.099373  115.279694  117.222183  115.244690  109.559685  101.395157  91.370003  80.255623  68.419373  58.317970  51.845261 
 50.073746  55.647499  61.182861  69.929428  79.388176  87.267815  93.431458  97.702606  99.440109  97.683022  93.116776  86.545784  77.848755  68.172707  58.674377  52.996094  48.648178 
 } 
 B Channel
 {
 19.133595  21.718178  24.679062  29.435730  34.392136  38.502033  41.482029  43.165676  43.715935  42.914791  41.002445  37.724945  33.545368  28.803490  24.197445  21.133698  19.675365 
 20.373596  23.444218  28.490311  34.317814  39.736095  44.141407  47.565155  49.741722  50.487190  49.385628  47.051407  43.337658  38.620155  33.397030  27.667656  22.773907  20.356197 
 21.258541  26.190624  32.558125  39.051250  45.006248  50.160622  54.370155  57.060936  57.951874  56.623749  53.595467  49.071716  43.670311  37.827812  31.510155  25.460312  21.181564 
 22.897659  29.328281  36.512501  43.535156  50.210785  56.282341  61.527809  65.065941  66.220467  64.521873  60.717972  55.138748  48.646408  42.088280  35.207657  28.455154  22.996616 
 24.553699  31.841408  39.488438  47.043282  54.481873  61.586716  67.882660  71.945160  73.257347  71.322029  67.014221  60.319374  52.765472  45.389374  38.105469  30.995312  24.770729 
 25.573021  33.354687  41.344845  49.267654  57.321716  65.252968  72.049377  76.232658  77.494377  75.684998  71.135628  63.893127  55.599998  47.689999  39.922657  32.629845  26.024220 
 25.919739  33.832031  41.996407  50.143906  58.377815  66.531250  73.375000  77.490471  78.902809  76.988907  72.610626  65.272972  56.935623  48.799377  40.832657  33.132969  26.546513 
 25.422604  33.258438  41.264217  49.287811  57.208595  65.024216  71.734840  75.959221  77.175781  75.225937  70.966248  63.977814  55.351563  47.478905  39.865002  32.412186  26.113022 
 24.287914  31.661251  39.490467  46.996407  54.251717  61.286720  67.286720  71.261719  72.342499  70.555626  66.268127  59.909531  52.483749  45.230000  38.012970  30.902031  24.852242 
 22.694687  29.129688  36.334530  43.337032  49.798904  55.712814  60.708435  64.095001  65.100784  63.658592  60.072968  54.629219  48.299377  41.838593  35.001877  28.406094  22.867550 
 21.380260  26.255470  32.562500  38.937031  44.692970  49.616249  53.585159  56.295624  57.171875  55.994690  52.939842  48.546875  43.221718  37.469845  31.184845  25.225155  20.985363 
 20.428123  23.411877  28.058125  33.663906  38.869999  43.132813  46.310001  48.406876  49.018753  48.062035  45.659843  41.990623  37.436092  32.329063  26.689999  22.072968  19.633595 
 18.647705  21.057709  23.625206  27.739532  32.244164  35.963230  38.697914  40.528126  40.978748  40.145153  38.223385  35.211876  31.236305  26.578648  22.087917  19.519012  17.918179 
 } 


 White Balance Data with optical Center Data
 r_center_x =  635 r_center_y =  511 
 gr_center_x =  644 gr_center_y =  491 
 b_center_x =  634 b_center_y =  453 
 gb_center_x =  639 gb_center_y =  487 
 r/gr 0.845329 
 b/gr 0.422510 
 gb/gr 0.998098 
 r_oc_ave 158.057785 
 b_oc_ave 79.000000 
 gr_oc_ave 186.977783 
 gb_oc_ave 186.622223 

 [AWB]
 RGr =  0.845329 
 BGr =  0.422510 
 GbGr =  0.998098 
 r_oc_ave =  158.057785 
 b_oc_ave =  79.000000 
 gr_oc_ave =  186.977783 
 gb_oc_ave =  186.622223 