 LEFT LENS SHADING DATA
 RED Channel
 {
 35.720104  38.947186  43.834843  51.460205  59.635361  66.827248  72.541206  75.935059  77.051765  75.806145  72.288437  66.530258  59.347496  51.560310  44.365833  39.981613  37.127449 
 37.720524  43.014687  51.366722  61.386871  71.148903  79.627029  86.360153  91.109840  92.642189  90.831566  86.328438  79.374222  70.667503  61.272812  51.446251  43.540157  39.508698 
 39.549534  48.202660  59.152657  70.740158  81.879997  92.175781  100.888123  106.886406  109.044685  106.783440  100.832970  92.037033  81.672028  70.710159  59.108124  48.467033  41.044323 
 42.736771  53.852188  66.338127  79.246872  92.195313  104.658752  115.580780  123.463120  126.233597  123.212662  115.571869  104.500938  91.798439  79.095627  66.142654  53.617035  43.539322 
 45.716663  58.371246  72.050316  86.268280  100.909218  115.670471  128.957962  138.203125  141.551880  137.987808  128.917969  115.649368  100.677345  86.035782  71.770470  58.227814  46.311565 
 48.023804  61.487343  75.839218  91.016563  107.308907  123.814224  138.619217  148.561401  152.067963  148.396561  138.675476  123.681870  106.921410  90.996559  75.699997  61.457497  48.425827 
 48.921822  62.793282  77.558746  93.371094  110.111717  127.317032  142.540161  152.556091  156.209534  152.634995  143.073746  127.748749  110.430313  93.782028  77.752190  62.750626  49.395210 
 48.393692  62.117653  76.605782  91.862503  108.236565  124.889069  139.821564  149.985001  153.479691  149.835312  140.471100  125.578751  108.093285  91.971565  76.527809  62.000465  49.124428 
 46.320827  59.243752  73.058594  87.365623  102.517342  117.683746  131.164841  140.704224  143.994537  140.397812  131.297653  117.764221  102.477501  87.684532  73.158127  59.402809  47.339485 
 43.246979  54.802811  67.472969  80.645622  93.893593  106.607346  117.951248  125.964996  128.688126  125.925003  118.170776  106.903282  93.903122  80.833748  67.604218  55.011406  44.619946 
 40.337967  49.499847  60.666565  72.449997  84.091721  94.509529  103.644531  110.074066  112.262192  109.819061  103.566719  94.603279  83.781097  72.481720  60.622345  49.790466  42.119427 
 38.585884  44.258595  53.040154  63.267815  73.269531  82.091721  89.212967  94.093750  95.666565  93.761093  88.950470  81.652969  72.738434  62.961250  52.740784  44.825470  40.415257 
 36.512970  40.257133  45.202034  53.181145  61.592651  69.050674  74.832344  78.507500  79.654060  78.549217  74.785255  68.942345  61.282600  52.718750  45.183903  41.017761  38.035675 
 } 
 GR Channel
 {
 48.037498  52.562088  58.649376  67.479790  76.633118  84.544067  90.582451  94.522552  95.574631  94.088486  90.400421  84.237862  76.400620  67.630623  59.231873  53.843956  49.713959 
 51.064995  57.949997  67.890625  79.308128  90.148125  99.411560  106.666405  111.797340  113.638596  111.577034  106.653748  99.097656  89.570625  79.013123  67.793121  58.548126  53.151878 
 53.698074  64.475784  77.320938  90.438904  102.763435  114.025467  123.454376  129.845932  132.238434  129.702499  123.165787  113.717346  102.325310  90.151566  77.142029  64.704689  55.454689 
 57.522392  71.147812  85.455940  100.089844  114.416870  128.161087  140.072815  148.589844  151.504532  148.293594  140.099213  127.912964  114.014847  99.971252  85.440155  71.115623  58.787292 
 61.615883  76.674843  92.425156  108.198753  124.589218  140.803131  155.174225  164.962494  168.497025  164.810623  155.125473  140.684692  124.005157  108.089218  92.095314  76.451561  62.123230 
 64.238289  80.548904  96.937653  113.985153  131.961716  150.130463  166.050308  176.738129  180.279221  176.448593  166.147964  149.911880  131.525787  113.918594  96.832809  80.321877  64.638535 
 65.571564  82.162811  99.062035  116.830475  135.143906  154.277817  170.476563  181.303284  184.923279  181.243286  171.395004  154.662506  135.774994  117.349213  99.515160  81.940781  65.980156 
 65.040993  81.263283  97.853439  114.918274  133.019058  151.424850  167.642181  178.431870  182.086868  178.190308  168.408752  152.300156  132.869690  115.085159  97.736565  81.013435  65.589272 
 62.269325  77.797028  93.630310  109.776093  126.695465  143.306091  158.055939  168.470779  171.894684  168.080933  158.128906  143.384842  126.385941  110.021561  93.699219  77.836403  63.343697 
 58.536613  72.546410  87.179840  102.056091  116.731094  130.893127  143.442657  152.177032  155.365005  152.422653  143.817657  131.342346  116.653900  102.242813  87.240936  72.597191  59.949692 
 54.949272  66.084686  79.218750  92.647659  105.537659  117.314056  127.254211  134.434372  137.001251  134.176559  127.175476  117.092972  105.090622  92.430313  78.997345  66.237816  56.808647 
 52.441147  59.752815  70.032341  81.888123  93.117653  102.969841  110.718750  116.310944  118.094849  115.964066  110.348595  102.345627  92.457657  81.321091  69.643753  60.045784  54.377235 
 49.158234  54.320724  60.557129  69.678535  79.219528  87.497131  93.877502  97.969688  99.397133  98.111977  93.659637  87.310204  78.818283  69.298805  60.356667  55.231400  50.718910 
 } 
 GB Channel
 {
 48.042816  52.967400  59.329895  68.580833  78.367241  86.726303  93.212975  97.383026  98.550415  97.024635  92.867661  86.107452  77.737396  68.424370  59.709114  54.115623  49.805214 
 50.927818  58.009064  68.260315  80.254997  91.647034  101.332344  109.153595  114.614685  116.566254  114.346100  109.005783  101.002655  90.861565  79.721878  68.088905  58.591873  53.061455 
 53.131721  64.078590  77.300629  90.940155  103.853439  115.691406  125.600311  132.483597  134.883743  132.240463  125.348587  115.278275  103.317032  90.612343  77.059372  64.382187  55.045097 
 56.589371  70.288124  84.971718  100.123123  114.966568  129.316711  141.655777  150.592499  153.752182  150.357651  141.749222  129.151093  114.657181  99.991722  84.988747  70.361565  58.047813 
 60.057709  75.429375  91.360313  107.655312  124.525940  141.228439  156.054214  166.265152  170.093903  166.297348  156.290787  141.381256  124.254684  107.626251  91.259216  75.445465  61.006927 
 62.626823  78.897034  95.575157  112.928131  131.352341  149.957809  166.126556  177.199844  181.038437  177.122971  166.560150  150.058746  131.237183  113.197662  95.581093  78.939377  63.218956 
 63.775940  80.294685  97.330467  115.390320  134.186096  153.393280  169.903442  181.191254  185.037186  181.303589  171.177032  154.367188  135.059525  116.311722  97.938591  80.391403  64.322861 
 63.142609  79.305939  96.035004  113.378433  131.756714  150.427811  166.845474  177.982025  181.838913  177.836243  168.007965  151.677505  131.932816  113.757034  96.079063  79.298904  63.694954 
 60.589531  76.080154  92.059998  108.328125  125.485153  142.264526  157.219055  167.916870  171.580475  167.728912  157.522034  142.625153  125.392807  108.652496  92.100159  76.067810  61.835320 
 56.939903  70.972809  85.702347  100.679222  115.646088  129.970779  142.668900  151.627029  154.954224  151.881882  143.224838  130.542664  115.741882  101.037186  85.798279  71.130783  58.516823 
 53.698547  64.880623  78.144379  91.709373  104.744377  116.646408  126.858902  134.054535  136.775620  133.961411  126.840775  116.529068  104.460625  91.482033  77.790627  65.052658  55.700363 
 51.447037  58.885155  69.293434  81.274841  92.702034  102.645622  110.705467  116.390320  118.214996  116.084534  110.406876  102.122971  91.919846  80.689842  68.784378  59.170158  53.555359 
 48.709122  53.709122  60.001350  69.577972  79.324738  87.871048  94.244011  98.544060  99.993752  98.504738  94.152702  87.324013  78.807968  68.926720  59.808952  54.618279  50.341614 
 } 
 B Channel
 {
 17.093597  19.191929  22.173439  26.641926  31.272446  35.164063  37.940468  39.726353  40.158695  39.571980  37.837448  34.774944  30.861252  26.433697  22.268856  19.820782  18.208279 
 18.634430  21.896717  26.903439  32.569218  37.913906  42.424061  45.847343  48.178436  48.923904  47.956562  45.712658  42.167656  37.548752  32.355156  26.762188  22.432655  20.320366 
 19.779945  25.060158  31.531406  38.002968  44.062656  49.407188  53.686562  56.554840  57.584846  56.442497  53.565155  49.206253  43.767502  37.845627  31.369999  25.523281  21.677654 
 21.680679  28.256718  35.421719  42.592968  49.493904  55.820000  61.296875  65.052811  66.374062  64.906250  61.253128  55.669220  49.127502  42.427811  35.368752  28.591251  23.338749 
 23.443592  30.835468  38.482967  46.093594  53.782028  61.288124  67.849998  72.094528  73.612343  72.000465  67.794998  61.189064  53.587654  46.065781  38.375313  31.166092  24.962555 
 24.712185  32.517189  40.399376  48.363594  56.650780  64.972504  72.135468  76.629372  78.152809  76.485939  72.099998  64.925156  56.546722  48.423126  40.296093  32.857033  26.110989 
 25.317604  33.125938  41.152344  49.443283  57.830002  66.440941  73.633591  78.087654  79.701874  78.193909  73.934998  66.594063  58.060936  49.715935  41.380470  33.517811  26.711979 
 25.027653  32.692032  40.537498  48.460785  56.747971  65.006409  72.250938  76.842346  78.290466  76.699532  72.559998  65.516251  56.799690  48.680466  40.547501  32.992344  26.431721 
 23.556408  31.085781  38.646873  46.211720  53.952812  61.411095  67.890778  72.482346  73.964996  72.359222  68.121246  61.574844  53.891403  46.428749  38.795937  31.562500  25.418335 
 21.830315  28.542812  35.691563  42.722343  49.607185  55.983597  61.599686  65.385780  66.764847  65.453590  61.784065  56.301872  49.744217  43.003906  35.875000  29.171875  23.896458 
 20.110573  25.492031  32.022186  38.499844  44.650623  50.056091  54.410934  57.532814  58.654686  57.574219  54.547188  50.056252  44.603592  38.627499  32.061718  26.154064  22.274063 
 19.023178  22.624218  27.754063  33.565155  39.007030  43.626564  47.123280  49.543121  50.295937  49.365623  46.920624  43.297344  38.636406  33.317345  27.561562  23.141563  20.997395 
 17.615261  20.083176  23.135731  27.690781  32.401405  36.399479  39.409325  41.121044  41.803856  41.163540  39.245209  36.179222  32.104115  27.351299  22.964062  20.568230  19.009480 
 } 


 White Balance Data with optical Center Data
 r_center_x =  639 r_center_y =  512 
 gr_center_x =  638 gr_center_y =  504 
 b_center_x =  657 b_center_y =  504 
 gb_center_x =  666 gb_center_y =  496 
 r/gr 0.844248 
 b/gr 0.430097 
 gb/gr 0.999569 
 r_oc_ave 156.711105 
 b_oc_ave 79.835556 
 gr_oc_ave 185.622223 
 gb_oc_ave 185.542221 

 [AWB]
 RGr =  0.844248 
 BGr =  0.430097 
 GbGr =  0.999569 
 r_oc_ave =  156.711105 
 b_oc_ave =  79.835556 
 gr_oc_ave =  185.622223 
 gb_oc_ave =  185.542221 