 LEFT LENS SHADING DATA
 RED Channel
 {
 36.695938  40.309273  44.503956  51.731247  59.814949  67.150627  72.958954  76.660576  77.965210  76.689529  73.088806  67.357552  60.077911  52.295937  45.092293  40.724583  37.231251 
 39.443020  44.089687  52.013123  62.019997  71.710159  80.355621  87.463127  92.405785  94.175629  92.553909  88.049843  80.937347  72.073753  62.463440  52.693123  44.618752  40.009586 
 41.392033  48.998909  59.870155  71.714066  82.962502  93.453278  102.429062  108.666405  111.045784  108.880310  102.952660  94.079689  83.479378  72.303284  60.724533  49.848595  41.785885 
 43.965885  54.503593  67.002029  80.385315  93.266716  105.902809  117.007813  125.114059  128.293747  125.297348  117.797180  106.629219  93.860626  80.865936  67.795937  55.343750  44.467499 
 46.659161  59.102501  72.690315  87.186409  101.967972  116.659225  130.300629  139.761414  143.325943  140.000305  131.219376  117.705002  102.599220  87.906403  73.599220  59.876404  47.529530 
 48.890785  62.177658  76.491249  91.821251  108.300934  124.635788  139.739212  149.946243  153.570313  150.171722  140.866714  125.817505  108.876717  92.945778  77.474686  63.164688  49.600517 
 49.854836  63.451721  78.129997  94.035934  110.767029  127.927338  143.371399  153.676559  157.529373  154.119995  144.974060  129.576096  112.211243  95.505623  79.380783  64.303909  50.504951 
 49.110786  62.485153  76.962502  92.039688  108.552185  125.101563  140.176712  150.625626  154.266876  150.829376  141.543900  126.957809  109.314842  93.157501  77.836716  63.229530  50.080574 
 46.894009  59.495468  73.293747  87.444061  102.479218  117.307968  131.062195  140.649994  144.339539  140.945786  131.665939  118.198288  103.043747  88.332031  74.027031  60.298904  47.858280 
 43.647556  54.828590  67.494217  80.483749  93.484375  106.182343  117.513443  125.723907  128.833755  126.033905  118.150787  106.813904  94.052032  81.121559  68.247810  55.691406  44.724949 
 40.760574  49.413284  60.490936  72.209221  83.488594  94.023903  103.203125  109.564529  112.022186  109.711563  103.194534  94.298904  83.769379  72.667969  61.125000  50.159218  41.743595 
 38.838074  44.189529  52.675468  62.881561  72.647659  81.308128  88.495155  93.440155  95.129059  93.212341  88.287346  81.213753  72.595627  63.057030  53.077660  44.604843  39.362137 
 36.015991  39.923077  44.862759  52.579063  61.007034  68.062706  73.808289  77.426613  78.663643  77.380470  73.666306  68.074585  61.072708  52.815155  44.990780  40.201721  36.766720 
 } 
 GR Channel
 {
 47.710464  53.652550  59.402557  68.023544  77.118073  85.228691  91.319168  95.096413  96.682449  95.371147  91.702705  85.572609  77.583176  68.752708  60.204216  54.558388  49.450882 
 52.669632  59.233597  69.016090  80.725624  91.424530  100.772659  108.144997  113.097031  115.077652  113.369064  108.660622  101.387184  91.959221  81.230621  69.983597  60.164841  53.881721 
 55.767189  65.677185  78.810158  92.350159  104.491249  115.618286  124.987030  131.356873  133.761246  131.561249  125.549225  116.390778  104.914375  92.830315  79.712814  66.931091  56.978798 
 59.329475  72.501564  87.180313  102.172188  116.246246  129.782974  141.753281  150.095932  153.323288  150.322189  142.514847  130.675308  116.874069  102.655624  88.175468  73.752029  60.862236 
 62.843178  78.061722  93.676559  109.988907  126.153748  142.248901  156.919998  166.825470  170.505463  167.050781  157.800003  143.465317  126.874374  110.657028  94.841560  79.306877  64.555626 
 65.560730  81.851563  98.146248  115.276566  133.179840  151.272812  167.674683  178.422501  182.071716  178.526413  168.628281  152.558121  133.906097  116.241562  99.441872  83.348907  67.407448 
 66.937546  83.303596  100.085625  117.827652  136.121567  155.117966  171.934372  182.682816  186.520782  183.021088  173.592651  157.095154  138.012024  119.582657  101.719688  84.894379  68.678955 
 66.145729  82.259064  98.722969  115.632507  133.699844  152.141251  168.828430  179.578598  183.424850  179.674377  170.140472  154.324066  134.731720  117.009995  99.906876  83.601715  67.998177 
 63.433647  78.797813  94.537659  110.569687  127.096405  143.836411  158.901093  169.047806  172.843445  169.169846  159.421402  144.940002  128.053589  111.737190  95.803123  80.083122  65.311455 
 59.385262  73.314217  88.043434  102.888283  117.302338  131.378128  143.949524  152.524368  155.932190  152.698288  144.486252  132.223282  118.140930  103.810623  89.265625  74.664063  61.325722 
 55.822350  66.820465  79.972969  93.347031  106.111092  117.446869  127.344528  134.283752  136.900940  134.222504  127.433121  118.048904  106.538910  94.142654  80.902031  67.845314  57.185730 
 52.994637  60.304840  70.627342  82.295937  93.461563  102.946091  110.569061  115.824066  117.682968  115.805313  110.559219  103.047028  93.646095  82.810783  71.190941  60.865158  53.795784 
 48.678383  54.308807  60.546295  69.603859  79.256981  87.360886  93.625313  97.631142  99.074425  97.637810  93.522346  87.555153  79.634628  70.273071  60.875107  54.852036  50.089119 
 } 
 GB Channel
 {
 47.666458  53.401871  59.476563  68.395935  78.049896  86.539268  93.279579  97.308647  98.971977  97.620827  93.746048  87.012238  78.798538  69.538437  60.538963  54.608910  49.490158 
 52.200211  58.688126  68.752815  80.878441  92.059059  101.852188  109.781250  115.106567  117.271561  115.528748  110.588127  102.924530  92.846878  81.747185  70.140625  60.087029  53.735580 
 54.803177  64.769218  78.022346  91.978439  104.669373  116.201721  126.118912  132.918900  135.689682  133.413437  127.189056  117.532028  105.735626  92.930466  79.594063  66.487816  56.382401 
 57.954269  71.109688  85.955940  101.312500  115.898911  129.814529  142.314850  151.293442  154.901413  151.839691  143.760315  131.473434  117.220627  102.517189  87.710785  72.907028  59.753075 
 61.049530  76.286407  91.966873  108.470154  124.960464  141.542191  156.781555  167.251724  171.460159  168.024536  158.445313  143.814529  126.714371  110.212189  93.925316  78.168747  63.205421 
 63.653641  79.620316  95.838905  113.203125  131.305466  149.807968  166.604843  177.830154  181.963913  178.634064  168.522186  152.184845  133.242966  115.289841  98.122658  81.780785  65.648911 
 64.636925  80.886719  97.447189  115.272339  133.648285  153.030945  170.270462  181.694839  185.694061  182.350311  172.855621  156.268753  136.864838  118.174530  100.123749  83.051094  66.783798 
 63.881561  79.692810  95.964844  112.974060  131.154846  149.758286  166.760315  178.032349  182.155319  178.740158  169.277817  153.200775  133.395462  115.341873  98.124847  81.709999  65.955421 
 61.349838  76.436722  92.038597  107.919846  124.627655  141.422028  156.927185  167.499374  171.689682  168.140930  158.394836  143.685776  126.594376  110.085785  93.982498  78.260628  63.432289 
 57.571564  71.155312  85.844688  100.532341  115.059845  129.371094  142.213120  151.158752  154.750473  151.809372  143.488281  131.072968  116.817337  102.326721  87.648285  73.019684  59.589272 
 54.071609  65.090157  78.191406  91.533440  104.412971  115.955627  126.029068  133.262344  136.068756  133.654999  126.796402  117.128601  105.396408  92.892502  79.548752  66.515778  55.885162 
 51.761879  58.789375  69.171562  80.983749  92.208435  101.876251  109.865471  115.399216  117.420319  115.483444  110.132660  102.476715  92.815315  81.867340  70.100624  59.839066  52.830727 
 47.617702  53.168129  59.469894  68.746666  78.509682  86.885834  93.350266  97.644005  99.061562  97.702187  93.565361  87.361931  79.221565  69.651726  60.084793  53.878647  49.246971 
 } 
 B Channel
 {
 16.834740  18.938492  21.628643  25.961094  30.428074  34.404739  37.426716  39.307346  39.893387  39.291458  37.569946  34.506718  30.695835  26.375313  22.314171  19.660416  17.526249 
 18.865574  21.390781  26.014061  31.775467  37.017033  41.394531  44.918594  47.209217  48.058594  47.246876  45.117657  41.701096  37.181252  32.114063  26.814999  22.308750  19.524998 
 20.086876  24.400623  30.451096  37.049061  42.837032  47.894531  52.128754  54.968750  56.091721  55.000153  52.330627  48.313904  42.930313  37.367344  31.344532  25.421406  20.883278 
 21.619530  27.470158  34.223595  41.309063  47.859844  53.765160  59.047188  62.673752  64.067497  62.769997  59.342972  54.169998  48.104530  41.698906  35.090469  28.573593  22.518803 
 23.101616  29.980156  37.121563  44.418438  51.765625  58.689217  64.969063  69.189064  70.869843  69.414215  65.399376  59.265472  52.113907  45.010155  37.963905  31.085625  24.209789 
 24.175987  31.527031  38.762032  46.341095  54.239845  61.973747  68.849686  73.368904  75.009842  73.543282  69.329842  62.619217  54.746559  47.205936  39.812187  32.750156  25.494114 
 24.683750  31.976250  39.379219  47.041248  54.911873  62.987656  69.962189  74.533440  76.249062  74.769066  70.862968  64.004219  56.011253  48.266403  40.703281  33.318748  25.903751 
 24.160522  31.349686  38.591095  45.843437  53.606873  61.301094  68.212189  72.745316  74.459061  72.972504  69.091095  62.580467  54.487343  46.904530  39.708439  32.678593  25.505470 
 22.843334  29.687500  36.609062  43.521095  50.471878  57.564377  63.761253  67.984375  69.715469  68.243752  64.248749  58.261253  51.392502  44.516876  37.678905  31.027969  24.244007 
 20.956150  27.139061  33.712345  40.082813  46.253281  52.219063  57.379372  60.915314  62.395470  61.226250  57.823906  52.827660  47.032814  40.880314  34.680470  28.450001  22.430000 
 19.280987  24.090782  30.000000  35.839375  41.322342  46.330002  50.441406  53.292191  54.377655  53.455940  50.705940  46.761562  41.919220  36.609375  30.809845  25.280624  20.396042 
 17.932915  21.106251  25.716095  30.969376  35.831093  40.055782  43.427811  45.617031  46.372814  45.680470  43.581406  40.358437  36.198280  31.460468  26.421562  21.997658  18.861198 
 16.354584  18.509998  21.381302  25.461456  29.922554  33.603905  36.394062  38.108910  38.779064  38.227345  36.430363  33.845940  30.379322  25.944427  21.901981  19.452446  17.347446 
 } 


 White Balance Data with optical Center Data
 r_center_x =  637 r_center_y =  504 
 gr_center_x =  659 gr_center_y =  489 
 b_center_x =  664 b_center_y =  488 
 gb_center_x =  649 gb_center_y =  463 
 r/gr 0.843291 
 b/gr 0.408104 
 gb/gr 0.995419 
 r_oc_ave 157.897781 
 b_oc_ave 76.413330 
 gr_oc_ave 187.240005 
 gb_oc_ave 186.382217 

 [AWB]
 RGr =  0.843291 
 BGr =  0.408104 
 GbGr =  0.995419 
 r_oc_ave =  157.897781 
 b_oc_ave =  76.413330 
 gr_oc_ave =  187.240005 
 gb_oc_ave =  186.382217 