 LEFT LENS SHADING DATA
 RED Channel
 {
 37.554531  40.917450  44.944477  52.267448  60.422714  67.768333  73.229164  76.844009  78.008125  76.690987  72.938698  67.085060  59.872757  51.816978  44.145054  39.187965  35.965885 
 40.291199  45.051407  52.815315  62.741409  72.398125  80.918747  87.834999  92.472969  94.030624  92.103279  87.396408  80.259842  71.496719  61.979065  52.081093  43.617344  38.642136 
 41.984997  50.320000  61.041092  72.606560  83.622032  93.884842  102.504219  108.605469  110.667030  108.301247  102.133438  93.110313  82.567497  71.662498  60.232346  49.214996  40.929169 
 44.818123  55.933128  68.531715  81.339996  94.037186  106.169846  117.127655  125.112350  127.807190  124.677658  116.837814  105.610466  92.749535  80.012184  67.154060  54.776093  44.089218 
 47.716930  60.512970  74.489059  88.434059  102.837967  117.130936  130.380630  139.517975  142.804688  139.278595  129.965942  116.522507  101.376877  86.861877  72.665001  59.287659  47.093281 
 50.038643  63.600311  78.090782  93.168434  108.955154  125.001251  139.404999  149.251556  152.554688  149.060776  139.274994  124.405777  107.409691  91.532188  76.408279  62.479378  49.496872 
 51.050629  64.671875  79.461250  95.223595  111.392967  128.032806  142.895462  152.861404  156.292969  152.708755  143.335464  127.943283  110.546562  94.054222  78.245628  63.788597  50.703384 
 50.232971  63.784843  78.038910  93.222031  109.142654  125.150467  139.733444  149.588440  152.885315  149.228592  139.937347  125.216568  107.569061  91.566559  76.592659  62.750778  50.011406 
 48.105148  60.795784  74.366096  88.426559  103.073280  117.447037  130.492813  139.770004  142.956253  139.361557  130.075623  116.745468  101.672501  86.993439  73.200623  60.058907  47.631611 
 44.901356  56.113434  68.611877  81.322342  94.170471  106.288124  117.074219  124.753433  127.686874  124.643127  116.784378  105.661407  92.930626  80.060310  67.611404  55.323128  44.201458 
 42.222919  50.613747  61.558907  73.059685  84.134689  94.173439  102.802971  108.721565  110.862503  108.404221  102.170471  93.170784  82.839996  71.754219  60.318436  49.646248  41.115002 
 40.657864  45.503906  53.719841  63.559685  73.084999  81.534531  88.381248  92.788750  94.224686  92.440781  87.639534  80.481094  71.730621  62.324532  52.199997  44.020470  38.895679 
 38.695362  42.091614  46.417553  53.958435  62.002502  69.091820  74.608330  78.083336  79.144691  77.944740  74.316818  68.415054  61.017296  52.789322  44.642502  40.083595  37.173176 
 } 
 GR Channel
 {
 49.080360  54.508278  59.614426  68.359428  77.771561  85.932388  92.082962  96.055321  97.559425  95.883080  91.820206  85.512138  77.250931  67.994637  58.985779  52.996407  48.776405 
 53.912033  60.278908  69.909218  81.402969  92.391563  101.846565  109.521095  114.625305  116.362976  114.114532  109.033127  101.221092  91.450935  80.588593  69.015160  58.893280  52.424744 
 56.675316  66.956566  79.810623  93.097656  105.562965  116.843597  126.341095  132.868591  135.263596  132.485474  125.911407  116.036880  104.304688  91.925781  78.642029  65.598595  55.326714 
 60.225098  73.874687  88.601250  103.270157  117.469055  130.967819  142.786560  151.224380  154.300934  150.973434  142.696869  130.394379  115.979538  101.631096  86.958908  72.307503  59.340408 
 63.989586  79.324997  95.513748  111.322029  127.412186  142.995621  157.464066  167.357971  170.882507  167.129684  157.444534  142.842499  126.175781  109.780312  93.677345  77.901718  63.068596 
 66.744789  83.009377  99.951096  116.862808  134.448120  151.909225  167.770157  178.130310  181.682495  178.012497  167.832336  151.723755  133.042191  115.313751  98.221718  81.939217  66.147346 
 67.953644  84.314064  101.368752  119.159531  136.960159  155.267807  171.272507  182.134064  185.742188  182.014069  172.304535  155.836243  136.734848  118.392181  100.488129  83.538910  67.634529 
 66.783119  83.200623  99.843285  116.902039  134.367035  152.006256  167.820938  178.550003  182.069061  178.187027  168.574066  152.683441  133.192657  115.371872  98.349060  82.115784  66.619324 
 63.998589  79.490471  95.338280  111.229691  127.698746  143.530472  157.709686  167.697189  171.262024  167.532501  157.752975  143.126877  126.326401  109.938904  94.167191  78.730003  63.624168 
 59.963287  73.808907  88.441093  102.962341  117.473755  131.061874  142.897812  151.102661  154.166245  150.974213  142.638748  130.384689  116.156097  101.728905  87.466248  72.910782  59.521828 
 56.559845  67.106720  80.106247  93.381096  105.927498  117.303436  126.865631  133.271255  135.552963  132.750626  125.937027  115.985306  104.422653  91.854378  78.708282  66.057968  55.437340 
 53.901772  60.612190  70.646561  82.088905  93.039528  102.502968  110.098122  115.086411  116.558594  114.546875  109.030159  101.250465  91.501564  80.647499  68.919685  59.008751  52.819168 
 50.458435  55.863846  61.644058  70.583282  79.666412  87.975258  94.176041  98.122032  99.305054  97.661461  93.716614  87.048592  78.760315  69.244171  59.552193  54.139999  50.086243 
 } 
 GB Channel
 {
 49.971664  55.102493  60.423233  69.713432  79.472450  88.097549  94.865158  99.165001  100.619896  98.849266  94.496407  87.804016  78.849632  68.930260  59.740158  53.230827  48.895004 
 54.023750  60.555000  70.397812  82.353439  93.895157  103.863594  111.908279  117.497498  119.454056  117.033432  111.658279  103.250465  92.846092  81.352966  69.284531  58.892502  52.254166 
 56.317291  66.794373  79.986717  93.669533  106.603127  118.455475  128.335938  135.348282  137.844055  135.026245  128.147964  117.799225  105.380936  92.429840  78.537186  65.259216  54.832764 
 59.465729  73.299065  88.301407  103.462189  118.107193  131.982971  144.394379  153.270309  156.632187  153.120621  144.558746  131.703751  116.794846  101.755936  86.570778  71.570938  58.228439 
 62.832138  78.313591  94.797340  111.072502  127.593445  143.616089  158.350006  168.542191  172.391403  168.641876  158.670944  143.550629  126.272034  109.341095  92.862190  76.787033  61.736404 
 65.331093  81.559219  98.568283  115.952499  133.814850  151.721100  167.774063  178.639526  182.458755  178.825943  168.246719  151.866409  132.687500  114.441254  96.881721  80.450783  64.478493 
 66.240829  82.675003  99.853439  117.895782  135.942810  154.492661  170.963745  181.899689  185.941711  182.174225  172.335007  155.509064  135.979538  117.219055  98.934532  81.818909  65.754112 
 65.095367  81.475159  98.138596  115.421402  133.187653  150.985779  167.082336  177.942032  181.863907  178.129211  168.386093  152.231094  132.487656  114.116409  96.675003  80.388283  64.751404 
 62.400314  78.030312  93.805466  109.871559  126.502975  142.539688  156.937805  167.387650  171.077820  167.283279  157.481247  142.561096  125.447662  108.711403  92.512497  77.015312  62.001556 
 58.709892  72.515312  87.207970  101.715157  116.597031  130.220474  142.270782  150.880157  153.970474  150.844528  142.471100  129.925629  115.370621  100.572968  86.027344  71.426872  58.113953 
 55.483803  66.107346  79.199371  92.436409  105.247658  116.732025  126.534058  133.248444  135.565155  132.827652  125.892807  115.697815  103.728439  90.995468  77.658905  64.857971  54.385681 
 53.276672  59.894997  70.001717  81.746407  92.708908  102.434532  110.237503  115.407181  117.018280  114.896561  109.277809  101.170471  91.189377  80.002815  68.136871  58.247032  51.947235 
 50.085831  55.466675  61.434845  70.430786  79.939949  88.243073  94.744583  98.810104  100.019745  98.416557  94.090729  87.240669  78.790207  68.867813  59.129372  53.607239  49.666824 
 } 
 B Channel
 {
 18.009323  20.291405  22.812031  27.038383  31.674789  35.606300  38.589268  40.431927  40.994949  40.228020  38.408073  35.294167  31.359222  26.746353  22.292915  19.419273  17.573856 
 19.920570  22.954533  27.658905  33.177345  38.328125  42.798595  46.304688  48.559219  49.343903  48.328438  46.027031  42.435001  37.818592  32.524689  26.898750  22.248436  19.449272 
 21.189220  26.089844  32.370468  38.815155  44.514530  49.587502  53.780159  56.689690  57.635155  56.396408  53.515778  49.098595  43.638748  37.769375  31.504688  25.542500  20.882500 
 23.007553  29.351093  36.557812  43.513748  49.899376  55.901718  60.984528  64.621407  65.865623  64.370468  60.804062  55.242813  48.805626  42.180313  35.348907  28.747971  22.777344 
 24.610470  31.873592  39.593437  47.052811  54.279373  61.067345  67.182503  71.254997  72.655937  71.058594  66.905472  60.498436  53.019531  45.621563  38.292812  31.333126  24.663956 
 25.754688  33.499687  41.370937  49.176247  57.011566  64.621246  71.220314  75.449066  76.848122  75.275780  70.925316  64.008591  55.710938  47.730782  40.129532  33.059219  26.081097 
 26.250103  33.930939  41.935623  49.963127  57.938751  65.812653  72.535004  76.741722  78.172028  76.620316  72.537186  65.361877  56.967812  48.910156  41.048439  33.861717  26.850262 
 25.757080  33.378750  41.108437  48.814842  56.687813  64.360313  70.963280  75.231560  76.472969  74.834373  70.843750  63.940628  55.491096  47.576561  40.111717  33.241875  26.371456 
 24.446304  31.651093  39.149532  46.389061  53.694687  60.654060  66.685471  70.710159  71.936874  70.306252  66.159691  59.863129  52.502190  45.251251  38.425156  31.793282  24.916821 
 22.647396  29.022812  35.992813  42.702187  49.166405  55.111717  60.149529  63.576874  64.653122  63.268753  59.689377  54.330940  48.085625  41.644375  35.377655  29.009689  22.923019 
 21.007030  25.903908  32.129063  38.341408  44.026875  49.044533  53.206566  55.832497  56.687347  55.400627  52.457809  48.134377  42.909531  37.157658  31.262657  25.699062  20.992813 
 19.886353  22.979687  27.745937  33.243595  38.402813  42.695782  45.993752  48.146721  48.672966  47.737656  45.317345  41.724686  37.236874  32.117970  26.647655  22.310780  19.658073 
 18.906769  21.385101  24.191769  28.689217  33.224060  37.064323  40.067085  41.856510  42.219845  41.504948  39.545887  36.462189  32.443127  27.595261  22.974117  20.675987  19.075577 
 } 


 White Balance Data with optical Center Data
 r_center_x =  644 r_center_y =  493 
 gr_center_x =  624 gr_center_y =  473 
 b_center_x =  644 b_center_y =  461 
 gb_center_x =  645 gb_center_y =  483 
 r/gr 0.842395 
 b/gr 0.420018 
 gb/gr 1.000548 
 r_oc_ave 157.071106 
 b_oc_ave 78.315552 
 gr_oc_ave 186.457779 
 gb_oc_ave 186.559998 

 [AWB]
 RGr =  0.842395 
 BGr =  0.420018 
 GbGr =  1.000548 
 r_oc_ave =  157.071106 
 b_oc_ave =  78.315552 
 gr_oc_ave =  186.457779 
 gb_oc_ave =  186.559998 