 LEFT LENS SHADING DATA
 RED Channel
 {
 36.340782  39.858280  44.091923  51.260162  59.299263  66.358749  71.876923  75.187965  76.211464  74.565262  70.988121  65.266144  58.068436  50.130424  42.944843  38.754372  36.231041 
 38.725780  43.450157  51.435471  61.328278  71.057190  79.556252  86.396721  91.084846  92.504372  90.391716  85.648125  78.600311  69.855934  60.311249  50.440468  42.541874  38.392708 
 40.460781  48.585159  59.222031  70.847969  82.071251  92.363594  101.258904  107.236565  109.278435  106.786560  100.558441  91.631721  81.072342  69.942184  58.360001  47.740623  40.213963 
 43.526566  54.317810  66.700935  79.602501  92.598747  105.051407  116.190002  123.986252  126.605621  123.412338  115.541245  104.185310  91.493279  78.626564  65.556252  53.297813  42.996563 
 46.580151  59.027031  72.678749  86.956718  101.790939  116.549850  129.860626  138.946411  142.136246  138.329376  128.939529  115.426880  100.445778  85.752029  71.452812  57.936562  45.970314 
 48.719330  62.387032  76.685783  92.022812  108.356720  124.973587  139.841095  149.554382  152.831100  148.857651  138.767181  123.794525  106.785622  90.733437  75.423126  61.223907  48.159943 
 49.910622  63.823128  78.532188  94.504532  111.320938  128.665787  143.808121  153.798279  157.062805  153.089539  143.256409  127.820313  110.162033  93.306564  77.359062  62.459846  49.060463 
 49.238434  62.994690  77.549690  92.912186  109.414688  125.949371  140.924377  151.029373  154.092194  150.170776  140.499527  125.480316  107.612656  91.397346  75.943436  61.472969  48.639015 
 47.187084  60.010002  73.820000  88.358124  103.447655  118.547653  132.047806  141.465317  144.537338  140.767502  131.345154  117.566101  102.079689  87.202347  72.706879  58.933594  46.688385 
 44.239948  55.361404  68.055779  81.166092  94.449219  107.142654  118.596100  126.601868  129.266556  126.457657  118.487183  106.822189  93.657341  80.352814  67.109688  54.511093  43.838383 
 41.635052  50.011093  61.072968  72.817184  84.307190  94.825623  104.006874  110.319687  112.508118  110.186096  103.870468  94.513596  83.531403  72.093124  60.166878  49.124374  41.188541 
 40.103802  45.187344  53.465309  63.739845  73.595314  82.466721  89.746719  94.539375  96.131561  94.425934  89.561096  82.026253  72.946251  62.986404  52.638283  44.367813  39.738232 
 38.180050  41.849636  46.566982  54.272552  62.903229  70.213600  76.021095  79.865631  81.264061  79.904274  76.099632  69.981247  62.304169  53.612869  45.423908  41.139481  38.028229 
 } 
 GR Channel
 {
 48.580162  53.715996  59.038597  67.637650  76.758545  84.627708  90.860420  94.500465  95.300003  93.674797  89.449791  83.206459  75.036095  66.130836  57.738960  52.550369  48.786194 
 52.452240  58.922028  68.571716  80.139534  91.076874  100.515625  108.046249  112.984848  114.572495  112.021881  106.794373  99.070625  89.446716  78.620003  67.261871  57.821404  52.172447 
 55.142288  65.344376  78.057343  91.453438  104.159691  115.517502  125.172180  131.501099  133.701569  130.775940  123.822342  114.031250  102.328125  89.956566  76.774376  64.266563  54.784897 
 58.829063  72.302811  86.926559  101.697342  116.119690  129.985474  141.899994  150.385315  153.167969  149.328598  140.713120  128.417343  114.198441  100.002502  85.283440  70.904533  58.323074 
 62.639946  78.022659  93.901718  109.929840  126.333588  142.579529  157.196716  166.677811  169.811401  165.932663  155.643280  140.972961  124.309845  108.188751  92.129372  76.408127  61.946877 
 65.598541  82.048126  98.630623  115.645782  133.812027  152.071411  168.070313  178.293121  181.387344  177.184219  166.465622  150.325150  131.580154  113.785309  96.697502  80.339531  64.564323 
 66.965675  83.815468  100.691872  118.556870  137.133286  156.264221  172.316559  182.664536  185.979996  181.765930  171.412659  154.847183  135.644226  117.121872  99.145157  81.767029  65.773903 
 66.095261  82.564217  99.378593  116.656250  134.716568  152.890778  168.866882  179.489059  182.782028  178.593124  168.347183  152.218277  132.516556  114.540314  97.144531  80.488594  65.126717 
 63.452965  78.881096  94.970154  111.224846  127.972031  144.442337  159.060150  169.107346  172.407654  168.149841  157.885788  143.011414  125.847656  109.370628  93.015312  77.164375  62.444794 
 59.742294  73.319374  88.106094  103.014061  117.612350  131.677185  143.973282  152.577820  155.633118  152.370941  143.694839  130.700150  116.224533  101.453751  86.490936  71.878593  59.083389 
 56.522606  66.963440  80.004219  93.594841  106.325623  117.906555  127.700943  134.569214  137.133591  134.309998  127.225159  116.913910  104.757965  91.915779  78.444534  65.555939  55.702606 
 54.341560  61.029060  71.058281  83.008904  94.184998  103.927971  111.617035  116.779221  118.727661  116.673599  111.252190  102.878906  92.686722  81.514221  69.574844  59.766716  53.836929 
 50.836983  56.405731  62.477234  71.370361  81.253334  89.522758  95.621407  99.847343  101.200775  99.825050  95.721771  88.821198  80.264427  70.214012  60.742546  55.512756  51.164429 
 } 
 GB Channel
 {
 48.918701  54.198700  59.914787  68.818283  78.450523  86.808281  93.566193  97.486816  98.466362  96.594063  92.194534  85.488075  76.655159  67.223175  58.344795  52.895889  49.167137 
 52.322029  59.061409  69.001877  81.060158  92.489685  102.488907  110.452660  115.868286  117.673431  115.047806  109.481407  101.190781  90.879532  79.476715  67.723122  57.813591  52.257133 
 54.519211  65.177345  78.132034  91.972969  105.134377  117.088913  127.299850  134.195465  136.530472  133.485474  126.282349  115.885468  103.514221  90.463753  76.849220  63.912498  54.348747 
 57.964745  71.650780  86.526878  101.770622  116.659225  131.013123  143.528748  152.421097  155.465469  151.619064  142.667038  129.814529  115.038910  100.131409  84.922028  70.146408  57.563278 
 61.452713  76.896873  93.017654  109.511871  126.288757  142.882965  158.030624  167.932343  171.561722  167.370941  157.026871  141.911255  124.655945  107.744690  91.157028  75.235153  60.774948 
 63.964897  80.581566  97.262810  114.524536  133.136566  151.662186  168.149216  178.845154  182.035004  178.063431  167.093903  150.564377  131.354370  113.121719  95.480934  78.809372  63.291039 
 65.161827  82.019531  99.062035  117.035629  135.891251  155.223907  171.820618  182.498123  185.978745  181.982346  171.459534  154.634537  135.041718  116.000931  97.547653  80.048279  64.022652 
 64.195053  80.793594  97.573441  114.886414  133.240936  151.746246  168.011093  179.021561  182.495468  178.439529  167.985474  151.615005  131.691879  113.170776  95.536247  78.696091  63.343391 
 61.711098  77.129219  93.237343  109.575623  126.558441  143.363434  158.061874  168.531097  172.134842  168.009064  157.548431  142.336411  124.915787  107.998123  91.362968  75.318909  60.844948 
 58.144218  71.758591  86.585625  101.602028  116.503754  130.679062  143.214539  152.022186  155.295776  152.037033  143.301880  130.097504  115.251099  100.170158  85.035782  70.233910  57.589111 
 55.313599  65.725471  78.840782  92.452660  105.459846  117.160156  127.191254  134.191879  136.837662  134.160309  127.001251  116.524689  104.130157  91.096718  77.274063  64.318123  54.663124 
 53.279114  60.135155  70.188126  82.192345  93.565628  103.481407  111.441559  116.742966  118.791565  116.837967  111.288910  102.663284  92.274529  80.879532  68.684845  58.905624  53.112289 
 50.531616  55.757446  61.916458  71.160461  80.960213  89.477036  95.811562  100.239006  101.817810  100.143593  95.906197  88.850571  80.065994  69.868484  60.248383  54.942299  50.667290 
 } 
 B Channel
 {
 17.648228  19.895729  22.514790  26.849010  31.510731  35.290833  38.300468  40.062710  40.405209  39.725780  37.785885  34.762863  30.781616  26.266979  22.020050  19.513180  18.059429 
 19.299477  22.332813  27.015625  32.769218  38.096561  42.627499  46.079845  48.378128  49.014374  47.901405  45.549843  41.958908  37.285156  32.077812  26.501095  22.029221  19.807758 
 20.297604  25.320938  31.547031  38.111561  44.214844  49.495468  53.917191  56.679222  57.563591  56.285004  53.195000  48.758904  43.283905  37.431095  31.028908  25.211720  21.198174 
 21.957760  28.361717  35.568905  42.700939  49.556404  55.957344  61.373596  65.057655  66.164063  64.428436  60.643127  54.986565  48.487503  41.855156  34.883751  28.297501  22.855419 
 23.673332  30.911251  38.610939  46.316406  53.996094  61.472809  68.049843  72.114998  73.335159  71.618439  67.100311  60.480003  52.887970  45.372189  37.901405  30.792656  24.566200 
 24.886616  32.660156  40.523907  48.558907  56.994690  65.228439  72.335472  76.660309  77.925468  76.182343  71.550468  64.315315  55.847191  47.721718  39.849686  32.550156  25.864948 
 25.434322  33.434532  41.408592  49.655624  58.180313  66.767029  73.994377  78.274063  79.648903  77.782967  73.289375  65.918121  57.229691  48.916878  40.756874  33.086407  26.216198 
 25.103439  32.924686  40.799530  48.777031  57.024529  65.296875  72.265472  76.735779  78.036407  76.239685  71.859062  64.799377  55.947342  47.862656  39.828907  32.426876  25.785210 
 24.033123  31.303123  38.915157  46.531250  54.184219  61.622810  68.041718  72.313751  73.592659  71.667343  67.274689  60.662186  53.019684  45.538280  37.972343  30.857655  24.705368 
 22.205990  28.697033  35.818905  42.919689  49.751091  56.047653  61.522034  65.206093  66.245628  64.805626  61.009689  55.316872  48.767029  41.988438  34.985157  28.352032  22.852657 
 20.758907  25.865780  32.244999  38.814220  44.926407  50.326721  54.722969  57.718750  58.609528  57.355316  54.307655  49.633751  44.048283  37.999374  31.457188  25.617970  21.494011 
 20.043903  23.269531  28.235783  34.166718  39.686874  44.391094  48.070313  50.395935  51.112030  50.144379  47.666405  43.827656  38.962502  33.456093  27.595158  23.117344  20.856300 
 18.800991  21.309322  24.133072  28.796093  33.627712  37.679634  40.804897  42.801773  43.450573  42.738125  40.635780  37.483280  33.300419  28.352135  23.544529  21.155888  19.610050 
 } 


 White Balance Data with optical Center Data
 r_center_x =  623 r_center_y =  504 
 gr_center_x =  625 gr_center_y =  501 
 b_center_x =  649 b_center_y =  487 
 gb_center_x =  629 gb_center_y =  515 
 r/gr 0.843820 
 b/gr 0.427324 
 gb/gr 0.998953 
 r_oc_ave 157.595551 
 b_oc_ave 79.808891 
 gr_oc_ave 186.764450 
 gb_oc_ave 186.568893 

 [AWB]
 RGr =  0.843820 
 BGr =  0.427324 
 GbGr =  0.998953 
 r_oc_ave =  157.595551 
 b_oc_ave =  79.808891 
 gr_oc_ave =  186.764450 
 gb_oc_ave =  186.568893 