 LEFT LENS SHADING DATA
 RED Channel
 {
 23.833591  26.068592  29.541561  35.388855  41.391506  46.727348  50.734734  53.259735  54.202194  53.103233  50.536461  46.008022  40.790939  34.793072  29.432343  26.307968  23.959637 
 25.497761  29.274220  35.464062  42.934689  50.116722  56.331718  61.413284  64.773285  65.783440  64.389061  61.011871  55.790939  49.254684  42.208282  34.945469  29.028595  25.742138 
 26.899323  33.287033  41.414219  49.975937  58.227501  65.688904  72.117653  76.377968  77.885941  76.106720  71.654533  65.142189  57.435158  49.359688  40.721561  32.802811  27.107815 
 29.277969  37.611095  46.850468  56.425629  65.862968  74.739532  82.712967  88.256096  90.139534  87.842972  82.249222  74.130623  64.884064  55.559685  45.996407  36.834217  29.219425 
 31.452969  40.941093  51.267815  61.647972  72.321404  82.749374  92.232498  98.587654  100.805313  98.209846  91.652809  82.005157  71.217812  60.637970  50.240784  40.136406  31.303699 
 33.005573  43.287033  53.917969  65.087814  76.907501  88.447342  98.737030  105.624535  107.930000  105.213905  98.275002  87.598122  75.612656  64.097809  53.046410  42.514687  32.858852 
 33.639114  44.038906  54.914688  66.541405  78.600784  90.896561  101.265160  108.142967  110.556252  107.917969  101.188751  90.262184  77.958122  66.012497  54.415314  43.442188  33.609272 
 33.186722  43.322342  53.944374  65.082344  76.820938  88.725937  99.191719  105.976715  108.225624  105.501877  98.920158  88.263596  76.019531  64.367340  53.261566  42.707813  33.223228 
 31.571354  41.157188  51.283592  61.726410  72.524376  83.095627  92.685158  99.157028  101.296562  98.776253  92.073593  82.442970  71.652969  61.106560  50.651093  40.615623  31.701458 
 29.100521  37.558437  46.955936  56.459686  65.987503  75.067184  83.093750  88.708122  90.603439  88.388596  82.774529  74.682030  65.460312  55.977654  46.437344  37.212502  29.544167 
 26.977707  33.438126  41.671406  50.308441  58.543434  65.993904  72.532967  77.060623  78.588280  76.913597  72.402031  65.810623  58.079063  49.791092  41.146095  33.251720  27.597759 
 25.609737  29.569530  35.848438  43.286720  50.463593  56.793907  61.992653  65.440628  66.637497  65.377968  61.941872  56.598747  50.062500  42.861404  35.369373  29.479687  26.303436 
 24.170990  27.028488  30.666355  36.389843  42.469635  47.977867  52.132454  54.864792  55.844994  54.950264  52.341873  47.884586  42.247086  35.961197  30.161457  27.157188  25.124268 
 } 
 GR Channel
 {
 48.813904  53.391411  59.453491  68.851196  78.450623  87.003174  93.141037  97.012352  98.522705  96.879951  92.798599  85.915886  77.638069  68.052559  59.239586  53.830414  49.704582 
 52.324318  59.203278  69.392029  81.413910  92.729378  102.352966  110.223122  115.475464  117.170624  115.178909  110.056717  101.997345  91.792030  80.542343  68.669998  58.761253  53.118744 
 55.010986  65.963280  79.165939  92.777657  105.629219  117.136246  126.869690  133.632339  136.015152  133.504379  126.974533  117.039841  105.012344  92.135315  78.184685  65.101097  55.404221 
 58.854683  72.868439  87.657028  102.650002  117.285782  131.233124  143.366409  151.782654  155.053909  151.891098  143.604996  131.259689  116.970154  102.156876  86.757187  71.752968  58.881508 
 62.514740  78.177032  94.313278  110.416252  126.980164  143.289063  158.031250  167.704849  171.202652  167.744690  158.268906  143.738907  126.883911  110.187965  93.670158  77.231873  62.231873 
 64.999008  81.716721  98.328438  115.650940  133.775620  152.085159  168.193756  178.653275  182.060318  178.173752  168.384537  152.381714  133.617493  115.596558  98.138748  81.100937  65.002190 
 65.913544  82.774376  99.834061  117.690628  136.315628  155.632660  171.920944  182.339371  186.158600  182.488281  172.750153  156.273285  137.439224  118.867813  100.438904  82.523438  66.261772 
 65.045578  81.468285  98.130310  115.318909  133.534378  152.168747  168.467499  179.094849  182.627975  178.946411  169.286407  153.394684  133.957657  115.855942  98.211090  81.129372  65.478127 
 62.391876  77.916878  93.855782  110.142502  126.998749  143.566559  158.515778  168.642807  172.128906  168.574844  158.747025  144.009064  127.169067  110.417030  93.864059  77.609528  62.868904 
 58.315781  72.271408  87.123749  102.054062  116.878601  131.053589  143.657501  152.526871  155.539688  152.605316  144.236877  131.846558  117.326569  102.477341  87.175156  72.202812  59.439476 
 54.682762  65.634216  78.891403  92.491096  105.363907  117.172653  127.305939  134.257507  136.779846  134.440155  127.610001  117.512344  105.475159  92.492813  78.648125  65.655312  56.009895 
 52.252968  59.299843  69.516716  81.210938  92.583435  102.411247  110.544685  116.023911  117.839218  116.024841  110.801872  102.568748  92.512497  81.085159  69.142815  59.518753  54.102501 
 49.363388  54.629639  60.796097  70.116356  79.601776  88.182083  94.765938  99.126610  100.697762  99.242134  95.278130  88.502922  79.747505  69.710777  60.398224  55.598747  51.585411 
 } 
 GB Channel
 {
 49.325104  53.898018  59.970779  69.504631  79.430618  88.022766  94.307137  98.390053  99.801048  98.022499  93.730995  86.743599  77.901619  68.177238  59.257240  53.767601  49.600937 
 52.749268  59.652191  69.962654  82.256096  93.788124  103.439217  111.341095  116.602341  118.421875  116.202499  110.848282  102.556717  92.172653  80.648285  68.538284  58.569687  52.929276 
 55.150307  66.289063  79.886406  93.712814  106.746872  118.354538  128.132965  134.929214  137.307037  134.557495  127.787033  117.568283  105.410309  92.220314  78.005157  64.707344  55.049225 
 58.941299  73.139847  88.360001  103.605003  118.432495  132.471252  144.566711  153.136719  156.353912  152.905777  144.321091  131.817657  117.214691  102.198441  86.517654  71.251404  58.195366 
 62.335106  78.465935  95.005157  111.401878  128.202026  144.528275  159.117035  168.850006  172.327194  168.553757  158.835632  144.050003  126.904373  110.007500  93.116722  76.451248  61.487923 
 64.889061  81.800316  98.997658  116.479218  134.871872  152.902191  168.980316  179.315628  182.696869  178.659683  168.501556  152.262192  133.413757  115.178436  97.443283  80.202499  64.114998 
 65.514221  82.751091  100.195313  118.367493  137.179062  156.206406  172.233902  182.676559  186.462341  182.482025  172.528748  155.937973  136.902969  118.219223  99.594215  81.553284  65.177238 
 64.633018  81.469688  98.421410  115.857025  134.127502  152.462967  168.676880  179.214996  182.767975  178.772034  168.933121  152.853287  133.321411  115.160004  97.289688  80.110466  64.437340 
 62.127289  77.930626  94.105156  110.546410  127.378128  143.853287  158.541565  168.762817  172.090469  168.380936  158.268127  143.470779  126.441559  109.674530  93.017815  76.652657  61.934944 
 57.960625  72.154373  87.296097  102.277191  117.110306  131.103119  143.402496  152.229370  155.255630  152.119370  143.497818  131.046722  116.566711  101.569374  86.248749  71.271873  58.526047 
 54.624168  65.543747  79.065468  92.613594  105.534691  116.983124  126.962814  133.850784  136.320786  133.931870  127.023438  116.851715  104.763283  91.666565  77.851875  64.903435  55.443848 
 52.371925  59.312965  69.572655  81.388283  92.574532  102.394066  110.364059  115.816559  117.520004  115.624695  110.244377  101.977188  91.815941  80.425316  68.383591  58.864685  53.532600 
 49.692352  54.809845  61.010368  70.145576  79.715157  88.126144  94.541557  98.908653  100.489159  98.920937  94.778534  87.990944  79.193848  69.111565  59.910881  54.893440  51.260933 
 } 
 B Channel
 {
 34.668957  38.203545  42.695419  49.762703  56.481621  62.425308  66.715729  69.221878  70.134056  69.063126  66.335991  61.629112  55.462502  48.703545  42.102135  38.224476  35.294895 
 37.212708  42.160625  49.873749  58.603127  66.725159  73.496559  78.746559  81.991875  82.957809  81.584373  78.154533  72.738907  65.558746  57.489372  48.891090  41.852814  38.227814 
 39.025364  47.028908  56.779999  66.589844  75.771408  83.851563  90.509689  94.688278  96.057343  94.381248  89.901718  83.211876  74.846252  65.761566  55.780785  46.480782  39.940990 
 41.897968  51.971092  62.790154  73.461716  83.770470  93.385941  101.720154  107.424530  109.269684  107.101250  101.472031  93.043434  83.131874  72.739685  61.845779  51.336250  42.610832 
 44.394321  55.778282  67.478127  78.800629  90.206406  101.313126  111.475311  118.081406  120.362656  117.862656  111.356094  101.411095  89.778748  78.201561  66.481720  55.132500  45.109997 
 46.037605  58.108437  70.058441  82.050156  94.406097  106.834686  117.770462  124.814056  127.292664  124.816406  118.152344  107.049377  94.230003  81.740784  69.457970  57.756721  47.065670 
 46.579372  58.760628  70.959999  83.286407  95.926407  108.898438  119.782974  126.743439  129.293594  126.994370  120.725006  109.555313  96.569374  83.783279  71.028595  58.880310  47.912811 
 45.866245  57.699997  69.669220  81.742188  93.988129  106.562187  117.514069  124.415939  126.744064  124.517807  118.274841  107.735939  94.472343  81.948441  69.655785  57.896095  47.541298 
 43.937553  55.192345  66.769218  78.213753  89.777657  100.930000  110.891251  117.607498  119.844681  117.744995  111.157967  101.290627  89.856094  78.450470  66.762344  55.614998  45.727913 
 41.096878  51.090622  61.925316  72.551094  82.842972  92.447968  100.753128  106.494843  108.472031  106.625778  101.182503  92.915314  83.204689  72.816719  62.054062  51.718437  43.173023 
 38.416096  46.366718  55.998283  65.732811  74.806717  82.872810  89.573280  94.122345  95.617340  94.184845  89.822815  83.150314  75.023125  65.936096  55.942657  46.982346  40.625050 
 36.882919  42.012501  49.624374  58.278595  66.356407  73.347343  78.853279  82.427032  83.608284  82.393280  79.011253  73.472504  66.345467  58.138596  49.364220  42.643280  39.203491 
 35.150833  39.130417  44.018127  51.202141  58.466202  64.685051  69.319740  72.460571  73.348907  72.318909  69.656250  64.750832  58.402756  50.917137  43.837345  40.428905  37.975574 
 } 


 White Balance Data with optical Center Data
 r_center_x =  646 r_center_y =  503 
 gr_center_x =  653 gr_center_y =  492 
 b_center_x =  666 b_center_y =  486 
 gb_center_x =  640 gb_center_y =  478 
 r/gr 0.592987 
 b/gr 0.694110 
 gb/gr 1.001403 
 r_oc_ave 110.791115 
 b_oc_ave 129.684448 
 gr_oc_ave 186.835556 
 gb_oc_ave 187.097778 

 [AWB]
 RGr =  0.592987 
 BGr =  0.694110 
 GbGr =  1.001403 
 r_oc_ave =  110.791115 
 b_oc_ave =  129.684448 
 gr_oc_ave =  186.835556 
 gb_oc_ave =  187.097778 