 LEFT LENS SHADING DATA
 RED Channel
 {
 26.860523  28.929684  31.892708  37.527500  43.733437  49.268646  53.592598  56.293434  57.159370  56.034370  53.195045  48.792915  43.111198  36.977345  31.290573  27.815155  25.336823 
 28.548023  31.673439  37.660625  45.392502  52.752190  59.204063  64.433441  67.992188  69.136871  67.579376  64.024841  58.651253  51.963905  44.571720  36.989532  30.787033  27.113907 
 29.742657  35.479530  43.645939  52.725159  61.222504  68.887657  75.334061  79.816872  81.388283  79.458748  74.870628  68.294220  60.326248  51.809998  42.918907  34.628750  28.501251 
 31.518856  39.630936  49.123596  59.070160  68.758904  77.984375  85.932968  91.702972  93.758904  91.285004  85.489220  77.249847  67.827347  58.139687  48.249535  38.703751  30.670414 
 33.526039  43.055626  53.466721  64.147972  75.219215  85.786095  95.367500  101.830467  104.236717  101.632034  94.814842  85.085625  74.016563  63.149063  52.409218  42.144218  32.790676 
 34.953335  45.318748  56.195625  67.462967  79.489372  91.306877  101.827034  108.726715  111.219528  108.697029  101.533127  90.663124  78.168747  66.534378  55.112503  44.372189  34.385937 
 35.503593  46.079220  57.291252  68.948906  81.015938  93.433281  104.283752  111.267029  113.899536  111.224998  104.362190  93.106407  80.358284  68.121559  56.368126  45.147655  34.951614 
 34.860626  45.234375  56.110939  67.419998  79.142654  91.056564  101.676094  108.775467  111.215157  108.494843  101.699844  90.874687  77.901718  66.200470  54.919846  44.179844  34.416306 
 33.140156  42.817032  53.244064  63.765938  74.715309  84.993439  94.782028  101.402191  103.643280  101.006409  94.351410  84.385780  73.138748  62.501251  52.016716  41.911877  32.723125 
 30.779736  39.138283  48.762497  58.472969  67.941254  76.735779  84.915627  90.465782  92.340782  90.050629  84.502029  76.210625  66.621094  57.072342  47.673595  38.415157  30.364944 
 28.841248  35.017502  43.384998  52.238434  60.358910  67.929375  74.303284  78.671562  80.097969  78.305153  73.781250  67.030785  59.080154  50.731094  42.157658  34.129845  28.126717 
 27.696720  31.086094  37.356407  44.999531  52.015312  58.354843  63.417030  66.942497  68.036407  66.619690  62.936096  57.517342  50.906097  43.658749  36.144062  30.008438  26.472607 
 25.729633  28.110886  31.505363  37.114323  43.150311  48.317131  52.369324  55.196251  56.055367  55.108025  52.230888  47.729633  42.391300  36.088753  30.230316  26.933018  24.709686 
 } 
 GR Channel
 {
 50.909477  56.346146  62.031822  71.349686  81.275833  89.681511  96.231400  100.311562  101.709427  100.197716  96.339226  89.542244  80.980057  71.270103  62.052078  56.036407  51.313904 
 55.246147  61.614059  71.710785  84.060936  95.735001  105.496719  113.165787  118.371567  120.282974  118.258118  113.401093  105.502029  95.324844  83.972191  71.900002  61.650780  55.119324 
 57.817497  68.112503  81.412811  95.480934  108.730003  120.433746  129.873749  136.370163  138.781097  136.290787  130.055313  120.388275  108.533752  95.519066  81.584846  68.327812  57.821983 
 61.094322  74.774529  89.880936  105.207184  120.096252  134.199524  146.159378  154.441254  157.750626  154.514999  146.622971  134.468277  120.373901  105.544373  90.227188  75.093285  61.560150 
 64.587189  80.090935  96.562035  112.915466  129.701874  146.007187  160.596405  170.121719  173.894058  170.568130  161.026245  146.810150  130.096558  113.578598  96.886719  80.662659  65.212029 
 66.875420  83.691254  100.701721  117.977341  136.224533  154.397034  170.520782  180.662338  184.475784  181.374374  171.521713  155.429214  136.749222  118.876877  101.479218  84.452187  67.913437 
 67.766403  84.940781  102.271873  120.165939  138.698914  157.914368  174.543442  184.788589  188.677338  185.353592  175.919525  159.549225  140.403122  121.815475  103.774063  85.769066  68.949478 
 66.679321  83.550781  100.709221  118.004211  135.893600  154.488586  171.085007  181.651566  185.193909  182.012650  172.469681  156.652344  136.794693  118.865311  101.536873  84.258125  68.017708 
 63.968285  80.002655  96.401253  112.809845  129.627350  146.242035  161.343124  171.324524  175.057495  171.659683  162.160309  147.112030  129.817184  113.205780  96.913124  80.665627  65.375626 
 60.181465  74.310623  89.747498  104.952660  119.728745  133.842499  146.657501  155.186722  158.354370  155.424683  147.322662  134.695313  119.885941  105.155785  90.043747  74.979843  61.466301 
 57.104012  67.814217  81.483284  95.449066  108.428436  120.199692  130.207336  137.074692  139.504532  137.012817  130.190475  120.211090  108.122032  95.025780  81.305153  67.988129  57.527710 
 54.681046  61.459373  71.779060  84.121559  95.428284  105.410309  113.346725  118.650787  120.444382  118.478745  113.141403  105.093285  94.955627  83.449684  71.287033  61.093285  54.761826 
 50.639374  56.041458  61.760315  70.998230  80.905571  89.141975  95.612343  99.915565  101.342293  99.905418  95.649529  88.842239  80.433128  70.453438  60.883904  55.447655  51.386406 
 } 
 GB Channel
 {
 50.722656  55.675995  61.131462  70.335678  80.082497  88.381767  95.016090  99.016136  100.536354  98.808388  94.914948  88.274117  79.647186  70.022919  60.733070  54.929428  50.294846 
 54.878075  60.987030  70.808128  83.095467  94.654999  104.258438  111.691719  116.874069  118.690933  116.728592  111.755157  104.016403  93.869690  82.501251  70.552032  60.365471  54.026932 
 57.382454  67.453903  80.613129  94.659531  107.607498  119.024368  128.265472  134.631088  136.972656  134.534225  128.196716  118.641724  106.973122  94.013283  80.095627  66.896408  56.514114 
 60.609634  74.207344  89.207809  104.522499  119.172501  133.087341  144.713913  152.841248  155.981567  152.928909  144.892181  132.877975  118.880463  104.142654  88.753754  73.731560  60.250732 
 63.972862  79.640160  95.977966  112.335632  128.976257  145.041092  159.287186  168.786880  172.527969  169.114212  159.519531  145.267349  128.666718  112.136246  95.485626  79.183594  63.820885 
 66.205414  83.212502  100.272812  117.498444  135.496399  153.380310  169.267975  179.371719  183.200150  179.975937  169.941879  154.165619  135.357971  117.491089  99.967812  82.938751  66.458336 
 67.129524  84.445160  101.893440  119.722656  138.053909  156.995468  173.204056  183.254211  187.251556  183.984680  174.645004  158.231873  139.035004  120.413757  102.284691  84.299530  67.533905 
 65.974739  83.085785  100.424065  117.598907  135.295319  153.682037  169.913437  180.330002  184.047653  180.768433  171.394531  155.342972  135.519379  117.488586  100.157501  82.894531  66.583488 
 63.323753  79.511253  96.204376  112.432968  129.219681  145.554062  160.401245  170.410309  174.134995  170.680939  161.173904  146.061874  128.659225  112.027649  95.785622  79.409065  64.086983 
 59.726044  73.894379  89.522499  104.714218  119.287033  133.194687  145.723129  154.204681  157.448441  154.512192  146.404846  133.685776  118.967194  104.131874  89.109375  73.896721  60.392349 
 56.863228  67.497810  81.154060  95.120316  107.974686  119.595627  129.461090  136.303284  138.748596  136.270157  129.417343  119.429062  107.206566  94.241409  80.465469  67.052032  56.672241 
 54.758171  61.186722  71.529060  83.856560  94.958595  104.781097  112.640472  118.033905  119.872025  117.956726  112.371399  104.290154  94.173439  82.699684  70.541252  60.406403  54.191620 
 51.084427  55.854012  61.709480  70.795731  80.622139  88.950890  95.236092  99.633278  101.203079  99.691925  95.321198  88.324539  79.754684  69.688446  60.163750  54.817039  51.069527 
 } 
 B Channel
 {
 34.401875  37.878544  41.811619  48.539429  55.306824  61.308235  65.781349  68.444168  69.277969  68.286354  65.655838  61.207603  55.165306  48.389946  41.780727  37.733593  34.734844 
 37.508545  41.869373  48.712654  57.361717  65.528282  72.054062  77.213440  80.357498  81.606094  80.288437  77.067497  71.910934  65.051559  57.210159  48.856560  41.887970  37.750675 
 39.416561  46.500313  55.635628  65.359688  74.339378  82.115471  88.252342  92.370316  93.922028  92.409065  88.309532  82.038124  74.123436  65.261871  55.717812  46.695156  39.870781 
 41.709324  51.387032  61.805466  72.164063  82.070000  91.365158  99.079842  104.502190  106.539375  104.546722  99.336563  91.418282  82.180939  72.226410  61.818283  51.670471  42.746094 
 44.089321  55.187035  66.416565  77.385002  88.472191  99.160622  108.622810  114.863586  117.402649  115.234070  109.058281  99.653122  88.551247  77.478905  66.311562  55.584534  45.370987 
 45.665207  57.596878  69.245468  80.692184  92.558281  104.564690  115.160629  121.833130  124.377808  122.339996  115.830780  105.251091  92.814064  80.878128  69.226097  58.168282  47.373074 
 46.043964  58.224373  70.277344  82.038124  94.005310  106.731407  117.654068  124.325470  127.031876  124.889374  118.705002  107.779999  94.958908  82.685158  70.763123  59.109840  48.056305 
 45.357967  57.173592  69.164215  80.520309  92.174690  104.457809  115.316879  122.199371  124.624069  122.505630  116.552185  106.044846  92.852814  80.757500  69.205315  58.098434  47.458439 
 43.488590  54.590469  66.170784  77.188904  88.071877  98.775627  108.709846  115.400467  117.791870  115.555313  109.541878  99.646561  88.237656  77.209686  66.228439  55.633278  45.550575 
 40.851509  50.534218  61.570938  71.925156  81.442032  90.562035  98.896721  104.600311  106.669533  104.807030  99.620316  91.385780  81.782814  71.861877  61.639534  51.725471  42.813175 
 38.605053  46.002342  55.660782  65.347504  73.947968  81.620781  88.188438  92.618279  94.194847  92.683746  88.352341  81.830627  73.952972  65.023125  55.673279  46.850937  39.910938 
 36.925728  41.375313  48.820000  57.486092  65.213753  71.806091  77.055000  80.542656  81.776718  80.590622  77.054535  71.744217  64.991562  57.133591  48.742500  41.960625  37.935627 
 34.344063  37.840733  42.067501  48.850052  55.694992  61.405464  65.662086  68.577866  69.479012  68.704788  65.898903  61.273598  55.632401  48.531723  41.807087  38.240208  35.641457 
 } 


 White Balance Data with optical Center Data
 r_center_x =  639 r_center_y =  479 
 gr_center_x =  656 gr_center_y =  472 
 b_center_x =  675 b_center_y =  474 
 gb_center_x =  667 gb_center_y =  478 
 r/gr 0.602995 
 b/gr 0.672903 
 gb/gr 0.992629 
 r_oc_ave 114.164444 
 b_oc_ave 127.399994 
 gr_oc_ave 189.328888 
 gb_oc_ave 187.933334 

 [AWB]
 RGr =  0.602995 
 BGr =  0.672903 
 GbGr =  0.992629 
 r_oc_ave =  114.164444 
 b_oc_ave =  127.399994 
 gr_oc_ave =  189.328888 
 gb_oc_ave =  187.933334 