 LEFT LENS SHADING DATA
 RED Channel
 {
 25.868019  27.898441  31.071720  36.810207  42.791874  47.947186  52.036819  54.597031  55.181503  54.181404  51.334953  46.909481  41.472446  35.558384  29.850315  26.432240  24.239323 
 27.381355  30.795937  36.752342  44.254375  51.455627  57.675934  62.687035  66.042656  67.005470  65.387032  61.815155  56.377815  49.782654  42.771095  35.436562  29.302032  25.919323 
 28.492710  34.604374  42.536095  51.200935  59.562965  67.152496  73.476563  77.794060  79.209686  77.114532  72.556717  65.604065  57.758751  49.589378  41.103439  33.159687  27.298851 
 30.551197  38.690155  47.916248  57.599373  67.143440  76.294220  84.256874  89.820625  91.597969  88.849533  82.964531  74.441719  64.868591  55.555939  46.092030  37.108124  29.449375 
 32.423542  41.829376  52.019218  62.576721  73.424065  84.040939  93.534691  99.902344  101.946251  99.018280  92.088753  81.972504  70.959221  60.339844  50.036720  40.252811  31.500313 
 33.744427  43.830467  54.587189  65.835625  77.587814  89.310158  99.512657  106.266090  108.376564  105.519379  98.466248  87.389534  74.973747  63.542816  52.691093  42.456875  33.085205 
 34.243336  44.448750  55.511406  67.125313  79.035782  91.099220  101.402657  108.060471  110.309685  107.490471  100.587341  89.339531  76.874535  65.095314  53.640778  43.066406  33.410782 
 33.650520  43.463436  54.067345  65.250778  76.954063  88.417969  98.474998  104.932343  107.095627  104.300629  97.609528  86.924843  74.432968  63.165314  52.360313  42.239220  32.957344 
 31.959633  41.052345  51.073280  61.391716  72.026405  82.270309  91.278282  97.448128  99.402657  96.691254  90.217499  80.576248  69.879532  59.625938  49.511406  39.981094  31.379635 
 29.743126  37.493126  46.557968  56.009689  65.224373  73.880157  81.468597  86.748436  88.374222  85.968437  80.530472  72.519066  63.509377  54.418121  45.310623  36.524376  29.228954 
 27.798069  33.520782  41.292187  49.570625  57.607811  64.737030  70.835159  74.995941  76.312347  74.464218  70.006248  63.693436  56.224998  48.397812  40.185623  32.574532  27.118076 
 26.712032  29.840157  35.559376  42.616562  49.486404  55.436562  60.235779  63.499847  64.449844  63.136253  59.624374  54.456253  48.281097  41.417500  34.347969  28.809532  25.811405 
 25.637447  27.649532  30.524788  35.780731  41.655781  46.619068  50.581413  53.031303  53.972549  53.158325  50.362289  46.019993  40.715054  34.755833  29.430260  26.543907  24.623486 
 } 
 GR Channel
 {
 51.688438  56.614685  62.278229  71.801300  81.372238  89.451462  95.920624  100.076515  101.395363  99.726295  95.578697  88.756714  80.283699  70.488182  61.252708  55.119171  51.246666 
 55.663017  62.124687  72.107811  84.237343  95.625778  105.305626  112.986877  118.184219  119.777649  117.533600  112.376404  104.096092  93.896408  82.641716  70.655624  60.312500  54.146248 
 57.961823  68.555779  81.651878  95.111565  108.297028  120.139374  129.771881  136.272964  138.575150  135.588440  128.917664  118.719376  106.402191  93.718285  80.074532  66.782654  56.546608 
 61.411659  75.125000  89.948280  104.930939  119.651871  133.952194  146.433746  154.827499  157.721100  154.106873  145.347961  132.603119  117.985626  103.266876  88.231560  73.360466  60.305679 
 64.644844  80.256721  96.360466  112.699844  129.314056  145.824844  160.471725  170.365936  173.664841  169.703278  159.589371  144.405624  127.256882  110.793594  94.522346  78.578278  63.723907 
 66.857605  83.532188  100.370155  117.742188  135.811874  153.969849  169.613586  179.977493  183.504059  179.683746  169.380783  152.602341  133.475159  115.798904  98.715309  82.326561  66.215317 
 67.632545  84.212341  101.544685  119.452652  137.891876  156.899216  172.682495  182.646088  186.277817  182.468124  172.771561  155.757339  136.655151  118.353592  100.427032  83.268280  67.083069 
 66.444786  82.681877  99.454063  116.700470  134.701096  152.661560  168.498123  178.610931  181.618744  177.797180  168.144226  151.990005  132.573746  114.961411  98.079842  81.754219  66.294014 
 63.710419  78.879997  94.640160  110.835159  127.329224  143.486557  157.585464  167.364380  170.393906  166.444061  156.667969  142.149063  125.333908  109.375000  93.498596  78.022034  63.430992 
 59.804588  73.092499  87.561409  102.312500  116.857819  130.490005  142.438904  150.622971  153.398590  150.069061  141.738129  129.381561  115.346558  101.206253  86.615936  72.247971  59.654427 
 56.489586  66.635002  79.313591  92.423126  105.078903  116.381088  125.987030  132.387344  134.680466  131.904068  125.186249  115.391251  103.735466  91.284843  78.070000  65.461716  56.057762 
 54.144005  60.336716  69.826874  81.270782  92.202660  101.754845  109.221405  114.335007  115.991882  113.983444  108.724686  100.763908  91.000465  80.078751  68.487190  59.105782  53.755157 
 51.213600  55.971512  61.227715  69.675987  79.295364  87.420059  93.427864  97.638748  99.176872  97.708023  93.813858  87.109528  78.764015  69.011246  59.946777  55.083908  51.328072 
 } 
 GB Channel
 {
 52.446564  56.845734  62.631355  72.164589  81.926048  90.177971  96.398750  100.649635  102.003807  100.231880  95.774536  88.849579  80.089272  70.206665  60.745049  54.753128  50.990623 
 56.065315  62.405312  72.538437  84.826248  96.264374  105.944847  113.705002  118.944839  120.401093  117.876877  112.622650  104.072502  93.637184  82.338753  70.191093  59.783127  53.758125 
 58.232811  68.726563  82.114845  95.752815  109.008591  120.933441  130.612808  137.110001  139.312805  136.108597  129.116882  118.628281  106.187813  93.373283  79.471718  66.022346  55.815887 
 61.475418  75.453751  90.428596  105.686874  120.624527  134.825470  147.254059  155.712036  158.447037  154.637817  145.545471  132.538589  117.630310  102.791565  87.521095  72.578438  59.438850 
 64.546043  80.609375  96.888435  113.565628  130.300934  146.667191  161.304688  171.130005  174.398743  170.084381  159.706558  144.189850  126.990631  110.186409  93.767029  77.692657  62.869110 
 66.629425  83.660469  100.902809  118.486404  136.579376  154.532501  170.226089  180.444382  184.000778  179.853287  169.267807  152.278900  133.108597  115.076721  97.854065  81.317345  65.191299 
 67.271721  84.379845  102.012497  120.193756  138.646255  157.290466  172.918274  182.885162  186.315002  182.404694  172.403900  155.346252  136.122818  117.609070  99.536407  82.206406  65.998283 
 66.355728  82.771561  99.704842  117.280777  135.277817  153.100311  168.606400  178.687653  181.597656  177.621719  167.707504  151.490936  131.953751  114.265625  97.228127  80.755623  65.255203 
 63.472084  79.018753  95.038124  111.237656  127.816879  143.864838  157.802811  167.316254  170.373901  166.125305  156.156876  141.517975  124.746399  108.650780  92.643593  77.023125  62.496460 
 59.695679  73.227966  88.002190  102.738129  117.165619  130.726868  142.486404  150.561401  153.158600  149.682968  141.113281  128.696411  114.773590  100.435623  85.888435  71.350624  58.823128 
 56.507553  66.626091  79.499062  92.712341  105.285934  116.447968  125.836243  132.235626  134.324997  131.428589  124.577194  114.724060  103.041092  90.567657  77.365936  64.726250  55.208755 
 54.511147  60.496559  70.010002  81.387497  92.270622  101.728439  109.148590  114.181717  115.592819  113.559525  108.246559  100.175156  90.455002  79.455315  67.815468  58.515778  53.275993 
 51.890320  56.254486  61.290421  69.902916  79.301041  87.402603  93.385887  97.504845  98.796562  97.407661  93.195724  86.547447  78.139999  68.469475  59.370255  54.493073  50.804741 
 } 
 B Channel
 {
 36.637188  40.375523  44.515572  51.254791  58.272346  63.825783  68.151047  70.688393  71.332031  70.128906  67.362495  62.706619  56.771980  49.869057  43.134270  38.877445  36.190365 
 39.185936  44.030937  51.479530  60.366875  68.405472  75.155159  80.154373  83.293594  84.186409  82.522034  79.084999  73.517654  66.461563  58.540314  50.014687  42.768906  38.781200 
 40.977604  48.612190  58.340469  68.557968  77.771721  85.804840  92.152191  96.163910  97.325310  95.346718  90.777969  83.744690  75.359840  66.384377  56.652191  47.542500  40.747917 
 43.427448  53.321404  64.206718  75.268280  85.939217  95.593437  103.831879  109.079689  110.713280  108.151566  102.220154  93.356407  83.130623  72.924065  62.343285  52.292191  43.511353 
 45.690632  56.974373  68.664215  80.414215  92.246246  103.593437  113.442963  119.693756  121.555939  118.921722  111.966873  101.387184  89.467186  77.995941  66.568436  55.883591  46.030056 
 47.159267  59.110939  71.298279  83.522972  96.086090  108.623596  119.354843  125.988434  127.960632  125.376724  118.316101  106.725471  93.519218  81.192810  69.311249  58.345779  47.795162 
 47.599636  59.677345  72.136093  84.627655  97.269066  110.127342  120.806717  127.436874  129.741409  127.022964  120.349380  108.723282  95.479530  82.873749  70.474220  58.999374  48.346046 
 46.756618  58.495155  70.572342  82.728905  95.092499  107.180626  117.666412  124.395782  126.418274  123.994843  117.433121  106.517967  92.998436  80.778595  68.962967  57.919373  47.700207 
 44.799637  55.778595  67.251404  78.667969  90.123436  100.979218  110.387970  116.600159  118.590149  116.250473  109.788750  99.894218  88.361877  77.232811  65.956253  55.427971  45.722343 
 41.971409  51.634529  62.297966  72.826721  82.937187  92.201408  100.109062  105.289215  106.915154  104.854065  99.486565  91.308907  81.628906  71.721092  61.377190  51.436409  42.986198 
 39.638073  46.918282  56.233437  65.877502  74.873283  82.569061  88.819534  92.785469  94.246559  92.399063  88.104378  81.625626  73.592659  64.839218  55.393593  46.671875  40.383957 
 38.057552  42.667343  49.785934  58.216873  66.235153  72.909843  77.954376  81.129684  82.082184  80.830315  77.368904  71.883591  65.063591  57.190468  48.782814  42.379845  39.105053 
 36.396717  40.021301  44.230938  50.863541  58.067032  63.989220  68.351875  71.035103  71.904274  70.932396  68.171616  63.453384  57.446716  50.267342  43.443230  40.243385  38.039219 
 } 


 White Balance Data with optical Center Data
 r_center_x =  638 r_center_y =  470 
 gr_center_x =  638 gr_center_y =  498 
 b_center_x =  630 b_center_y =  454 
 gb_center_x =  631 gb_center_y =  454 
 r/gr 0.592467 
 b/gr 0.696378 
 gb/gr 1.001618 
 r_oc_ave 110.662224 
 b_oc_ave 130.071106 
 gr_oc_ave 186.782227 
 gb_oc_ave 187.084442 

 [AWB]
 RGr =  0.592467 
 BGr =  0.696378 
 GbGr =  1.001618 
 r_oc_ave =  110.662224 
 b_oc_ave =  130.071106 
 gr_oc_ave =  186.782227 
 gb_oc_ave =  187.084442 