 LEFT LENS SHADING DATA
 RED Channel
 {
 24.764793  27.152290  30.378853  35.917133  42.026249  47.413853  51.563904  54.129684  55.051613  53.924431  51.295471  47.239895  41.898907  36.024586  30.326717  26.952446  24.890781 
 26.319790  29.728127  35.688438  43.038593  50.040001  56.284691  61.274529  64.570938  65.800156  64.417969  61.123596  55.959061  49.709534  42.791248  35.614845  29.420155  26.049118 
 27.347080  33.548752  41.570625  50.126091  58.126564  65.714378  71.959534  76.141251  77.673904  75.937965  71.757660  65.265938  57.707344  49.830002  41.434219  33.340782  27.397655 
 29.644218  37.803593  47.060314  56.663750  66.007500  74.853279  82.562965  88.070160  89.995003  87.835472  82.337502  74.316719  65.276718  56.125626  46.731876  37.595158  29.692448 
 31.874428  41.347969  51.496559  61.984222  72.709999  82.861877  92.240936  98.632813  100.926720  98.289688  91.737968  82.338280  71.607498  61.276405  51.064377  41.045155  31.922867 
 33.459949  43.735157  54.398750  65.748749  77.329216  88.826874  98.971092  105.935471  108.210472  105.498436  98.640160  88.101410  76.212341  64.808746  53.848122  43.437813  33.595730 
 34.258076  44.764530  55.698906  67.352188  79.189217  91.395935  101.813126  108.738907  111.012344  108.352814  101.756721  90.828590  78.630936  66.727501  55.255936  44.388283  34.293072 
 33.881145  44.044064  54.815315  65.938591  77.629684  89.466248  99.786407  106.576721  108.868591  106.279999  99.676407  89.146095  76.647499  65.136093  54.130936  43.625000  33.901669 
 32.421455  41.886875  51.980469  62.542191  73.450623  84.111092  93.452187  99.932968  102.175934  99.639847  93.023125  83.297340  72.442345  61.881874  51.491722  41.490002  32.479996 
 30.086143  38.239063  47.684532  57.518906  67.121094  76.110153  84.014999  89.650314  91.600311  89.440468  83.745468  75.491875  66.189529  56.891090  47.318905  38.058750  29.945419 
 28.164219  34.351093  42.597343  51.386406  59.643753  67.184685  73.645782  78.145935  79.720154  77.978279  73.284531  66.634377  58.885628  50.716873  42.093437  33.970470  27.894424 
 27.330105  30.918438  36.864063  44.331406  51.453590  57.812347  62.963127  66.549843  67.656250  66.412659  62.740471  57.256721  50.873596  43.681564  36.201561  30.117970  26.643177 
 25.883022  28.320107  31.228645  36.660366  42.773800  48.029633  52.242706  55.176712  55.954994  54.941193  52.169846  47.823177  42.432968  36.062809  30.386562  27.207344  25.160679 
 } 
 GR Channel
 {
 48.973694  54.654533  60.430313  69.513481  79.378494  88.090988  94.524117  98.581772  99.947395  98.497078  94.658119  88.215935  79.904739  70.401878  61.102180  55.215729  51.500725 
 52.493698  59.136406  69.120316  81.194534  92.373283  102.167030  110.078903  115.323441  117.082809  115.151245  110.330627  102.622185  92.622032  81.770622  69.990936  59.705315  53.706566 
 55.161453  65.566872  78.686096  92.404221  105.165314  116.962494  126.718597  133.331879  135.777969  133.474533  127.145462  117.440628  105.663284  93.129219  79.577972  66.375000  56.228752 
 58.798073  72.473282  87.230782  102.366409  116.988586  131.160629  143.314224  151.760468  155.013443  152.170624  143.912186  131.850464  117.590622  103.206566  88.210938  73.349060  60.034889 
 62.462349  77.809219  93.898285  110.210625  127.068909  143.211868  157.948746  168.106720  171.760315  168.256256  158.767654  144.377182  127.644379  111.271408  95.029999  78.874847  63.808800 
 65.082298  81.608124  98.330002  115.766098  133.908600  152.158279  168.364838  179.292816  182.875778  179.216568  169.184219  153.270630  134.785461  116.858276  99.568748  82.776405  66.535782 
 66.423538  83.166878  100.316093  118.284058  136.795776  156.028748  172.600937  183.429993  186.928757  183.211716  173.938431  157.550308  138.647507  120.109848  101.997971  84.276878  67.660629 
 65.514267  81.953438  98.799377  116.106400  134.307816  153.020782  169.597961  180.363129  183.804840  180.223129  170.837189  154.873444  135.464539  117.321716  99.947502  83.012497  66.780838 
 63.131142  78.480316  94.498596  111.058907  128.056564  145.124222  160.143433  170.259216  173.858902  170.377350  160.542191  145.835632  128.798279  112.071091  95.618439  79.473434  64.406357 
 59.350418  72.992500  87.913750  103.209686  118.497650  132.903900  145.482025  154.061096  157.381561  154.553909  146.117188  133.539688  119.045776  104.180000  88.917030  73.864845  60.298386 
 56.151093  66.804222  80.078903  94.043282  107.228905  119.025467  129.179382  136.057037  138.732819  136.350937  129.438431  119.262970  107.304688  94.108284  80.404221  67.050629  56.736877 
 54.140312  60.987816  70.975937  82.919220  94.360001  104.311722  112.337814  117.905624  119.727341  117.682037  112.359680  104.182968  94.193596  82.788437  70.636719  60.494530  54.445572 
 50.675735  56.044479  61.480942  70.388588  80.018753  88.378593  95.068230  99.277702  100.675056  99.314735  95.117607  88.494011  80.193802  70.166359  60.500267  55.345993  51.565155 
 } 
 GB Channel
 {
 50.146721  55.500053  61.284378  70.424065  80.464584  89.125671  95.594215  99.811768  101.320885  99.552498  95.543282  88.860153  80.342445  70.776039  61.206253  55.144325  51.352661 
 53.451721  59.937347  69.943123  82.144066  93.492500  103.365471  111.217346  116.499695  118.329849  116.222504  111.255157  103.199532  93.095154  81.879372  69.917503  59.509529  53.487244 
 55.544067  66.157814  79.474846  93.431404  106.283440  118.117188  127.859848  134.502975  136.883591  134.473587  127.947815  117.842972  105.959686  93.261871  79.405785  65.953903  55.679115 
 59.090210  72.889374  87.989220  103.432655  118.160934  132.223434  144.217651  152.847351  156.099380  152.994217  144.523132  132.109848  117.682343  103.125938  88.015938  72.743904  59.403694 
 62.504166  78.256248  94.641251  111.241096  128.188599  144.305939  158.824524  168.906876  172.674225  168.892502  159.014999  144.310150  127.550156  111.001564  94.504219  78.102028  62.842239 
 64.969063  81.791565  98.866722  116.561096  134.716721  152.652344  168.739838  179.571869  183.114212  179.215149  168.989838  152.902649  134.274216  116.287033  98.770470  81.802185  65.320526 
 66.095932  83.172188  100.602501  118.707962  137.117035  156.207504  172.538284  183.153275  186.697815  182.825150  173.330780  156.898590  137.736252  119.284378  100.979378  83.280785  66.360565 
 65.376770  81.905937  98.916878  116.283752  134.396255  152.948914  169.230942  179.892654  183.214539  179.534531  169.894058  153.982498  134.435150  116.339066  98.901253  81.804062  65.694901 
 62.675423  78.419998  94.429688  111.030472  128.026413  144.813278  159.586716  169.577347  173.000000  169.520157  159.606720  144.732346  127.733124  111.139847  94.570465  78.407341  63.136307 
 59.094482  72.819061  87.823593  103.112343  118.208908  132.340775  144.608444  153.124222  156.344376  153.337662  144.885315  132.386871  117.841568  103.014374  87.918434  72.832344  59.347137 
 55.994843  66.566719  79.897186  93.860001  106.788124  118.395004  128.259064  135.268906  137.727814  135.169525  128.235474  118.110306  106.128906  93.221405  79.555939  66.150780  55.935150 
 54.247971  60.879845  70.786560  82.649529  93.885002  103.535622  111.483597  116.941101  118.707031  116.686401  111.268593  103.059998  93.199684  81.864220  69.781403  59.697342  53.757553 
 51.134216  55.966301  61.239899  69.913498  79.763329  87.843964  94.531303  98.806297  100.097237  98.704948  94.324631  87.773338  79.400520  69.283173  59.807861  54.632973  51.026718 
 } 
 B Channel
 {
 34.678802  38.809219  43.301720  50.300308  57.426300  64.000473  68.587555  71.249687  72.055573  70.980782  68.292503  63.676773  57.636826  50.760727  43.788803  39.322186  37.233852 
 36.552551  41.446095  48.844841  57.587814  65.536095  72.441093  77.616096  81.008438  82.073280  80.693909  77.478752  72.187187  65.348282  57.526566  49.008591  41.733437  38.161354 
 38.362499  45.875000  55.405472  65.217186  74.017029  82.135941  88.543282  92.725311  94.059845  92.367340  88.175156  81.751717  73.854691  65.204376  55.549530  46.195469  39.701927 
 40.877190  50.782188  61.572655  72.272034  82.365311  91.671875  99.785469  105.159218  106.860153  104.843750  99.564377  91.436874  81.864845  72.045471  61.522346  51.049690  42.476353 
 43.546253  54.665001  66.198128  77.644997  89.047813  99.951874  109.684372  115.910629  117.952347  115.527191  109.337029  99.679062  88.437347  77.336563  66.016090  54.765625  45.012711 
 45.367031  57.092659  69.065468  81.213753  93.500465  105.576561  116.261246  122.806870  125.043442  122.549683  116.022659  105.330627  92.808441  80.677658  68.811249  57.287498  46.908756 
 46.227238  58.157028  70.351563  82.710312  95.203438  107.896561  118.459061  125.193283  127.532806  124.952820  118.842651  107.785622  94.934845  82.550629  70.227028  58.238907  47.687862 
 45.573853  57.432190  69.357498  81.349220  93.445778  105.692032  116.397339  123.278900  125.404068  123.125626  116.796722  106.172813  93.013435  80.742340  68.931091  57.364685  47.245941 
 43.820934  55.094688  66.596878  77.946251  89.254997  100.385155  110.174530  116.801254  118.856094  116.470474  109.877815  99.991249  88.659218  77.421097  66.161095  55.058746  45.577084 
 41.367500  51.276253  62.015625  72.581566  82.644066  92.147972  100.274841  105.829529  107.654060  105.659065  100.104065  91.695938  82.173752  72.225471  61.661873  51.299065  42.664059 
 39.348701  46.788906  56.240623  65.967033  74.968597  82.797340  89.352501  93.624374  95.010468  93.347809  88.868904  82.283592  74.284843  65.542969  55.875626  46.649376  40.011875 
 37.797398  42.516563  49.667503  58.188126  66.058281  72.703903  77.918747  81.267502  82.242035  80.996872  77.535782  72.168121  65.457497  57.580780  49.036720  41.929531  38.233910 
 35.130314  38.948647  43.003334  49.410210  56.123901  61.815361  66.178329  68.955002  69.731407  68.890213  66.120987  61.723541  56.062500  48.878487  41.919426  38.148071  35.942657 
 } 


 White Balance Data with optical Center Data
 r_center_x =  657 r_center_y =  510 
 gr_center_x =  634 gr_center_y =  508 
 b_center_x =  644 b_center_y =  508 
 gb_center_x =  647 gb_center_y =  479 
 r/gr 0.593864 
 b/gr 0.682350 
 gb/gr 0.998318 
 r_oc_ave 111.408890 
 b_oc_ave 128.008896 
 gr_oc_ave 187.600006 
 gb_oc_ave 187.284439 

 [AWB]
 RGr =  0.593864 
 BGr =  0.682350 
 GbGr =  0.998318 
 r_oc_ave =  111.408890 
 b_oc_ave =  128.008896 
 gr_oc_ave =  187.600006 
 gb_oc_ave =  187.284439 