 LEFT LENS SHADING DATA
 RED Channel
 {
 24.260105  26.558022  29.715889  35.184219  41.207085  46.532703  50.722969  53.174110  54.055573  52.955566  50.218025  45.925938  40.710884  34.833179  29.188801  25.651199  23.602028 
 26.214272  29.609688  35.468594  42.796093  49.962502  56.169373  61.298592  64.757660  65.770782  64.342033  60.884689  55.628441  49.223595  42.315468  35.024845  28.938908  25.495365 
 27.511353  33.632187  41.622345  50.162971  58.309532  65.811409  72.243439  76.703438  78.210938  76.359375  71.771248  65.097656  57.472191  49.369530  40.933281  32.946720  26.999840 
 29.660107  37.852188  47.255936  56.839691  66.183128  75.099533  83.117813  88.919685  90.886719  88.489220  82.732185  74.356247  65.021721  55.635780  46.210625  37.107498  29.347916 
 32.030575  41.304531  51.583435  62.097656  72.749374  83.320465  92.935783  99.520157  101.857033  99.218750  92.260628  82.521561  71.561722  60.892654  50.439690  40.583439  31.588856 
 33.769325  43.667030  54.507500  65.808441  77.606560  89.376404  99.871246  106.825470  109.044846  106.382034  99.291405  88.534378  76.239998  64.568748  53.468903  42.972187  33.263855 
 34.452396  44.675312  55.627190  67.556564  79.193748  91.896561  102.588127  109.519844  111.810623  109.074684  102.246246  91.180153  78.737816  66.530937  54.802658  43.805313  33.956146 
 33.678074  44.074532  54.762970  66.191406  78.093437  89.933594  100.317497  107.313591  109.559059  106.707970  99.937347  89.387497  76.697655  64.937653  53.613129  43.073437  33.360939 
 32.302029  41.778908  52.074066  62.674530  73.770782  84.413124  93.906097  100.427971  102.627502  99.958122  93.218285  83.412811  72.422188  61.581879  50.988281  40.900002  32.043751 
 30.136616  38.386406  47.795937  57.575157  67.254845  76.403595  84.450783  89.916718  91.872658  89.654533  83.823593  75.451561  66.075157  56.439217  46.797188  37.557812  29.657394 
 28.462551  34.328594  42.465939  51.309845  59.737968  67.469528  73.994690  78.350471  79.911873  77.992653  73.284218  66.527496  58.624687  50.196716  41.529221  33.486874  27.570206 
 27.303905  30.684532  36.469376  44.061874  51.306091  57.903908  63.167816  66.689529  67.777657  66.286560  62.549530  57.124847  50.398438  43.067345  35.524532  29.572033  26.310158 
 25.697655  28.323490  31.343124  36.731461  43.051716  48.556198  52.953224  55.812241  56.567451  55.482811  52.418488  47.827137  42.402187  36.130470  30.293907  27.205574  25.261822 
 } 
 GR Channel
 {
 49.275734  54.229057  59.675102  68.843697  78.480728  86.731354  93.330620  97.410683  98.682083  97.108696  93.083435  86.662918  78.290306  68.843224  59.596199  53.443230  49.644485 
 53.516563  60.055313  69.823441  81.707657  93.045311  102.830940  110.721878  115.964218  117.916245  115.566406  110.469688  102.486252  92.584061  81.426559  69.626404  59.389061  53.216980 
 56.198853  66.654686  79.808128  93.417503  106.196404  117.880630  127.767181  134.578598  137.016403  134.342972  127.544220  117.602036  105.548279  92.848747  79.230003  66.102501  55.698753 
 59.721977  73.607811  88.688751  103.747498  118.394379  132.375778  144.640778  153.497971  156.686249  153.250626  144.905777  132.162811  117.669998  102.975784  87.903435  72.959686  59.698433 
 63.583801  79.048592  95.589844  111.943596  128.468597  144.969681  159.904221  169.829056  173.351715  169.773285  159.846100  144.914215  127.846252  111.223747  94.690002  78.634842  63.397141 
 66.366974  82.727814  100.043434  117.465942  135.644684  153.872818  170.198914  180.743744  184.193909  180.509537  170.373123  154.185944  135.105316  117.014999  99.501251  82.660309  66.353233 
 67.455368  84.242653  101.709686  120.183441  137.832657  157.758286  174.229691  184.846725  188.311569  184.570938  174.879211  158.334381  139.079849  120.322495  101.937347  84.034218  67.517342 
 66.280937  83.180939  100.192657  118.005157  136.313599  154.763901  170.851410  181.454681  185.025620  181.286087  171.438751  155.585007  135.781876  117.543442  99.824844  82.812035  66.758484 
 63.913750  79.537498  96.102654  112.577347  129.935623  146.459061  161.108749  171.212341  174.659058  171.039841  161.177185  146.241714  129.131561  112.221252  95.548439  79.315628  64.208122 
 60.167969  73.953590  89.322655  104.556717  119.903275  134.343903  146.628281  154.993439  158.106400  155.094055  146.586868  133.820160  119.279846  104.156250  88.818748  73.694221  60.336098 
 57.230362  67.485153  80.981094  94.909843  108.358749  120.617035  130.619217  137.260468  139.730942  137.059219  129.990936  119.803909  107.616409  94.270935  80.308441  66.918282  56.896828 
 54.601357  61.327187  71.202972  83.505310  95.039375  105.338753  113.433289  118.896255  120.590149  118.473755  112.945465  104.602341  94.218285  82.525627  70.286407  60.341408  54.489944 
 50.960938  56.891769  62.643181  71.578644  81.578537  90.132492  97.058075  101.600838  102.906616  101.362915  96.918182  89.997139  81.153900  70.866455  61.303284  55.986610  51.899536 
 } 
 GB Channel
 {
 50.280624  54.951035  60.477608  69.539787  79.439949  87.896461  94.482391  98.549843  99.889114  98.390007  93.992760  87.468124  78.944374  69.178535  59.791504  53.748596  49.858185 
 54.179367  60.603127  70.537186  82.531876  93.968903  103.819374  111.891563  117.260468  119.080154  116.688751  111.360466  103.183128  93.043121  81.764374  69.739220  59.377968  53.243599 
 56.511406  67.218285  80.512184  94.393593  107.290466  118.952194  128.931091  135.751556  138.199371  135.397659  128.461716  118.258743  105.959534  93.037971  79.207344  65.847031  55.521828 
 59.925049  73.902344  89.354378  104.696564  119.451248  133.463913  145.723434  154.684372  157.837036  154.228592  145.612976  132.777817  118.024689  103.093597  87.759842  72.658279  59.250992 
 63.505737  79.309059  96.119064  112.771713  129.503281  145.821869  160.714371  170.718277  174.355316  170.478745  160.312973  145.164215  128.080627  111.128128  94.472343  78.158592  62.927551 
 66.258072  82.782028  100.381248  118.096558  136.215622  154.442032  170.593445  181.053589  184.608124  180.808441  170.416412  154.119217  134.935471  116.599213  98.990158  82.010002  65.636673 
 67.133179  84.175468  101.754684  120.321243  138.074692  157.901093  174.121567  184.783279  188.162659  184.295471  174.589691  157.929993  138.698288  119.749847  101.199844  83.310471  66.637764 
 65.899582  82.991249  100.065941  117.999222  136.235153  154.520004  170.435318  181.061401  184.616882  180.699524  170.934372  155.020630  135.208435  116.831558  99.126251  81.986717  65.814842 
 63.402611  79.305939  95.906250  112.336868  129.783279  146.161255  160.652191  170.567505  174.034683  170.330475  160.350464  145.551407  128.437805  111.571877  94.718903  78.440941  63.363434 
 59.924530  73.692657  89.153122  104.431404  119.504211  133.777344  145.895782  154.241714  157.345932  154.106873  145.541565  132.894058  118.353745  103.370781  87.998909  72.839531  59.592651 
 57.014793  67.235626  80.742188  94.759842  107.848434  119.934845  129.778595  136.496246  138.833908  136.067963  128.991089  118.884842  106.676094  93.477341  79.514687  66.201248  56.117081 
 54.638489  61.117035  70.962189  83.226097  94.710312  104.828125  112.851868  118.192337  119.878906  117.703903  112.147812  103.813438  93.545784  81.812187  69.530624  59.652191  53.890938 
 51.143486  56.701408  62.201355  71.140045  81.136978  89.706879  96.501465  101.038803  102.271202  100.761612  96.344063  89.302185  80.403076  70.369690  60.757706  55.452606  51.454277 
 } 
 B Channel
 {
 34.282658  37.723072  41.581928  48.145729  55.017342  60.724060  65.338333  67.816818  68.805832  67.766609  65.242813  60.776100  55.061668  48.270363  41.568069  37.478802  35.053802 
 37.163490  41.732033  48.886719  57.252815  65.067970  71.814064  77.017502  80.418282  81.588753  80.156403  76.861565  71.592972  64.796249  57.120155  48.710785  41.623592  37.495468 
 39.164429  46.464218  55.892967  65.595779  74.417343  82.172966  88.668434  93.053596  94.472343  92.827347  88.624535  81.988434  73.895470  65.084686  55.659691  46.637344  39.505886 
 41.686874  51.373123  62.140472  72.849373  82.824684  92.087814  100.124687  105.791405  107.673752  105.624847  100.147499  91.788750  82.129532  71.999222  61.669846  51.595627  42.469376 
 44.259167  55.173752  66.747498  78.185158  89.405312  100.361252  110.083435  116.427338  118.753128  116.481567  109.995468  100.184372  88.790001  77.448128  66.262032  55.441872  44.925625 
 46.102757  57.712967  69.647346  81.704842  93.940468  106.166718  116.746399  123.399689  125.501099  123.158905  116.672180  105.839218  93.227966  80.982658  69.224846  58.064064  46.951149 
 46.654636  58.539841  70.718903  83.142654  95.082184  108.483437  119.160629  125.849533  128.010941  125.543747  119.294998  108.307030  95.548439  83.052811  70.692810  58.986252  47.594997 
 45.864006  57.772972  69.799217  81.801872  94.052345  106.423592  117.043442  123.767502  125.760941  123.264221  117.088745  106.692345  93.533905  81.296097  69.362190  58.081718  47.115257 
 44.288746  55.298752  67.007660  78.420471  89.945000  101.051720  110.740936  117.094055  119.169067  116.802963  110.476097  100.678436  89.257187  77.920937  66.628906  55.750000  45.405834 
 41.726460  51.510628  62.383751  73.123123  83.371094  92.823441  100.918434  106.478279  108.306717  106.310936  100.815628  92.447189  82.763283  72.453438  62.034531  51.906250  42.776249 
 39.619843  46.914219  56.505310  66.373436  75.503754  83.586716  90.247971  94.528908  95.997810  94.291565  89.744377  83.004845  74.811562  65.659531  56.041565  47.040157  40.155365 
 37.877033  42.636406  49.774063  58.524529  66.660622  73.642502  79.242035  82.718597  83.792343  82.448906  78.750938  73.137344  65.971405  57.701408  49.173752  42.456093  38.433388 
 35.602032  40.157032  44.384064  51.115570  58.430634  64.755417  69.513489  72.610466  73.500053  72.232025  69.177605  64.432137  58.059532  50.610367  43.590832  39.982552  37.338802 
 } 


 White Balance Data with optical Center Data
 r_center_x =  636 r_center_y =  500 
 gr_center_x =  663 gr_center_y =  514 
 b_center_x =  634 b_center_y =  476 
 gb_center_x =  648 gb_center_y =  492 
 r/gr 0.593462 
 b/gr 0.679798 
 gb/gr 0.999200 
 r_oc_ave 112.151108 
 b_oc_ave 128.466660 
 gr_oc_ave 188.977783 
 gb_oc_ave 188.826660 

 [AWB]
 RGr =  0.593462 
 BGr =  0.679798 
 GbGr =  0.999200 
 r_oc_ave =  112.151108 
 b_oc_ave =  128.466660 
 gr_oc_ave =  188.977783 
 gb_oc_ave =  188.826660 