 LEFT LENS SHADING DATA
 RED Channel
 {
 26.035938  28.507603  31.678699  37.483177  43.660938  49.248535  53.672966  56.367706  57.325165  56.357552  53.714485  49.179939  43.584690  37.351929  31.597866  28.000000  25.616253 
 28.114689  31.487186  37.798904  45.534218  53.023438  59.645622  64.919846  68.414375  69.633278  68.326096  64.715309  59.257660  52.562187  45.319218  37.615158  31.233749  27.597080 
 29.507034  35.451405  44.008751  53.130470  61.693748  69.449066  76.057503  80.624222  82.264847  80.471565  75.857185  69.002342  61.029060  52.754684  43.828907  35.477970  29.051514 
 31.620731  39.829063  49.634529  59.827034  69.572029  78.778595  86.919998  92.895157  94.829689  92.559998  86.653595  78.252655  68.888748  59.189842  49.340469  39.775314  31.401978 
 33.903332  43.470001  54.083595  65.165627  76.183594  86.876404  96.756721  103.445313  105.787498  103.245003  96.411720  86.502655  75.363747  64.463753  53.705940  43.410313  33.823647 
 35.588963  45.928123  57.022034  68.801720  80.773438  92.787971  103.612968  110.875153  113.217499  110.822968  103.548126  92.407654  80.022346  68.179840  56.707497  45.863907  35.520782 
 36.140884  46.853592  58.268127  70.341721  82.755157  95.400940  106.394531  113.779999  116.214691  113.758911  106.626877  95.364059  82.534691  70.202660  58.072815  46.748436  36.237602 
 35.584373  46.055626  57.231407  68.901718  81.149529  93.434845  104.251877  111.654999  114.173752  111.453590  104.414841  93.406097  80.407501  68.529060  56.894218  45.923752  35.813751 
 34.064583  43.744999  54.391563  65.367653  76.646873  87.662971  97.550468  104.500778  106.967812  104.246246  97.181564  87.167503  75.924843  64.978127  54.140625  43.760624  34.238544 
 31.677135  40.151093  49.904221  59.913124  69.847343  79.339844  87.760628  93.651405  95.780472  93.426094  87.422966  78.881409  69.263123  59.607658  49.828278  40.232033  31.809742 
 29.784008  35.985470  44.454533  53.495941  62.302185  70.207970  77.035622  81.725784  83.387032  81.537971  76.651878  69.800316  61.745316  53.276878  44.377968  36.127811  29.702812 
 28.732239  32.174530  38.393906  46.063595  53.650467  60.253754  65.793434  69.513435  70.711563  69.353905  65.588127  59.999374  53.195160  45.788906  38.079063  31.985939  28.279270 
 26.840160  29.240158  32.567032  38.213387  44.572758  50.145416  54.567184  57.472603  58.506569  57.468285  54.517700  49.980209  44.131195  37.816200  31.891563  28.753017  26.478855 
 } 
 GR Channel
 {
 50.445930  56.040932  61.894844  71.451401  81.211411  89.930260  96.536980  100.677650  102.037193  100.865417  96.896980  90.229637  81.608910  71.988335  62.485313  56.445152  51.885994 
 55.194275  61.647186  72.105469  84.669533  96.347031  106.430466  114.381561  119.519531  121.527191  119.497498  114.535309  106.598595  96.459534  85.042503  72.826561  62.254532  55.719322 
 58.075005  68.309998  82.179535  96.602966  110.007813  121.872971  131.849380  138.437653  140.903748  138.361252  131.901245  122.013901  109.981407  97.053284  82.964844  69.463753  58.564163 
 61.783958  75.423126  91.051872  107.029999  122.136414  136.270935  148.784683  157.187195  160.353592  157.173752  148.829529  136.566254  122.117493  107.300003  91.922501  76.520309  62.774895 
 65.597443  81.318909  97.873436  115.131256  132.076874  148.661255  163.843903  173.735153  177.139694  173.724380  164.141403  149.418900  132.371399  115.655319  98.852341  82.447968  66.671089 
 68.274742  85.060783  102.513435  120.565475  139.266251  157.792038  174.460785  185.320313  188.659851  185.099380  175.097183  158.625778  139.571869  121.372345  103.684372  86.510468  69.556923 
 69.327339  86.484222  104.372032  123.038284  142.281723  161.931412  178.851410  189.684692  193.145462  189.699524  180.287033  163.477341  143.675629  124.719849  106.175316  88.046722  70.833588 
 68.341980  85.282814  102.913750  121.090775  140.072037  159.077347  176.005783  186.819382  190.557663  186.863434  177.463593  160.978287  140.672028  122.171097  104.318123  86.804375  70.158958 
 65.846878  81.906876  98.857498  116.050003  133.627029  151.019379  166.360626  176.698120  180.443283  176.817184  166.809219  151.614212  133.926407  116.900467  100.041718  83.389999  67.520836 
 62.266090  76.230469  91.984062  107.972969  123.566559  138.410004  151.581879  160.255936  163.622498  160.658279  152.061874  139.243744  124.206726  108.929840  93.298439  77.723907  63.689949 
 59.112450  69.845154  83.597969  98.081406  111.847343  124.164368  134.866882  141.879059  144.493591  142.094849  135.039993  124.793900  112.318130  98.788124  84.510780  70.848595  59.985886 
 56.872864  63.595154  73.900154  86.316559  98.416405  108.748596  117.205627  122.739380  124.793747  122.789993  117.320618  108.973122  98.550629  86.657188  74.143127  63.798439  57.315933 
 52.803284  58.228699  64.163696  73.284065  83.402863  92.244225  99.223122  103.524788  105.240425  103.870834  99.410622  92.626877  83.780205  73.288437  63.705208  58.249680  53.638855 
 } 
 GB Channel
 {
 50.298851  55.522606  61.526619  70.826561  80.668228  89.129013  95.688072  99.793953  101.455933  100.078545  95.981560  89.436668  80.850838  71.139008  61.811150  55.702820  51.119484 
 54.844688  61.290939  71.588905  83.987816  95.637810  105.492966  113.397034  118.543121  120.374695  118.373123  113.419067  105.562500  95.546249  84.169220  72.005310  61.591560  55.126564 
 57.721924  67.834221  81.650627  96.018593  109.171875  120.849686  130.688431  137.189529  139.657974  137.198288  130.652649  120.893753  108.967033  96.032341  82.106094  68.681877  57.786461 
 61.325264  74.936722  90.540466  106.454529  121.457504  135.321411  147.721558  156.048904  159.298599  156.058121  147.802505  135.522812  121.224060  106.472504  91.143753  75.760780  61.945160 
 65.109688  80.835938  97.458435  114.636414  131.556870  147.777039  162.851257  172.714691  176.318588  172.804993  163.125000  148.441406  131.642502  114.858276  98.077660  81.535156  65.934944 
 67.491661  84.603752  101.946404  119.984070  138.605621  156.898132  173.404846  184.276718  187.844376  184.361099  174.265152  157.863586  138.904999  120.662338  102.862343  85.592186  68.681778 
 68.534531  85.915154  103.812035  122.360931  141.509216  160.930313  177.484848  188.485626  192.109680  188.634842  179.380157  162.559845  142.997971  123.935150  105.286247  87.201248  69.725838 
 67.650307  84.724060  102.409691  120.477036  139.350159  158.170471  174.856720  185.637344  189.510620  185.847961  176.490158  160.121872  139.936401  121.463287  103.467812  85.865311  69.160316 
 65.281929  81.286720  98.353905  115.352966  132.912033  150.113907  165.294693  175.720779  179.537033  175.944534  166.039993  150.929840  133.290161  116.274368  99.322968  82.539215  66.624428 
 61.655838  75.757500  91.396408  107.324532  122.713120  137.553284  150.477814  159.257813  162.675629  159.793121  151.319382  138.424377  123.394226  108.209221  92.604065  76.995468  62.811928 
 58.773849  69.383438  83.028595  97.435936  110.982033  123.257660  133.952820  140.990631  143.824066  141.377655  134.286087  123.918442  111.630623  98.058907  83.865158  70.177971  59.401932 
 56.708069  63.237030  73.355621  85.796410  97.661247  107.960785  116.490311  122.079224  124.125473  122.267181  116.650162  108.298592  97.885315  86.004532  73.485626  63.268440  57.014267 
 53.159325  58.025993  63.625214  72.658279  82.804588  91.751823  98.594063  103.145264  104.808586  103.418854  98.900780  91.968384  83.141144  72.837654  63.133545  57.765106  53.563850 
 } 
 B Channel
 {
 34.096664  37.682919  42.041775  48.820518  56.004532  61.912712  66.381821  69.275421  70.270782  69.422859  66.788223  62.317451  56.179794  49.372864  42.816563  38.592968  35.266720 
 37.604584  41.927502  49.207184  58.167191  66.208908  72.891876  78.162033  81.525002  82.872658  81.691406  78.497810  73.211403  66.279373  58.492653  50.141563  42.939842  38.642139 
 39.761509  46.772968  56.296410  66.415314  75.460625  83.215469  89.680939  93.978279  95.599373  94.206879  90.091560  83.553284  75.545937  66.914528  57.487816  48.331406  40.847446 
 42.304741  51.794533  62.481873  73.461876  83.635628  92.731560  100.775002  106.360626  108.549217  106.708748  101.334221  93.163124  83.724220  73.992340  63.686409  53.442032  43.877655 
 44.872086  55.871246  67.141876  78.764687  90.225311  100.827187  110.640472  117.058899  119.552505  117.511566  111.276566  101.562347  90.518280  79.407501  68.352814  57.545624  46.749378 
 46.799892  58.399063  70.097343  82.067184  94.535934  106.603592  117.277344  124.281097  126.777039  124.661560  118.154526  107.621246  95.136253  83.009689  71.467033  60.201248  48.672501 
 47.407192  59.318436  71.245628  83.435158  96.153122  108.860779  119.862656  126.757034  129.258286  127.185776  121.304214  110.359528  97.357346  84.951561  72.890778  61.202972  49.441925 
 46.727863  58.432655  70.227654  82.020782  94.601097  106.993752  117.807190  124.774216  127.281723  125.138275  119.317810  108.921562  95.629372  83.545471  71.768127  60.353279  48.936409 
 44.944736  55.973282  67.401718  78.703125  90.142654  101.445778  111.392654  118.092972  120.657806  118.487808  112.318436  102.594528  91.219215  80.002029  68.867813  57.979843  47.073807 
 42.251144  51.949066  62.666405  73.325935  83.502968  93.215782  101.678909  107.352654  109.642815  107.995468  102.583122  94.357033  84.642189  74.593285  64.354691  54.032654  44.336197 
 39.877708  47.351875  56.895157  66.667969  75.830002  83.967499  90.887970  95.509216  97.210785  95.992188  91.512970  84.851250  76.712502  67.730316  58.220627  49.124847  41.551300 
 38.135155  42.837032  50.135002  58.668907  66.785156  73.829376  79.408752  82.955780  84.270157  83.285156  79.894531  74.399841  67.379532  59.401878  50.922966  44.135468  39.571930 
 35.743492  39.380154  43.385830  49.963280  57.054955  63.175629  67.862915  70.880577  71.922447  71.385780  68.368073  63.904633  57.823494  50.495628  43.914009  40.256092  37.150677 
 } 


 White Balance Data with optical Center Data
 r_center_x =  636 r_center_y =  484 
 gr_center_x =  651 gr_center_y =  504 
 b_center_x =  633 b_center_y =  482 
 gb_center_x =  646 gb_center_y =  513 
 r/gr 0.599982 
 b/gr 0.666827 
 gb/gr 0.992975 
 r_oc_ave 116.524445 
 b_oc_ave 129.506668 
 gr_oc_ave 194.213333 
 gb_oc_ave 192.848892 

 [AWB]
 RGr =  0.599982 
 BGr =  0.666827 
 GbGr =  0.992975 
 r_oc_ave =  116.524445 
 b_oc_ave =  129.506668 
 gr_oc_ave =  194.213333 
 gb_oc_ave =  192.848892 