 LEFT LENS SHADING DATA
 RED Channel
 {
 25.169270  27.650520  31.389168  37.292919  43.323490  48.490730  52.258537  54.707809  55.341248  54.078178  51.427551  47.017818  41.572865  35.545624  29.930367  26.342186  24.210938 
 27.225105  31.094688  37.442501  45.047501  52.135780  58.167816  62.999374  66.210312  66.911247  65.244217  61.752342  56.366562  49.770157  42.816875  35.463905  29.284687  25.674686 
 28.991875  35.528126  43.940468  52.658752  60.796875  68.188126  74.257965  78.362968  79.470627  77.375153  72.662186  65.768127  58.064217  49.921875  41.468437  33.385937  27.222191 
 31.616356  40.220936  49.775780  59.488281  69.011406  77.814217  85.546722  90.960159  92.442970  89.695938  83.514687  75.112030  65.707970  56.337814  46.775314  37.536407  29.617863 
 34.120209  44.060623  54.498749  65.074844  76.037659  86.331566  95.841721  101.940002  103.711403  100.733437  93.448593  83.281876  72.239532  61.543747  51.061096  41.099533  31.957657 
 36.009010  46.742970  57.727966  69.172188  81.157501  92.869217  103.129845  109.722191  111.545937  108.349220  100.718903  89.450470  77.020622  65.367340  54.190628  43.682655  33.745781 
 36.947552  47.908592  59.340622  71.360939  83.577187  95.818283  106.314690  113.012970  115.032028  111.613907  104.121094  92.552345  79.813126  67.613594  55.881721  44.844688  34.626354 
 36.652966  47.286095  58.578125  70.151253  82.134529  93.904373  104.338753  111.022499  112.861099  109.640625  102.209686  90.967186  78.177032  66.303749  55.004532  44.311874  34.349792 
 35.231407  45.167030  55.876564  66.817970  77.905624  88.572502  98.127502  104.355003  106.188278  103.031876  95.602341  85.516716  74.376091  63.353905  52.782967  42.433437  33.127605 
 33.058491  41.775780  51.620003  61.610153  71.434532  80.562500  88.686562  94.179535  95.718750  93.056091  86.670624  78.018753  68.389847  58.679375  48.780624  39.177502  31.099167 
 31.290207  37.720627  46.212502  55.256874  63.905785  71.650627  78.172028  82.607811  83.781250  81.420311  76.324844  69.325783  61.244064  52.662971  43.698437  35.330467  29.184425 
 30.272758  33.992970  40.092655  47.889999  55.437035  61.953278  67.196564  70.517815  71.430466  69.666878  65.715935  60.025154  53.124847  45.580624  37.809845  31.790470  28.202759 
 28.199844  30.980259  34.171196  39.803333  46.159740  51.745995  55.937813  58.692810  59.428177  58.031464  55.021774  50.236206  44.362549  37.921459  32.173386  29.061928  26.568176 
 } 
 GR Channel
 {
 50.531349  56.072182  62.508331  72.140045  81.910156  89.868797  95.858131  99.669319  100.770782  99.098595  94.899323  88.471039  79.852913  70.393745  61.018341  54.771255  50.770424 
 54.895103  62.085938  72.623749  84.787346  95.893280  105.327347  112.744370  117.522034  119.156403  116.836716  111.607033  103.579376  93.658752  82.558746  70.583748  60.201248  53.682083 
 58.139687  69.424690  83.007347  96.590782  109.419373  120.772034  130.098282  136.378281  138.408905  135.606720  128.700470  118.655151  106.737030  94.101715  80.482185  67.202812  56.556976 
 62.685829  76.838753  91.800629  106.852188  121.527969  135.304535  147.368118  155.651871  158.322968  154.502350  145.843750  133.236557  118.780472  104.103592  89.102501  74.142342  60.732132 
 66.733124  82.765625  98.927971  115.152191  131.778122  148.044693  162.800629  172.345001  175.292343  171.039063  160.952194  145.785782  128.664993  112.149536  95.986877  79.930779  64.543076 
 69.675728  86.897812  103.757813  120.996399  139.091568  157.338745  173.752808  183.746246  186.486099  182.336563  171.551254  154.877808  135.840775  117.909225  100.807655  84.074371  67.618958 
 71.062080  88.611252  106.062813  124.065933  142.640472  161.684845  178.093903  188.257813  191.015152  186.718750  176.522186  159.592651  140.104996  121.514374  103.441406  85.729530  69.130157 
 70.525574  87.603279  104.914688  122.374374  140.594223  158.936874  175.193130  185.248276  188.181412  183.751556  173.749222  157.275620  137.407501  119.096725  101.781563  84.838127  68.616875 
 68.257866  84.301407  100.907501  117.586243  134.459534  150.943756  165.699844  175.278748  178.480316  174.160782  163.743591  148.739380  131.489685  114.587967  98.127968  81.781097  66.253807 
 64.517288  78.820625  94.291718  109.656097  124.758286  138.916092  151.404068  159.508118  162.206406  158.677338  149.756714  136.925308  122.123596  107.286247  91.811874  76.509689  62.753853 
 61.343391  72.447342  85.945938  100.117813  113.408432  125.246567  135.322662  141.992188  143.710312  140.685944  133.634689  123.263596  110.997498  97.690002  83.486252  69.881409  59.381195 
 58.763382  65.919846  76.079689  88.514687  100.313278  110.377655  118.371719  123.401093  124.849533  122.499069  116.768906  108.570160  97.894066  86.022186  73.638283  63.496246  56.830833 
 54.032547  60.185471  66.229263  75.433022  85.472664  94.128288  100.805260  105.022133  106.288902  104.444893  99.784950  92.757027  83.679893  73.344688  63.948494  58.304169  53.265419 
 } 
 GB Channel
 {
 51.584221  56.973801  63.493286  73.416878  83.370987  91.522293  97.499794  101.149483  102.392555  100.309326  96.146774  89.256348  80.531197  70.863647  61.165787  54.963127  50.981041 
 55.592972  62.844841  73.586403  85.948128  97.215782  106.753128  114.154373  118.959061  120.477341  117.987030  112.602188  104.347191  94.178909  82.840309  70.792656  60.174377  53.678955 
 58.603119  70.083122  83.899376  97.808907  110.718285  122.135620  131.560776  137.853119  139.702347  136.712967  129.678436  119.366257  107.330002  94.400780  80.436874  66.963127  56.246048 
 62.966148  77.350311  92.680779  107.984528  122.837036  136.534531  148.701096  156.965149  159.442810  155.515152  146.529999  133.799683  119.143906  104.160934  88.919060  73.666092  60.024635 
 66.937088  83.167503  99.542343  116.027191  132.729996  149.005310  163.781555  173.139999  176.080475  171.801712  161.433121  146.179062  128.792343  112.027649  95.505157  79.256409  63.764107 
 69.580048  87.062347  104.145935  121.478912  139.703125  157.909378  173.871246  183.826874  186.709686  182.307663  171.483902  154.747818  135.491089  117.434998  99.933128  83.075783  66.464737 
 70.719589  88.571251  106.151093  124.177658  142.569214  161.572815  177.672653  187.677338  190.517975  186.080002  175.795624  158.862183  139.399994  120.647659  102.346252  84.517342  67.877548 
 70.129532  87.321404  104.653282  122.160934  140.212814  158.212036  174.220306  184.160934  187.124527  182.697815  172.447342  155.974213  136.234375  117.967819  100.523438  83.431252  67.142502 
 67.728859  83.849686  100.455940  116.921402  133.677338  149.807495  164.246246  173.753281  176.738586  172.423279  162.074692  147.164215  130.025940  113.203430  96.669533  80.314529  64.755150 
 64.085991  78.265778  93.655159  108.875938  123.539368  137.448288  149.480164  157.510468  160.156876  156.440155  147.720306  134.954681  120.531555  105.681717  90.316093  75.042030  61.431404 
 60.903496  71.709534  85.207031  99.035469  112.024216  123.548431  133.248596  139.778748  141.544525  138.532028  131.313431  121.280945  109.120003  96.053123  81.961563  68.530785  58.151817 
 58.320107  65.194687  75.259064  87.382187  99.005623  108.705002  116.459686  121.381256  122.774368  120.380463  114.781555  106.574532  96.169060  84.480156  72.257660  62.297653  55.928276 
 53.792610  59.646355  65.409889  74.521355  84.403122  92.729576  99.371361  103.284576  104.461044  102.615265  97.996147  91.090988  82.109482  71.990372  62.677452  57.122032  52.182449 
 } 
 B Channel
 {
 34.307293  38.358124  43.147289  50.274223  57.123650  62.804955  67.036880  69.608437  70.270157  69.018379  66.359016  61.921463  55.973122  49.055107  42.082081  37.616146  35.271980 
 36.924374  42.238125  49.881874  58.462341  66.299065  72.781403  77.809372  80.850937  81.628281  80.183594  76.844215  71.614372  64.796875  57.030937  48.559998  41.064064  37.154476 
 39.136982  47.390312  57.065628  66.756096  75.529999  83.228752  89.330780  93.368752  94.541718  92.748749  88.390312  81.810936  73.835312  65.045624  55.461403  45.953438  39.326351 
 42.284321  52.483284  63.210785  73.709999  83.728127  92.771561  100.572029  105.905937  107.535469  105.219063  99.689529  91.469528  81.832184  71.859222  61.312187  50.723747  42.228336 
 45.137241  56.562035  67.907341  79.194687  90.379997  101.081879  110.551872  116.488281  118.523911  116.047028  109.588440  99.708595  88.378128  77.141403  65.934059  54.786407  44.952866 
 47.159477  59.267815  70.992653  82.816872  95.053284  106.852341  117.203903  123.703751  125.657181  123.234222  116.473907  105.514534  92.927345  80.930313  69.147659  57.558128  47.079380 
 48.024635  60.354843  72.372032  84.641251  97.052971  109.451096  119.792664  126.430618  128.617035  125.994064  119.510788  108.196251  95.375153  83.084221  70.760002  58.694534  48.085991 
 47.694427  59.572968  71.502815  83.448280  95.476097  107.260780  117.710007  124.399994  126.560471  124.051407  117.643280  106.814064  93.672501  81.471565  69.664528  58.022972  47.600262 
 46.026508  57.195465  68.673592  80.070313  91.232346  101.880157  111.524216  118.025467  120.256256  117.826401  110.993279  101.112343  89.768906  78.464996  67.267342  55.882813  45.905315 
 43.610157  53.309532  64.197655  74.682816  84.563904  93.863281  102.071091  107.668121  109.517815  107.489059  101.719841  93.257187  83.416405  73.463127  62.927658  52.150314  43.357815 
 41.181408  48.754532  58.260155  67.950157  76.928749  84.894531  91.637497  96.133438  97.456879  95.658905  90.937653  84.062965  75.779846  66.776718  56.919533  47.514999  40.605419 
 39.191982  44.149063  51.171410  59.765312  68.029533  74.870781  80.389221  83.901718  84.982971  83.564690  79.704689  74.084534  66.757813  58.669998  50.015938  42.899220  38.771507 
 35.656979  39.971561  44.083279  50.648224  57.727654  63.960991  68.638588  71.458176  72.337761  71.276764  68.081772  63.131409  57.009483  49.712502  43.091351  38.982761  35.687759 
 } 


 White Balance Data with optical Center Data
 r_center_x =  626 r_center_y =  496 
 gr_center_x =  624 gr_center_y =  494 
 b_center_x =  639 b_center_y =  484 
 gb_center_x =  619 gb_center_y =  487 
 r/gr 0.602930 
 b/gr 0.673289 
 gb/gr 0.997427 
 r_oc_ave 115.591110 
 b_oc_ave 129.080002 
 gr_oc_ave 191.715561 
 gb_oc_ave 191.222229 

 [AWB]
 RGr =  0.602930 
 BGr =  0.673289 
 GbGr =  0.997427 
 r_oc_ave =  115.591110 
 b_oc_ave =  129.080002 
 gr_oc_ave =  191.715561 
 gb_oc_ave =  191.222229 