 LEFT LENS SHADING DATA
 RED Channel
 {
 22.674587  25.165833  28.838074  34.790730  40.821926  46.118958  50.312759  52.997551  53.901772  52.949371  50.481720  46.204685  40.963230  35.080315  29.761044  26.695259  24.871094 
 24.341251  28.326248  34.664532  42.189064  49.397972  55.734375  61.005470  64.576096  65.762184  64.481873  61.249847  56.062187  49.534065  42.557812  35.220627  29.429218  26.512344 
 25.854740  32.297031  40.495312  49.148903  57.442345  65.120941  71.822815  76.379532  77.930000  76.190468  72.017342  65.554535  57.709846  49.549690  40.909218  33.022186  27.564686 
 28.238487  36.529530  45.827030  55.472809  65.036560  74.381874  82.572189  88.302498  90.316406  88.184685  82.667503  74.650627  65.278435  55.893593  46.198437  36.919998  29.589169 
 30.582397  39.885311  50.081406  60.622658  71.558281  82.388123  92.157967  98.701721  101.057655  98.453278  91.981560  82.542343  71.647972  61.051559  50.358124  40.234531  31.345993 
 32.161510  42.224220  52.917656  64.235313  76.165939  88.177032  98.769684  105.695000  108.080467  105.510780  98.883278  88.350624  76.122971  64.588440  53.224686  42.573906  32.958698 
 32.901199  43.108906  54.102028  65.773125  78.029846  90.563751  101.365623  108.292969  110.764999  108.171097  101.599533  90.727028  78.481873  66.336250  54.549065  43.402031  33.454739 
 32.392399  42.407814  53.085472  64.379684  76.439690  88.493126  99.219841  106.133438  108.391563  105.809845  99.272346  88.889374  76.242966  64.656715  53.304375  42.570156  33.087032 
 30.864685  40.138439  50.368439  60.974373  72.032188  82.860779  92.533752  99.144997  101.456718  98.884064  92.460938  82.841560  71.920471  61.277031  50.583122  40.433437  31.712189 
 28.468750  36.746250  46.120781  55.813751  65.587814  74.806404  83.030159  88.620941  90.633125  88.491722  83.072655  74.905312  65.536247  55.967659  46.275158  37.077499  29.693333 
 26.376614  32.800156  41.016251  49.714691  58.268593  65.961403  72.571877  77.138123  78.708908  76.955940  72.547340  65.959061  58.132034  49.801407  40.991718  33.189064  27.961143 
 25.415211  29.194374  35.452656  43.010468  50.311249  56.818909  62.172188  65.702660  66.838127  65.570778  62.026878  56.745781  50.112656  42.868126  35.384064  29.868595  27.168385 
 24.021873  26.637707  30.246201  35.893177  42.065830  47.499950  51.757187  54.697449  55.535210  54.681824  51.916458  47.579327  41.932865  35.755207  30.343643  27.713383  25.720467 
 } 
 GR Channel
 {
 48.386459  53.029785  59.055321  68.579536  78.243126  86.737190  92.913391  96.744164  98.072655  96.881828  93.153122  86.660309  78.508591  69.266197  60.439842  55.324791  51.508125 
 51.589378  58.460625  68.941559  80.990158  92.363129  102.287186  110.146095  115.285004  117.404526  115.458282  110.685623  102.787811  92.717972  81.688904  69.980469  60.328125  54.876457 
 54.224838  65.124222  78.542191  92.211090  105.297028  117.142807  127.110626  133.955475  136.477493  133.905624  127.646713  117.714539  105.715935  92.888908  79.274063  66.391716  57.020264 
 58.198959  71.964378  87.017967  102.183594  117.081726  131.473129  143.981094  152.733444  155.850937  152.572815  144.386719  132.043442  117.580780  102.897659  87.792503  72.851410  60.498283 
 61.936043  77.435623  93.678284  110.081879  127.234222  144.027191  158.919067  168.755463  172.268127  168.656403  158.913910  144.505783  127.698288  111.006096  94.373283  78.171875  63.448120 
 64.697395  81.277809  98.196404  115.745163  134.402191  153.050308  169.120163  179.476257  183.085785  179.353287  169.469849  153.331253  134.638123  116.530945  98.991722  81.978752  66.120834 
 65.868073  82.670784  99.970001  118.225464  137.312973  156.740784  173.196243  183.434845  187.080933  183.357346  173.787506  157.487183  138.349213  119.734222  101.218597  83.263283  67.148903 
 64.889893  81.411560  98.394379  116.034531  134.791870  153.379059  169.739380  180.191559  183.742966  180.009842  170.328598  154.560318  134.982819  116.791718  99.113434  81.970001  66.234581 
 62.537605  77.919685  94.242653  110.817970  128.038910  144.742966  159.667343  169.858749  173.345154  169.759537  159.956879  145.165939  128.149216  111.476875  94.665314  78.514847  63.967140 
 58.585938  72.355934  87.427811  102.735313  118.001404  132.364059  144.862350  153.684525  156.888443  153.846100  145.609070  132.910782  118.251251  103.259064  87.967186  73.016716  60.569427 
 55.220619  66.171875  79.437035  93.321877  106.689690  118.636246  128.774689  135.765320  138.462494  135.928589  129.093750  118.971725  106.678284  93.522499  79.596878  66.746246  57.816254 
 53.267555  60.146095  70.448753  82.558907  94.228439  104.412033  112.316879  117.898438  119.794846  117.974060  112.533432  104.299377  93.991096  82.406715  70.368279  61.252968  56.016090 
 50.239632  55.429214  61.472076  70.741196  80.651772  89.285568  95.766457  100.000099  101.571724  100.407402  96.114273  89.301872  80.545883  70.797340  61.811821  57.264435  52.888184 
 } 
 GB Channel
 {
 48.800568  53.304321  59.427811  69.119118  78.959427  87.412819  94.078705  98.254585  99.651360  98.274223  94.283852  87.690308  79.082809  69.657082  60.769531  55.554062  51.939476 
 51.805992  58.648285  69.247810  81.495155  93.021721  103.056564  111.181404  116.524994  118.710938  116.682343  111.792191  103.696564  93.364059  82.110001  70.197655  60.389061  55.069901 
 53.926926  65.152969  78.683128  92.556717  105.789215  117.838287  128.108276  135.097656  137.779068  135.129684  128.728287  118.552811  106.299530  93.237030  79.316093  66.195000  56.935417 
 57.690674  71.866722  87.091408  102.457344  117.559692  132.094528  144.737808  153.711563  157.065475  153.715149  145.354691  132.735153  118.075317  103.191406  87.655472  72.524689  60.070930 
 61.206299  77.096092  93.614845  110.307816  127.532181  144.402344  159.275940  169.495468  173.152649  169.385468  159.595306  145.034531  127.983749  110.923592  94.089691  77.618279  63.025162 
 63.827286  80.628128  97.780159  115.587814  134.311569  152.868912  169.085785  179.761414  183.421875  179.797028  169.749847  153.525620  134.625778  116.336243  98.525940  81.353592  65.434639 
 64.806244  81.980003  99.352966  117.796722  136.904221  156.202499  172.566711  183.162338  187.035156  183.295151  173.718750  157.246567  138.089218  119.315933  100.543594  82.625778  66.319321 
 63.808388  80.636093  97.646408  115.461243  134.152649  152.662186  168.902649  179.669998  183.417664  179.647034  170.127655  154.183289  134.490936  116.305313  98.434998  81.181877  65.491043 
 61.576302  77.091095  93.447342  110.010315  127.251404  143.873901  158.648132  169.143600  172.827026  169.252655  159.489685  144.627808  127.678131  110.991096  93.970627  77.705315  63.336563 
 57.658028  71.629684  86.699066  102.005470  117.112656  131.384216  143.803284  152.760162  156.004837  153.104370  144.773285  132.230164  117.702026  102.666405  87.214378  72.352501  59.994164 
 54.539215  65.437347  78.767029  92.629219  105.873749  117.621246  127.651718  134.800629  137.474213  134.923599  128.174850  118.166092  106.063591  92.912033  79.035469  66.165627  57.396042 
 52.786354  59.572189  69.814529  81.848434  93.397346  103.422188  111.354065  116.990784  118.837341  117.002350  111.694847  103.595779  93.327499  81.822189  69.917503  60.783440  55.839684 
 49.887596  54.825096  60.985153  70.059273  80.019630  88.460098  95.022804  99.238487  100.987549  99.645050  95.328384  88.572243  79.891670  70.167610  61.332504  56.823441  52.733849 
 } 
 B Channel
 {
 33.649117  36.957027  41.469692  48.593597  55.856880  61.775208  66.402916  69.172188  70.144997  69.321609  66.806511  62.138649  56.076355  49.296303  42.684010  38.862190  36.538441 
 35.984947  41.012657  48.769684  57.752968  65.938126  72.976875  78.403748  81.923439  83.183746  81.935158  78.889221  73.556564  66.518440  58.396095  49.634216  42.842186  39.351772 
 37.775105  45.864689  55.801559  65.850937  75.039528  83.430939  90.376564  94.908752  96.449684  94.909691  90.834534  84.371246  75.893593  66.782188  56.656876  47.488125  41.224377 
 40.521351  50.740936  61.803123  72.809059  83.263748  93.282341  101.862656  107.670937  109.661560  107.546410  102.314377  94.118126  84.238434  73.971718  62.927032  52.364372  43.913540 
 43.172138  54.424843  66.258438  78.110313  89.932816  101.571877  111.727028  118.370316  120.565002  118.393600  112.077499  102.398125  90.964378  79.401718  67.590157  56.117035  46.187653 
 45.037395  57.005310  69.224846  81.598434  94.309372  107.119064  118.208588  125.017181  127.442810  125.093445  118.722504  108.065468  95.329216  82.993591  70.617340  58.832184  48.008026 
 45.860100  57.935936  70.295937  82.970314  95.967033  109.160156  120.405945  127.196564  129.727036  127.417038  121.230621  110.268127  97.351715  84.873123  71.973747  59.592346  48.512550 
 45.095005  57.101250  69.204376  81.565781  94.364059  106.906876  118.134537  124.906555  127.164063  124.844055  118.884842  108.277031  95.084534  82.798904  70.338593  58.532814  47.804897 
 43.511768  54.770935  66.487190  78.250626  90.023590  101.368752  111.447815  118.147339  120.404846  118.213745  111.972656  102.088440  90.699532  79.361877  67.393440  56.036560  46.179066 
 40.782345  50.940468  61.991096  72.943909  83.485779  93.332809  101.882965  107.611877  109.585312  107.860153  102.376091  94.192345  84.202347  73.936874  62.833122  52.295624  43.838959 
 38.393753  46.622501  56.521873  66.653595  76.157654  84.477814  91.463280  96.072189  97.692184  96.155312  91.962189  85.222809  76.727341  67.383591  57.126404  47.875782  42.012657 
 37.203800  42.351093  50.195625  59.179535  67.595940  74.924065  80.571091  84.291878  85.528282  84.358749  80.851250  75.283905  68.013123  59.567184  50.496407  43.985470  40.934013 
 35.071304  38.900471  43.520210  50.425568  57.770935  64.148224  68.937141  71.867287  72.792656  72.168747  69.209587  64.507866  57.997292  50.698441  43.998695  40.865677  38.213177 
 } 


 White Balance Data with optical Center Data
 r_center_x =  616 r_center_y =  496 
 gr_center_x =  654 gr_center_y =  515 
 b_center_x =  632 b_center_y =  464 
 gb_center_x =  648 gb_center_y =  477 
 r/gr 0.592283 
 b/gr 0.692920 
 gb/gr 1.000616 
 r_oc_ave 111.062225 
 b_oc_ave 129.933334 
 gr_oc_ave 187.515549 
 gb_oc_ave 187.631104 

 [AWB]
 RGr =  0.592283 
 BGr =  0.692920 
 GbGr =  1.000616 
 r_oc_ave =  111.062225 
 b_oc_ave =  129.933334 
 gr_oc_ave =  187.515549 
 gb_oc_ave =  187.631104 