 LEFT LENS SHADING DATA
 RED Channel
 {
 24.881771  27.001354  30.120678  35.612030  41.417500  46.627136  50.600525  53.123489  53.885574  52.712708  50.046303  45.723175  40.440830  34.533852  29.257969  26.124531  23.992447 
 26.589687  29.992188  35.924217  43.271408  50.305000  56.304840  61.182190  64.417030  65.310783  63.895622  60.482346  55.292969  48.873749  42.000938  34.857346  29.020157  25.795780 
 27.957710  33.940624  41.931873  50.510155  58.603439  65.743904  71.896561  76.002968  77.323906  75.407967  71.054535  64.554375  56.948906  49.002029  40.707188  32.930782  27.205990 
 30.389790  38.291874  47.457970  56.979843  66.286720  74.986252  82.599220  87.963280  89.795471  87.156715  81.467346  73.521873  64.390472  55.281563  45.973438  37.045311  29.358646 
 32.596039  41.988125  51.995316  62.397659  72.811249  83.080940  92.345467  98.497498  100.573753  97.802345  91.045937  81.562187  70.805779  60.342346  50.121246  40.364220  31.504009 
 34.148438  44.394688  54.999687  65.893593  77.584373  89.090157  99.269844  105.904373  108.014847  105.182816  97.926407  87.360626  75.341408  63.915001  53.048439  42.733280  33.172241 
 34.820835  45.384998  56.393280  67.834686  79.558128  91.743904  102.108437  108.908752  111.109062  108.230316  101.357658  90.320625  77.930153  66.063591  54.548126  43.744217  34.055264 
 34.401146  44.625313  55.365158  66.681877  78.245941  89.839844  100.171410  107.068748  109.224220  106.253593  99.542343  88.814842  76.032814  64.443283  53.466721  43.073280  33.709324 
 32.763699  42.355156  52.718285  63.192970  74.010468  84.542191  93.884842  100.392502  102.572968  99.884689  92.995003  83.107346  72.082657  61.440628  51.025154  41.141251  32.302082 
 30.529999  38.860001  48.356560  58.002502  67.589996  76.619843  84.487816  90.049843  91.889221  89.651566  83.753441  75.401566  65.980003  56.470001  47.004532  37.856564  30.047813 
 28.462292  34.814377  43.103127  51.773903  60.128906  67.687813  74.100784  78.465622  79.947815  78.159065  73.356873  66.573753  58.684532  50.471565  41.858124  33.903908  27.893700 
 27.412655  31.012032  37.218281  44.634842  51.921097  58.222969  63.354218  66.840157  67.947815  66.423904  62.777344  57.458435  50.834221  43.630627  36.107811  30.012032  26.600990 
 26.210155  28.558907  31.936821  37.688385  43.732132  49.237762  53.471504  56.162453  56.937813  55.814529  53.010887  48.579689  43.068180  36.695625  30.696980  27.570576  25.246822 
 } 
 GR Channel
 {
 49.855049  54.498390  60.077858  68.973801  78.337547  86.517448  92.832184  96.510826  97.897240  96.454170  92.665627  86.252190  77.960312  68.825470  59.797081  54.611305  50.783798 
 53.685059  59.954842  69.880157  81.697342  92.759842  102.038910  109.562187  114.615005  116.420776  114.548752  109.528122  101.867188  92.027809  80.996094  69.455002  59.638596  53.953804 
 56.153862  66.553436  79.482346  93.126251  105.662498  116.764069  126.174683  132.655624  134.880005  132.564682  126.203125  116.574219  104.905472  92.341408  79.011406  66.096718  56.299011 
 60.271721  73.409843  87.977188  102.818748  117.477966  130.831406  142.635941  151.068909  154.138901  150.824997  142.729843  130.780624  116.665787  102.476875  87.598122  72.877190  59.970108 
 63.851830  79.175781  94.842033  110.681404  126.937347  143.178909  157.531876  167.209381  170.501877  166.910004  157.375153  143.401245  126.791870  110.459373  94.236565  78.409378  63.552711 
 66.481407  83.007034  99.325935  116.107025  133.871872  152.042816  167.975006  178.352188  181.643600  177.946716  168.064529  152.397812  133.899994  116.016251  98.908127  82.366249  66.472084 
 67.464943  84.475159  101.297340  118.666412  136.837341  155.665314  172.117493  182.857971  186.192505  182.539368  173.150162  156.955307  137.925003  119.557343  101.385002  84.028595  67.692139 
 66.810051  83.199844  99.910309  116.973282  134.772812  152.911087  168.993439  179.905151  183.587814  179.838120  170.469849  154.673752  135.001556  116.889694  99.407188  82.738594  67.052551 
 64.272453  79.718903  95.763596  111.910622  128.481247  144.979370  159.603912  169.844528  173.877502  170.317657  160.516556  145.615463  128.552658  111.909378  95.504532  79.566719  64.764420 
 60.575989  74.207031  89.145782  104.140472  118.927658  132.896881  145.194534  153.906723  157.329056  154.719528  146.175629  133.584381  118.975006  104.079063  89.033127  74.233910  61.082031 
 56.991982  67.874062  81.135155  94.714531  107.810158  119.436096  129.273590  136.184219  138.777496  136.291565  129.649063  119.464691  107.427345  94.436096  80.824219  67.607498  57.471664 
 54.800629  61.505623  71.730621  83.648438  94.962029  104.959373  112.787186  118.101410  119.978439  117.866562  112.485931  104.749374  94.643440  83.292816  71.160934  61.085312  55.089897 
 51.940628  56.894791  62.921875  72.164268  82.004745  90.529373  97.128853  101.377861  102.759689  101.215317  96.940941  90.468124  82.073853  71.694893  62.085945  56.829483  52.813225 
 } 
 GB Channel
 {
 50.921768  55.400101  60.871353  70.009483  79.461250  88.031715  94.384743  98.104897  99.533539  97.743965  93.572189  86.790100  78.390572  68.863594  59.941612  54.460991  50.731407 
 54.516769  60.699684  70.815941  82.847809  93.987503  103.429840  111.008278  116.074066  117.741882  115.588120  110.380936  102.334686  92.273285  81.065468  69.265160  59.403282  53.681412 
 56.782654  67.187035  80.438904  94.351563  107.061249  118.207504  127.687653  134.182343  136.303589  133.550629  126.887192  116.933289  105.036407  92.297340  78.791405  65.666252  55.774994 
 60.500938  74.145935  88.989998  104.143280  118.957504  132.449524  144.119217  152.472183  155.444382  151.832809  143.319061  130.924057  116.687027  102.321564  87.231720  72.325935  59.330940 
 64.075836  79.708748  95.679062  111.895782  128.276093  144.558441  158.859070  168.477493  171.761871  167.706558  157.676086  143.431244  126.692032  110.141716  93.718597  77.687813  62.801559 
 66.579788  83.318123  100.030785  117.113754  135.044693  153.091721  168.961243  179.129837  182.415314  178.374527  167.936096  152.045151  133.360474  115.442337  98.149216  81.436249  65.485413 
 67.467766  84.731720  101.971252  119.632965  137.775467  156.497025  172.697189  183.180161  186.535782  182.475006  172.685944  156.318756  137.181870  118.691559  100.361717  82.930626  66.636459 
 66.588333  83.522499  100.484840  117.764526  135.413284  153.485306  169.321411  180.162506  183.592194  179.525787  169.817657  153.798904  134.080154  115.822037  98.407967  81.626877  66.013130 
 64.092400  79.979065  96.248436  112.537186  129.087189  145.347656  159.761093  169.787659  173.695618  169.789688  159.760941  144.704849  127.611877  110.895470  94.454842  78.467812  63.697815 
 60.413437  74.379684  89.454529  104.566093  119.238281  133.023743  145.061096  153.607651  156.864059  153.935944  145.259842  132.519684  117.946091  103.096718  87.962341  73.189842  60.117142 
 57.061714  67.989845  81.323128  94.911873  107.877342  119.417816  129.084061  135.782501  138.242340  135.645309  128.634842  118.442337  106.382965  93.440941  79.855469  66.671097  56.610466 
 55.091980  61.607811  71.873123  83.795624  95.050934  104.805779  112.589996  117.803589  119.514847  117.215942  111.738434  103.806091  93.735001  82.309845  70.299065  60.288284  54.369736 
 52.668228  57.151566  63.113121  72.337288  82.024269  90.668076  96.912506  101.014641  102.318382  100.637184  96.127602  89.640053  81.063744  70.871300  61.119476  55.993904  52.028908 
 } 
 B Channel
 {
 34.859375  38.043541  41.851196  48.251305  54.752342  60.630775  64.909630  67.554214  68.566566  67.627296  65.030991  60.498444  54.689743  47.934944  41.416927  37.566406  35.305157 
 37.507706  41.879375  49.051407  57.402344  65.109222  71.471405  76.506096  79.824844  80.875313  79.753128  76.543282  71.422188  64.534531  56.805153  48.405472  41.567032  37.850986 
 39.267502  46.623749  56.030624  65.629532  74.355469  81.885315  88.064377  92.105621  93.427811  91.928123  87.989372  81.622345  73.708748  64.925003  55.350471  46.389843  39.779633 
 42.025887  51.503593  62.137497  72.748596  82.509529  91.556252  99.318748  104.584061  106.381874  104.187187  99.063751  91.125313  81.597969  71.735153  61.317184  51.210472  42.566509 
 44.553177  55.382965  66.688591  78.015625  89.048592  99.757500  109.264061  115.288589  117.405624  114.872971  108.660156  99.290001  88.196091  77.078125  65.750938  54.981873  45.251461 
 46.243542  57.896873  69.587502  81.352654  93.552032  105.566254  115.839996  122.446716  124.528900  121.989059  115.198120  104.784218  92.475624  80.408752  68.589378  57.636406  47.126610 
 46.918694  58.823906  70.755936  82.891251  95.143127  107.846565  118.333908  124.989838  127.241257  124.712341  118.304214  107.375626  94.782654  82.483124  70.141563  58.632660  47.996613 
 46.291615  58.066406  69.839378  81.670784  93.552658  105.805939  116.464371  123.224838  125.378601  122.951569  116.785004  106.175629  92.965469  80.744217  68.772346  57.741409  47.503696 
 44.588650  55.599060  67.086250  78.278122  89.527809  100.475784  110.241562  116.893280  118.932190  116.718277  110.274216  100.333748  88.953903  77.561722  66.181252  55.531250  45.894581 
 41.715782  51.696404  62.402809  72.948593  82.933441  92.302498  100.323441  106.011406  108.177185  106.107658  100.535469  92.219688  82.537033  72.221405  61.778908  51.773590  43.188801 
 39.257343  47.035469  56.643440  66.219841  75.122971  83.090157  89.580002  94.045311  95.595940  93.954376  89.524063  82.833595  74.631248  65.684532  55.930466  47.077499  40.404583 
 37.693123  42.585625  50.083595  58.707344  66.652191  73.371246  78.663910  82.173126  83.172028  81.982658  78.366875  73.074844  66.048279  58.046249  49.371407  42.494843  38.815887 
 36.306461  40.103962  44.653801  51.627548  58.823021  64.945000  69.387451  72.208954  73.030998  72.001610  69.213959  64.602974  58.540993  51.100418  43.792030  40.221722  37.872555 
 } 


 White Balance Data with optical Center Data
 r_center_x =  674 r_center_y =  493 
 gr_center_x =  654 gr_center_y =  504 
 b_center_x =  646 b_center_y =  490 
 gb_center_x =  639 gb_center_y =  477 
 r/gr 0.596281 
 b/gr 0.682470 
 gb/gr 0.999952 
 r_oc_ave 111.462219 
 b_oc_ave 127.573334 
 gr_oc_ave 186.928894 
 gb_oc_ave 186.919998 

 [AWB]
 RGr =  0.596281 
 BGr =  0.682470 
 GbGr =  0.999952 
 r_oc_ave =  111.462219 
 b_oc_ave =  127.573334 
 gr_oc_ave =  186.928894 
 gb_oc_ave =  186.919998 