 LEFT LENS SHADING DATA
 RED Channel
 {
 23.722656  25.753490  29.150154  34.874584  40.862965  46.237705  50.378120  52.951347  54.166611  53.229889  50.776047  46.788853  41.637554  35.740467  30.301563  27.204376  25.233540 
 25.308487  28.989532  35.104530  42.318748  49.248596  55.470627  60.541878  64.162186  65.401405  64.267815  61.274376  56.184685  50.056091  43.181095  36.039063  30.139374  26.933960 
 26.471771  33.004688  40.970470  49.169373  57.075310  64.455315  70.916405  75.401878  77.132500  75.640472  71.579689  65.389999  58.025627  50.267029  41.928123  34.037498  28.272499 
 28.714840  37.145470  46.162811  55.444221  64.474060  73.222031  81.120468  86.932968  89.029533  87.228752  82.026718  74.258438  65.446877  56.464218  47.237499  38.125469  30.409008 
 31.111824  40.399532  50.348747  60.438126  70.724846  80.993279  90.369377  97.122032  99.606720  97.419373  91.412033  82.213127  71.814217  61.541252  51.421410  41.494217  32.741093 
 32.889687  42.589687  53.039375  63.862968  75.151405  86.705154  97.036247  104.025314  106.742340  104.536095  98.183594  87.885002  76.307816  65.136253  54.183281  43.855000  34.199585 
 33.576302  43.423595  54.036247  65.468285  77.044220  89.089066  99.614998  106.683128  109.361404  107.324219  101.160782  90.743126  78.736717  66.957809  55.581253  44.685780  34.945160 
 32.957603  42.827187  53.032501  64.043434  75.455467  87.080154  97.528122  104.641403  107.218285  105.083595  99.008125  88.918907  76.637344  65.397186  54.483284  43.930000  34.432499 
 31.217083  40.691250  50.410469  60.626877  71.305466  81.802032  91.240936  98.016876  100.571251  98.421410  92.220314  82.930779  72.385941  61.958908  51.784218  41.904221  33.019424 
 28.850677  37.289219  46.424686  55.605934  65.068436  74.049065  82.008278  87.744843  90.084686  88.294685  82.992340  75.112503  66.176559  56.961090  47.557343  38.500156  30.870781 
 26.773647  33.342812  41.438438  49.734062  57.698128  65.308746  71.859222  76.494064  78.241096  76.820000  72.580154  66.165314  58.779060  50.775002  42.369064  34.544689  28.837185 
 25.448231  29.379063  35.642189  42.944530  49.806252  56.161407  61.436249  64.953125  66.248283  65.179222  61.923126  56.795937  50.612816  43.672188  36.385468  30.632656  27.725365 
 23.833649  26.563232  30.105106  35.753075  41.728748  47.082867  51.343330  54.159370  55.080986  54.447754  51.851875  47.747608  42.479481  36.358852  30.680679  27.927444  26.124115 
 } 
 GR Channel
 {
 49.624214  53.792969  59.590942  68.904221  78.586723  86.906250  93.381615  97.551880  99.193489  98.254944  94.388802  88.247910  80.255997  70.859009  61.819115  56.386978  52.318642 
 52.700470  59.399841  69.642189  81.347343  92.369843  102.098747  109.950157  115.354370  117.437027  115.727661  111.303596  103.773750  94.244530  83.332970  71.687653  61.686562  55.881973 
 55.064949  66.192657  79.279533  92.378441  104.926407  116.520935  126.395309  133.164993  135.838287  133.753754  127.774536  118.426254  106.970627  94.735779  81.311722  68.216408  58.456192 
 58.784630  72.887344  87.634064  102.158905  116.356567  130.319061  142.713745  151.491562  154.884689  152.201874  144.413132  132.626251  118.779846  104.713440  90.012184  75.105156  62.144531 
 62.767029  78.132660  93.988281  109.760628  126.064850  142.256561  157.224060  167.479065  171.298126  168.378906  159.270004  145.172180  128.907501  112.804214  96.845001  80.717972  65.880264 
 65.851563  81.797813  98.236717  115.082504  132.922806  151.182495  167.539688  178.322815  182.311569  179.157349  169.695007  154.145462  136.036880  118.474380  101.340935  84.573280  68.687241 
 66.938385  83.142342  99.911407  117.645004  135.894684  154.949371  171.580780  182.315155  186.288437  183.431412  174.556564  158.670471  139.947037  121.697495  103.738434  86.140778  69.802650 
 65.945160  82.115784  98.353752  115.529694  133.454376  151.994995  168.418747  179.384689  183.262650  180.126099  171.357025  156.000778  136.817032  119.047501  101.658905  84.797966  69.099846 
 63.062965  78.673592  94.305466  110.403435  127.282806  144.080002  159.109375  169.560471  173.412186  170.367188  161.102661  146.779221  130.150940  113.648911  97.390312  81.495468  66.679008 
 59.283180  73.259216  88.050781  102.714531  117.565002  132.009216  144.688431  153.614532  157.205154  154.711868  146.796402  134.535934  120.350937  105.684685  90.779533  75.976410  63.004112 
 55.589951  66.931404  80.140472  93.494530  106.437347  118.443756  128.654068  135.850159  138.600632  136.512817  130.005783  120.100632  108.565468  95.801872  82.246407  69.364685  59.523438 
 53.335571  60.392029  70.830627  82.733597  93.731720  103.729530  111.944221  117.549530  119.491562  117.905151  112.776566  104.993279  95.354530  84.300781  72.467659  62.707497  57.157082 
 50.267662  55.288490  61.313538  70.883804  80.431511  88.838486  95.449013  99.944328  101.381569  100.367867  96.469475  89.987236  81.855988  71.957237  62.632858  57.947083  54.186661 
 } 
 GB Channel
 {
 50.055046  54.113808  60.056358  69.586205  79.495308  88.076302  94.679062  99.004951  100.736824  99.478073  95.479691  89.316139  81.113228  71.616974  62.390160  56.893227  52.731979 
 52.974220  59.789841  70.187187  82.036407  93.256561  103.056091  111.055313  116.641403  118.767029  117.159531  112.479691  104.821564  95.084061  84.019066  72.175781  62.089066  56.347816 
 55.059059  66.411560  79.689064  93.115936  105.783440  117.517181  127.424225  134.439377  137.249222  135.199524  129.024689  119.551407  107.991249  95.471092  81.815468  68.551720  58.643181 
 58.785988  73.045784  88.047340  102.928436  117.314529  131.295776  143.699692  152.726257  156.316406  153.565155  145.663437  133.711716  119.754532  105.465782  90.571404  75.350471  62.036507 
 62.584068  78.194061  94.447815  110.573280  127.000153  143.316101  158.183594  168.693588  172.772507  169.566254  160.451248  146.166412  129.812653  113.404068  97.139534  80.832031  65.743073 
 65.436661  81.713753  98.440468  115.622192  133.693588  151.736877  168.086868  179.053284  183.315475  180.176254  170.753281  154.901871  136.653275  118.977036  101.509689  84.576408  68.441193 
 66.418129  82.943123  99.988594  117.874069  136.306870  155.395935  171.834839  182.842026  187.036407  184.112976  175.237976  159.278122  140.494843  122.065628  103.922501  86.087341  69.541718 
 65.431458  81.856873  98.299217  115.744370  133.824997  152.203903  168.547806  179.586411  183.710159  180.689224  172.017181  156.555161  137.280624  119.318436  101.742966  84.727188  68.766769 
 62.626564  78.434059  94.260941  110.539215  127.429688  144.146881  159.095001  169.657501  173.717651  170.708588  161.487656  147.134369  130.432968  113.906097  97.497971  81.429062  66.474068 
 58.823433  73.018440  87.879372  102.725784  117.577972  131.950623  144.480164  153.462967  157.347961  154.755005  146.861877  134.691406  120.533432  105.821564  90.740936  75.921249  62.868752 
 55.342812  66.751564  80.106094  93.502655  106.367653  118.126556  128.426880  135.618912  138.672806  136.535004  130.021561  120.212036  108.646873  95.932190  82.317032  69.367188  59.564690 
 53.294060  60.302811  70.786095  82.629845  93.711563  103.572342  111.700310  117.453598  119.564682  117.902039  112.890778  105.105316  95.387657  84.301872  72.446716  62.840469  57.392754 
 50.396561  55.370316  61.556717  70.793808  80.555313  88.784630  95.496147  100.172134  101.626358  100.556404  96.639740  90.268227  81.924950  72.106461  62.768593  57.979843  54.389015 
 } 
 B Channel
 {
 33.950783  36.901196  41.113022  47.746922  54.641823  60.657082  65.180580  68.042664  69.139587  68.459015  65.992401  61.814064  56.038803  49.208389  42.625469  38.657188  36.062187 
 36.231613  41.087658  48.400940  56.655472  64.345779  71.146248  76.375778  80.042030  81.400002  80.562965  77.659065  72.590309  65.959846  58.163597  49.746094  42.660938  38.823856 
 38.151356  45.880936  55.344528  64.646095  73.180153  80.973434  87.604530  92.148903  94.023438  92.783440  89.096565  82.887810  75.122971  66.483124  56.828751  47.572498  40.852501 
 41.064636  50.796097  61.185158  71.361717  81.054688  90.302032  98.462654  104.340309  106.740471  105.125938  100.322968  92.563751  83.213753  73.399529  62.988281  52.561562  43.595314 
 43.831509  54.482971  65.573128  76.578751  87.584686  98.336250  108.153748  114.950470  117.566406  115.762650  110.072968  100.814529  89.986565  78.929062  67.596405  56.548126  46.157703 
 45.692085  56.833748  68.254845  79.866875  91.888908  104.021095  114.697968  121.728912  124.518753  122.764526  116.827194  106.522186  94.446251  82.492035  70.601715  59.176872  48.296043 
 46.504997  57.695000  69.308907  81.320000  93.547028  106.315628  117.114532  124.035782  126.781555  125.184525  119.691101  109.225471  96.817032  84.486092  72.283592  60.319687  49.118851 
 45.749790  56.900627  68.180939  79.798752  91.938278  104.250465  115.149368  122.148438  124.684219  123.110779  117.679214  107.759529  94.979843  82.857811  70.855934  59.406715  48.765671 
 43.832134  54.568596  65.578590  76.570000  87.825310  99.116409  109.034843  115.869690  118.403900  116.721405  110.935310  101.596252  90.578278  79.339844  67.997345  57.110779  47.144329 
 40.898121  50.799377  61.151405  71.258751  81.412033  90.989059  99.352814  105.315628  107.585785  106.207184  101.172188  93.415314  83.920311  73.859062  63.402496  53.248909  44.523701 
 38.282604  46.278439  55.603439  64.932968  73.767342  81.824844  88.713753  93.455627  95.286560  94.039688  90.002968  83.677811  75.903122  67.041565  57.384377  48.558746  42.078335 
 36.667656  41.633282  49.031563  57.400467  65.158440  71.993904  77.567657  81.276566  82.673279  81.682968  78.436096  73.246407  66.666718  58.757187  50.313438  43.676407  40.314114 
 34.958904  38.672653  43.200314  50.092758  56.964684  62.970367  67.724113  70.877815  71.788910  71.209846  68.619225  64.177444  58.103600  50.835106  43.914268  40.888699  38.677868 
 } 


 White Balance Data with optical Center Data
 r_center_x =  631 r_center_y =  513 
 gr_center_x =  652 gr_center_y =  504 
 b_center_x =  652 b_center_y =  487 
 gb_center_x =  659 gb_center_y =  510 
 r/gr 0.586653 
 b/gr 0.681303 
 gb/gr 1.005545 
 r_oc_ave 109.555557 
 b_oc_ave 127.231110 
 gr_oc_ave 186.746674 
 gb_oc_ave 187.782227 

 [AWB]
 RGr =  0.586653 
 BGr =  0.681303 
 GbGr =  1.005545 
 r_oc_ave =  109.555557 
 b_oc_ave =  127.231110 
 gr_oc_ave =  186.746674 
 gb_oc_ave =  187.782227 