 LEFT LENS SHADING DATA
 RED Channel
 {
 24.455830  26.672085  29.500729  34.736092  40.611092  45.920368  50.204117  52.964066  53.928123  52.896248  50.292450  46.072971  40.717190  34.967293  29.763805  26.796356  24.931355 
 25.768330  28.922501  34.619064  41.805470  48.877968  55.121407  60.277657  63.716560  64.896873  63.644997  60.433907  55.283592  48.957184  42.009377  34.853592  29.178436  26.089687 
 26.752968  32.487343  40.331875  48.836403  57.054688  64.548126  70.884064  75.280785  76.838905  75.330780  71.109840  64.864685  57.285469  49.305779  40.743908  32.875626  27.233540 
 28.691612  36.560158  45.746094  55.210159  64.652969  73.537811  81.406715  87.003441  89.226250  87.113281  81.754845  73.946877  64.922653  55.753281  46.178593  36.961407  29.192032 
 30.773178  39.996719  50.003754  60.405624  71.037346  81.327972  90.770309  97.270935  99.850311  97.625938  91.237343  82.024063  71.427811  61.032501  50.512497  40.401562  31.353226 
 32.298386  42.216095  52.752502  63.862656  75.584061  87.154373  97.516090  104.462029  107.191559  104.925003  98.269844  87.992966  76.191719  64.763283  53.540154  42.995312  32.862816 
 32.935417  43.122501  53.968597  65.654373  77.590935  89.777031  100.247810  107.421097  110.097809  107.895935  101.609375  91.033592  78.855934  66.854843  55.219841  43.930626  33.601460 
 32.436195  42.513905  53.209061  64.445160  76.170471  87.779373  98.282028  105.585472  108.156715  105.809219  99.770157  89.473907  77.041565  65.431877  54.176247  43.336720  33.237343 
 31.050003  40.416248  50.639687  61.081718  71.886719  82.404846  92.210312  99.080002  101.664375  99.456253  93.110939  83.661873  72.883751  62.210472  51.604530  41.292656  31.795368 
 28.802551  37.103592  46.439220  56.014687  65.550316  74.698280  82.890472  88.839378  91.125626  89.262970  83.771248  75.761406  66.480621  56.981094  47.330154  37.830467  29.674843 
 26.989269  33.274689  41.263283  49.916878  58.235153  65.933128  72.683746  77.409843  79.221878  77.758751  73.359840  66.822342  59.018593  50.800156  42.063595  33.769688  27.488022 
 25.978596  29.505470  35.574062  43.053593  50.315628  56.763908  62.160309  65.865311  67.134064  66.046562  62.580467  57.293594  50.816872  43.572342  36.014374  29.868595  26.139637 
 24.448177  26.681511  30.001144  35.665054  41.659790  47.125774  51.501984  54.319481  55.396568  54.722809  52.066513  47.712551  42.250210  36.026302  30.150208  26.878387  24.352970 
 } 
 GR Channel
 {
 50.087814  55.163223  60.425476  69.340523  78.703491  87.163231  93.836037  98.021042  99.504951  97.812859  93.824844  87.281975  78.825424  69.397812  60.729057  55.691406  51.286827 
 53.448227  59.496559  69.173592  80.975937  92.353279  102.275314  110.175629  115.341873  117.078903  115.083908  110.207970  102.367813  92.254997  81.117813  69.520309  59.837029  54.401825 
 55.612549  65.651093  78.682503  92.450470  105.631874  117.425781  127.164841  133.572037  135.827026  133.523911  127.156723  117.397339  105.600624  92.837654  79.207657  66.183441  56.590096 
 58.796509  72.412971  87.344688  102.587814  117.452347  131.585632  143.662338  151.777969  154.857651  151.767181  143.875778  131.761566  117.576096  103.129845  87.834373  72.888435  59.837189 
 62.485886  77.923592  94.055779  110.488594  127.302032  143.722183  158.172180  167.602341  171.374069  167.951874  158.552658  144.286880  127.862030  111.384689  94.843597  78.544533  63.437241 
 65.231979  81.715309  98.552185  115.928757  134.404373  152.487503  168.273911  178.482346  182.201248  178.810150  168.924683  153.090469  134.929535  117.135162  99.641403  82.659691  66.179688 
 66.298645  83.195313  100.439529  118.623749  137.117340  156.137024  172.127808  182.433289  186.365311  183.180313  173.775620  157.894226  139.148911  120.618912  102.273750  84.369843  67.437553 
 65.615570  82.144531  99.184372  116.731094  134.908432  153.234375  169.317505  179.832809  183.426880  179.979843  171.065933  155.477188  136.238586  118.039536  100.402344  83.189377  66.726456 
 63.111351  78.814690  95.112030  111.474998  128.511871  145.001404  159.976563  170.210938  173.786255  170.359528  160.934692  146.475784  129.618912  112.945007  96.199066  79.835938  64.393852 
 59.385567  73.425781  88.515472  103.592033  118.624847  132.999847  145.502350  154.305786  157.748749  154.858124  146.644226  134.275620  119.837036  104.730782  89.531563  74.255623  60.568954 
 56.188278  67.216408  80.382965  94.030785  107.213593  119.175781  129.424225  136.555161  139.212036  136.851257  130.042343  120.090149  107.932655  94.945465  81.059532  67.606094  56.722130 
 54.136818  60.863281  71.028282  82.880310  94.448280  104.444687  112.621094  118.088287  119.900314  118.277039  113.033752  104.964691  94.921097  83.321716  71.120781  60.901718  54.251091 
 50.935577  55.557655  61.213493  70.349480  80.283066  88.732185  95.382965  99.539734  101.053642  99.835991  95.749580  89.340935  80.917961  70.792763  61.055161  55.489845  50.735268 
 } 
 GB Channel
 {
 50.819534  55.730782  60.850105  69.825203  79.321922  87.789268  94.649536  98.838699  100.358025  98.559273  94.588593  87.873962  79.183388  69.550255  60.941254  55.776825  51.497658 
 53.989532  59.898903  69.574684  81.488129  92.904221  102.839691  110.722656  116.173904  117.969681  116.015930  110.926720  102.913124  92.558594  81.335472  69.503754  59.824532  54.367653 
 55.743019  65.892189  79.101563  92.968285  106.139847  118.000931  127.756088  134.254211  136.626404  134.319214  127.772339  117.989838  105.816719  93.067970  79.180779  65.940002  56.388336 
 58.983124  72.574371  87.622971  103.059372  118.095001  132.148438  144.191101  152.555786  155.869843  152.673599  144.542191  132.297348  117.899994  103.231407  87.769997  72.514687  59.535522 
 62.338913  77.934532  94.216873  110.931404  127.832336  144.040161  158.583130  168.191254  172.065002  168.540787  159.010315  144.611725  128.008743  111.293282  94.462341  77.925468  62.668594 
 64.763489  81.462029  98.300316  116.028442  134.410934  152.425629  168.047348  178.374222  182.332336  178.945007  168.986557  153.062027  134.665466  116.777039  99.030785  81.796097  65.305046 
 65.697861  82.716408  100.111877  118.440781  136.979538  155.720001  171.463593  181.885788  186.047501  182.755310  173.410934  157.408127  138.637970  119.965775  101.452660  83.314690  66.380936 
 64.814743  81.628281  98.709686  116.276566  134.299057  152.383591  168.305939  178.946411  182.724213  179.399689  170.359070  154.780945  135.573593  117.321716  99.536720  82.123123  65.678543 
 62.334694  78.229691  94.567345  110.961716  127.745621  144.132660  158.698593  168.994537  172.786560  169.474380  160.120468  145.636246  128.849213  112.125305  95.378906  78.806564  63.336983 
 58.710785  72.878906  87.994843  102.982971  117.853439  131.838745  144.138901  153.017807  156.422028  153.711868  145.471405  133.313751  118.924225  103.911873  88.647186  73.245155  59.640366 
 55.804733  66.638283  79.724220  93.353905  106.287971  117.946564  128.117188  135.170471  137.865463  135.573593  128.996872  119.121094  107.061249  94.130310  80.228905  66.747032  56.056824 
 53.841148  60.364059  70.389221  82.230782  93.481873  103.373749  111.472809  117.014999  118.922501  117.292343  111.908752  103.992966  93.961563  82.535782  70.342972  60.254997  53.516663 
 50.876144  55.247398  60.838593  69.884323  79.511871  88.041664  94.486145  98.742081  100.452499  99.109634  95.300415  88.651512  80.017815  70.038902  60.445671  54.784592  50.355003 
 } 
 B Channel
 {
 34.061043  38.027294  42.217499  48.946243  56.028755  62.175102  66.920517  69.536041  70.525734  69.497704  66.759270  62.206146  56.116562  49.233070  42.593647  38.743336  36.344582 
 36.087708  40.596874  47.669998  56.272499  64.357498  71.117188  76.355934  79.901878  80.990311  79.814377  76.748436  71.382813  64.451561  56.633278  48.209061  41.258751  38.026249 
 37.677288  44.993126  54.509216  64.317184  73.347191  81.157814  87.631874  91.896873  93.409218  91.999687  88.045471  81.737968  73.755157  64.990471  55.320625  45.948906  39.792030 
 40.174324  49.810783  60.612816  71.215157  81.196251  90.564690  98.560158  104.057503  106.119843  104.169685  98.992188  91.185623  81.956879  72.139061  61.463440  50.844376  42.248123 
 42.653019  53.584686  65.168121  76.503128  87.600624  98.326248  108.037811  114.450623  116.763901  114.663437  108.595467  99.390778  88.603439  77.652496  66.154999  54.663910  44.789948 
 44.431145  56.221565  68.005936  79.787346  91.727341  103.786247  114.314850  121.147034  123.609680  121.538284  115.325623  104.975159  93.094063  81.206718  69.310623  57.430000  46.723751 
 45.140518  57.164688  69.089996  81.186096  93.351250  105.933907  116.670944  123.352966  126.033905  124.007813  118.346558  107.672501  95.524841  83.358749  70.860153  58.538437  47.590939 
 44.672550  56.558594  68.233749  79.922813  91.927658  103.925468  114.404999  121.385315  123.900940  122.101410  116.657501  106.597504  93.886253  81.839218  69.671722  57.760780  47.083912 
 43.201668  54.212502  65.452660  76.634689  87.752968  98.549377  108.167656  114.795944  117.391403  115.794693  109.954376  100.643906  89.614372  78.465935  66.979378  55.509529  45.433907 
 40.591511  50.475471  61.037346  71.375465  81.176872  90.330002  98.451248  104.213905  106.653748  105.349686  100.399376  92.608437  83.083748  73.010155  62.458282  51.685158  42.624531 
 38.369114  45.967655  55.397659  64.829376  73.506561  81.232971  87.911720  92.519218  94.545158  93.388283  89.444221  83.096405  75.060471  66.285469  56.441254  46.815155  39.904114 
 36.541248  41.356251  48.638908  56.971405  64.775154  71.431252  76.912033  80.616562  82.066872  81.227028  78.062347  72.933594  66.130936  58.125153  49.342033  41.834999  37.622082 
 34.069584  37.562500  41.686195  48.152031  55.027870  61.018745  65.635574  68.630318  69.734375  69.184326  66.552132  62.192970  56.319267  49.203278  41.984737  37.707500  34.727501 
 } 


 White Balance Data with optical Center Data
 r_center_x =  639 r_center_y =  511 
 gr_center_x =  664 gr_center_y =  475 
 b_center_x =  628 b_center_y =  477 
 gb_center_x =  645 gb_center_y =  492 
 r/gr 0.590416 
 b/gr 0.675339 
 gb/gr 0.998716 
 r_oc_ave 110.342224 
 b_oc_ave 126.213333 
 gr_oc_ave 186.888885 
 gb_oc_ave 186.648895 

 [AWB]
 RGr =  0.590416 
 BGr =  0.675339 
 GbGr =  0.998716 
 r_oc_ave =  110.342224 
 b_oc_ave =  126.213333 
 gr_oc_ave =  186.888885 
 gb_oc_ave =  186.648895 