 LEFT LENS SHADING DATA
 RED Channel
 {
 23.917191  26.152184  30.001770  35.619587  41.421040  46.365726  50.112556  52.379791  52.911453  51.782501  49.096039  44.994373  39.906357  34.279270  28.932758  25.755886  23.945469 
 25.543018  29.535938  35.754688  42.928749  49.703125  55.519066  60.166092  63.048126  63.883125  62.279999  58.863129  53.876877  47.770939  41.144688  34.215469  28.451096  25.152134 
 27.348595  33.924217  42.031406  50.155785  57.994690  64.974846  70.831566  74.671562  75.723907  73.721565  69.236092  62.974846  55.633278  48.047188  39.981094  32.303593  26.503387 
 30.071720  38.554844  47.661251  56.800629  65.845627  74.277969  81.599533  86.586563  88.048126  85.334999  79.664215  71.845779  63.091408  54.256409  45.246250  36.398281  28.776405 
 32.723644  42.119064  52.036247  62.287346  72.590469  82.523750  91.496246  97.256409  98.951248  95.916092  89.178123  79.849220  69.402496  59.429840  49.474533  39.804688  30.983440 
 34.559483  44.686562  55.208282  66.211403  77.537971  88.773438  98.530937  104.775314  106.484062  103.487503  96.319061  85.889221  74.150002  63.173752  52.468124  42.360001  32.787918 
 35.567238  46.015781  56.966408  68.444847  80.125313  91.930153  101.855316  108.179062  109.934372  106.900627  99.947655  89.059998  76.969688  65.422340  54.143440  43.415783  33.478073 
 35.193436  45.602188  56.349060  67.486404  78.965469  90.498436  100.317810  106.732185  108.383904  105.327034  98.518753  87.807030  75.502815  64.175781  53.255310  42.838123  33.193123 
 33.881767  43.707188  53.963753  64.378128  75.090782  85.392815  94.540001  100.527496  102.229218  99.329216  92.353279  82.660156  71.770935  61.461090  51.001091  41.070469  31.938591 
 31.707447  40.472656  49.908440  59.438904  68.904999  77.722191  85.435623  90.689217  92.188126  89.772034  83.868752  75.505310  66.248283  56.723747  47.167656  37.947968  29.989426 
 29.743488  36.465782  44.825626  53.427811  61.793907  69.236717  75.589218  79.625313  80.972656  78.873123  73.956406  67.158592  59.352654  51.014847  42.323280  34.266251  28.335419 
 28.654636  32.554844  38.993595  46.435158  53.827347  60.091873  65.204376  68.366249  69.214691  67.705315  63.839218  58.308281  51.535004  44.241875  36.735939  30.774689  27.318436 
 27.149220  29.609222  33.022552  38.909534  45.115467  50.380211  54.419373  57.157913  57.791351  56.638229  53.594841  48.970154  43.120419  36.780628  31.222187  28.298435  25.604267 
 } 
 GR Channel
 {
 49.073647  53.763229  60.082657  69.243645  78.601143  86.634796  92.708488  96.368599  97.453804  95.784477  91.942451  85.714790  77.603653  68.452553  59.411407  54.165421  50.502922 
 52.176559  59.584061  69.808281  81.300316  92.194061  101.446877  108.689529  113.407974  114.944839  112.867813  107.841408  100.371872  90.796562  80.057343  68.708282  58.881248  53.021255 
 55.483131  66.878128  79.726875  92.689842  105.186409  116.298599  125.566254  131.763443  133.656403  131.039215  124.722031  115.210007  103.638435  91.497032  78.408279  65.502968  55.552345 
 60.075363  74.138908  88.502029  102.854691  117.043900  130.639221  142.453125  150.407349  153.141403  149.564682  141.529221  129.475632  115.600464  101.584534  86.995155  72.418434  59.288025 
 64.285629  79.845627  95.437500  111.026718  127.204849  143.126877  157.576248  166.918747  169.892502  165.952820  156.366714  142.136246  125.756714  109.762032  93.921410  78.162971  63.155678 
 67.502342  83.920471  100.267189  117.093903  134.526245  152.455627  168.131256  178.231720  181.368439  177.486557  167.395630  151.501099  133.181564  115.811722  98.842033  82.326721  66.174011 
 68.900360  85.605156  102.680153  120.201569  138.259689  156.949371  172.917664  183.024689  186.180618  182.334686  172.627502  156.364685  137.663757  119.544067  101.630157  84.033592  67.492142 
 68.327553  84.957344  101.620316  118.675003  136.621719  155.000473  170.784058  180.825150  183.657501  179.847183  170.458282  154.511719  135.167038  117.304840  99.852501  82.916878  66.791878 
 66.048180  81.954216  98.002190  114.186874  130.853745  147.397034  162.067657  171.773132  174.641724  170.556412  160.798431  146.184845  129.220001  112.697968  96.068748  79.795158  64.646606 
 62.286407  76.983284  91.991249  106.745468  121.478745  135.493591  147.770309  156.224213  159.116714  156.043121  147.558746  134.983902  120.305161  105.292656  89.949844  74.767967  61.364426 
 59.036194  70.541405  83.970940  97.680313  110.593437  122.312027  132.207962  138.818130  141.027649  138.433594  131.663284  121.452347  109.308746  96.124847  82.010468  68.646721  58.360260 
 56.717499  64.042503  74.490784  86.512497  97.982346  107.887810  115.785782  120.983124  122.653900  120.555786  115.012024  106.821091  96.397812  84.721252  72.427658  62.436096  56.348808 
 53.083336  58.441246  64.405983  73.915001  83.948799  92.234482  98.904320  103.035622  104.146614  102.601402  98.332664  91.556717  82.445724  72.152496  62.837868  57.892967  52.957130 
 } 
 GB Channel
 {
 50.160881  54.750473  61.124893  70.437599  79.997971  88.159218  94.155884  97.914063  98.906982  96.991821  92.841980  86.499168  78.252754  68.852859  59.766670  54.243752  50.870415 
 52.967552  60.347343  70.874062  82.580940  93.669846  102.894844  110.152344  114.937805  116.352814  114.014526  108.905312  101.163750  91.264221  80.463905  68.766251  58.856247  53.025414 
 56.051140  67.650314  80.805313  94.037186  106.577499  117.697662  126.985931  133.167664  134.987183  132.048599  125.491089  115.841400  104.059059  91.782028  78.342812  65.288597  55.153801 
 60.289948  74.873909  89.579063  104.179375  118.533432  132.096252  143.720932  151.770462  154.328430  150.592499  142.132660  130.019379  116.002808  101.638596  86.891090  71.952660  58.714531 
 64.405060  80.331093  96.372498  112.238129  128.492493  144.378281  158.618744  167.870468  170.867493  166.758743  156.836868  142.282349  125.741714  109.581093  93.481873  77.457970  62.336090 
 67.389435  84.095467  100.931404  117.879059  135.455475  153.159225  168.436249  178.490311  181.593750  177.543121  167.126556  151.175156  132.744064  115.265625  98.073593  81.364845  65.043381 
 68.755417  85.771248  103.059372  120.846252  138.840622  157.189377  172.759537  182.616257  185.719528  181.784531  172.023438  155.635620  136.851868  118.623596  100.586876  82.851715  66.183594 
 67.867027  84.978905  101.799377  119.124695  136.890152  154.796570  170.202972  180.135941  182.910629  178.883438  169.260315  153.409683  134.121399  116.245789  98.733437  81.654686  65.522606 
 65.492241  81.767029  98.031403  114.251404  130.753433  146.830002  161.234222  170.616882  173.490784  169.335159  159.365936  144.728287  127.783127  111.432030  94.838440  78.495155  63.391205 
 61.950935  76.712189  91.807030  106.508438  121.105164  134.714996  146.612976  154.848907  157.559219  154.263123  145.723755  133.233276  118.666245  103.840469  88.577812  73.405785  60.239738 
 58.791924  70.242966  83.606094  97.156403  109.790314  121.232025  130.944214  137.196091  139.388748  136.629532  129.774216  119.676086  107.713127  94.714531  80.703751  67.440941  57.396774 
 56.527084  63.650002  74.006721  85.943123  97.110153  106.751404  114.471100  119.553436  120.955307  118.833588  113.342651  105.145309  94.889221  83.359062  71.223434  61.383438  55.246353 
 53.045837  58.083328  63.999428  73.391037  83.202034  91.358704  97.834221  101.759270  103.040321  101.463387  96.932457  90.034477  80.981506  70.892815  61.772606  56.675522  52.034683 
 } 
 B Channel
 {
 34.140259  37.647762  42.772449  49.698807  56.603020  62.412346  66.478539  68.932030  69.582916  68.496971  65.688438  61.345367  55.636765  48.874947  42.340992  38.295208  36.379375 
 35.912762  41.186718  48.870155  57.288597  64.912186  71.246719  76.116875  79.233910  80.055000  78.651566  75.409691  70.308907  63.669685  56.195160  48.075783  41.004375  37.609375 
 38.214897  46.449062  56.013283  65.260002  73.830002  81.258591  87.361404  91.275467  92.460785  90.635002  86.482971  80.197655  72.511871  64.200470  54.992188  45.807186  39.552605 
 41.406094  51.510468  62.030937  72.102028  81.781250  90.684532  98.535934  103.533905  105.184059  102.821404  97.468437  89.594841  80.492813  71.022812  60.885628  50.634529  42.225155 
 44.341042  55.351875  66.504532  77.475159  88.274841  98.879684  108.275627  114.172028  116.020157  113.392029  107.184059  97.803284  87.090469  76.419373  65.458595  54.509842  44.897552 
 46.375050  58.016090  69.487816  80.984062  92.779221  104.702972  114.883286  121.041092  122.887817  120.383743  113.858597  103.606407  91.630157  80.101715  68.593285  57.228279  46.928078 
 47.483746  59.198753  71.024689  82.744530  94.798439  107.207497  117.453125  123.714066  125.618744  123.204056  116.995789  106.399376  94.131248  82.338905  70.389221  58.366875  47.623539 
 47.072601  58.739685  70.224533  81.723434  93.562500  105.352188  115.647812  122.086090  123.960159  121.750626  115.806717  105.580315  92.870155  81.007813  69.190315  57.530159  47.392025 
 45.628750  56.707497  67.824844  78.773903  89.654221  100.274376  109.587189  115.753433  117.848587  115.629379  109.443596  100.057190  88.992188  78.007347  66.749687  55.483749  45.842922 
 43.022186  53.067184  63.497971  73.561409  83.246094  92.167503  100.116249  105.647186  107.416405  105.677345  100.480003  92.451874  83.010468  73.187035  62.489532  51.891563  43.388645 
 40.708179  48.550468  57.993126  67.156250  75.884529  83.439690  89.943123  94.304688  95.746407  94.146248  89.925316  83.381248  75.471718  66.545311  56.799377  47.435158  40.924950 
 38.903336  43.840000  51.172028  59.383278  67.304062  73.837189  79.175316  82.642967  83.762497  82.493752  79.042343  73.682190  66.640625  58.627190  50.046875  42.986404  39.137035 
 36.244999  39.825417  43.890991  50.456825  57.510727  63.482605  67.994896  70.715683  71.607498  70.601242  67.734215  63.123436  57.036461  49.695518  43.183125  39.415783  36.482864 
 } 


 White Balance Data with optical Center Data
 r_center_x =  653 r_center_y =  504 
 gr_center_x =  668 gr_center_y =  504 
 b_center_x =  646 b_center_y =  510 
 gb_center_x =  643 gb_center_y =  519 
 r/gr 0.591561 
 b/gr 0.674290 
 gb/gr 0.997504 
 r_oc_ave 110.595558 
 b_oc_ave 126.062225 
 gr_oc_ave 186.955551 
 gb_oc_ave 186.488892 

 [AWB]
 RGr =  0.591561 
 BGr =  0.674290 
 GbGr =  0.997504 
 r_oc_ave =  110.595558 
 b_oc_ave =  126.062225 
 gr_oc_ave =  186.955551 
 gb_oc_ave =  186.488892 