 LEFT LENS SHADING DATA
 RED Channel
 {
 23.518230  25.905731  29.086510  34.503178  40.494583  45.495361  49.378387  51.780205  52.223953  50.937401  48.336929  43.991718  38.741199  33.002186  27.867290  24.832966  23.281300 
 25.380726  29.195313  35.320469  42.556717  49.294998  55.226410  60.119843  63.206879  63.979378  62.262810  58.800468  53.504845  47.182655  40.397186  33.415627  27.683594  24.933804 
 26.976460  33.399376  41.569530  50.040939  57.876717  65.138596  71.153748  75.147659  76.233284  74.203903  69.641716  62.994217  55.379059  47.417969  39.185158  31.533905  26.279530 
 29.351978  37.860313  47.227657  56.767502  65.971092  74.695778  82.245316  87.332031  88.798752  86.202812  80.460938  72.170158  62.980621  53.826096  44.523438  35.619843  28.429218 
 31.915367  41.432655  51.803909  62.452972  72.971878  83.297501  92.437500  98.274216  99.910782  96.930313  90.162033  80.449532  69.533592  59.248123  48.876251  39.122189  30.655518 
 33.893749  44.052502  54.892967  66.214531  78.016403  89.662498  99.696564  106.055779  107.818909  104.658905  97.375778  86.543594  74.496559  62.938904  51.989220  41.696564  32.423229 
 34.832031  45.235157  56.362656  68.244530  80.219215  92.536720  102.890312  109.259842  111.186722  108.084846  101.009689  89.818436  77.262344  65.224220  53.602188  42.699062  33.282814 
 34.503387  44.852345  55.640312  67.160156  79.014847  90.945465  101.165627  107.628906  109.439842  106.279686  99.431564  88.572502  75.759377  63.912498  52.709221  42.264687  32.953854 
 32.979168  42.718750  53.111877  63.810623  74.812653  85.617813  95.083435  101.383591  103.022972  100.061096  93.088905  83.088753  71.857498  61.045158  50.388283  40.380470  31.649845 
 30.553230  39.251564  48.811409  58.637344  68.329216  77.570465  85.509064  90.973595  92.494843  89.981873  84.032188  75.474686  65.785156  56.098595  46.417343  37.162655  29.636196 
 28.491924  35.221718  43.572655  52.434845  60.864372  68.540627  75.042816  79.199844  80.462814  78.496719  73.516876  66.602341  58.529686  50.029999  41.284843  33.290314  27.704895 
 27.319427  31.265469  37.734062  45.423439  52.650314  59.162498  64.337189  67.588905  68.499062  66.894844  63.097343  57.470314  50.715622  43.301876  35.708282  29.756092  26.825050 
 25.962341  28.721508  32.403648  38.344273  44.641560  49.913330  54.244690  56.886612  57.699066  56.425476  53.495049  48.738647  42.951046  36.523956  30.614742  27.840885  26.089634 
 } 
 GR Channel
 {
 48.950623  53.775208  59.180519  68.046303  77.361298  85.221146  91.445625  95.298180  96.172142  94.091866  90.174896  83.921356  75.835838  66.539482  58.034798  52.972443  49.904114 
 52.919792  59.678123  69.672188  81.089844  91.781097  101.112816  108.488129  113.319214  114.933594  112.523132  107.487816  99.642189  89.839996  79.102814  67.751877  58.287659  53.087440 
 55.840004  66.582497  79.651405  93.025940  105.317810  116.433289  125.658127  131.914688  133.893906  131.067810  124.600006  114.641556  102.831566  90.319687  77.186409  64.630783  55.646408 
 59.835258  73.712967  88.525780  103.251091  117.515472  131.117661  142.704224  150.680786  153.350632  149.806717  141.433594  129.124847  114.926407  100.506874  85.717812  71.262032  58.949738 
 64.030312  79.461563  95.492340  111.647034  127.894531  143.816101  158.106720  167.235474  170.197037  166.248596  156.449692  141.781097  125.020782  108.834999  92.600159  76.970001  62.692085 
 67.248070  83.659531  100.245781  117.368591  135.385315  153.517975  168.929688  178.834061  181.710312  177.766724  167.404694  151.179535  132.525314  114.727814  97.544846  81.078438  65.868851 
 68.536148  85.427811  102.470001  120.296570  138.688278  157.785309  173.634689  183.568130  186.630310  182.527649  172.904846  156.270462  137.063751  118.427505  100.252342  82.791405  66.987869 
 67.965050  84.621094  101.261093  118.650314  136.596100  155.019379  171.027969  181.268280  184.068909  180.029068  170.352493  154.160629  134.623276  116.369064  98.565468  81.830002  66.554161 
 65.555939  81.305939  97.345001  113.599838  130.457657  147.046875  161.757339  171.649536  174.578125  170.478287  160.513443  145.378128  128.250626  111.580154  94.889374  78.676720  64.336090 
 61.679993  75.788750  90.846565  105.735626  120.542191  134.703903  147.169067  155.665314  158.364838  155.033127  146.297348  133.476089  118.574524  103.655785  88.359375  73.337967  60.764015 
 58.030731  69.316559  82.719688  96.337502  109.283752  121.016251  131.089844  137.657806  139.908905  137.100006  129.842026  119.494690  107.168282  93.975159  80.112343  66.970779  57.594322 
 55.712807  63.002815  73.568436  85.611404  96.842033  106.568909  114.557968  119.851089  121.434067  119.217026  113.749222  105.187187  94.803123  83.282188  71.015472  61.288437  56.096359 
 52.707397  58.251144  64.643852  74.345779  84.008484  92.139526  98.938179  103.212135  104.495316  102.910576  98.453178  91.409691  82.460205  72.135101  62.819427  57.756355  54.217186 
 } 
 GB Channel
 {
 49.942451  54.515785  59.956459  68.956093  78.639694  86.703018  93.114273  96.845055  97.760521  95.575005  91.484787  84.969528  76.376144  67.129539  58.329590  53.154732  50.108910 
 53.512863  60.435158  70.480621  82.256721  93.188438  102.595940  110.098434  115.038589  116.438431  113.904999  108.689377  100.495155  90.550316  79.532654  67.963753  58.398285  53.170990 
 56.385994  67.224533  80.548592  94.231247  106.698906  117.959534  127.287186  133.574371  135.483124  132.512497  125.651245  115.563431  103.480316  90.671562  77.230003  64.566559  55.499062 
 60.000519  74.303436  89.548126  104.612503  119.047806  132.564529  144.232025  152.335007  154.891251  151.071869  142.418900  129.925476  115.428589  100.635941  85.588440  70.918907  58.640778 
 63.973900  79.880783  96.329689  112.831726  129.181412  145.212494  159.387650  168.550629  171.519836  167.289993  157.068130  142.259064  125.368744  108.759377  92.373123  76.497345  62.020882 
 66.929527  83.766403  100.789841  118.127182  136.324371  154.350159  169.678909  179.540619  182.335159  178.184525  167.556870  151.208130  132.381882  114.314224  96.807503  80.374687  65.029266 
 68.223801  85.439842  102.763123  120.801880  139.232819  158.044525  173.789841  183.669220  186.752029  182.450943  172.463120  155.736252  136.509995  117.674057  99.382034  81.850311  66.066139 
 67.466507  84.475471  101.393753  118.764526  136.888901  155.149994  170.959061  181.046875  183.910004  179.472504  169.723755  153.478287  133.928436  115.433594  97.625313  80.752342  65.486717 
 65.059685  81.007187  97.340935  113.560944  130.348907  146.836716  161.460785  171.198593  173.976868  169.737183  159.641724  144.447815  127.335007  110.616409  93.822502  77.677658  63.241615 
 61.224319  75.500778  90.646248  105.627342  120.379379  134.359375  146.614685  154.921722  157.625473  154.053909  145.313126  132.372650  117.611877  102.710472  87.407341  72.357346  59.983803 
 57.754112  69.072655  82.532501  96.153282  108.934845  120.510468  130.361557  136.907501  138.958755  136.039215  128.758911  118.392654  106.120941  93.024063  79.138596  66.068436  56.855942 
 55.545624  62.731873  73.227028  85.419373  96.437500  106.166878  113.955154  119.134689  120.611404  118.233902  112.654999  104.136253  93.856873  82.389687  70.268593  60.562187  55.386353 
 52.924377  58.118126  64.635994  74.083130  83.690002  91.694794  98.474113  102.542191  103.786613  102.042030  97.541252  90.485001  81.722710  71.473022  62.087967  57.110519  53.682602 
 } 
 B Channel
 {
 34.309582  37.848751  42.063854  48.782547  55.797607  61.534843  65.708015  68.150887  68.918701  67.550049  64.756203  60.206192  54.230415  47.524067  41.107449  37.352291  35.589790 
 37.135830  42.053749  49.513435  58.208595  66.082184  72.679222  77.802185  80.981094  81.775154  80.284843  76.897659  71.435158  64.422501  56.560310  48.215157  41.395626  38.000626 
 39.334118  47.033905  56.828125  66.546562  75.417030  83.295624  89.546722  93.631096  94.812500  92.801559  88.638435  81.943909  73.681717  64.818123  55.237503  46.298904  39.930363 
 42.063541  52.239372  63.209846  73.869217  83.896721  93.147034  101.108124  106.504684  108.048439  105.626877  100.167969  91.810158  82.006409  71.973282  61.420784  51.288750  42.790836 
 44.880783  56.236404  67.960938  79.543747  90.785156  101.618752  111.285469  117.490158  119.373749  116.669220  110.105469  100.300468  88.999222  77.598595  66.200935  55.337029  45.610577 
 46.819477  58.880310  71.007813  83.142815  95.433907  107.623123  118.139221  124.656250  126.620316  124.014374  117.102966  106.206718  93.706406  81.408752  69.437187  58.297966  47.693596 
 47.690987  59.855782  72.197968  84.697189  97.285469  110.194687  120.889374  127.456558  129.466248  126.775787  120.275787  108.954842  96.074219  83.634529  71.114845  59.329216  48.471924 
 47.352184  59.277191  71.341248  83.568283  95.991875  108.416092  119.181870  125.827026  127.738907  124.949219  118.532028  107.806564  94.546249  82.065155  69.936722  58.664063  48.059898 
 45.547871  56.995155  68.584373  80.232811  91.893593  103.158752  113.016556  119.462967  121.327652  118.713120  112.049683  101.879845  90.421562  78.879532  67.408279  56.375626  46.513962 
 42.809792  53.118126  64.082497  74.768753  85.112656  94.744843  102.970779  108.622658  110.369064  108.184059  102.494217  93.907341  83.857346  73.512184  62.752968  52.469528  43.887241 
 40.353748  48.668747  58.472343  68.425934  77.608437  85.760315  92.354378  96.641563  98.019066  96.247185  91.559532  84.664841  76.205154  66.960938  56.908905  47.894531  41.403904 
 38.938019  44.368439  52.292030  61.365784  69.581879  76.660469  82.119217  85.490158  86.493439  85.131561  81.410004  75.709221  68.383125  59.866096  50.834534  44.016876  40.670208 
 37.206356  41.184269  46.232658  53.543488  60.981041  67.108170  72.012764  74.944115  75.788025  74.809059  71.726662  66.747765  60.296036  52.435883  45.190155  41.817707  39.474377 
 } 


 White Balance Data with optical Center Data
 r_center_x =  626 r_center_y =  482 
 gr_center_x =  666 gr_center_y =  505 
 b_center_x =  634 b_center_y =  492 
 gb_center_x =  610 gb_center_y =  490 
 r/gr 0.595571 
 b/gr 0.694347 
 gb/gr 1.000308 
 r_oc_ave 111.533333 
 b_oc_ave 130.031113 
 gr_oc_ave 187.271118 
 gb_oc_ave 187.328888 

 [AWB]
 RGr =  0.595571 
 BGr =  0.694347 
 GbGr =  1.000308 
 r_oc_ave =  111.533333 
 b_oc_ave =  130.031113 
 gr_oc_ave =  187.271118 
 gb_oc_ave =  187.328888 