 LEFT LENS SHADING DATA
 RED Channel
 {
 25.624115  27.901615  30.782085  36.228436  42.280468  47.534843  51.508598  54.145050  54.970886  53.938179  51.140732  47.055889  41.499012  35.585365  29.910103  26.320572  23.807236 
 27.843700  30.770157  36.423752  43.904686  51.124847  57.304222  62.324219  65.598595  66.911095  65.384216  61.960312  56.687347  50.317970  43.372658  35.999687  29.665783  25.806820 
 29.226147  34.497814  42.447811  51.188751  59.481407  66.845627  73.003906  77.387657  78.897346  77.195313  72.630623  66.143906  58.527344  50.567345  42.021095  33.873905  27.552448 
 31.259430  38.741718  47.973751  57.655785  67.053123  75.815468  83.584373  89.253281  91.267189  89.055000  83.275314  75.169533  66.080154  56.879997  47.484375  38.219688  30.031353 
 33.200836  42.326248  52.415939  62.844688  73.423279  83.836563  93.246246  99.613907  101.990784  99.464996  92.729691  83.150314  72.401718  62.030159  51.728439  41.780155  32.465366 
 34.785679  44.711720  55.375153  66.447815  77.981247  89.655159  99.872810  106.750938  109.154060  106.592659  99.659843  89.023285  76.967186  65.572815  54.595627  44.182186  34.270519 
 35.345730  45.821564  56.754059  68.326874  80.102028  92.231873  102.687347  109.622658  112.065155  109.432655  102.773590  91.901718  79.524689  67.540154  56.039063  45.048126  35.036457 
 34.831512  45.152969  55.963280  67.160934  78.660309  90.262810  100.561722  107.483437  109.762810  107.081566  100.474533  90.038750  77.424690  65.789215  54.780624  44.264999  34.453751 
 33.552761  42.934219  53.387810  63.794998  74.507500  84.691719  94.032654  100.634842  102.927971  100.296722  93.582031  84.014687  73.157967  62.472656  52.040001  42.029221  32.972340 
 31.435833  39.518749  49.083122  58.729218  68.021248  76.933128  84.613907  90.167816  92.195465  89.969841  84.207497  76.002502  66.765778  57.319847  47.787811  38.512032  30.339741 
 29.836250  35.597500  43.773750  52.565155  60.889061  68.279846  74.511719  78.820938  80.350784  78.544220  73.769997  67.192657  59.430779  51.246719  42.563126  34.313908  27.644947 
 28.776352  31.964687  37.905624  45.476563  52.704689  58.940781  64.011253  67.349686  68.480934  67.019844  63.328590  57.927498  51.505157  44.347031  36.643593  30.066563  26.004478 
 26.878441  29.304272  32.212292  37.690311  43.904270  49.262657  53.373337  56.055107  56.791779  55.830475  52.975052  48.517921  43.057449  36.763905  30.514217  26.765732  24.345310 
 } 
 GR Channel
 {
 49.708702  55.329948  60.717766  69.711411  79.414482  87.765785  93.924217  97.829735  99.435829  97.886612  93.844841  87.582504  79.207130  69.903282  60.766411  54.505417  49.805832 
 54.722450  60.781403  70.299217  82.349533  93.919060  103.466408  111.136093  116.323288  118.373749  116.241409  111.334221  103.573753  93.779846  82.912659  71.049530  60.617500  53.745422 
 57.647026  67.048904  79.954063  93.826248  106.911560  118.398743  127.894684  134.587814  137.228439  134.880630  128.241257  118.715622  107.029846  94.510002  81.010002  67.776566  56.884895 
 61.143074  73.825783  88.601563  103.868126  118.630630  132.533432  144.574524  153.153595  156.266876  153.382507  145.133118  132.957962  118.866714  104.659691  89.773125  74.809685  61.233025 
 64.434586  79.317497  95.315155  111.553123  128.191879  144.556412  159.149536  168.903900  172.729370  169.600632  159.923279  145.376556  128.846100  112.658905  96.500313  80.645470  65.327759 
 66.938431  83.109688  99.792816  116.939224  134.774994  153.145782  169.100006  179.714691  183.176254  179.943756  170.130463  154.164063  135.609222  117.974686  101.094376  84.552971  68.371513 
 67.836143  84.617813  101.675156  119.600784  137.729065  156.767502  173.114059  183.507660  187.267502  183.804688  174.418121  158.532349  139.519058  121.228912  103.327660  85.940781  69.275154 
 66.888489  83.574532  100.545471  117.819061  135.685776  153.675003  169.982498  180.341095  184.050308  180.532028  171.274841  155.930618  136.473282  118.536713  101.260002  84.421410  68.359116 
 64.749374  80.064377  96.483124  112.877029  129.566254  145.719849  160.335785  170.381409  174.080002  170.689056  161.229065  146.954529  130.119370  113.458755  97.188751  81.035309  65.807396 
 61.290833  74.741249  89.994843  105.307968  119.942337  133.997650  146.016251  154.565933  157.849380  155.017975  146.827499  134.773132  120.389999  105.667656  90.532188  75.547966  61.613182 
 58.517181  68.715935  81.932655  96.003441  109.070465  120.732025  130.297028  136.932037  139.523438  137.097656  130.442032  120.673904  108.873596  95.974998  82.210159  68.651253  57.430420 
 56.228333  62.738747  72.625938  84.830780  96.350471  106.070778  113.941559  118.879684  120.912033  118.974533  113.790466  105.822189  95.882034  84.631874  72.332344  61.513748  54.261665 
 52.027924  57.834167  63.188858  72.063904  82.076920  90.543076  96.703644  100.874275  102.330574  101.215569  96.728600  90.122185  81.669327  71.595215  61.560059  55.272499  51.037918 
 } 
 GB Channel
 {
 50.434380  55.722710  60.890526  69.888336  79.699165  88.011978  94.367134  98.115990  99.740364  97.987556  93.969688  87.672752  79.384682  69.908279  60.517143  54.193024  49.574684 
 55.278534  61.024376  70.494690  82.584999  94.154999  103.657814  111.172340  116.373276  118.476410  116.391098  111.340935  103.530472  93.645935  82.652657  70.743591  60.233437  53.347603 
 57.875206  67.374374  80.248283  94.277031  107.297813  118.769836  128.084381  134.730164  137.300781  134.949692  128.349533  118.645782  106.793434  94.345467  80.597191  67.259064  56.261986 
 61.254425  74.085472  88.958595  104.285782  118.996719  132.915161  144.721100  153.368439  156.516403  153.555313  145.282806  132.897507  118.788589  104.302971  89.286247  74.179062  60.514900 
 64.444382  79.523125  95.740623  111.931091  128.457031  144.768600  159.259216  168.970001  172.960312  169.548126  159.903748  145.306564  128.539841  112.199997  95.919373  79.761406  64.293274 
 66.708900  83.207031  99.931877  117.122498  134.937805  153.089996  169.000778  179.247345  182.915161  179.690475  169.830307  153.884369  135.156097  117.467194  100.291092  83.619690  67.217186 
 67.441925  84.517967  101.643753  119.613754  137.538757  156.239059  172.479218  182.745621  186.589371  183.195313  173.870621  157.848755  138.889069  120.442337  102.439842  84.824219  68.312767 
 66.619118  83.372658  100.472191  117.761246  135.508118  153.097351  169.157028  179.536087  183.210007  179.759842  170.550003  155.122025  135.686874  117.647186  100.278595  83.302185  67.157188 
 64.453178  79.895470  96.407188  112.682968  129.222656  145.019684  159.515152  169.391556  173.177963  169.779846  160.424225  146.076248  129.199997  112.553909  96.164688  79.951096  64.535469 
 61.105164  74.447029  89.807503  104.939217  119.435623  133.122498  144.957031  153.383286  156.713287  153.890778  145.742035  133.672180  119.309998  104.571716  89.506096  74.404221  60.366928 
 58.386459  68.431877  81.595627  95.477188  108.343597  119.809998  129.237350  135.831879  138.372025  136.039993  129.267181  119.542969  107.786873  94.943909  81.266716  67.640938  56.338852 
 56.370522  62.394684  72.257187  84.346405  95.670784  105.227654  112.867493  117.941879  119.894684  117.993286  112.691711  104.762497  94.905937  83.671875  71.418434  60.604691  53.540520 
 52.453438  57.551765  62.673851  71.581612  81.313904  89.777863  96.142509  100.202286  101.608437  100.337654  95.957764  89.379997  80.838852  70.899788  60.788025  54.622185  50.524269 
 } 
 B Channel
 {
 33.940521  37.745102  41.463284  48.073174  54.995056  60.864639  65.076355  67.593178  68.428177  67.466354  64.725258  60.522339  54.696091  48.203804  41.559170  37.165939  34.443439 
 37.454269  41.648438  48.251404  56.892967  64.896095  71.608597  76.554688  79.722969  81.026718  79.538437  76.279221  71.175468  64.595467  57.028595  48.811249  41.612186  37.254272 
 39.532604  46.232189  55.307190  64.973122  73.895935  81.625938  87.790001  92.027031  93.338593  91.793747  87.557655  81.284843  73.429062  65.035622  55.731560  46.801563  39.540730 
 41.945572  51.020782  61.345940  71.734375  81.620003  90.840622  98.712654  104.106247  106.046562  104.022499  98.512184  90.493752  81.299690  71.754059  61.691093  51.770935  42.915939 
 44.278698  54.745155  65.997658  76.988434  87.782028  98.533440  108.229843  114.443130  116.780945  114.444214  108.114998  98.604843  87.725624  77.004684  66.071716  55.679375  45.745213 
 45.962082  57.298752  68.928284  80.370468  92.045624  104.015472  114.457336  121.216248  123.545471  121.105316  114.745621  104.244064  91.977654  80.329063  68.987816  58.309998  47.689587 
 46.655621  58.304375  70.186096  82.129372  93.884216  106.127342  116.844681  123.379211  125.859222  123.480164  117.290787  106.598122  94.216248  82.244377  70.461403  59.251091  48.427971 
 46.075878  57.476097  69.270622  80.839996  92.338593  103.891876  114.414215  121.307037  123.519836  121.275162  115.263443  105.111877  92.435471  80.534843  69.110779  58.225311  48.001564 
 44.514477  55.059059  66.564377  77.496246  88.325623  98.570313  108.097343  114.612656  116.914841  114.768433  108.462654  99.029846  88.084999  77.214996  66.392189  55.936409  45.988277 
 42.008488  51.208282  61.943283  72.409218  81.921875  90.785469  98.410004  103.992188  106.088440  104.252029  98.903122  90.998436  81.704689  71.878906  61.830154  51.984688  42.945107 
 39.901512  46.951717  56.247032  65.916878  74.677032  82.096718  88.232971  92.437035  94.142502  92.535156  88.237343  81.816719  74.035469  65.388435  56.057503  47.161251  39.869583 
 38.078957  42.584373  49.519379  58.084999  66.048126  72.501091  77.435310  80.718750  81.936249  80.701561  77.295784  72.048752  65.444061  57.674377  49.143280  41.951717  37.468178 
 35.360207  39.363544  43.205624  49.792496  56.777710  62.671310  66.854065  69.477081  70.354164  69.556145  66.755989  62.334579  56.423225  49.443962  42.131409  37.939011  35.544430 
 } 


 White Balance Data with optical Center Data
 r_center_x =  637 r_center_y =  489 
 gr_center_x =  624 gr_center_y =  474 
 b_center_x =  646 b_center_y =  502 
 gb_center_x =  645 gb_center_y =  517 
 r/gr 0.597861 
 b/gr 0.671706 
 gb/gr 0.997421 
 r_oc_ave 112.302216 
 b_oc_ave 126.173340 
 gr_oc_ave 187.839996 
 gb_oc_ave 187.355560 

 [AWB]
 RGr =  0.597861 
 BGr =  0.671706 
 GbGr =  0.997421 
 r_oc_ave =  112.302216 
 b_oc_ave =  126.173340 
 gr_oc_ave =  187.839996 
 gb_oc_ave =  187.355560 