 LEFT LENS SHADING DATA
 RED Channel
 {
 24.422653  26.681408  29.727760  35.202396  40.977711  46.011982  50.053650  52.254890  53.035782  51.827240  49.119484  44.815781  39.547707  33.727085  28.648277  25.882866  23.929947 
 26.104736  29.697033  35.742970  42.952812  49.804375  55.729065  60.507813  63.659065  64.575157  62.937035  59.429062  54.131409  47.853127  40.946251  33.922657  28.390156  25.546196 
 27.488491  33.725780  41.743752  50.209534  58.076874  65.352966  71.395309  75.521721  76.634377  74.625778  69.917816  63.489220  55.931404  47.971718  39.566563  31.966721  26.840679 
 29.907185  37.992188  47.199219  56.727028  65.900314  74.610626  82.270622  87.535309  89.057190  86.287346  80.539841  72.281563  63.266403  54.045784  44.734219  35.819843  28.621300 
 32.487656  41.555782  51.432030  61.964691  72.585938  82.980316  92.183746  98.278435  100.061722  96.919220  90.011871  80.337189  69.518127  59.158752  48.876091  39.100155  30.649532 
 34.097759  43.937969  54.330002  65.490311  77.439690  89.194374  99.301247  105.645782  107.550316  104.362343  96.898438  86.089066  73.993752  62.611877  51.663910  41.412968  32.101093 
 34.673538  44.894375  55.692657  67.314690  79.527809  91.936409  102.307968  108.708908  110.542503  107.350937  100.160782  88.973122  76.540154  64.678909  53.140938  42.432343  32.915882 
 34.045990  44.250782  54.921249  66.033592  77.955467  89.914063  100.274689  106.822029  108.523750  105.255783  98.285934  87.300934  74.645157  63.202034  52.077660  41.779221  32.596096 
 32.535053  42.133595  52.251404  62.713280  73.554840  84.395622  93.948128  100.193596  101.876404  98.715157  91.634689  81.639061  70.608284  60.118591  49.692657  39.861404  31.297031 
 30.160309  38.527813  47.914532  57.497345  66.961563  76.155624  84.300468  89.674690  91.287659  88.652657  82.570313  74.052498  64.637810  55.232033  45.639999  36.637814  29.319897 
 28.080208  34.551876  42.764999  51.387970  59.602341  67.035004  73.471718  77.755157  79.123596  77.050003  72.124374  65.257965  57.435310  49.157028  40.582344  32.863125  27.560207 
 26.781715  30.647343  36.828751  44.277657  51.327499  57.507500  62.528908  65.861565  66.814842  65.314377  61.479843  56.011871  49.540466  42.235783  34.945469  29.276718  26.403179 
 25.727554  28.087135  31.591248  37.174114  43.290417  48.608749  52.684525  55.043228  55.833389  54.873955  51.953804  47.558960  41.848179  35.549320  29.855675  27.170681  25.478592 
 } 
 GR Channel
 {
 50.435516  55.299683  60.909576  69.910156  79.124069  87.021927  93.121361  96.743645  98.198593  96.560623  92.463173  85.760674  77.518906  68.142342  59.603287  54.597809  50.678223 
 54.158020  61.065941  71.102501  82.734528  93.392815  102.565468  109.988434  115.009064  116.595474  114.374374  109.231720  101.361717  91.318283  80.255470  68.642654  59.327812  54.110733 
 56.945412  67.777496  80.821716  94.148750  106.468903  117.567032  126.965149  133.210312  135.285782  132.431564  125.724686  115.885162  104.108284  91.445465  77.962814  65.275467  56.409843 
 61.316719  74.732346  89.332184  103.939217  118.200775  131.975632  143.836563  151.902344  154.385620  150.716873  142.319382  130.036255  115.891876  101.426407  86.474846  71.826721  59.578178 
 65.612968  80.376091  95.703278  111.793434  128.347656  144.460007  158.925308  168.184067  171.121872  167.018433  157.075943  142.519836  125.770157  109.398438  93.188591  77.328278  62.980568 
 68.110474  84.026093  100.079063  117.251251  135.627655  153.847183  169.542038  179.469376  182.405777  178.267502  167.828278  151.428909  132.663589  114.921570  97.672028  81.182968  65.578598 
 69.130318  85.491562  102.169846  119.882965  138.482193  157.871567  173.904694  183.857193  186.955933  182.757507  172.616257  155.942032  136.744217  118.291565  100.178436  82.810471  66.839012 
 67.946510  84.507965  100.909691  117.797180  136.273285  155.000778  171.197495  181.211563  184.077347  179.858124  169.987030  153.507339  133.775467  115.822342  98.304535  81.669373  66.188538 
 65.575211  80.999374  96.877502  112.893600  129.745316  146.646088  161.773743  171.413589  174.390930  170.127808  159.813278  144.583755  127.184692  110.670311  94.212967  78.375938  64.015518 
 61.523598  75.372971  90.192032  105.069847  119.641251  134.118118  146.805161  155.387192  158.093597  154.523743  145.616882  132.603745  117.801254  102.974846  87.833122  73.186562  60.618652 
 57.920784  68.813904  82.051407  95.621872  108.386253  119.925156  129.969681  136.924057  139.234528  136.176086  128.941406  118.575775  106.342033  93.237968  79.523125  66.804688  57.577187 
 55.419640  62.381096  72.622971  84.457344  95.545624  105.149376  112.947815  118.161880  119.857651  117.710312  112.052658  103.676872  93.571877  82.079529  70.144218  60.713280  55.394318 
 52.687134  57.643387  63.873589  72.964638  82.653542  91.089378  97.170723  101.056038  102.345360  100.961143  96.695366  89.901878  81.171036  70.900574  61.662766  56.949738  53.357239 
 } 
 GB Channel
 {
 51.362717  56.001457  61.530518  70.688545  80.009117  87.983177  94.156982  97.827393  99.049995  97.335312  92.933540  86.254166  77.761719  68.239944  59.525833  54.511459  50.749794 
 54.845207  61.739372  71.900940  83.621872  94.455154  103.706718  111.010315  116.139069  117.651245  115.086563  109.766876  101.616249  91.476097  80.276405  68.513748  59.195625  54.168961 
 57.458015  68.370941  81.685936  95.209686  107.643280  118.793900  128.095306  134.446411  136.311569  133.207031  126.202499  116.074524  104.178284  91.389999  77.770309  64.977654  56.243698 
 61.625572  75.277031  90.240623  105.265625  119.604538  133.277039  145.065002  153.214996  155.594681  151.601410  142.821243  130.291718  115.895309  101.274841  86.126877  71.423439  59.033432 
 66.034843  80.935471  96.625000  112.954849  129.687973  145.941254  160.190933  169.386566  172.214218  167.718597  157.564377  142.578598  125.732498  109.177345  92.789375  76.711403  62.316200 
 68.270203  84.430626  100.753906  118.153900  136.837189  154.910934  170.510162  180.235001  183.156876  178.712967  167.897186  151.369064  132.416565  114.430161  97.063904  80.518440  64.879272 
 68.853745  85.775002  102.683441  120.570938  139.401718  158.728912  174.525787  184.338120  187.301407  182.769684  172.451096  155.600937  136.288284  117.683746  99.500938  82.017815  65.957397 
 67.906921  84.705467  101.450157  118.528442  136.936401  155.570938  171.560623  181.464218  184.353592  179.762344  169.634216  153.050308  133.158752  115.148438  97.580780  80.892029  65.518494 
 65.453598  81.209221  97.292816  113.442505  130.371246  147.247650  162.038757  171.709213  174.354538  169.972031  159.432495  144.070160  126.740005  110.076721  93.594215  77.699684  63.453438 
 61.425316  75.445313  90.492035  105.497345  120.134537  134.414536  146.885162  155.300156  157.918900  154.168442  145.064224  131.950623  117.189529  102.360466  87.228752  72.529060  60.093643 
 57.936508  69.089218  82.370316  95.930466  108.583282  120.180939  130.055786  136.733749  138.945618  135.747650  128.266251  117.904526  105.691719  92.667656  78.931252  66.209221  57.101929 
 55.728958  62.500626  72.802658  84.731247  95.725471  105.322189  113.004684  118.018600  119.656555  117.275467  111.490623  103.161873  93.058594  81.491096  69.595627  60.176559  55.146561 
 53.474785  57.915627  64.049118  73.262077  82.785255  91.094276  97.414268  101.076302  102.133644  100.609848  96.163963  89.377716  80.570465  70.522133  61.258537  56.583229  53.206154 
 } 
 B Channel
 {
 34.942554  38.352970  42.394012  48.971039  55.472549  61.181923  65.452187  67.982597  68.907448  67.846039  65.045364  60.196152  54.224327  47.352600  41.069065  37.707134  35.104637 
 37.618805  42.397343  49.697968  58.144379  65.733597  72.041718  77.082184  80.384689  81.382660  79.861877  76.615158  71.170311  64.153282  56.148438  47.702812  41.126095  37.652138 
 39.631405  47.385780  56.927345  66.459846  75.181404  82.747345  88.830780  92.927971  94.154999  92.361717  88.031250  81.481407  73.400627  64.417503  54.679062  45.753593  39.578388 
 42.489948  52.402657  63.086250  73.658127  83.600311  92.765778  100.426407  105.655472  107.273590  104.860153  99.419060  91.183281  81.616249  71.452034  60.852501  50.598282  41.991405 
 45.316666  56.296249  67.640778  79.030312  90.338440  101.182816  110.659691  116.676086  118.541412  115.813126  109.254219  99.461876  88.138908  76.853752  65.500465  54.531563  44.400311 
 47.356350  58.862190  70.502655  82.498909  94.935623  107.158905  117.559692  123.868286  125.574066  122.948746  116.020004  105.126251  92.478279  80.268440  68.357185  57.181877  46.362705 
 48.012192  59.809685  71.798904  84.145157  96.803749  109.745155  120.290466  126.525314  128.393280  125.563278  118.920944  107.642189  94.779686  82.276878  69.937653  58.243126  47.253124 
 47.372238  59.063278  70.835625  82.680313  95.282654  107.738129  118.410461  124.797501  126.607193  123.621094  117.225159  106.407188  93.055466  80.757660  68.785782  57.435783  46.900578 
 45.539013  56.822968  68.109840  79.430626  90.959999  102.364372  112.171875  118.438431  120.188751  117.360931  110.585159  100.389687  88.915154  77.446091  65.990936  55.176872  45.380627 
 42.794792  52.788124  63.488281  73.981094  84.122345  93.814064  102.130783  107.652191  109.221092  106.874687  101.118591  92.396248  82.523285  72.190002  61.524529  51.503128  42.847290 
 40.152187  48.135941  57.761406  67.420937  76.373283  84.254219  90.852188  95.101875  96.474998  94.627190  89.882660  82.900627  74.596565  65.345001  55.536873  46.821877  40.565208 
 38.319584  43.610001  51.231720  59.887344  67.761093  74.441872  79.695160  82.944847  83.923752  82.561874  78.878754  73.196564  66.011253  57.614685  49.039375  42.482811  39.051563 
 36.922501  40.771252  45.758595  52.741295  59.652969  65.805214  70.152443  72.691299  73.491249  72.541458  69.472084  64.612816  58.195000  50.645103  43.658543  40.595730  37.990730 
 } 


 White Balance Data with optical Center Data
 r_center_x =  668 r_center_y =  482 
 gr_center_x =  619 gr_center_y =  511 
 b_center_x =  645 b_center_y =  518 
 gb_center_x =  632 gb_center_y =  516 
 r/gr 0.590121 
 b/gr 0.687467 
 gb/gr 1.000474 
 r_oc_ave 110.706665 
 b_oc_ave 128.968887 
 gr_oc_ave 187.600006 
 gb_oc_ave 187.688889 

 [AWB]
 RGr =  0.590121 
 BGr =  0.687467 
 GbGr =  1.000474 
 r_oc_ave =  110.706665 
 b_oc_ave =  128.968887 
 gr_oc_ave =  187.600006 
 gb_oc_ave =  187.688889 