 LEFT LENS SHADING DATA
 RED Channel
 {
 24.738701  27.161613  30.226612  35.622917  41.590992  47.116043  51.314949  53.951828  54.964371  54.113960  51.236298  47.083748  41.583961  35.739170  30.370937  27.187969  24.783386 
 26.563698  29.853905  35.735157  43.231251  50.450783  56.811874  61.966408  65.533279  66.759377  65.475624  62.096092  56.928749  50.348122  43.209999  35.918438  29.952343  26.570053 
 27.864944  33.540157  41.654686  50.483437  58.636093  66.256248  72.653282  77.156250  78.868439  77.140472  72.780785  66.335938  58.621559  50.383278  41.921719  33.836876  27.913540 
 29.805832  37.654999  46.961876  56.819061  66.156563  75.139687  83.098907  88.852188  91.005623  88.871872  83.381721  75.332497  66.103439  56.665314  47.138126  37.912186  29.925938 
 31.806927  41.064220  51.122345  61.726250  72.390938  82.769684  92.501091  99.064064  101.644844  99.224533  92.827034  83.173592  72.320625  61.804688  51.332497  41.302032  32.130993 
 33.441147  43.410313  53.905159  65.098595  76.787186  88.425934  99.074371  106.279533  108.666252  106.312965  99.614220  88.862030  76.737343  65.342812  54.205467  43.731876  33.813126 
 34.229691  44.237186  55.031250  66.617340  78.500465  90.622185  101.523903  108.766251  111.452972  109.029221  102.508438  91.530159  79.043282  67.159065  55.588593  44.654373  34.401875 
 33.597294  43.491875  54.118126  65.110939  76.796097  88.447029  99.242188  106.456406  109.047813  106.612968  99.993904  89.491722  76.894844  65.469841  54.399063  43.761562  34.095314 
 31.910992  41.190781  51.305313  61.645157  72.275154  82.869843  92.597031  99.300316  101.927971  99.547966  92.809685  83.207657  72.503593  61.878906  51.547501  41.576717  32.474426 
 29.423019  37.713436  47.054531  56.494530  65.804375  74.836563  82.962967  88.637497  90.785934  88.883125  83.136253  75.068909  65.969376  56.637497  47.333439  38.121719  30.153179 
 27.318596  33.596718  41.815624  50.388435  58.487343  66.052185  72.527969  77.045624  78.771095  77.217499  72.469688  66.168594  58.513123  50.526566  42.058437  34.008282  27.838905 
 25.881302  29.682343  35.942188  43.483280  50.642654  56.804840  61.962654  65.542816  66.767502  65.348122  61.728752  56.663910  50.446716  43.407658  36.146408  29.834373  26.079372 
 23.815887  26.490051  30.099274  35.770573  42.043285  47.278797  51.468697  54.170311  54.959160  54.006454  51.362503  47.139111  42.054428  36.042450  30.159946  26.631458  24.255211 
 } 
 GR Channel
 {
 49.687660  55.229744  61.012192  69.889168  79.335678  87.734375  94.298851  98.302811  99.738075  98.450462  94.568382  88.220161  79.801720  70.493225  61.789276  56.010780  51.006615 
 54.008492  60.477028  70.539688  82.592499  93.752968  103.608124  111.184685  116.360306  118.330780  116.573593  111.782341  104.125778  94.221092  83.080315  71.360939  61.375153  55.192039 
 56.789322  66.875778  80.180313  94.230934  106.910156  118.460007  128.127350  134.580627  137.132507  134.814682  128.684372  119.212662  107.302811  94.679840  81.204376  68.135002  58.047081 
 60.333855  73.633438  88.616562  103.972809  118.544525  132.449692  144.636719  153.066711  156.332809  153.307190  145.520935  133.387970  119.218903  104.539841  89.592346  74.870781  61.759323 
 63.821091  79.155472  95.122971  111.667503  128.147812  144.606873  159.366562  169.126404  172.872025  169.577194  160.324066  145.826401  128.969681  112.453125  96.248596  80.388908  65.511192 
 66.492867  82.862656  99.376091  116.822495  134.871872  153.167038  169.545776  180.109680  183.605942  180.219376  170.547974  154.445465  135.780945  117.897812  100.724373  84.343750  68.237083 
 67.811928  84.281715  101.127655  119.183289  137.546097  156.666718  173.471252  184.086868  187.704224  184.289215  175.015778  158.768906  139.564056  121.160629  103.044060  85.859062  69.407806 
 66.973595  83.200470  99.797028  116.997498  135.169220  153.681564  170.268280  180.859680  184.569534  180.943130  171.679840  156.026566  136.383743  118.404846  101.143280  84.500153  68.666618 
 64.232346  79.745468  95.709534  111.950623  128.606720  145.531097  160.552658  170.819214  174.547180  170.807190  161.221405  146.758438  129.713440  113.201874  96.905312  81.029060  66.107399 
 60.338234  74.334061  89.274063  104.344376  118.948746  133.341095  145.986877  154.577652  157.854370  154.840469  146.723434  134.398911  120.012344  105.326874  90.462189  75.580002  62.143333 
 56.678131  67.761871  81.115936  94.807343  107.759529  119.507813  129.618118  136.554993  139.076248  136.599380  129.812347  120.182037  108.341721  95.591873  82.055939  68.775002  58.203339 
 54.088745  61.227501  71.739220  83.728752  95.170311  104.999062  112.882187  118.245621  120.120163  118.139221  112.881882  105.092186  95.369377  84.192497  72.274376  61.835785  54.862236 
 49.992493  55.475830  61.670258  71.025414  80.973648  89.310310  95.812187  99.944374  101.375778  99.925682  95.871452  89.557610  81.218124  71.563339  61.987701  55.925148  51.396400 
 } 
 GB Channel
 {
 49.476250  54.865417  60.495056  69.375153  78.846252  87.206871  93.738594  97.730202  99.313133  97.918648  94.008385  87.603172  79.399376  70.174995  61.250206  55.685310  50.829895 
 53.830833  60.071251  70.088593  82.178284  93.256248  102.868126  110.539215  115.703125  117.760620  115.954056  111.253593  103.619217  93.681877  82.620003  70.996872  61.072815  54.977814 
 56.422081  66.323753  79.690468  93.677345  106.270935  117.703278  127.322189  133.693588  136.340775  134.176880  128.056244  118.525787  106.834846  94.197655  80.715309  67.685471  57.506508 
 59.760521  73.065941  88.057968  103.550934  118.026718  131.722809  143.821716  152.233444  155.554840  152.687347  144.889694  132.868912  118.860626  104.194687  89.268280  74.354065  61.170723 
 63.217598  78.525940  94.441719  111.117035  127.520004  143.666718  158.479691  168.467026  172.297348  168.979691  159.773132  145.365784  128.678757  112.216873  95.872498  79.919846  64.769638 
 65.757401  82.080315  98.622658  116.104370  134.108597  152.211868  168.443283  179.116089  182.919846  179.568756  169.949692  153.974060  135.439682  117.583588  100.261719  83.722656  67.370361 
 66.864952  83.477654  100.293907  118.292496  136.538284  155.519379  172.164215  182.828903  186.609528  183.435150  174.408127  158.189224  139.028595  120.631409  102.479843  85.094841  68.514221 
 66.018753  82.353752  98.949066  115.998596  134.128128  152.446243  168.970306  179.598587  183.479843  180.110153  171.035629  155.445938  135.838745  117.801880  100.450470  83.738434  67.673027 
 63.437653  78.922028  94.875778  111.002342  127.657806  144.299057  159.250305  169.407501  173.368439  169.864059  160.304214  145.991562  129.190781  112.589691  96.269531  80.264534  65.114746 
 59.500519  73.502190  88.457344  103.323753  117.924377  132.033600  144.542816  153.182190  156.667664  153.778275  145.608749  133.512497  119.230316  104.667503  89.735313  74.807030  61.278900 
 56.108177  67.076721  80.347656  93.949684  106.841873  118.268127  128.393600  135.296097  137.992661  135.578430  128.800156  119.300308  107.613434  94.908440  81.347969  68.116562  57.527817 
 53.643127  60.549377  70.980469  83.037498  94.238594  103.992340  111.859375  117.237503  119.195938  117.269684  112.002350  104.381248  94.654373  83.568436  71.669060  61.335472  54.389008 
 49.826042  54.991035  61.176094  70.399994  80.335052  88.658386  95.207710  99.378334  100.688438  99.316353  95.219635  88.903336  80.826042  70.990105  61.398224  55.488174  50.978172 
 } 
 B Channel
 {
 32.782864  36.307030  40.330154  47.000725  53.763390  59.789635  64.238335  66.945099  67.976143  67.086769  64.611404  60.099792  54.299683  47.824528  41.618122  37.616199  34.226200 
 36.072029  40.136406  47.145782  55.827812  63.817345  70.497345  75.706253  79.185936  80.447815  79.258438  76.197029  71.106873  64.282188  56.670158  48.544373  41.666405  37.351200 
 38.120312  44.710312  53.940315  63.854065  72.748749  80.477966  86.852028  91.086090  92.797813  91.318123  87.406876  81.288124  73.405624  64.790466  55.544685  46.585155  39.421616 
 40.487919  49.506248  59.843437  70.580940  80.568436  89.732498  97.632347  103.178909  105.341560  103.439377  98.466095  90.668121  81.379372  71.633751  61.467186  51.383904  42.035366 
 42.843227  53.401566  64.337814  75.633751  86.769844  97.498123  107.139061  113.610001  116.054840  113.869537  108.068909  98.748436  87.873123  76.959061  66.077972  55.353279  44.714741 
 44.702393  55.839066  67.056564  78.705467  90.793747  102.758438  113.364059  120.335312  122.803757  120.721100  114.412186  104.201561  92.160004  80.382813  68.990623  57.976715  46.644428 
 45.421246  56.663750  68.075623  79.880936  92.132347  104.742340  115.534058  122.449219  125.081726  122.962814  117.048431  106.612503  94.196716  82.297813  70.514687  59.024689  47.321766 
 44.735416  55.916252  67.120781  78.341408  90.482033  102.578278  113.297653  120.284851  122.826569  120.555786  114.795776  104.885155  92.227188  80.491722  69.135628  58.081879  46.929790 
 42.851513  53.482971  64.320938  75.041565  86.088753  97.128281  106.850937  113.359222  116.029694  113.814682  107.751091  98.509216  87.810158  76.937035  66.203438  55.708282  45.070988 
 40.127918  49.761253  60.000938  69.973434  79.658752  89.060471  97.234222  102.845627  104.980003  103.257187  98.112816  90.335312  81.194687  71.583122  61.684998  51.845154  42.333282 
 37.548336  45.174999  54.329376  63.596565  72.222191  80.098907  86.623749  91.080154  92.767029  91.407967  87.195160  81.027496  73.374222  64.927971  55.805939  46.991405  39.412865 
 35.682289  40.541874  47.832657  56.102341  63.827034  70.535309  75.808128  79.185936  80.386566  79.332657  75.998123  70.976715  64.479218  56.918282  48.905472  41.964687  37.170525 
 32.998543  36.643959  41.034946  47.707554  54.527237  60.331978  64.857712  67.464684  68.367805  67.541191  65.002296  60.752754  55.300262  48.463905  41.878590  37.948853  34.656769 
 } 


 White Balance Data with optical Center Data
 r_center_x =  628 r_center_y =  471 
 gr_center_x =  656 gr_center_y =  496 
 b_center_x =  651 b_center_y =  467 
 gb_center_x =  643 gb_center_y =  467 
 r/gr 0.592935 
 b/gr 0.665943 
 gb/gr 0.994451 
 r_oc_ave 111.608887 
 b_oc_ave 125.351105 
 gr_oc_ave 188.231110 
 gb_oc_ave 187.186661 

 [AWB]
 RGr =  0.592935 
 BGr =  0.665943 
 GbGr =  0.994451 
 r_oc_ave =  111.608887 
 b_oc_ave =  125.351105 
 gr_oc_ave =  188.231110 
 gb_oc_ave =  187.186661 