 LEFT LENS SHADING DATA
 RED Channel
 {
 24.831039  26.796875  29.901142  35.507915  41.365105  46.495003  50.719009  53.109062  53.988701  52.937233  50.376099  46.066402  40.923492  34.922554  29.676720  26.649479  24.569477 
 26.469791  29.704376  35.744064  42.993752  50.015938  56.118752  61.094215  64.415314  65.570160  64.175781  60.761719  55.660782  49.297028  42.396095  35.187344  29.456562  26.310730 
 27.868176  33.669220  41.712189  50.275002  58.351410  65.649376  71.849686  76.184219  77.605003  75.883125  71.377655  65.027809  57.422188  49.338905  40.996407  33.241562  27.643646 
 30.068024  38.035938  47.112812  56.757500  66.002502  74.803123  82.706093  88.258751  90.054062  87.594528  81.973282  74.010628  64.995468  55.688904  46.312969  37.314686  29.726353 
 32.467709  41.530624  51.490311  61.969528  72.507187  82.859062  92.299843  98.766403  100.906876  98.146561  91.504532  81.896095  71.295937  60.769684  50.511406  40.665627  31.779377 
 34.195992  44.073280  54.422966  65.564217  77.213440  88.805000  99.098282  105.943596  108.035004  105.346565  98.437347  87.708748  75.733749  64.331566  53.431404  43.078281  33.310989 
 34.936199  45.112656  55.804062  67.289215  79.363907  91.498909  101.893280  108.782967  111.001877  108.281097  101.372498  90.377190  78.179062  66.272346  54.837341  43.901718  33.891094 
 34.397655  44.490780  54.962654  66.019379  77.745155  89.378906  99.747185  106.607498  108.848434  105.999374  99.232971  88.659218  76.131874  64.754845  53.675156  43.130783  33.491821 
 32.767658  42.232033  52.313278  62.649841  73.424530  83.950623  93.277344  99.898590  102.067970  99.130157  92.431252  82.725624  71.960625  61.415314  50.998283  41.066250  31.963753 
 30.359997  38.803749  48.113907  57.637970  67.063904  75.996407  83.946877  89.440002  91.395470  88.931877  83.128754  74.919373  65.677498  56.274376  46.900936  37.750313  29.717812 
 28.299427  34.737968  42.958908  51.544220  59.764687  67.157028  73.592033  78.025627  79.520782  77.469841  72.796562  66.106720  58.407814  50.179535  41.748280  33.750000  27.757915 
 26.918541  30.731876  37.031094  44.525467  51.707970  57.826248  63.080780  66.428123  67.551720  66.003441  62.229378  56.820313  50.398590  43.305470  35.881874  29.779221  26.298176 
 25.021042  27.598122  31.180885  36.881092  43.057346  48.285416  52.444740  55.133537  55.926506  54.653435  51.942291  47.506561  42.016720  35.925678  30.051460  26.960678  24.612759 
 } 
 GR Channel
 {
 50.632294  55.371048  60.990105  70.219315  79.674538  87.989059  94.119637  97.815102  99.255211  97.721092  93.849579  87.543175  79.205055  69.776253  61.136147  55.800003  51.452911 
 54.548546  60.740623  70.852188  82.670784  93.646408  103.374062  111.028595  116.115936  117.869370  116.010468  111.132500  103.270470  93.389847  82.433746  70.715309  60.973747  55.218750 
 57.327087  67.402496  80.404846  93.944534  106.612656  118.160461  127.952194  134.417664  136.841248  134.389694  128.130310  118.451874  106.479065  93.825310  80.329842  67.525154  57.763702 
 61.122963  74.341095  88.787346  103.749847  118.385162  132.108124  144.632187  153.060150  156.115311  152.962662  144.802505  132.653595  118.422180  103.796410  88.923279  74.324219  61.448181 
 64.877136  79.882347  95.362190  111.356247  127.960785  144.228592  159.245163  169.092819  172.445007  168.939682  159.469849  144.916412  128.161087  111.747032  95.639847  79.668907  64.966202 
 67.516090  83.500465  99.711716  116.344223  134.586868  152.793747  169.112183  179.483749  183.000153  179.403595  169.680466  153.542343  135.028122  117.029221  100.005157  83.611565  67.504478 
 68.707443  84.927658  101.532028  118.888596  137.409683  156.439529  172.909058  183.304382  186.930466  183.413589  173.958908  157.764374  138.833282  120.278900  102.372032  84.971405  68.503288 
 67.855522  83.839691  100.141251  116.831100  134.868286  153.413132  169.544373  180.185944  183.748596  180.044525  170.722351  154.934845  135.459839  117.513443  100.251717  83.603592  67.663803 
 65.272713  80.498123  96.150467  112.094681  128.424225  145.171097  159.835007  170.042816  173.550003  169.928589  160.307495  145.772964  128.856247  112.294067  96.095779  80.162971  65.175262 
 61.292084  75.086250  89.655624  104.530472  118.957184  133.072189  145.296402  153.879837  157.166565  153.980469  145.730164  133.368286  119.098282  104.380157  89.582184  74.733284  61.445160 
 57.686508  68.681717  81.929062  95.410004  108.060783  119.599838  129.427658  136.236099  138.737183  135.981247  129.149536  119.216400  107.516876  94.767502  81.272186  68.149063  57.863228 
 54.878380  62.131096  72.402191  84.363129  95.608910  105.175468  112.893600  118.014999  119.977188  117.897186  112.393906  104.441254  94.685623  83.448128  71.486092  61.429062  55.132820 
 51.292137  56.482140  62.684685  72.058540  81.715363  89.785263  96.138802  100.284996  101.455521  99.943443  95.682869  89.040001  80.692711  71.021042  61.410049  55.986565  51.527817 
 } 
 GB Channel
 {
 51.451462  55.856461  61.556816  70.865211  80.250206  88.715004  95.069527  98.898232  100.329018  98.706825  94.780678  88.133957  79.796196  70.153908  61.305153  56.002243  51.577652 
 54.866875  61.115623  71.257034  83.316872  94.364372  104.046249  111.753906  116.909058  118.712967  116.778275  111.824219  103.911873  93.885155  82.722031  70.887032  61.159531  55.387657 
 57.574326  67.720779  80.873436  94.646561  107.397186  118.914368  128.692963  135.192184  137.610779  135.168900  128.712967  118.978745  106.945625  94.153435  80.467186  67.600624  57.738960 
 61.125320  74.514061  89.221565  104.380623  119.076248  132.863586  145.288132  153.796097  156.931091  153.587494  145.475937  133.190781  118.779373  104.078125  89.048279  74.193596  61.277130 
 64.723381  79.919846  95.549843  111.791565  128.492661  144.765625  159.620163  169.565781  173.048599  169.519379  159.797501  145.273132  128.391724  111.779999  95.543434  79.549065  64.589066 
 67.173904  83.410782  99.716560  116.590317  134.866562  152.914841  169.112183  179.496246  183.161560  179.458908  169.620789  153.526413  134.986725  116.968124  99.794220  83.172653  67.029121 
 68.146713  84.547340  101.307968  118.780319  137.111557  156.143600  172.336563  182.789368  186.604218  182.941406  173.427032  157.318130  138.454849  119.951721  101.932030  84.443123  67.716873 
 67.185310  83.344063  99.718597  116.561249  134.411255  152.747650  168.677032  179.248444  182.956726  179.322815  169.781876  154.329529  134.954849  116.955307  99.796410  82.914063  66.861565 
 64.589165  79.912498  95.593750  111.370468  127.815933  144.208755  158.675308  168.822342  172.414063  168.872345  159.224686  144.888443  128.131088  111.567497  95.360313  79.469063  64.334061 
 60.615158  74.465782  89.153435  103.829376  118.072495  131.923431  143.979218  152.524994  155.795319  152.637970  144.408752  132.185150  118.069839  103.461876  88.730782  73.935471  60.621086 
 57.083954  68.050629  81.211716  94.506096  107.059998  118.259216  127.948914  134.746399  137.137024  134.578125  127.732498  117.994370  106.450157  93.768127  80.390472  67.328438  57.109268 
 54.510155  61.533279  71.773285  83.585472  94.584534  103.920158  111.573128  116.741089  118.613434  116.546249  111.150780  103.255310  93.638283  82.542656  70.678596  60.789688  54.583023 
 50.998909  55.912239  61.947235  71.309845  80.813904  88.809113  95.168129  99.305473  100.625099  99.099586  94.779320  88.181557  79.881409  70.132034  60.602547  55.364693  51.175102 
 } 
 B Channel
 {
 34.041092  36.781929  40.775364  47.563229  54.428017  60.173958  64.511093  66.905838  67.804955  66.786407  64.226982  59.871773  53.869270  47.293285  41.016094  37.228073  34.334324 
 36.598175  40.704220  47.700157  56.241562  64.088440  70.661873  75.689217  78.980003  80.095154  78.854530  75.731560  70.488434  63.703438  55.938904  47.815468  41.077030  37.087238 
 38.495991  45.389530  54.444847  64.089691  72.973907  80.707657  86.949219  91.061096  92.522659  91.055313  86.936409  80.516876  72.630157  63.833908  54.582657  45.823593  38.955471 
 41.224636  50.377342  60.381096  70.856873  80.841560  89.926559  97.772972  103.257034  105.083908  103.076096  97.864845  89.879219  80.556252  70.745003  60.573280  50.630310  41.676147 
 43.615158  54.110779  64.745155  75.833122  86.925468  97.594215  107.066559  113.310776  115.502182  113.241562  107.111565  97.697968  86.920624  75.917030  65.037346  54.389221  44.024006 
 45.462189  56.555939  67.631874  79.052811  90.968597  102.916405  113.163589  119.662506  121.790314  119.605469  113.348129  102.963905  91.028435  79.240623  67.839218  56.901566  45.714481 
 46.207813  57.442810  68.772186  80.295937  92.469063  104.923279  115.224686  121.774216  124.057495  121.794373  115.824524  105.318123  93.032501  81.054062  69.267029  57.730782  46.313076 
 45.503071  56.613281  67.817345  78.949371  90.776718  102.662498  112.975464  119.587341  121.748123  119.458908  113.555161  103.574066  90.887810  79.222504  67.794533  56.806564  45.719894 
 43.676773  54.257187  65.153908  75.692970  86.560936  97.332657  106.637657  113.037964  115.205307  112.869843  106.914375  97.474533  86.611252  75.749847  65.114685  54.422188  44.002602 
 40.787346  50.425468  60.638908  70.515472  80.070938  89.223434  97.201408  102.447968  104.481720  102.474998  97.328751  89.324684  80.035934  70.340782  60.526878  50.597504  41.270832 
 38.198696  45.882656  55.133438  64.314690  72.765472  80.338127  86.730621  90.947029  92.371719  90.657814  86.467033  80.015160  72.277191  63.753754  54.691406  45.930782  38.550991 
 36.210625  41.070625  48.400467  56.585472  64.132034  70.635155  75.858910  79.083122  80.156876  78.807816  75.421722  70.184998  63.495941  55.864059  47.826717  41.134998  36.640415 
 33.966457  37.456459  41.813175  48.491089  55.323906  60.807449  65.334526  68.010620  68.706039  67.604057  64.808174  60.385002  54.620522  47.664066  41.171093  37.692081  34.468330 
 } 


 White Balance Data with optical Center Data
 r_center_x =  643 r_center_y =  506 
 gr_center_x =  639 gr_center_y =  502 
 b_center_x =  641 b_center_y =  486 
 gb_center_x =  633 gb_center_y =  494 
 r/gr 0.593477 
 b/gr 0.663451 
 gb/gr 0.998767 
 r_oc_ave 111.275558 
 b_oc_ave 124.395554 
 gr_oc_ave 187.497772 
 gb_oc_ave 187.266663 

 [AWB]
 RGr =  0.593477 
 BGr =  0.663451 
 GbGr =  0.998767 
 r_oc_ave =  111.275558 
 b_oc_ave =  124.395554 
 gr_oc_ave =  187.497772 
 gb_oc_ave =  187.266663 