 LEFT LENS SHADING DATA
 RED Channel
 {
 24.968750  27.036251  30.385571  36.097969  42.041042  47.082188  50.880989  53.403275  54.031929  52.886925  50.081924  45.781090  40.446095  34.566456  28.819012  25.155415  22.906250 
 26.848751  30.343750  36.419533  43.924843  50.956879  56.935936  61.784531  64.967659  65.852966  64.124222  60.631721  55.266716  48.784218  41.841873  34.577969  28.376251  24.589169 
 28.427399  34.600311  42.721561  51.323593  59.479065  66.811562  72.779221  76.871872  77.981407  76.000000  71.266876  64.623596  56.737343  48.702972  40.385624  32.462345  26.322548 
 30.971508  39.050468  48.379684  58.035782  67.371872  76.239220  83.792191  88.969528  90.515938  87.879997  81.911095  73.500626  64.216248  54.899689  45.553749  36.592812  28.825314 
 33.195621  42.749374  52.957031  63.452499  74.144379  84.398438  93.554375  99.484688  101.213280  98.205154  91.308907  81.524216  70.584373  60.037811  49.786720  39.980469  31.087341 
 34.677082  45.044998  56.041405  67.326408  78.916092  90.353752  100.376091  106.622810  108.340622  105.268127  98.078751  87.213280  75.083435  63.614059  52.593124  42.346405  32.829533 
 35.291039  45.979374  57.224998  69.027344  81.002655  92.917656  103.043907  109.389687  111.248909  108.071877  101.176720  90.047813  77.671410  65.655937  54.069221  43.319374  33.438541 
 34.925938  45.240936  56.288597  67.688278  79.453438  91.042656  100.940781  107.367500  108.984688  106.092346  99.200783  88.453903  75.815781  64.139534  53.092186  42.684532  33.223904 
 33.487919  43.027500  53.383904  64.121872  75.014061  85.518906  94.602814  100.604530  102.366249  99.591560  92.663910  82.805626  71.793747  61.065941  50.617188  40.704845  31.781719 
 31.339062  39.500313  48.986252  58.851410  68.511406  77.404999  85.159531  90.339531  91.913284  89.519379  83.620468  75.202660  65.811249  56.197502  46.689999  37.428593  29.593388 
 29.733543  35.459373  43.687813  52.419373  60.902191  68.435783  74.752815  78.867500  80.077499  78.173752  73.275314  66.565941  58.586876  50.246559  41.547657  33.475780  27.506821 
 28.670261  31.927967  37.688595  45.171093  52.405785  58.736404  63.899376  67.198280  68.091721  66.474533  62.791252  57.247810  50.595627  43.274376  35.741249  29.685623  26.303543 
 27.310677  29.841511  32.697968  38.095470  44.101818  49.453697  53.758957  56.401825  57.152756  56.090988  52.944168  48.424896  42.753956  36.384792  30.458748  27.296040  25.319794 
 } 
 GR Channel
 {
 50.413803  54.863808  60.632500  69.872810  79.009842  87.054428  93.166458  96.841873  98.053963  96.351250  92.380470  86.056610  77.882393  68.474487  59.097969  53.093384  49.393799 
 54.353394  60.736092  70.567497  82.414063  93.496719  102.806717  110.186874  115.253128  116.753128  114.422501  109.277344  101.348907  91.437813  80.404060  68.862343  58.626091  52.367142 
 57.275055  67.564842  80.483284  93.965622  106.672028  118.084839  127.366882  133.734680  135.758118  132.906097  126.134369  116.144379  104.153282  91.546562  78.334373  65.264687  55.015938 
 61.566147  74.649063  89.098122  104.109688  118.595306  132.448288  144.414368  152.316406  154.967819  151.353287  142.892654  130.382339  116.036713  101.424843  86.764534  72.186096  59.040886 
 65.180099  80.390938  96.018440  112.208755  128.736099  144.861877  159.269226  168.545624  171.337189  167.291412  157.471405  142.873276  126.038910  109.502815  93.406097  77.713905  62.826614 
 67.632813  84.156563  100.867653  117.839844  135.861099  153.829681  169.434067  179.320160  182.093445  178.047028  167.767181  151.800476  133.286087  115.266724  98.082657  81.640625  65.833130 
 68.426506  85.400467  102.726875  120.573288  138.808289  157.620941  173.424530  183.331406  186.368912  182.250931  172.532654  156.163132  137.233597  118.732025  100.516876  83.236565  66.941559 
 67.719734  84.144531  101.142654  118.533752  136.654068  154.600784  170.258118  180.449844  183.118286  179.341095  169.644226  153.784225  134.272186  116.067337  98.705627  82.135941  66.439262 
 65.348228  80.664063  96.713905  113.288910  130.314056  146.592026  160.756409  170.269058  173.277344  169.414536  159.700623  145.037033  127.840775  111.051094  94.723907  78.810783  63.975151 
 61.856361  75.162186  89.892029  105.130310  120.181412  134.395782  146.581879  154.568756  157.249222  154.017807  145.471405  133.109375  118.342346  103.454689  88.358910  73.522034  60.359322 
 58.876923  68.795471  81.803596  95.447655  108.644684  120.510162  130.367493  137.016876  138.962036  136.109070  129.144379  119.005630  106.918747  93.894844  80.081253  66.992340  56.817558 
 56.715157  62.852028  72.380623  84.163750  95.536095  105.478905  113.497498  118.688904  120.313599  117.968597  112.397812  104.143906  93.976875  82.593597  70.503906  60.561562  54.591141 
 53.036819  58.778488  64.100624  72.659576  82.341301  90.724533  97.358337  101.579948  102.920891  101.432137  96.830315  89.908279  81.169785  71.185051  61.689949  56.291565  52.711151 
 } 
 GB Channel
 {
 51.518234  55.799065  61.527710  70.915367  80.239899  88.382599  94.491608  98.336617  99.352440  97.573021  93.194527  86.790886  78.250732  68.645103  59.196091  53.106148  49.435310 
 55.157394  61.482811  71.566872  83.607658  94.910309  104.188438  111.603905  116.643906  118.088913  115.452194  110.035156  101.827347  91.695313  80.613434  68.805466  58.414063  52.121559 
 57.997131  68.378593  81.545471  95.272972  108.163597  119.579224  128.807816  135.207657  137.078125  133.900620  126.885468  116.595306  104.341248  91.634842  78.075470  64.975937  54.480110 
 62.043907  75.455780  90.057816  105.434998  120.162186  134.113586  145.927811  153.850464  156.256561  152.430161  143.494690  130.679382  116.041412  101.363281  86.316559  71.630783  58.386406 
 65.459785  81.011871  97.004059  113.434845  130.278748  146.351715  160.620468  169.800781  172.490936  168.159225  157.897659  142.961411  125.911407  109.255470  92.865784  77.026878  62.191040 
 67.638229  84.700310  101.648750  118.974533  137.102966  155.000153  170.323914  180.161560  183.028595  178.447495  167.836090  151.574844  132.841721  114.582962  97.275154  80.772659  64.891197 
 68.505470  85.892342  103.408440  121.578278  139.776718  158.425476  173.842499  183.735001  186.689529  182.262192  172.112030  155.622498  136.657349  117.938599  99.576721  82.162498  65.956665 
 67.857544  84.474846  101.757660  119.444687  137.437973  155.157501  170.712494  180.581726  183.159683  179.202499  169.129684  153.099686  133.471878  115.228439  97.695465  81.029221  65.319008 
 65.443802  80.978592  97.373436  113.947189  130.880936  146.990158  161.016403  170.307495  173.257660  169.172180  159.058121  144.293442  126.955475  110.120628  93.721405  77.864998  62.998329 
 61.957970  75.441093  90.368591  105.800934  120.753601  134.559692  146.523285  154.327972  156.960938  153.455154  144.747650  132.110474  117.485306  102.414215  87.417030  72.605782  59.488495 
 59.120567  69.038284  82.153908  95.812035  108.933281  120.526871  130.297028  136.568436  138.478439  135.367813  128.331558  118.105469  105.880470  92.919685  79.216095  66.089218  56.163170 
 57.255989  63.158279  72.601875  84.437187  95.702347  105.475624  113.396255  118.461868  119.863281  117.471252  111.692032  103.183746  93.102814  81.711403  69.755623  59.877029  54.049324 
 53.781410  59.234734  64.336456  72.878441  82.473381  90.655624  97.180000  101.424370  102.685158  100.962914  96.147659  89.160835  80.494476  70.410782  60.992294  55.679329  52.194321 
 } 
 B Channel
 {
 35.087032  38.405365  42.623699  49.148643  55.968231  61.530266  65.664322  68.102806  68.875580  67.744949  65.189117  60.626251  54.940369  48.079269  41.098286  36.674324  34.251404 
 37.926617  42.581406  49.941406  58.555313  66.277809  72.667969  77.414528  80.491562  81.384529  79.803909  76.560158  71.370003  64.525154  56.798439  48.305153  40.975780  36.825989 
 39.921303  47.539845  57.186722  67.028435  75.723595  83.270157  89.304535  93.098122  94.192657  92.312653  87.956406  81.472504  73.329689  64.681877  55.119064  46.016251  38.935413 
 42.789371  52.564377  63.349998  74.164688  84.122185  93.185936  100.955315  105.916878  107.318909  104.827347  99.178284  90.893906  81.328278  71.387970  61.004684  50.963593  42.147137 
 45.343487  56.523285  68.073906  79.564842  90.866249  101.579689  110.872658  116.752182  118.399216  115.492661  108.844841  99.109688  87.838753  76.721718  65.549217  54.815781  44.995159 
 47.110523  58.987190  71.147659  83.094688  95.320625  107.276878  117.557495  123.648438  125.286255  122.527039  115.539063  104.598434  92.149376  80.192657  68.381874  57.427032  47.024738 
 47.508183  59.895470  72.218750  84.587502  96.929840  109.559532  119.893433  126.292664  127.913589  125.075150  118.483124  107.231407  94.625000  82.249847  69.943909  58.420784  47.779743 
 47.060417  58.883751  71.143440  83.174530  95.333122  107.483437  117.925629  124.333130  125.977814  123.229691  116.747025  106.070938  93.024063  80.669846  68.782814  57.639061  47.301151 
 45.301456  56.436874  68.223907  79.796097  91.148125  102.041718  111.566093  117.714539  119.526718  116.944214  110.201874  100.357033  88.935623  77.608284  66.212967  55.388596  45.480053 
 42.609219  52.412346  63.434845  74.353279  84.634689  93.868904  101.733437  107.014847  108.618126  106.438438  100.885941  92.570625  82.733910  72.539375  61.984528  51.698906  42.908699 
 40.498489  47.795780  57.426559  67.419533  76.664841  84.567032  90.887657  95.061249  96.361565  94.492500  90.006409  83.289688  75.002029  65.848747  56.003128  46.880627  40.191040 
 39.090206  43.524376  50.754997  59.542191  67.778122  74.735779  80.039688  83.197815  84.021408  82.693283  79.148125  73.502029  66.398438  58.192184  49.293907  42.278439  38.705105 
 36.926872  41.328121  45.555836  52.168846  59.553123  65.763489  70.386360  73.291145  74.081612  72.978493  69.961456  65.024330  58.663025  51.056351  43.905781  40.058437  38.023022 
 } 


 White Balance Data with optical Center Data
 r_center_x =  626 r_center_y =  489 
 gr_center_x =  632 gr_center_y =  494 
 b_center_x =  639 b_center_y =  515 
 gb_center_x =  646 gb_center_y =  477 
 r/gr 0.596173 
 b/gr 0.685606 
 gb/gr 1.001403 
 r_oc_ave 111.457779 
 b_oc_ave 128.177780 
 gr_oc_ave 186.955551 
 gb_oc_ave 187.217773 

 [AWB]
 RGr =  0.596173 
 BGr =  0.685606 
 GbGr =  1.001403 
 r_oc_ave =  111.457779 
 b_oc_ave =  128.177780 
 gr_oc_ave =  186.955551 
 gb_oc_ave =  187.217773 