 LEFT LENS SHADING DATA
 RED Channel
 {
 24.046772  26.595520  30.028801  35.430367  41.195885  46.219948  50.305153  52.916359  53.709320  52.627869  50.019432  45.686825  40.589424  34.790104  29.516930  26.510624  23.928543 
 25.940105  29.599686  35.752342  42.948906  49.693596  55.805153  60.852028  64.132187  65.233284  63.745155  60.382965  55.318283  48.896721  42.084686  34.951717  29.234375  25.863541 
 27.317085  33.689999  41.833439  50.268440  58.104065  65.492340  71.735001  75.860939  77.254059  75.435623  71.058746  64.755470  57.198441  49.254059  40.806873  32.935001  27.233330 
 29.555210  38.058125  47.477188  56.764374  65.827660  74.688591  82.422966  87.985939  89.723747  87.279686  81.693909  73.731560  64.820000  55.754684  46.184219  37.006874  29.241875 
 32.070885  41.769844  51.959221  62.044533  72.519218  82.841560  92.231094  98.596718  100.680626  97.892029  91.359528  81.856720  71.231720  60.905472  50.513748  40.401875  31.249790 
 33.982449  44.505157  54.952187  65.874062  77.381874  89.050003  99.384529  106.150314  108.414375  105.500465  98.489372  87.900780  75.974060  64.604843  53.522186  42.957188  32.853439 
 34.774529  45.575157  56.389374  67.781876  79.745155  91.989845  102.600311  109.431404  111.663284  108.949219  102.047501  90.943283  78.603439  66.712029  55.082344  43.914845  33.557549 
 34.519218  44.986095  55.563278  66.675316  78.478752  90.227654  100.807968  107.629219  109.815628  107.106094  100.287186  89.351410  76.931877  65.413597  54.116562  43.417812  33.387398 
 33.247711  42.858124  52.912346  63.474220  74.416092  85.094063  94.659843  101.219528  103.392815  100.606247  93.769997  83.899216  73.017189  62.343285  51.727341  41.542500  32.043751 
 31.019531  39.393906  48.740471  58.599533  68.345154  77.482033  85.518440  91.147972  92.922028  90.493752  84.677185  76.400002  66.919220  57.401878  47.769531  38.314377  29.983959 
 28.885521  35.308437  43.585468  52.561409  61.294846  68.911720  75.383278  79.781876  81.143906  79.185623  74.363747  67.662659  59.709221  51.370628  42.615002  34.416561  28.195732 
 27.730938  31.334686  37.798283  45.646717  53.205780  59.593124  64.709686  68.044060  69.047340  67.577034  63.715157  58.321877  51.565781  44.297657  36.730156  30.662498  26.995003 
 25.911774  28.224274  31.920990  37.876091  44.204742  49.703133  54.034691  56.506981  57.357552  56.084320  53.159531  48.586456  43.006409  36.751198  30.984112  27.786251  25.214165 
 } 
 GR Channel
 {
 48.625732  54.055313  60.173698  69.198120  78.343071  86.494377  93.036667  96.952187  98.101196  96.698799  92.742607  86.172600  77.916977  68.340416  59.847244  54.430733  49.689896 
 52.524063  59.467812  69.798904  81.645622  92.433281  102.028122  109.727501  114.824692  116.502655  114.402344  109.505936  101.850937  91.906563  80.809998  69.097031  59.307816  53.480728 
 55.344788  66.398125  79.945313  93.371407  105.705940  117.204376  126.708588  133.010468  135.177338  132.752182  126.531555  116.858902  105.180000  92.489220  78.792969  65.653122  55.852287 
 59.299118  73.643906  88.812813  103.415939  117.662033  131.313431  143.342972  151.644531  154.384216  151.131882  143.137650  131.124695  117.083435  102.704063  87.562813  72.454842  59.297974 
 63.285416  79.526253  95.697968  111.287498  127.435944  143.532974  157.940475  167.603439  170.918594  167.193756  157.713440  143.392975  127.015930  110.644997  94.351715  78.044685  62.834686 
 66.573280  83.726410  100.236404  116.724838  134.477188  152.541565  168.466721  178.621399  182.070786  178.349213  168.344055  152.353439  134.052338  116.306564  98.959061  82.084999  65.523331 
 67.890671  85.379219  102.164688  119.298752  137.597031  156.498596  172.671722  183.151245  186.556564  182.913132  173.510468  157.057663  137.996719  119.741562  101.555153  83.774216  66.587349 
 67.393387  84.319847  100.691406  117.494370  135.563599  153.718597  169.854538  180.174057  183.764374  180.110779  170.658432  154.585632  135.188751  117.323441  99.808441  82.636871  66.143127 
 65.370728  80.987816  96.554840  112.632660  129.304840  145.960632  160.740631  170.771881  174.001404  170.282028  160.467499  145.769226  128.844376  112.394058  95.850784  79.489845  63.843384 
 61.452553  75.338593  89.986877  105.087029  120.032974  134.040787  146.517502  155.050781  157.711868  154.710159  146.303284  133.932037  119.352036  104.645935  89.435783  74.105003  60.199173 
 57.978958  68.723122  81.847191  95.808907  109.089531  120.787659  130.693130  137.379211  139.520157  136.950775  130.062653  120.149994  108.029686  94.925629  81.055153  67.504059  57.004478 
 55.358185  62.031715  72.463593  84.899689  96.556717  106.513435  114.477188  119.400620  120.927963  118.806870  113.376251  105.373596  95.024063  83.404221  71.330627  61.120941  54.657188 
 51.375259  56.200264  62.478386  72.294273  82.387764  91.070526  97.371773  101.340218  102.723595  100.941048  96.480835  89.633385  80.971565  70.611092  61.519379  55.956352  51.075523 
 } 
 GB Channel
 {
 49.474945  54.806198  60.751350  70.148956  79.520630  87.753288  94.216515  98.278801  99.690994  97.986198  93.802185  87.139114  78.562286  68.955574  60.145424  54.710938  50.022186 
 53.122032  60.165154  70.699684  82.643127  93.605621  103.315155  111.075470  116.222351  117.878281  115.630157  110.627190  102.706406  92.555626  81.204529  69.264999  59.403435  53.440109 
 55.540108  66.923439  80.698280  94.402657  106.772659  118.383743  128.037338  134.371872  136.512497  133.875473  127.490005  117.615631  105.657814  92.795158  78.805939  65.512810  55.660309 
 59.266769  74.107185  89.534843  104.286720  118.635162  132.404999  144.472031  152.843445  155.577499  152.225632  143.998276  131.677658  117.495316  102.879059  87.516403  72.036247  58.806664 
 63.174057  79.872810  96.182655  111.985313  128.321091  144.377029  158.914688  168.411713  171.871094  167.959534  158.315155  143.863434  127.227036  110.560623  93.918282  77.396721  61.970673 
 66.280991  83.839531  100.453125  117.157501  134.868744  152.889847  168.698746  178.985931  182.416870  178.630310  168.355942  152.413284  133.755157  115.882813  98.273750  81.130936  64.541771 
 67.557297  85.241875  102.076248  119.354218  137.627655  156.404846  172.468597  182.741409  186.200943  182.564850  172.882507  156.537659  137.405472  118.792343  100.470779  82.597969  65.566505 
 66.979378  84.099373  100.350784  117.222809  135.129379  153.187195  169.136566  179.400620  182.991409  179.233276  169.697342  153.507339  134.128601  116.145157  98.597031  81.304840  64.819641 
 64.642395  80.500313  96.046875  112.079224  128.589691  144.955154  159.491714  169.584213  172.741089  168.981567  159.061249  144.421402  127.654526  111.080467  94.610466  78.204689  62.469269 
 60.993904  74.708282  89.285469  104.234528  119.020462  132.845627  145.002182  153.349213  156.063599  152.959839  144.590317  132.290939  117.955475  103.286407  88.088127  72.684372  58.927292 
 57.380516  68.187187  81.164528  94.975311  108.001564  119.408127  129.050781  135.568756  137.798279  135.006714  128.267975  118.423279  106.405312  93.520935  79.740471  66.265625  55.822296 
 54.924217  61.388596  71.753754  83.960312  95.434532  105.266876  112.965775  117.902191  119.333588  117.093445  111.680000  103.786560  93.549065  82.077034  70.170471  60.032028  53.664742 
 50.962967  55.535881  61.626671  71.479477  81.535156  89.807289  96.194740  100.121346  101.307137  99.589264  95.114998  88.330315  79.833221  69.477242  60.342766  54.952248  50.152657 
 } 
 B Channel
 {
 32.836094  37.013596  41.497288  48.170364  54.670113  60.264374  64.593071  67.391823  68.326195  67.440109  64.943329  60.392448  54.435989  47.600414  41.238594  37.340103  34.615520 
 35.369843  40.591721  48.094376  56.402657  63.942184  70.363129  75.469528  78.912033  80.141403  78.910934  75.788750  70.668907  63.757034  55.876251  47.452969  40.513439  37.113434 
 37.481251  45.527500  55.170311  64.402496  72.873283  80.389221  86.781403  90.882813  92.541718  91.186874  87.125153  80.784378  72.850471  64.136406  54.380936  45.160938  38.860107 
 40.251926  50.617966  61.187347  71.197029  80.587502  89.642189  97.646561  103.287346  105.313904  103.295624  98.035004  90.143753  80.846092  70.942345  60.456253  49.870781  41.403908 
 43.174061  54.615311  65.697342  76.282188  86.927345  97.514687  107.207657  113.708908  116.132034  113.855316  107.625938  98.219688  87.239845  76.224373  64.954842  53.656097  43.774632 
 45.371670  57.294998  68.451721  79.531097  91.100784  103.066254  113.790314  120.747192  123.363586  120.846100  114.328751  103.774529  91.628754  79.788910  67.971718  56.394531  45.693073 
 46.373592  58.277969  69.517654  80.850937  92.693748  105.442345  116.394684  123.291565  125.814682  123.506088  117.358749  106.390938  93.894218  81.740936  69.572968  57.453125  46.416462 
 45.968128  57.359375  68.344841  79.429062  91.224846  103.438751  114.299530  121.363754  123.738586  121.481247  115.403275  104.969528  92.203751  80.305153  68.341095  56.576561  46.041985 
 44.402813  55.001564  65.616562  76.153748  87.252968  98.382500  108.391876  114.965149  117.235626  114.980942  108.771095  98.967499  88.011253  77.097969  65.792969  54.516563  44.345314 
 41.597759  51.061722  61.048904  71.062187  81.219841  90.689529  99.019218  104.605934  106.362816  104.533440  99.146095  91.079376  81.591408  71.907967  61.454529  50.838905  41.899952 
 38.954792  46.399376  55.334534  64.838440  74.057030  82.021248  88.585159  92.854691  94.406097  92.757187  88.387184  81.870468  73.971878  65.256874  55.604843  46.212345  39.369633 
 37.050991  41.493282  48.572655  57.284065  65.696716  72.543594  77.831406  81.022659  82.003754  80.753906  77.199371  71.940002  65.080780  57.185158  48.756721  41.560158  37.352863 
 34.070572  37.187237  41.669117  48.780731  56.044838  62.149635  66.491196  68.963280  69.774994  68.867035  65.737709  61.288750  55.374321  48.301613  41.669010  37.748280  34.434948 
 } 


 White Balance Data with optical Center Data
 r_center_x =  655 r_center_y =  482 
 gr_center_x =  657 gr_center_y =  507 
 b_center_x =  650 b_center_y =  487 
 gb_center_x =  648 gb_center_y =  493 
 r/gr 0.598396 
 b/gr 0.674489 
 gb/gr 0.995872 
 r_oc_ave 112.088882 
 b_oc_ave 126.342224 
 gr_oc_ave 187.315552 
 gb_oc_ave 186.542221 

 [AWB]
 RGr =  0.598396 
 BGr =  0.674489 
 GbGr =  0.995872 
 r_oc_ave =  112.088882 
 b_oc_ave =  126.342224 
 gr_oc_ave =  187.315552 
 gb_oc_ave =  186.542221 