 LEFT LENS SHADING DATA
 RED Channel
 {
 24.216091  26.506092  30.031406  35.717136  41.468700  46.578327  50.564583  53.038330  53.725212  52.721458  50.250107  46.090519  40.851406  35.364895  30.173904  27.586979  25.514061 
 25.674843  29.599220  35.855782  43.144844  50.007660  55.878754  60.660004  63.813751  64.794373  63.485626  60.347191  55.350937  49.178284  42.556564  35.602032  30.097813  27.224899 
 27.198071  33.789532  42.030468  50.375153  58.212189  65.320313  71.257187  75.441559  76.609375  74.973282  70.839691  64.628593  57.452499  49.738281  41.562344  33.837032  28.344322 
 29.809582  38.337502  47.583439  57.030159  65.956253  74.480469  82.003441  87.266876  88.982811  86.801872  81.517654  73.845154  65.166718  56.332031  47.079845  38.016876  30.345211 
 32.455467  42.127342  52.161095  62.470627  72.683281  82.703125  91.866722  97.976715  99.966560  97.597809  91.305000  82.000153  71.689377  61.758591  51.594841  41.517654  32.347031 
 34.339741  44.812031  55.298126  66.285469  77.719063  88.999847  99.060623  105.707657  107.845627  105.370468  98.484688  88.147499  76.620941  65.578278  54.664688  44.075470  34.114841 
 35.318176  45.992970  56.874062  68.252968  80.080467  92.068748  102.334846  109.185783  111.574219  108.996094  102.282501  91.696091  79.586403  67.927498  56.404533  45.305313  34.934063 
 35.065002  45.590000  56.272812  67.436722  79.047813  90.610153  100.946877  107.864372  110.190628  107.474373  100.915154  90.493439  78.145157  66.766716  55.526253  44.702656  34.747032 
 33.678696  43.691406  53.893440  64.395157  75.237343  85.691254  95.205315  101.908905  104.207809  101.651878  94.879532  85.269844  74.383438  63.816093  53.216408  42.897499  33.609997 
 31.296097  40.275467  49.875465  59.568123  69.195938  78.248749  86.317345  92.173592  94.279533  92.018127  86.255470  77.972504  68.570778  59.072655  49.301247  39.713280  31.540989 
 28.966354  36.158436  44.766563  53.620468  62.192497  69.697342  76.440628  80.962814  82.719528  80.894218  76.252655  69.522034  61.583908  53.121094  44.170937  35.832344  29.719219 
 27.506615  31.931408  38.714844  46.585155  54.054688  60.519218  65.886253  69.499062  70.694534  69.386871  65.634377  60.222031  53.488129  46.024220  38.286720  31.960625  28.430626 
 25.767029  28.434532  32.509632  38.739944  45.353855  50.718170  55.112915  57.878647  58.830986  57.823967  54.892288  50.400986  44.592709  38.053593  32.033592  28.925625  26.368126 
 } 
 GR Channel
 {
 48.978439  53.857185  59.962341  69.214691  78.660675  86.913071  92.891769  96.738174  98.109741  96.654274  92.859375  86.764839  78.484375  69.589058  61.141830  56.218849  51.858437 
 52.269272  59.419685  69.786720  81.427185  92.292969  101.512032  108.913437  113.967972  115.770782  113.988434  109.339378  101.971718  92.421875  81.725311  70.370781  60.834686  55.328438 
 55.234688  66.515938  79.822029  92.950310  105.205315  116.388275  125.762817  131.996399  134.220779  132.036880  126.106247  116.830780  105.713127  93.437813  80.091095  67.315315  57.816147 
 59.563751  73.718750  88.563751  102.898750  116.920624  130.396408  142.187195  150.200150  153.259064  150.332657  142.822662  131.365631  117.872818  103.807030  89.087502  74.147499  61.194588 
 63.855728  79.557816  95.221565  110.881096  126.734848  142.571716  156.860001  166.374695  169.852188  166.664993  157.859222  143.849213  127.886093  112.131882  96.182503  79.905624  64.706039 
 66.940521  83.655937  99.966873  116.434692  133.815475  151.499847  167.263275  177.856720  181.202026  178.020462  168.672501  152.993744  135.185776  118.089996  101.075310  84.021408  67.502861 
 68.559898  85.481560  102.223282  119.244690  137.257187  155.900467  172.183289  182.592026  186.452194  183.086090  173.932816  158.151718  139.573288  121.729691  103.843750  86.019997  68.894997 
 67.956566  84.886566  101.192970  117.838287  135.622345  153.727341  169.894684  180.538284  184.188431  180.785004  171.756561  156.298126  137.291718  119.644684  102.158905  84.943596  68.449219 
 65.688072  81.828278  97.557816  113.359848  129.940002  146.452820  161.263443  171.485779  175.230942  171.952499  162.490311  148.121246  131.411407  115.011719  98.531250  81.985626  66.456047 
 61.860939  76.492188  91.493904  106.178284  120.911407  134.986252  147.425003  156.285156  159.656723  156.973755  148.989685  136.638123  122.266724  107.628441  92.394218  76.789215  63.127754 
 58.179634  69.993591  83.590622  97.262344  110.453125  122.132660  132.172501  139.147186  141.892029  139.520462  132.992340  123.181244  111.163437  98.174065  84.000938  70.314377  59.785629 
 55.217239  63.132034  74.105156  86.369064  98.046875  107.936409  116.121246  121.438904  123.370789  121.735474  116.406250  108.547188  98.129219  86.583748  74.230934  63.806404  57.109955 
 51.571823  56.932655  63.676620  73.816978  84.103546  92.547035  99.142494  103.511620  105.151825  103.827759  99.603333  92.801773  84.016510  73.491669  63.726357  58.392456  53.362862 
 } 
 GB Channel
 {
 50.009590  54.604576  60.886871  70.271721  79.850777  88.014015  94.341667  98.321716  99.643227  97.887550  94.167969  87.751923  79.366508  70.066399  61.543068  56.698288  52.419113 
 53.004997  60.016251  70.615623  82.499847  93.557655  102.909218  110.415001  115.433594  117.186569  115.274841  110.439842  102.862968  93.091721  82.194534  70.605782  61.102654  55.622864 
 55.410416  66.991249  80.639847  93.885941  106.388748  117.584213  127.041092  133.389847  135.500305  133.158905  127.122345  117.670624  106.220940  93.894684  80.242966  67.267029  57.543488 
 59.556618  74.082657  89.237190  103.908279  117.985153  131.541565  143.335632  151.437195  154.275162  151.349060  143.728287  131.938278  118.211563  103.973122  88.984528  73.875313  60.710312 
 63.616249  79.711250  95.831093  111.651405  127.575943  143.469055  157.641556  167.104065  170.588120  167.296875  158.325943  144.170944  128.062195  112.096558  95.780472  79.236717  63.953598 
 66.546822  83.635780  100.238594  116.742966  134.178436  151.625000  167.324066  177.779221  181.240936  177.952820  168.246094  152.701248  134.906723  117.587341  100.259842  83.074844  66.524216 
 67.830261  85.174217  101.975311  119.116257  136.916565  155.485779  171.315781  181.725311  185.582809  182.206558  172.879532  157.124069  138.662033  120.770309  102.669998  84.751404  67.672859 
 67.253433  84.262184  100.709999  117.310318  134.823441  152.622345  168.442337  179.007507  182.690628  179.469681  170.197342  154.674530  135.906876  118.319214  100.744530  83.525467  67.086098 
 64.909851  81.095467  96.835472  112.623596  128.877808  144.989685  159.351563  169.488281  173.041718  169.839539  160.347656  146.163589  129.678131  113.442810  96.930466  80.423904  65.064949 
 61.003021  75.639687  90.532967  105.067970  119.491409  133.189056  145.158127  153.823593  157.067657  154.282654  146.529221  134.326874  120.277344  105.791718  90.582970  75.138435  61.711349 
 57.274117  69.032654  82.504219  96.045158  108.825783  119.999695  129.818436  136.546875  139.136871  136.820313  130.436569  120.734528  108.964378  96.169998  82.258904  68.735779  58.420990 
 54.447601  62.060936  72.910309  85.037971  96.325783  105.931564  113.743912  119.000778  120.827347  119.098434  113.957184  106.223434  96.098122  84.725471  72.549377  62.267029  55.988075 
 50.950523  56.082603  62.836983  72.850258  82.748077  91.086983  97.548698  101.729324  103.070473  101.748024  97.455109  90.873856  82.198959  71.821930  62.134377  56.946411  52.150993 
 } 
 B Channel
 {
 33.847084  37.346668  42.044739  48.937866  55.719109  61.424583  65.872284  68.314117  68.931351  68.021820  65.713432  61.454689  55.693230  49.091248  42.808334  39.139637  36.745049 
 35.780003  40.931252  48.504532  56.848907  64.550156  70.925003  75.868126  78.946404  80.017189  78.779533  75.915939  71.098434  64.457809  56.962502  48.827499  42.007343  38.862553 
 37.678905  45.979530  55.497345  64.802658  73.306717  80.839066  86.896873  90.766403  92.135941  90.712654  87.051407  81.026878  73.461876  65.152031  55.711250  46.548595  40.552551 
 40.803852  51.008438  61.437035  71.533440  81.146873  90.059532  97.657028  102.771408  104.598434  102.947968  98.185310  90.673279  81.594841  72.177658  61.911407  51.350937  43.163853 
 43.723957  55.096878  66.022499  76.813591  87.525780  97.916565  107.049690  113.267181  115.407654  113.506561  107.926559  98.807030  88.278595  77.703590  66.626091  55.288124  45.752296 
 46.010315  57.759064  68.951561  80.146408  91.873123  103.461403  113.639221  120.350784  122.586868  120.738434  114.795471  104.698753  92.843597  81.360466  69.604218  58.014847  47.595882 
 47.055309  58.819061  70.220940  81.799065  93.697655  105.781097  116.224060  123.050629  125.814850  123.845306  118.161255  107.459846  95.327034  83.449219  71.358284  59.314842  48.448807 
 46.804996  58.330002  69.440155  80.802971  92.438438  104.108437  114.668747  121.655151  124.284225  122.297653  116.577499  106.468903  93.924530  82.181091  70.307503  58.568436  48.075111 
 45.221199  56.167656  67.073280  77.827347  88.559219  99.255783  108.878754  115.746399  118.427185  116.479691  110.369690  100.918747  89.907654  79.014221  67.863747  56.522659  46.773281 
 42.403332  52.463753  62.793747  72.776718  82.514221  91.589066  99.723282  105.687653  108.039528  106.373909  101.406250  93.212341  83.710472  73.953590  63.515312  52.830780  44.090160 
 39.538177  47.826717  57.297501  66.647972  75.472809  83.082031  89.714378  94.314529  96.244377  94.889374  90.725159  84.156876  76.196877  67.435936  57.704216  48.272659  41.542862 
 37.408123  42.911877  50.547028  59.014999  67.050934  73.635468  79.192810  82.854691  84.115936  83.122971  79.644531  74.318123  67.364685  59.461716  50.843750  43.463436  39.425522 
 34.736874  38.333961  43.242237  50.336250  57.515526  63.391930  67.938232  70.781776  72.016357  71.093178  68.195992  63.508125  57.530518  50.334007  43.402920  39.548439  36.288857 
 } 


 White Balance Data with optical Center Data
 r_center_x =  629 r_center_y =  513 
 gr_center_x =  644 gr_center_y =  515 
 b_center_x =  645 b_center_y =  497 
 gb_center_x =  650 gb_center_y =  510 
 r/gr 0.597054 
 b/gr 0.674336 
 gb/gr 0.993833 
 r_oc_ave 111.866669 
 b_oc_ave 126.346664 
 gr_oc_ave 187.364441 
 gb_oc_ave 186.208893 

 [AWB]
 RGr =  0.597054 
 BGr =  0.674336 
 GbGr =  0.993833 
 r_oc_ave =  111.866669 
 b_oc_ave =  126.346664 
 gr_oc_ave =  187.364441 
 gb_oc_ave =  186.208893 