 LEFT LENS SHADING DATA
 RED Channel
 {
 24.311665  26.561249  29.708542  35.215729  41.112499  46.395733  50.527557  52.903755  53.750778  52.497658  49.686623  45.493126  39.989426  33.868851  28.612347  25.794430  23.442341 
 26.059586  29.590000  35.635624  43.007813  50.105003  56.232811  61.301094  64.481247  65.456406  63.913284  60.328903  54.994377  48.430466  41.385937  34.137970  28.447968  25.370258 
 27.443226  33.522812  41.725624  50.440781  58.681091  66.067184  72.192970  76.324532  77.518593  75.535309  71.027657  64.347656  56.617653  48.495628  39.993752  32.166561  26.756145 
 29.806198  37.955154  47.371250  57.118126  66.635941  75.385780  83.111092  88.418747  90.049530  87.366096  81.647034  73.402191  64.179222  54.848907  45.374844  36.233124  28.692707 
 32.249790  41.669376  51.891563  62.480316  73.363594  83.690002  92.883591  99.061874  100.958435  98.019844  91.135155  81.407028  70.600471  60.075470  49.697502  39.680939  30.850937 
 33.873020  44.158436  54.794998  66.161560  78.096405  89.742188  99.774216  106.305466  108.369217  105.360939  98.099373  87.201248  75.212967  63.764061  52.657967  42.169846  32.477551 
 34.597603  45.108437  56.248749  67.915154  80.081406  92.413750  102.653435  109.192810  111.157188  108.212341  101.299217  90.237030  77.761871  65.788750  54.132347  43.182499  33.292084 
 33.990990  44.542030  55.426094  66.792191  78.587029  90.471565  100.664063  107.254532  109.156097  106.147186  99.333435  88.614845  75.878754  64.320625  53.177498  42.585625  33.008125 
 32.573856  42.265938  52.766403  63.396721  74.308128  84.936249  94.310783  100.697029  102.545784  99.594688  92.583435  82.755310  71.838440  61.127815  50.651878  40.550468  31.611092 
 30.135155  38.719532  48.416405  58.185936  67.896873  76.932030  84.745003  90.313751  91.985313  89.332497  83.382500  75.121559  65.684059  56.201248  46.550625  37.293125  29.424793 
 27.942085  34.615002  43.099686  52.014847  60.491562  67.998749  74.330002  78.616722  80.070625  78.031715  73.116562  66.319061  58.421410  50.098907  41.395000  33.315311  27.550312 
 26.733959  30.701874  37.151405  44.787498  52.206879  58.524689  63.570160  66.889687  67.831718  66.339691  62.424690  56.965309  50.323593  43.022343  35.516563  29.535938  26.330936 
 25.479374  27.963543  31.666615  37.509586  43.741039  49.217186  53.343285  55.931351  56.552757  55.467598  52.595520  48.055313  42.216305  36.025471  30.207813  27.242603  25.110519 
 } 
 GR Channel
 {
 49.405106  54.243019  59.758385  68.483749  77.938019  86.265778  92.583961  96.537865  98.158905  96.372246  92.297035  85.839691  77.356461  67.798225  59.034744  54.117661  49.557648 
 53.176353  59.667191  69.539841  81.267502  92.462189  102.320160  110.090622  115.312653  117.048279  114.863281  109.871407  101.777191  91.529373  80.290314  68.503281  59.062035  53.561821 
 55.946350  66.213440  79.235153  92.912971  105.840469  117.510788  127.290161  133.843277  136.063431  133.345001  126.887024  116.942963  104.827812  91.867188  78.164063  65.246407  55.893280 
 59.663437  73.068436  87.917191  103.145309  118.001251  131.993591  144.120316  152.545944  155.491409  152.023743  143.791870  131.435623  117.012192  102.200783  87.019379  72.023285  59.144737 
 63.602493  78.648750  94.647812  110.990784  128.029526  144.293594  159.047348  168.780151  172.239059  168.517349  158.789536  144.127975  127.309219  110.632813  93.975159  77.784531  62.892235 
 66.347549  82.647346  99.070465  116.384689  134.962189  153.242340  169.362350  179.741714  183.281250  179.494217  169.411087  153.087189  134.416718  116.438431  98.878281  81.835785  65.702660 
 67.264580  84.018753  101.296875  119.099686  137.791245  157.062500  173.374374  183.863586  187.212814  183.637192  174.118912  157.694061  138.325623  119.656403  101.254845  83.446091  66.986717 
 66.482292  82.981873  99.800156  117.255310  135.437500  154.012344  170.245789  180.777344  184.290619  180.383911  170.970932  154.950150  135.160782  116.929688  99.246719  82.172188  66.390518 
 64.032707  79.496872  95.684372  112.064529  129.030624  145.731247  160.637024  170.786407  174.046402  170.235001  160.470932  145.782028  128.633286  111.776718  95.079689  78.807030  63.837242 
 60.026878  74.081879  89.043434  104.215469  119.232193  133.521561  145.911713  154.752029  157.840622  154.464066  146.017349  133.539215  118.894379  103.916405  88.509842  73.419998  60.349586 
 56.528069  67.564529  80.977188  94.849220  108.036095  119.958435  129.831726  136.694534  139.269531  136.622498  129.496567  119.363907  107.142967  93.915466  80.110153  66.909691  56.973846 
 54.234375  61.130623  71.517967  83.648285  95.158440  105.112030  113.101715  118.295624  120.074219  118.066101  112.478592  104.228439  93.911407  82.473907  70.280785  60.489845  54.783386 
 51.219795  56.275620  62.590263  71.955986  81.824272  90.517242  96.906929  101.196465  102.488182  101.011299  96.787971  89.828850  80.952858  70.723694  61.286407  56.313797  52.347549 
 } 
 GB Channel
 {
 50.426979  55.126976  60.629738  69.596458  79.049263  87.561661  94.096725  98.079109  99.424324  97.358017  92.984482  86.386765  77.562866  67.922607  59.016823  54.065620  49.479790 
 54.079063  60.526566  70.612030  82.565628  93.964691  103.742500  111.503593  116.747650  118.415787  116.074692  110.591560  102.262184  91.943909  80.360939  68.454529  58.920624  53.645210 
 56.547134  67.007347  80.410309  94.404221  107.440941  119.199371  128.767029  135.408432  137.379059  134.527817  127.657501  117.361404  105.042503  91.858284  77.988281  64.955467  55.666504 
 60.124428  73.914215  89.209686  104.688751  119.732498  133.652496  145.724380  154.105316  156.898438  153.125473  144.518280  131.818909  117.075943  102.185783  86.692810  71.547188  58.706772 
 64.001198  79.523903  95.729065  112.581558  129.565308  145.895004  160.529373  170.210159  173.538284  169.315781  159.177185  144.289368  127.078903  110.231873  93.444221  77.095314  62.072395 
 66.550003  83.383751  100.154373  117.690155  136.325470  154.639694  170.298279  180.555313  183.903748  179.816101  169.326569  152.800934  133.877808  115.738754  97.972969  80.954376  64.753960 
 67.374687  84.498436  102.070000  120.048431  138.714996  157.957031  173.942337  184.047974  187.470154  183.453903  173.567184  156.970154  137.574219  118.671722  100.193436  82.359222  65.848595 
 66.514069  83.340309  100.385468  117.972809  136.259369  154.519531  170.490631  180.853287  183.995163  179.961411  170.213287  154.043747  134.221558  115.870316  98.162811  81.055000  65.161667 
 63.944740  79.822029  96.144684  112.676880  129.577820  145.977814  160.497971  170.509537  173.668274  169.516556  159.593124  144.754059  127.534531  110.667656  93.906403  77.702812  62.807816 
 59.888702  74.130157  89.326561  104.552185  119.473282  133.451874  145.666412  154.204529  157.136246  153.416718  144.782181  132.255463  117.628433  102.714066  87.341873  72.339218  59.417763 
 56.562607  67.718437  81.208435  95.081566  108.106247  119.746246  129.397339  135.985306  138.412186  135.545624  128.264526  118.001251  105.805626  92.778122  79.017029  65.917030  56.200569 
 54.262238  61.147034  71.566093  83.699371  95.025467  104.828278  112.603439  117.762817  119.348907  117.134995  111.435310  103.140472  92.897346  81.409691  69.412498  59.682816  54.056564 
 51.712654  56.438484  62.629211  72.073967  81.851921  90.298912  96.605942  100.686150  101.804955  100.245003  95.644478  88.789429  79.965469  69.858429  60.504166  55.513229  51.697395 
 } 
 B Channel
 {
 34.323437  37.799686  41.648907  48.096619  54.977188  60.959373  65.481827  68.128799  69.122711  68.004845  65.264847  60.762703  54.576508  47.536819  41.023335  37.464951  34.419949 
 37.187603  41.774689  49.013283  57.430153  65.347191  71.983124  77.163284  80.536095  81.636871  80.405472  77.172966  71.766876  64.702972  56.625778  48.089996  41.252655  37.677448 
 39.199066  46.612812  56.198280  65.898125  74.756721  82.524216  88.853592  92.943123  94.327347  92.748123  88.716873  82.242188  74.004997  64.998596  55.141403  46.052658  39.732864 
 41.744377  51.629372  62.433281  73.079842  83.082497  92.209999  100.153282  105.462814  107.264534  105.115936  99.909531  91.884689  82.193436  72.140778  61.343124  51.021721  42.375263 
 44.511982  55.559059  67.169220  78.440155  89.679062  100.396408  109.993439  116.221405  118.312195  115.862183  109.605934  99.945938  88.670624  77.467972  66.056877  55.040779  44.920158 
 46.404690  58.130936  69.892029  81.847656  94.069061  106.170311  116.586090  123.132339  125.317032  122.861252  116.169220  105.497345  93.132034  81.106094  69.116409  57.809532  46.983074 
 47.102348  59.020470  71.082970  83.187500  95.746719  108.528122  119.060776  125.597656  127.697037  125.265320  118.941101  108.073128  95.357658  83.018127  70.659531  58.837967  47.864841 
 46.617340  58.234222  70.078751  81.924065  94.138748  106.330467  116.946716  123.608124  125.776413  123.268906  117.182037  106.736717  93.561722  81.334373  69.316406  57.962341  47.429638 
 44.640938  55.950935  67.430313  78.580940  89.929222  100.932503  110.572968  117.003433  119.039536  116.626877  110.275780  100.684532  89.342812  78.072655  66.727501  55.691872  45.780209 
 41.803593  51.921722  62.887184  73.382034  83.397499  92.667816  100.786247  106.295937  108.190628  106.166252  100.778748  92.611404  82.929840  72.856407  62.204376  51.854530  43.106823 
 39.096458  47.263126  57.076561  66.933128  75.898590  83.610001  90.062187  94.401405  95.880470  94.211090  89.843597  83.143906  75.127190  66.126877  56.236565  47.202812  40.597813 
 37.395416  42.661251  50.479378  59.285622  67.320625  74.054222  79.153122  82.567970  83.506721  82.363907  78.842659  73.332031  66.235001  58.163910  49.356720  42.490623  38.898960 
 35.703751  39.642498  44.766872  52.016876  59.265205  65.460258  69.885208  72.644844  73.564430  72.475784  69.422440  64.702660  58.506668  50.817024  43.816925  40.272709  37.767292 
 } 


 White Balance Data with optical Center Data
 r_center_x =  629 r_center_y =  483 
 gr_center_x =  634 gr_center_y =  487 
 b_center_x =  662 b_center_y =  489 
 gb_center_x =  639 gb_center_y =  487 
 r/gr 0.593337 
 b/gr 0.681134 
 gb/gr 1.001184 
 r_oc_ave 111.373337 
 b_oc_ave 127.853333 
 gr_oc_ave 187.706665 
 gb_oc_ave 187.928894 

 [AWB]
 RGr =  0.593337 
 BGr =  0.681134 
 GbGr =  1.001184 
 r_oc_ave =  111.373337 
 b_oc_ave =  127.853333 
 gr_oc_ave =  187.706665 
 gb_oc_ave =  187.928894 