 LEFT LENS SHADING DATA
 RED Channel
 {
 24.391563  26.647392  29.539425  35.164845  41.063751  46.400570  50.617912  53.200935  54.098129  52.879013  50.283546  46.059998  40.714531  34.954269  29.604897  26.484791  24.870209 
 25.863647  29.207813  34.967968  42.294220  49.467499  55.697029  60.820000  64.258438  65.344376  63.865471  60.529373  55.283752  48.918907  42.069687  34.957813  29.166874  26.186043 
 27.046093  32.905468  40.810623  49.392815  57.594688  65.028122  71.381561  75.682190  77.068596  75.392967  71.091721  64.574219  56.919220  48.882965  40.574688  32.745937  27.318436 
 29.030315  36.975311  46.221561  55.803909  65.279846  74.255936  82.059372  87.671410  89.657341  87.295158  81.822342  73.690941  64.413124  55.135628  45.738750  36.791248  29.373753 
 31.031040  40.408127  50.549217  61.046410  71.848122  82.424530  91.941093  98.269844  100.572502  97.968437  91.502968  81.885315  70.940468  60.307503  49.968597  40.148125  31.491039 
 32.768490  42.783279  53.410004  64.676720  76.597191  88.458122  98.794060  105.774063  108.077812  105.408905  98.463905  87.786873  75.547813  63.935310  52.792030  42.462345  33.099632 
 33.381508  43.774220  54.707184  66.431404  78.666405  91.149216  101.870628  108.818436  111.318436  108.730782  102.097656  90.859222  78.250153  66.025154  54.358910  43.461720  33.839424 
 33.119583  43.172501  53.899376  65.267815  77.194534  89.277191  100.014534  107.150780  109.488907  106.879219  100.173439  89.272812  76.398125  64.572815  53.398125  42.858906  33.537865 
 31.689430  41.077969  51.309219  61.995003  73.041565  83.945625  93.717186  100.498749  102.806717  100.268906  93.411560  83.544060  72.233437  61.401253  50.867035  40.947498  32.220001 
 29.597187  37.772186  47.221249  56.854843  66.646561  75.892342  84.151253  89.907654  92.011871  89.802811  83.990311  75.628128  66.035622  56.346252  46.835625  37.666248  30.145416 
 27.688232  33.877811  42.081718  50.775780  59.262810  66.921097  73.570000  78.140312  79.870155  78.031876  73.314064  66.577187  58.654373  50.341408  41.722500  33.748436  28.051769 
 26.752968  30.284843  36.345627  43.840469  51.138283  57.583435  62.814690  66.353905  67.543594  66.217186  62.595627  57.156097  50.656715  43.461563  36.018124  30.004063  26.904060 
 25.131718  27.532139  30.846039  36.359425  42.608906  47.899273  52.105103  54.898697  55.725883  54.949692  52.105209  47.747967  42.169426  36.106564  30.228958  27.316147  25.479481 
 } 
 GR Channel
 {
 49.970528  54.658859  59.800102  68.815056  78.431717  86.620834  93.098701  97.027809  98.248077  96.497856  92.589066  86.152443  77.964012  68.786255  60.063904  54.837181  51.392189 
 53.206352  59.413437  69.130936  80.904846  92.197342  101.803749  109.518906  114.515320  116.205780  113.931412  108.934059  101.161407  91.492966  80.712502  69.235779  59.570938  54.002190 
 55.418388  65.657341  78.616096  92.278595  105.077972  116.491089  125.989212  132.302658  134.645004  132.001251  125.436569  115.747025  104.125465  91.671722  78.360466  65.647034  56.194740 
 58.712502  72.293747  87.084061  102.166718  116.824524  130.662506  142.501877  150.817184  153.726410  150.523743  142.274841  130.040787  115.832504  101.411873  86.708435  72.178596  59.640053 
 62.431091  77.865471  93.930466  110.279999  126.979218  143.234070  157.681717  167.177811  170.625305  166.981400  157.287659  142.751404  126.008438  109.569847  93.430313  77.606247  63.052505 
 65.080414  81.760002  98.561722  115.993118  134.250305  152.566406  168.381088  178.586716  182.024216  178.271255  168.172180  152.110779  133.347031  115.285004  98.015472  81.502968  65.794846 
 66.205879  83.342346  100.597504  118.621399  137.369690  156.729538  172.736404  182.974213  186.680313  183.229538  173.520935  156.767654  137.487350  118.785934  100.598434  83.078903  66.977455 
 65.654221  82.322342  99.271873  116.789063  135.247971  153.819214  170.274216  180.642029  184.146561  180.515930  170.808121  154.684525  134.728287  116.393753  98.857346  81.986252  66.358330 
 63.165367  79.067657  95.312500  111.792343  128.982193  145.859222  160.796570  170.996872  174.599533  170.826401  160.806717  145.593445  128.205002  111.374535  94.875153  78.766716  64.097763 
 59.514740  73.623283  88.762032  104.015312  119.055313  133.487030  146.181564  154.979065  158.221878  155.055161  146.288284  133.385620  118.577194  103.497971  88.531715  73.518753  60.592911 
 56.600418  67.360001  80.774216  94.519531  107.895622  119.740463  129.858902  136.885162  139.477814  136.755157  129.584534  119.217651  107.033127  94.102028  80.299217  67.128441  57.090515 
 54.695465  61.339844  71.483749  83.652191  95.176720  105.103279  113.188278  118.573288  120.322037  118.328751  112.720779  104.439529  94.263596  82.949684  70.902344  60.870155  55.154114 
 51.227547  56.312553  62.030006  71.275940  81.285263  89.624741  95.908493  100.144737  101.693069  100.218742  95.948906  89.084740  80.612968  70.680939  61.200890  55.989113  52.439949 
 } 
 GB Channel
 {
 50.397606  55.066360  60.304115  69.368233  79.166718  87.558693  94.243484  98.118431  99.452606  97.590111  93.317863  86.868126  78.508698  69.174217  60.216042  54.782974  51.275047 
 53.552605  59.782188  69.550156  81.597809  92.999847  102.787659  110.504532  115.754684  117.433441  114.984680  109.762657  101.784378  91.947655  80.887344  69.225624  59.447342  53.941719 
 55.399948  65.870155  79.051872  92.942497  105.940781  117.407654  127.092346  133.594528  135.760315  132.906555  126.237808  116.273743  104.424843  91.802032  78.271873  65.332344  55.872971 
 58.466301  72.339844  87.371094  102.695000  117.533279  131.475937  143.528275  151.960938  155.026871  151.416412  143.002808  130.436569  116.095154  101.476563  86.501877  71.694847  59.122971 
 62.041512  77.650467  94.042969  110.630936  127.542969  143.890320  158.385468  168.006714  171.481720  167.677963  157.879684  142.933746  126.002975  109.406250  93.030312  77.040154  62.345367 
 64.493492  81.370781  98.449066  116.093597  134.607819  152.755157  168.574371  178.871719  182.450943  178.565308  168.293121  151.902817  133.056091  114.946243  97.345779  80.714691  64.917603 
 65.452454  82.778908  100.350937  118.554840  137.332504  156.484848  172.585938  182.982498  186.741714  182.967499  173.177032  156.324219  136.985001  118.214844  99.807816  82.204689  66.093430 
 64.962128  81.786095  98.932503  116.630005  134.918747  153.452499  169.824997  180.306717  183.803757  180.159683  170.266876  154.031250  134.039688  115.698441  98.048904  81.083122  65.299797 
 62.562805  78.549065  94.841873  111.552658  128.542969  145.268753  160.254532  170.550781  174.083282  170.235306  160.105942  144.929688  127.517181  110.643440  93.990471  77.810623  63.058540 
 59.064377  73.130623  88.343437  103.528282  118.629532  132.836868  145.363907  154.210938  157.539841  154.161880  145.417664  132.513123  117.666718  102.735466  87.644684  72.671410  59.742447 
 56.036873  66.844376  80.205627  94.044373  107.249374  118.977493  129.022186  136.034225  138.539368  135.870621  128.584686  118.273132  106.186409  93.284843  79.549217  66.297501  56.460411 
 54.287186  60.860939  70.971718  83.239372  94.673592  104.365158  112.445160  117.835938  119.558899  117.412659  111.794998  103.572029  93.485466  82.165627  70.223747  60.217346  54.625053 
 51.238861  55.926361  61.804848  70.999374  80.747971  89.192451  95.575775  99.773857  101.068703  99.904114  95.342506  88.517654  79.938171  70.097702  60.607506  55.552971  51.967552 
 } 
 B Channel
 {
 34.116249  37.470833  41.236977  47.928539  54.978081  60.977341  65.340729  68.133904  68.886978  67.756973  65.076042  60.683121  54.882187  47.993488  41.596043  37.756927  35.561096 
 36.621666  41.143749  48.297813  56.953125  65.172028  71.972969  77.352814  80.753281  81.795311  80.341560  77.053123  71.690628  64.737190  56.892029  48.544373  41.714218  38.294846 
 38.175465  45.732346  55.335312  65.367340  74.622032  82.622971  89.219841  93.394218  94.817184  93.197189  88.976410  82.346565  74.192497  65.224998  55.450783  46.419533  40.192654 
 40.602135  50.616096  61.564842  72.587029  82.975624  92.557190  100.755310  106.278122  108.191406  106.226250  100.726250  92.387032  82.571877  72.277809  61.554062  51.269379  42.853542 
 43.258541  54.504372  66.304840  78.100311  89.764221  100.973434  110.877968  117.296570  119.660156  117.236557  111.002029  100.943909  89.467812  77.954529  66.311562  55.161720  45.406929 
 45.006878  57.206879  69.409218  81.799843  94.325623  106.869377  117.686401  124.533600  126.922806  124.471558  117.733124  106.807030  93.901566  81.493591  69.192657  57.686722  47.294430 
 45.703903  58.219528  70.671562  83.453125  96.377502  109.531250  120.395782  127.416565  129.906403  127.494995  121.104691  109.535782  96.394997  83.519531  70.787971  58.694847  48.150879 
 45.376457  57.493126  69.747971  82.217659  94.912659  107.571564  118.687653  125.811569  128.185471  125.862656  119.422653  108.448753  94.912811  82.052032  69.635780  57.934372  47.611454 
 43.905262  55.239220  67.177811  78.932343  90.883438  102.341248  112.501251  119.377029  121.724838  119.428436  112.741882  102.575470  90.542343  78.812500  66.986877  55.816254  45.970001 
 41.254688  51.468437  62.541252  73.538124  84.261871  94.082031  102.591560  108.448128  110.517815  108.686096  102.989845  94.350624  84.104530  73.529221  62.750938  52.209846  43.664635 
 39.073906  46.933281  56.724998  66.888748  76.457031  84.794998  91.637497  96.404060  98.019531  96.362190  91.833748  84.715309  76.211716  66.945160  56.943596  47.727970  41.403175 
 37.712914  42.591251  50.187187  59.105934  67.461250  74.574844  80.158127  83.712341  84.883438  83.599998  80.047653  74.356560  67.268906  58.991722  50.147186  43.118908  39.719112 
 35.409584  39.052917  43.397606  50.198860  57.414993  63.617134  67.993126  70.911720  71.721352  70.921249  68.136612  63.408646  57.221611  49.973595  43.021351  39.470364  37.284531 
 } 


 White Balance Data with optical Center Data
 r_center_x =  638 r_center_y =  483 
 gr_center_x =  651 gr_center_y =  499 
 b_center_x =  636 b_center_y =  522 
 gb_center_x =  646 gb_center_y =  486 
 r/gr 0.595232 
 b/gr 0.697782 
 gb/gr 1.000830 
 r_oc_ave 111.519997 
 b_oc_ave 130.733337 
 gr_oc_ave 187.355560 
 gb_oc_ave 187.511108 

 [AWB]
 RGr =  0.595232 
 BGr =  0.697782 
 GbGr =  1.000830 
 r_oc_ave =  111.519997 
 b_oc_ave =  130.733337 
 gr_oc_ave =  187.355560 
 gb_oc_ave =  187.511108 