 LEFT LENS SHADING DATA
 RED Channel
 {
 24.584690  26.688854  29.568645  34.961094  41.066254  46.255878  50.504005  52.882805  53.854111  52.679222  50.084274  45.810314  40.449169  34.740883  29.306301  25.675053  23.415051 
 26.681770  29.750938  35.386562  42.664219  49.777496  55.968597  61.039215  64.367813  65.371407  63.937347  60.573441  55.287811  48.933746  42.051094  35.036095  29.059845  25.220051 
 27.828697  33.493908  41.304218  49.797813  57.904846  65.224846  71.497498  75.810783  77.292503  75.487656  71.014374  64.518127  57.000626  49.156250  40.899532  33.130470  26.939426 
 29.659531  37.592655  46.713123  56.162971  65.410309  74.089531  81.925003  87.376091  89.352814  87.051720  81.487343  73.468437  64.516716  55.347504  46.222343  37.315781  29.218906 
 31.697758  40.934219  51.066254  61.254219  71.715782  81.863907  91.208908  97.566559  99.784843  97.187187  90.724060  81.268440  70.725311  60.389221  50.412033  40.752811  31.775730 
 33.187450  43.175156  53.860313  64.773125  76.156250  87.458122  97.625153  104.359840  106.604218  104.029846  97.295784  87.022972  75.185310  63.871094  53.052971  42.934845  33.337967 
 33.846252  44.042500  55.031097  66.430626  78.053596  89.895470  100.151878  106.807030  109.132965  106.563438  100.232498  89.559059  77.430466  65.780785  54.388283  43.787186  33.758854 
 33.417084  43.347500  54.040154  65.069847  76.486565  87.783905  97.902191  104.614372  106.857658  104.264534  97.966560  87.652969  75.467659  64.179535  53.279846  42.958908  33.400784 
 32.010937  41.118439  51.267502  61.668747  72.200157  82.327187  91.442657  97.878593  99.971878  97.479378  90.991409  81.697502  71.132660  60.850311  50.731560  40.920467  31.862759 
 29.643490  37.613281  46.815781  56.406097  65.734528  74.438904  82.111877  87.545311  89.438751  87.307190  81.802185  73.924690  64.975471  55.781715  46.553749  37.509998  29.489998 
 27.605988  33.615780  41.613907  50.229065  58.507187  65.763123  72.050003  76.357658  77.874062  76.079063  71.593124  65.230469  57.702660  49.754684  41.304531  33.313126  27.003124 
 26.612919  29.915001  35.848125  43.215000  50.449532  56.547813  61.521408  64.925781  65.892029  64.623436  61.123749  55.989220  49.832970  42.972031  35.493752  29.213749  25.394997 
 25.101665  27.253334  30.409374  35.844582  41.965992  47.363651  51.405777  53.996826  54.832245  53.969269  51.200417  47.087761  41.797344  35.875576  29.563332  26.182083  23.979584 
 } 
 GR Channel
 {
 50.365051  55.257141  60.504578  69.309685  79.022766  87.073334  93.625725  97.299789  98.855095  97.086617  93.186302  86.621407  78.365471  69.096924  59.928749  54.081039  49.841454 
 55.001297  60.797340  70.288750  82.033440  93.382965  103.125000  110.826561  115.933121  117.514694  115.263901  110.166092  102.157028  92.309845  81.427971  69.993752  59.940628  53.346878 
 57.393120  67.118126  79.925629  93.585159  106.444534  118.083130  127.787964  134.225464  136.377350  133.541718  126.987183  117.106567  105.255157  92.836250  79.549530  66.745781  56.180992 
 60.593178  73.796722  88.573128  103.548752  118.295471  132.083755  144.328903  152.543900  155.263443  151.876556  143.575470  131.195007  117.099533  102.727501  88.165314  73.675316  60.471146 
 63.961670  79.364998  95.404846  111.578125  128.190933  144.294220  158.865463  168.441711  171.576096  167.749695  158.200775  143.613907  127.039536  110.743279  94.871246  79.317184  64.533440 
 66.465256  82.975471  99.939842  117.245316  135.137344  153.105164  168.909531  178.928909  182.183441  178.481247  168.387497  152.264694  133.798279  116.093750  99.153595  83.100311  67.207817 
 67.594330  84.353279  101.817810  119.836090  138.173126  156.753906  172.745941  182.865631  186.358597  182.518127  172.931412  156.493439  137.566101  119.289841  101.549690  84.559532  68.132233 
 66.840630  83.268127  100.267967  117.762497  135.770462  153.613129  169.472031  179.729538  182.892975  179.175781  169.598434  153.864838  134.608597  116.803131  99.611717  83.050781  67.505577 
 64.398117  79.759377  96.123909  112.625473  129.266098  145.527817  159.798599  169.484528  172.719528  168.881088  159.062500  144.599380  127.807663  111.427811  95.507500  79.787186  64.979271 
 60.591461  74.130623  89.204216  104.443123  119.379059  133.157501  145.223129  153.395630  156.223907  152.986099  144.723434  132.401871  118.124069  103.599686  88.894844  74.268440  60.800941 
 57.540733  67.727814  80.980003  94.863129  107.954842  119.541718  129.336563  135.771408  137.946411  135.316879  128.466248  118.470627  106.629219  93.881096  80.344215  67.393593  56.717964 
 55.135567  61.647034  71.563126  83.508904  94.895782  104.631409  112.507187  117.537964  119.093445  117.020462  111.644531  103.717812  93.811409  82.784531  70.729218  60.413750  53.734161 
 51.814323  56.759735  62.305626  71.349945  81.066826  89.694946  95.865944  99.896515  101.168022  99.931099  95.606819  88.920731  80.643692  70.642235  60.682343  55.000000  50.942078 
 } 
 GB Channel
 {
 51.100471  55.669632  60.847084  69.805313  79.506142  87.931038  94.581512  98.691246  100.085159  98.224174  94.020363  87.405678  79.020889  69.599480  60.443954  54.534576  50.184166 
 55.370468  61.108597  70.703751  82.646561  94.135315  103.880623  111.692970  116.943756  118.570786  116.308746  111.206406  103.035469  92.976097  82.020309  70.260628  60.135002  53.551254 
 57.508850  67.402191  80.349686  94.132187  107.138283  118.838745  128.565002  135.131561  137.422180  134.738281  127.934372  117.926086  106.023285  93.323753  79.910309  66.872658  56.285370 
 60.466042  74.019379  88.990158  104.231094  118.989212  132.852814  145.115631  153.530945  156.511414  153.100311  144.751724  132.227341  117.984375  103.348282  88.462814  73.748749  60.106255 
 63.697868  79.291405  95.810623  112.209839  128.820618  144.971558  159.587341  169.256088  172.743118  168.955002  159.286407  144.547974  127.790314  111.231873  95.091248  79.291878  64.255623 
 66.098907  82.892029  100.203903  117.577026  135.590149  153.345001  169.222183  179.485474  183.002975  179.238434  169.113129  152.986404  134.475311  116.551712  99.234528  82.932655  66.917862 
 67.126976  84.115311  101.770622  119.771255  138.173752  156.721252  172.540619  182.833908  186.555786  182.810623  173.352814  156.907501  138.055618  119.651566  101.478439  84.376091  67.761719 
 66.351303  82.822342  100.063278  117.713745  135.576721  153.343277  169.041092  179.530945  183.095932  179.292191  169.877808  154.096100  134.803589  116.862808  99.526566  82.819847  66.930046 
 63.955360  79.285156  95.805779  112.388901  129.007187  145.010941  159.176880  169.139221  172.546249  168.793274  159.082962  144.685318  127.862976  111.524063  95.389534  79.548592  64.503387 
 60.228333  73.747498  88.788437  104.127968  118.979538  132.578430  144.618286  152.832336  155.835159  152.606247  144.449524  132.175934  118.070786  103.500938  88.685623  73.925316  60.387390 
 57.071198  67.416405  80.543747  94.353905  107.442810  118.871719  128.490005  135.071411  137.344528  134.700623  128.095627  118.133591  106.501251  93.708595  80.239059  67.167969  56.345673 
 55.106972  61.289063  71.119690  83.039841  94.389999  104.019684  111.834846  116.970779  118.681870  116.590622  111.167343  103.342186  93.613747  82.591095  70.467659  60.195938  53.612602 
 51.802818  56.441978  61.929688  70.832970  80.601669  89.165108  95.482552  99.568489  100.881050  99.582710  95.251305  88.672600  80.392502  70.418800  60.616196  54.848434  51.068016 
 } 
 B Channel
 {
 34.655941  38.198853  41.924896  48.451981  55.263123  61.169739  65.644119  68.300888  69.242554  68.103645  65.500984  61.055206  55.023643  48.311089  41.732449  37.493908  34.885574 
 37.798855  42.227188  49.082809  57.409065  65.238129  71.999535  77.238907  80.626091  81.611092  80.304062  77.082031  71.710625  64.742813  57.155472  48.872658  41.895782  37.567657 
 39.715626  46.874374  56.161873  65.624687  74.316093  81.992188  88.528908  92.851410  94.301559  92.649841  88.501404  81.827187  73.897499  65.214218  55.780472  47.055313  39.836979 
 42.244534  51.617653  62.315315  72.679222  82.412498  91.408592  99.514061  104.990784  106.949684  104.971565  99.592972  91.397499  81.862968  72.050781  62.013748  52.120628  42.841457 
 44.693546  55.410622  66.953751  78.052658  88.853439  99.312187  108.939690  115.339066  117.626724  115.407349  109.205940  99.557655  88.442657  77.400780  66.554840  56.126877  45.782291 
 46.393806  57.861092  69.726715  81.479691  93.211250  104.782188  115.170151  121.759216  124.117493  122.062653  115.622345  105.043121  92.663124  80.783592  69.179535  58.527657  47.666615 
 47.070568  58.713280  70.801872  82.801720  94.972809  106.946404  117.266403  123.661255  126.187347  124.061722  118.201569  107.370003  94.749687  82.615471  70.665939  59.445465  48.201088 
 46.427708  57.809372  69.682343  81.463440  93.319687  104.883438  115.135941  121.715775  123.837967  121.923752  115.936249  105.877342  93.032501  81.092033  69.471252  58.452660  47.896191 
 44.675625  55.398125  66.819221  78.082809  89.083908  99.563126  108.759689  114.902969  117.069214  115.087494  108.990623  99.596718  88.552971  77.627968  66.756721  56.286247  46.070835 
 41.917240  51.468285  62.112190  72.620155  82.569847  91.447815  99.258591  104.412971  106.192345  104.464378  99.528282  91.569221  82.199066  72.394531  62.349686  52.435783  43.204739 
 39.590366  46.857655  56.298904  65.972191  74.976410  82.572968  88.881409  92.951248  94.296722  92.727188  88.638435  82.282654  74.472343  65.818283  56.472031  47.543751  40.012085 
 37.837814  42.382813  49.526405  58.148903  66.135468  72.717499  77.796722  81.018280  81.871559  80.718903  77.500626  72.356094  65.763283  58.046875  49.555000  42.374844  37.951717 
 35.914898  39.494064  43.669533  50.364113  57.725677  63.854164  68.021919  70.806824  71.484482  70.597450  67.846458  63.577553  57.545570  50.455208  42.942501  39.125053  36.531719 
 } 


 White Balance Data with optical Center Data
 r_center_x =  659 r_center_y =  492 
 gr_center_x =  659 gr_center_y =  493 
 b_center_x =  651 b_center_y =  490 
 gb_center_x =  661 gb_center_y =  494 
 r/gr 0.585909 
 b/gr 0.678421 
 gb/gr 1.000642 
 r_oc_ave 109.440002 
 b_oc_ave 126.720001 
 gr_oc_ave 186.786667 
 gb_oc_ave 186.906662 

 [AWB]
 RGr =  0.585909 
 BGr =  0.678421 
 GbGr =  1.000642 
 r_oc_ave =  109.440002 
 b_oc_ave =  126.720001 
 gr_oc_ave =  186.786667 
 gb_oc_ave =  186.906662 