 LEFT LENS SHADING DATA
 RED Channel
 {
 23.790470  25.961720  29.006096  34.520779  40.339893  45.481350  49.592026  52.094688  53.046143  51.811928  49.409370  45.239323  39.932343  34.222813  29.063957  25.818176  23.847343 
 25.822971  28.976093  34.801720  42.196407  49.164063  55.345940  60.398903  63.745941  64.917816  63.565468  60.106873  55.040779  48.635468  41.819061  34.635624  28.795467  25.472343 
 27.199791  32.849377  40.828907  49.428123  57.555313  64.998123  71.339218  75.720001  77.212341  75.466095  71.036407  64.642654  56.973595  48.964691  40.569218  32.722500  26.859585 
 29.380207  37.215626  46.398438  55.911873  65.417030  74.332344  82.256248  87.892502  89.854843  87.558128  81.858910  73.755623  64.652657  55.312500  45.933281  36.896873  29.063957 
 31.693752  40.832500  50.851563  61.403595  72.100471  82.737656  92.220001  98.644997  100.970779  98.313904  91.678596  82.121246  71.180000  60.537971  50.173752  40.271717  31.206512 
 33.351143  43.330311  53.883125  65.074066  77.066719  88.949066  99.465935  106.278748  108.662498  106.104378  98.864372  88.162346  75.956879  64.310783  53.228905  42.759689  32.855103 
 34.138699  44.355156  55.351097  67.069374  79.320938  91.807190  102.547653  109.490936  111.908592  109.240471  102.207657  91.110313  78.500313  66.356247  54.702972  43.671406  33.653282 
 33.736874  43.750626  54.542343  65.898903  77.826561  89.946251  100.651405  107.658752  109.952187  107.228127  100.310783  89.500465  76.641090  64.876564  53.564064  43.052502  33.327499 
 32.286091  41.714218  51.918747  62.519379  73.499687  84.526566  94.359840  100.962189  103.220627  100.630470  93.641876  83.538750  72.339691  61.535004  50.967186  40.959843  32.022133 
 30.105988  38.353283  47.748905  57.474220  67.118279  76.457809  84.829529  90.604378  92.639999  90.171249  84.243591  75.580780  65.992966  56.346092  46.797031  37.622971  29.714428 
 28.204117  34.451405  42.631561  51.404060  59.755936  67.542656  74.329842  78.951721  80.506561  78.387657  73.630157  66.707344  58.559059  50.180779  41.561092  33.564220  27.594009 
 27.419846  30.775467  36.806564  44.357967  51.646873  58.056091  63.521721  67.000778  68.157188  66.570625  62.749847  57.113594  50.391251  43.145626  35.617813  29.720627  26.307293 
 25.699009  28.267761  31.280315  36.874844  42.816044  48.279213  52.525261  55.323494  55.986771  55.063126  51.943382  47.607967  42.013332  35.713543  29.814480  26.727707  24.893124 
 } 
 GR Channel
 {
 49.953491  55.128494  60.689377  69.655724  79.102913  87.121300  93.555725  97.251144  98.644890  97.140518  93.421402  87.185257  79.031975  69.947762  61.145729  55.483757  51.390419 
 54.333908  60.494530  70.343124  82.240311  93.367500  102.933594  110.641563  115.710312  117.552811  115.607193  110.729530  103.129219  93.394066  82.596718  71.089066  61.121246  54.872078 
 57.146042  67.134377  80.059845  93.779846  106.595627  118.077026  127.860474  134.464218  136.751404  134.260162  127.770935  118.359375  106.672813  94.187347  80.872658  67.979530  57.742233 
 60.892448  74.065155  88.730316  103.847031  118.645935  132.648590  144.902496  153.419693  156.313126  152.990311  144.864685  132.845474  118.718750  104.191406  89.554840  74.996719  61.915672 
 64.638695  79.725159  95.565155  111.951248  128.667969  145.374222  160.090149  169.603912  172.939377  169.334839  159.783127  145.454849  128.736404  112.230942  96.236565  80.350311  65.559059 
 67.450310  83.699066  100.308594  117.512192  135.963120  154.377975  170.636246  180.820465  184.408279  180.731567  170.599838  154.572037  135.891098  118.008591  100.862343  84.358284  68.230988 
 68.812660  85.292030  102.253754  120.208755  138.968903  158.562805  175.025940  185.334534  189.158279  185.537186  175.764221  159.399536  140.178284  121.604996  103.532654  86.110466  69.562759 
 68.059944  84.252655  100.986404  118.459061  136.833755  155.865463  172.539536  183.033279  186.566254  182.783432  173.141251  157.266098  137.379211  119.127502  101.704376  84.963127  69.015625 
 65.776093  81.001717  97.128441  113.548126  130.724380  147.980469  163.262497  173.465942  176.860626  173.181412  163.160004  148.150787  130.872025  114.064682  97.660004  81.648125  66.777710 
 61.877556  75.681091  90.834061  105.944374  121.041565  135.844849  148.661560  157.511246  160.643127  157.379059  148.981094  135.977341  121.226563  106.211876  91.125626  76.324532  62.990982 
 58.700211  69.505623  82.898125  96.740158  109.900627  121.928757  132.317657  139.368591  141.918594  139.110779  132.127655  121.877350  109.618752  96.463593  82.731407  69.564377  59.219376 
 56.633858  63.385941  73.526566  85.664688  97.174217  107.273903  115.497818  120.829376  122.603119  120.453598  114.945786  106.774376  96.422188  84.909691  72.808594  62.931564  56.811142 
 52.776352  58.469688  64.167809  73.340103  83.063171  91.579117  97.996140  102.441872  103.799377  102.133804  97.733070  91.143120  82.415939  72.334686  62.876717  57.583229  53.682816 
 } 
 GB Channel
 {
 50.536194  55.341614  60.853958  70.132813  79.563545  87.639061  94.113388  98.089638  99.397194  97.864746  94.029839  87.764999  79.451141  70.111565  61.205208  55.544220  51.497131 
 54.708282  60.783905  70.659378  82.765312  93.885628  103.429062  111.136093  116.303589  118.252182  116.232025  111.215469  103.641251  93.729065  82.759064  71.104378  61.066093  54.979218 
 57.311508  67.339218  80.366409  94.137497  107.098282  118.646881  128.325943  135.039536  137.340149  134.837036  128.282806  118.814682  106.909218  94.362968  80.818596  67.776093  57.503387 
 60.789268  74.220940  89.091248  104.250465  119.168900  133.080627  145.365158  153.990311  157.002502  153.576248  145.314850  133.191879  118.899841  104.333282  89.447029  74.632660  61.441612 
 64.394737  79.753281  95.779373  112.272186  129.135788  145.719055  160.387192  170.015152  173.583755  169.785309  160.117035  145.713593  128.892654  112.135620  95.944221  79.877342  64.830048 
 67.129478  83.586563  100.262497  117.563751  135.915466  154.369843  170.424850  180.694061  184.428909  180.792343  170.677338  154.516724  135.816711  117.770157  100.453903  83.833282  67.432243 
 68.182976  85.119843  102.184532  119.994690  138.816711  158.155945  174.499847  184.838287  188.811096  185.185150  175.446869  159.157806  139.809067  121.158600  102.917343  85.432030  68.679741 
 67.505989  83.910782  100.685471  118.114380  136.326569  155.165619  171.682663  182.310318  185.896255  182.164993  172.471252  156.571869  136.841400  118.534225  100.949532  84.167969  68.073601 
 65.105103  80.493439  96.671562  113.087494  129.949844  147.055466  162.237030  172.434372  175.854065  172.347961  162.288284  147.356720  130.175781  113.360931  96.951874  80.854065  65.847389 
 61.322708  75.146873  90.199997  105.336250  120.187347  134.678131  147.317963  156.238281  159.439529  156.316879  147.774216  134.928757  120.252808  105.340309  90.335472  75.400467  62.214432 
 58.272087  68.947502  82.329842  95.982346  108.955315  120.726257  130.979996  137.973129  140.613907  137.884689  130.868118  120.701401  108.592972  95.474373  81.948128  68.829689  58.550110 
 56.308754  62.870003  72.945160  84.932655  96.161560  106.011719  114.191101  119.541718  121.467026  119.381409  113.864532  105.638283  95.505310  84.106407  72.033592  62.194061  56.266144 
 52.638336  57.842079  63.429535  72.525787  82.271149  90.644432  97.112549  101.602348  102.743080  101.387451  96.834320  90.260994  81.594482  71.672867  62.032135  57.039063  53.316139 
 } 
 B Channel
 {
 33.432709  36.741459  40.682919  47.452713  54.284744  59.904060  64.331879  66.663597  67.563385  66.562447  64.096046  59.850723  54.041512  47.603592  41.308540  37.369270  34.532604 
 36.448540  40.636875  47.626251  56.250626  64.250778  70.652809  75.729378  78.921722  80.062347  78.741409  75.721878  70.690315  63.976715  56.374222  48.288124  41.454689  37.294270 
 38.417294  45.561874  54.610626  64.325623  73.235939  80.865158  87.133751  91.156876  92.472809  90.942657  87.010780  80.773590  73.032341  64.508591  55.259216  46.383907  39.368698 
 41.010418  50.442497  60.771408  71.176720  81.137497  90.390472  98.161247  103.499374  105.241096  103.193283  98.084534  90.317810  81.136566  71.402809  61.346405  51.331566  42.289894 
 43.555367  54.372658  65.432030  76.496246  87.652969  98.463440  107.942345  113.993286  116.147339  113.908600  107.753128  98.529221  87.800156  76.762970  65.881874  55.261406  44.869530 
 45.559532  56.983910  68.500626  79.924377  92.024689  104.084061  114.565002  121.011246  123.238907  120.886871  114.443588  104.257500  92.151718  80.407341  68.886566  58.038910  46.876617 
 46.254532  57.895157  69.699532  81.507965  93.838440  106.449371  117.132507  123.479538  125.831879  123.519226  117.319687  106.738129  94.350784  82.383751  70.508278  59.100624  47.658962 
 45.681927  57.145470  68.685158  80.354218  92.298904  104.404221  115.143127  121.737183  123.732346  121.500305  115.429382  105.389374  92.603592  80.800156  69.155312  58.158905  47.119526 
 44.145103  54.903435  66.097809  77.193748  88.286095  99.193283  108.993752  115.408905  117.531876  115.259216  109.035156  99.510780  88.348747  77.391716  66.458435  55.886719  45.499432 
 41.478489  51.037033  61.675316  72.050316  81.860001  91.243126  99.441093  105.098282  106.954842  105.022812  99.587654  91.472809  81.912346  72.002968  62.005783  52.063278  42.802658 
 39.202343  46.581718  56.090622  65.616409  74.371246  82.230156  88.975624  93.398438  94.959373  93.213127  88.958122  82.398903  74.311096  65.439064  56.136719  47.323906  40.097450 
 37.559795  42.108124  49.327812  57.876877  65.746719  72.375000  77.852501  81.304222  82.327812  81.101250  77.578278  72.223434  65.306091  57.382034  49.051407  42.424843  38.255470 
 35.354794  38.967289  43.085316  49.740211  56.546516  62.550415  66.887085  69.621094  70.568649  69.684998  66.637657  62.254684  56.265892  49.169327  42.347031  38.989635  36.440884 
 } 


 White Balance Data with optical Center Data
 r_center_x =  638 r_center_y =  526 
 gr_center_x =  668 gr_center_y =  511 
 b_center_x =  640 b_center_y =  495 
 gb_center_x =  658 gb_center_y =  505 
 r/gr 0.590287 
 b/gr 0.662620 
 gb/gr 0.999485 
 r_oc_ave 112.146667 
 b_oc_ave 125.888885 
 gr_oc_ave 189.986664 
 gb_oc_ave 189.888885 

 [AWB]
 RGr =  0.590287 
 BGr =  0.662620 
 GbGr =  0.999485 
 r_oc_ave =  112.146667 
 b_oc_ave =  125.888885 
 gr_oc_ave =  189.986664 
 gb_oc_ave =  189.888885 