 LEFT LENS SHADING DATA
 RED Channel
 {
 24.141460  26.765625  29.785210  35.181507  41.223751  46.533642  50.654892  53.293388  54.069839  53.264954  50.503067  46.446667  40.950520  35.240002  29.861355  26.484638  24.167137 
 26.206039  29.488125  35.300625  42.590469  49.731247  56.017815  61.154060  64.627342  65.756721  64.342659  61.104530  55.908752  49.617188  42.642502  35.402187  29.456093  25.973804 
 27.389843  33.121719  41.099064  49.759064  57.892654  65.429688  71.792656  76.216721  77.728127  76.011719  71.662659  65.237968  57.664841  49.689064  41.316875  33.317657  27.451199 
 29.188385  37.091095  46.331718  55.998436  65.357033  74.290001  82.342499  88.044846  90.102654  87.711403  82.174843  74.207809  65.161095  56.028122  46.547188  37.425938  29.701771 
 31.133492  40.303280  50.499847  60.995781  71.726563  82.086876  91.729378  98.349533  100.730156  98.091721  91.588593  82.089218  71.435471  60.960472  50.722031  40.789532  31.868908 
 32.500832  42.474998  53.075157  64.386406  76.110001  87.703903  98.303596  105.437965  107.772972  105.322189  98.252029  87.796410  75.844215  64.432503  53.561874  43.159531  33.411823 
 33.082031  43.235157  54.154686  65.846565  77.879997  90.005470  100.792503  107.840469  110.472343  107.956879  101.173904  90.388908  78.103905  66.272812  54.869377  43.942657  33.959118 
 32.621925  42.425468  53.154221  64.358910  76.019218  87.730782  98.406403  105.449684  108.124535  105.465469  98.725937  88.360153  75.806877  64.434059  53.477188  43.000782  33.445152 
 31.179844  40.191719  50.325157  60.868904  71.705154  82.122658  91.621094  98.415466  100.807816  98.413750  91.801247  82.136566  71.391251  60.954529  50.649376  40.703751  31.800415 
 29.306721  36.941093  46.099686  55.757965  65.211090  74.186722  82.113747  87.721878  89.864532  87.866722  82.281563  74.223747  65.008591  55.796562  46.456406  37.289375  29.556042 
 27.670418  33.275002  40.973125  49.593285  57.949066  65.427971  71.847809  76.150467  77.750153  76.212654  71.679535  65.294685  57.674690  49.595154  41.189842  33.259220  27.354424 
 26.819481  29.844063  35.308750  42.545624  49.799530  56.025940  61.166878  64.592346  65.723595  64.542969  61.222656  55.978127  49.598434  42.654686  35.300468  29.462032  26.044323 
 25.069481  27.204479  29.970001  35.211872  41.017242  46.376354  50.581879  53.293388  54.155472  53.363182  50.882866  46.533535  41.300106  35.216770  29.630260  26.619324  24.626823 
 } 
 GR Channel
 {
 48.177399  54.306152  59.819946  68.891243  78.770004  86.949532  93.769272  97.652237  99.195259  97.654480  93.639374  87.498756  78.949219  69.569427  60.562706  54.688225  50.193649 
 52.925308  59.465309  69.357658  81.313751  92.788750  102.690155  110.629684  115.748276  117.517975  115.727814  110.863129  103.108749  93.313591  82.262970  70.465622  60.336563  53.857811 
 55.501877  65.623123  78.806404  92.750938  105.753754  117.541565  127.268127  134.003906  136.296402  133.925629  127.713287  118.139847  106.421875  93.841408  80.216248  67.002029  56.762657 
 58.810890  72.074844  87.201096  102.601097  117.305161  131.402649  143.941559  152.417816  155.588440  152.350159  144.451721  132.564224  118.423279  103.902809  88.919685  73.912811  60.806976 
 62.181564  77.372810  93.612190  110.254845  127.057968  143.476563  158.441879  168.546722  172.256256  168.648590  159.139069  145.046875  128.318909  111.929375  95.722343  79.574684  64.502602 
 64.409531  80.928909  97.842659  115.547974  133.878906  152.208588  168.600937  179.279221  182.678757  179.247498  169.287659  153.567810  135.003601  117.209839  100.105621  83.534531  67.206825 
 65.213905  82.193283  99.370628  117.631882  136.501724  155.706879  172.289688  182.907349  186.710312  183.258286  173.786087  157.616562  138.849380  120.334686  102.276253  84.660004  67.966667 
 64.513443  80.813438  97.792503  115.315628  133.772659  152.180618  168.619690  179.429214  183.442337  180.135315  170.514847  154.927658  135.394379  117.445313  100.114532  83.221092  67.206718 
 62.191872  77.259377  93.425468  110.093285  127.139221  143.840317  158.986557  169.254532  173.223907  169.926254  160.161713  145.414841  128.453430  112.011093  95.627968  79.567345  64.567131 
 58.815941  71.910934  86.705154  102.180000  117.207336  131.549057  144.309219  153.037338  156.402344  153.791245  145.554993  133.105774  118.555618  103.902191  88.953278  73.886253  60.732910 
 56.067711  65.904373  78.675629  92.429062  105.906097  117.972656  128.194687  134.929535  137.583130  135.326569  128.752182  118.841400  106.770935  93.913437  80.276566  67.157341  56.898392 
 53.952087  60.019997  69.406403  81.336090  93.010155  103.070313  111.162186  116.431717  118.371719  116.766556  111.577187  103.729843  93.665779  82.385941  70.342972  60.567497  54.425835 
 50.322495  55.194588  60.205360  68.833801  78.631195  87.175728  93.800522  98.134422  99.697342  98.475731  94.407181  87.983803  79.352661  69.715103  60.384010  55.317078  51.525833 
 } 
 GB Channel
 {
 48.878853  54.454269  59.909538  68.964424  78.981308  87.261673  94.195992  98.293541  99.642754  98.148277  94.100204  87.825211  79.225937  69.673180  60.497658  54.569267  50.022194 
 53.303017  59.580940  69.501404  81.577972  93.193596  103.070000  110.944534  116.130630  118.029221  116.208908  111.165627  103.410622  93.474686  82.237968  70.259529  60.100937  53.779274 
 55.641090  65.757965  79.084846  93.148903  106.163597  118.019226  127.685944  134.367035  136.732971  134.341400  127.984375  118.285629  106.450157  93.790314  79.972969  66.638596  56.450882 
 58.774368  72.226875  87.524216  103.054375  117.823914  132.011566  144.476715  152.962662  156.146881  152.873901  144.828278  132.811096  118.508743  103.844688  88.681091  73.489372  60.136040 
 61.824745  77.349533  93.944687  110.742500  127.567032  144.014694  158.915466  169.113754  172.758591  169.161880  159.535156  145.148438  128.287506  111.686249  95.315468  79.044220  63.725258 
 63.998802  80.794846  97.992035  115.822342  134.143906  152.473282  168.802658  179.562027  183.006882  179.457031  169.219055  153.471725  134.846252  116.887650  99.574219  82.735001  66.517502 
 64.882965  81.874847  99.460938  117.925629  136.787033  155.803909  172.222031  182.799225  186.635788  183.161560  173.523911  157.293442  138.437195  119.800308  101.560623  83.821404  66.924530 
 64.165359  80.436409  97.782501  115.420776  133.819839  152.100006  168.492340  179.186569  183.266724  179.895157  170.214539  154.490311  134.861252  116.910782  99.380623  82.338905  66.238281 
 61.935883  76.879845  93.342346  110.069847  127.109375  143.769684  158.647812  169.013901  172.937347  169.540314  159.718750  145.003433  127.890152  111.372345  94.916878  78.744690  63.742188 
 58.558334  71.605003  86.550468  101.995941  117.063126  131.334534  143.808746  152.476257  155.964066  153.242188  144.834213  132.506882  117.899994  103.249535  88.259064  73.235313  59.974480 
 56.030830  65.654999  78.361252  92.252655  105.631409  117.497192  127.530472  134.266876  136.927032  134.723907  128.011871  118.098907  106.113129  93.333122  79.697029  66.542656  56.652031 
 54.062866  59.883904  69.201561  81.080154  92.701561  102.629059  110.653748  115.941101  117.840317  116.130463  110.990158  102.965622  93.055313  81.865784  69.838593  60.086563  54.148643 
 50.596191  55.209953  60.188644  68.624947  78.362396  86.949066  93.536255  97.780884  99.269890  98.009010  93.932030  87.467705  78.880318  69.238487  59.900475  54.977806  51.120316 
 } 
 B Channel
 {
 32.783695  36.930363  40.774582  47.400784  54.382599  60.174377  64.723389  67.292549  68.140320  67.253128  64.442444  60.134056  54.265259  47.409794  41.028801  36.830105  33.913857 
 36.218700  40.771408  47.718750  56.180153  64.124687  70.859375  76.144844  79.359840  80.340309  79.003128  75.758904  70.650314  63.886719  56.240623  47.899845  40.900936  36.920940 
 37.987293  45.241875  54.530472  64.243904  73.108284  81.033905  87.396561  91.613907  92.877655  91.277344  87.109222  80.701408  72.852966  64.287659  54.766876  45.766876  39.119373 
 40.195000  49.879997  60.537811  71.111717  80.973282  90.249374  98.349998  103.841248  105.730621  103.466408  98.170784  90.258904  80.916878  71.156250  60.834999  50.697815  41.983231 
 42.568279  53.491409  65.040939  76.433594  87.523903  98.145935  107.939690  114.428589  116.675934  114.207184  107.956406  98.428749  87.356407  76.343285  65.308907  54.492966  44.625259 
 44.193909  55.642029  67.706093  79.670784  91.731560  103.646873  114.260162  121.277649  123.582184  121.340469  114.637817  104.179062  91.707809  79.810158  68.238594  57.177971  46.512341 
 44.973179  56.369217  68.517967  81.038750  93.302345  105.849220  116.690933  123.631714  126.257965  123.928284  117.485931  106.570625  93.937187  81.761719  69.704842  58.148285  47.223492 
 44.448074  55.395782  67.247032  79.405312  91.513908  103.651878  114.404999  121.406876  123.945786  121.631882  115.285004  104.900467  91.758125  79.796562  68.080940  56.992340  46.614635 
 43.022396  53.014061  64.323906  75.886406  87.368591  98.249222  107.760780  114.521255  116.860474  114.723755  108.473282  98.617653  87.262657  76.261253  65.210625  54.477654  44.639950 
 40.507030  49.386406  59.620941  70.365784  80.603439  90.027969  98.058281  103.557030  105.697342  104.094376  98.769531  90.549377  80.855316  70.833908  60.708748  50.642967  41.935261 
 38.243904  45.155781  54.009064  63.685158  72.936874  80.847343  87.385468  91.517967  93.231407  91.792030  87.539841  81.095627  72.956406  64.118591  54.700623  45.970314  39.296146 
 36.752605  40.902187  47.401718  55.811249  64.060783  70.831093  76.154221  79.454216  80.588905  79.548592  76.240623  70.985153  64.036873  56.212654  47.832188  41.222343  37.697136 
 34.517605  37.806770  41.422760  47.656250  54.619324  60.639633  65.190681  67.893181  68.735786  68.090469  65.421463  61.029533  55.137711  48.095367  41.323441  38.017132  35.693386 
 } 


 White Balance Data with optical Center Data
 r_center_x =  643 r_center_y =  494 
 gr_center_x =  652 gr_center_y =  497 
 b_center_x =  644 b_center_y =  479 
 gb_center_x =  646 gb_center_y =  474 
 r/gr 0.591719 
 b/gr 0.676875 
 gb/gr 0.999881 
 r_oc_ave 110.777779 
 b_oc_ave 126.720001 
 gr_oc_ave 187.213333 
 gb_oc_ave 187.191116 

 [AWB]
 RGr =  0.591719 
 BGr =  0.676875 
 GbGr =  0.999881 
 r_oc_ave =  110.777779 
 b_oc_ave =  126.720001 
 gr_oc_ave =  187.213333 
 gb_oc_ave =  187.191116 