 LEFT LENS SHADING DATA
 RED Channel
 {
 24.558750  26.584583  29.546509  35.089691  40.875523  45.944630  49.957596  52.368385  53.058495  51.796661  49.279167  44.975727  39.611458  33.997864  28.708176  25.936298  24.117138 
 25.807499  29.073750  34.869217  42.050938  48.985939  54.967346  59.862190  62.982346  64.027031  62.471252  58.973747  53.745316  47.395626  40.516407  33.461720  28.013596  25.337132 
 27.153019  32.960938  40.784061  49.197968  57.201096  64.525002  70.755936  74.749535  75.996872  74.155785  69.659531  63.109688  55.434532  47.384842  39.065311  31.414219  26.306511 
 29.251717  37.288593  46.394531  55.786560  65.139534  74.022972  81.672340  87.166878  88.798592  86.256721  80.492340  72.233910  62.976097  53.658905  44.307812  35.344063  28.204479 
 31.657291  40.935623  50.937653  61.305466  72.089066  82.417969  91.896561  98.121872  99.946564  97.060310  90.303284  80.394684  69.434372  58.802971  48.556717  38.773594  30.331303 
 33.426147  43.446564  54.063904  65.240936  76.984688  88.767967  99.089066  105.809845  107.716560  104.743126  97.564529  86.495628  74.225311  62.596878  51.524841  41.277187  31.997604 
 34.315987  44.560780  55.614059  67.252655  79.284531  91.818436  102.314377  109.065315  111.093597  108.088127  101.067345  89.681252  76.980934  64.772812  53.260155  42.433125  32.878544 
 33.871925  44.099220  54.798752  66.131409  78.100471  90.033279  100.492035  107.279221  109.219841  106.123909  99.262657  88.187187  75.358124  63.561562  52.288750  41.861095  32.592552 
 32.460571  42.017033  52.193909  62.859528  73.912033  84.599686  94.077660  100.527809  102.481407  99.611092  92.667656  82.517029  71.405472  60.544998  49.922188  39.976875  31.277290 
 30.283855  38.760937  48.164215  57.861877  67.406563  76.532341  84.507660  90.038284  91.778595  89.350471  83.396873  74.846092  65.198441  55.656715  45.922970  36.773125  29.330624 
 28.370522  34.812187  43.063595  51.744217  60.121246  67.668907  74.113434  78.478439  79.911095  77.920158  73.022972  66.041565  57.959686  49.641876  40.925938  33.029373  27.515209 
 27.430782  31.088905  37.222969  44.729687  51.907028  58.316093  63.457657  66.858749  67.841721  66.311096  62.498436  56.797340  50.099686  42.786720  35.313282  29.542812  26.474060 
 26.181202  28.267033  31.471508  37.097191  43.317242  48.531723  52.718277  55.197502  55.951515  54.930885  51.992188  47.350471  41.751770  35.331093  29.616825  26.862396  24.809898 
 } 
 GR Channel
 {
 49.136093  53.896515  59.405884  68.350990  77.617554  85.626724  91.898956  95.877495  97.261772  95.563438  91.554420  84.876099  76.584114  67.205780  58.678902  53.931976  50.517395 
 52.404846  58.754219  68.284843  79.942032  90.937347  100.346092  108.008125  113.178757  114.944687  112.719681  107.636719  99.601715  89.703903  78.701408  67.078278  57.757813  52.992805 
 54.855103  65.078438  77.903595  91.250465  103.873596  115.327820  125.015778  131.467499  133.626724  131.081406  124.618118  114.717499  102.709686  89.905159  76.420471  63.696716  54.702339 
 58.775154  72.105782  86.697342  101.356720  115.963120  129.807343  141.859222  150.569534  153.155319  149.657349  141.616882  129.085464  114.683121  99.974686  84.962502  70.170311  57.871147 
 62.605782  77.861404  93.617340  109.662659  126.253128  142.430313  157.210785  167.082962  170.311874  166.532181  156.950317  141.919220  124.902649  108.204842  91.857658  75.660004  61.293335 
 65.563019  81.934685  98.459061  115.564850  133.635620  151.817184  167.971252  178.588120  181.994370  178.035461  167.841568  151.336243  132.410629  114.154999  96.791405  79.934845  64.048798 
 66.862129  83.682343  100.762810  118.487030  136.910004  156.122192  172.424377  183.149063  186.485931  182.774841  173.045319  156.239685  136.855774  118.031876  99.592346  81.799377  65.621880 
 66.240669  82.857971  99.634689  116.895630  134.959534  153.298126  169.567963  180.269226  183.712662  179.647186  170.245468  154.152496  134.240463  115.677032  97.805466  80.741249  64.971664 
 63.937706  79.613129  95.625153  111.963593  128.722351  145.283279  159.889374  169.872498  173.392975  169.840775  160.026871  144.941101  127.547974  110.779533  93.802498  77.599220  62.743591 
 60.199791  74.278122  89.371559  104.233749  118.992813  132.992340  145.177338  153.822037  157.170624  154.026718  145.462189  132.752029  117.956879  102.838280  87.317032  72.219063  59.402390 
 56.735878  68.031097  81.315155  94.969376  107.994843  119.654068  129.507507  136.282181  138.589691  135.964844  129.019531  118.570313  106.243591  93.164841  79.010628  65.841873  56.254799 
 54.624947  61.585159  71.869690  83.864998  95.215935  105.258438  113.064529  118.378128  120.081879  117.946243  112.342499  103.926720  93.554062  81.866875  69.672653  59.827347  54.415886 
 51.394943  56.265785  62.043022  71.090836  81.268021  89.620934  95.928078  100.172707  101.241455  99.786247  95.273750  88.481094  79.652817  69.243958  59.797867  55.061302  51.232552 
 } 
 GB Channel
 {
 50.692604  55.105110  60.408699  69.474319  78.939636  87.157295  93.444839  97.514061  98.630684  96.652077  92.490417  85.740265  77.079895  67.594742  58.957352  54.000366  50.486610 
 53.405525  59.664688  69.460159  81.317032  92.372345  101.909378  109.685471  114.737808  116.310471  113.816254  108.470001  100.317970  90.107811  78.787033  67.047966  57.747658  52.929115 
 55.574692  65.912186  79.043747  92.665001  105.441872  116.978592  126.579056  133.037659  135.040619  132.137344  125.273590  115.137970  102.950783  89.943909  76.293282  63.320938  54.413017 
 59.153587  72.809219  87.743439  102.786720  117.467026  131.439224  143.472351  151.999222  154.392502  150.762344  142.212036  129.335464  114.748596  99.785309  84.476715  69.607658  57.357864 
 62.714691  78.424690  94.599686  110.889061  127.633591  143.864212  158.554688  168.350632  171.339218  167.070618  157.188751  141.840317  124.645630  107.718285  91.112190  74.920471  60.456512 
 65.601830  82.303284  99.276718  116.607193  134.747650  152.902496  168.827026  179.238907  182.412811  178.108124  167.491714  150.787659  131.630936  113.354691  95.810471  78.902031  63.068497 
 66.738754  83.828751  101.197029  119.173904  137.502350  156.687973  172.723587  183.234680  186.343903  182.105469  172.233902  155.271255  135.878601  116.930786  98.437500  80.543907  64.376190 
 66.002296  82.904373  99.834534  117.264526  135.337189  153.476410  169.482498  179.840469  183.010788  178.776718  169.090775  152.785461  132.996719  114.439056  96.483437  79.481407  63.880783 
 63.551094  79.530472  95.689064  112.023132  128.757507  145.070938  159.388596  169.216721  172.497650  168.824371  158.646561  143.530624  126.181717  109.431564  92.512970  76.283127  61.702293 
 59.879684  74.227188  89.381561  104.221565  118.792038  132.624527  144.493118  152.943130  156.010162  152.628754  143.926407  131.251556  116.608597  101.504059  86.171097  71.078278  58.304741 
 56.795624  67.891876  81.254219  94.760780  107.546249  119.086716  128.685623  135.119690  137.349060  134.554840  127.452026  117.082504  104.883278  91.904686  77.884377  64.702034  55.348068 
 54.692085  61.455002  71.705002  83.640160  94.866409  104.583435  112.177658  117.291565  118.911255  116.486725  110.864532  102.453438  92.211403  80.632347  68.472191  58.814064  53.462402 
 51.460831  56.173332  61.872505  70.967865  80.788704  89.195946  95.487450  99.384895  100.364586  98.788177  94.087654  87.426361  78.515366  68.248383  59.050102  54.156143  50.536140 
 } 
 B Channel
 {
 35.480888  39.009216  43.100002  49.872658  56.837189  62.850365  67.196350  69.964111  70.782608  69.676666  66.839279  62.090683  55.980576  49.084221  42.576977  39.283592  37.200256 
 37.360470  42.094845  49.418747  58.140778  66.153435  72.917656  78.213440  81.671410  82.664688  81.093750  77.653435  72.117966  65.025780  56.906097  48.266563  41.751720  38.833176 
 38.808910  46.237030  55.795937  65.522972  74.493279  82.549065  88.993126  93.212814  94.609688  92.865158  88.520157  81.766090  73.395935  64.216873  54.405472  45.527657  39.787865 
 41.289165  51.055000  61.734222  72.270782  82.413750  91.853752  99.976715  105.664063  107.438438  105.140472  99.777969  91.199844  81.214531  70.939064  60.085312  49.860153  41.889114 
 43.862812  54.994064  66.424843  77.767815  89.179688  100.221565  110.208595  116.812195  118.916412  116.266403  109.788750  99.589218  87.926247  76.347809  64.715157  53.784691  44.202602 
 45.786671  57.618752  69.467033  81.471252  93.917343  106.254059  117.189850  124.123749  126.348587  123.840149  116.882813  105.641563  92.770622  80.156876  67.918594  56.628281  46.249325 
 46.667660  58.602028  70.839691  83.164375  95.837189  109.038124  119.961716  126.968124  129.279221  126.710938  120.108597  108.625000  95.379059  82.434998  69.831879  57.912033  47.278904 
 46.149742  57.998283  70.050316  82.064529  94.505470  106.980156  118.070007  125.125473  127.291565  124.502655  118.266403  107.322189  93.749847  81.099846  68.695778  57.142654  47.022030 
 44.527920  55.779999  67.402344  78.958748  90.516251  101.716560  111.646873  118.397812  120.435776  117.987503  111.367035  101.147499  89.476875  77.803284  66.011871  54.958748  45.452919 
 41.957081  52.169998  63.055313  73.704842  83.931091  93.415154  101.551559  107.287811  109.253281  107.163437  101.611404  92.926872  82.827347  72.558594  61.629997  51.357971  42.989426 
 39.686874  47.764374  57.475624  67.168282  76.345154  84.242500  90.810158  95.206879  96.665466  94.984062  90.484375  83.451721  75.035309  65.894379  55.913437  46.813908  40.626617 
 38.289379  43.341873  50.788124  59.428596  67.466721  74.284531  79.600471  83.020782  84.148285  82.767029  79.179535  73.442970  66.212189  57.888748  49.206566  42.442032  39.054321 
 36.044376  39.492710  43.842293  50.508377  57.610672  63.463066  67.823593  70.606407  71.386406  70.643074  67.633484  62.821510  56.499687  49.142502  42.320728  38.734325  36.398487 
 } 


 White Balance Data with optical Center Data
 r_center_x =  634 r_center_y =  523 
 gr_center_x =  625 gr_center_y =  485 
 b_center_x =  635 b_center_y =  485 
 gb_center_x =  632 gb_center_y =  497 
 r/gr 0.596031 
 b/gr 0.693058 
 gb/gr 0.998647 
 r_oc_ave 111.582222 
 b_oc_ave 129.746674 
 gr_oc_ave 187.208893 
 gb_oc_ave 186.955551 

 [AWB]
 RGr =  0.596031 
 BGr =  0.693058 
 GbGr =  0.998647 
 r_oc_ave =  111.582222 
 b_oc_ave =  129.746674 
 gr_oc_ave =  187.208893 
 gb_oc_ave =  186.955551 