 LEFT LENS SHADING DATA
 RED Channel
 {
 23.651302  26.070469  29.010262  34.197449  39.987602  45.008694  48.947754  51.301659  52.088860  51.070419  48.645828  44.432030  39.294949  33.603180  28.462345  25.631927  23.799431 
 25.502972  28.856094  34.487968  41.740158  48.640938  54.655159  59.581718  62.862503  63.895935  62.355003  59.120003  53.951408  47.663906  40.882969  33.882969  28.234219  25.365261 
 26.820625  32.629375  40.460468  48.938591  56.909065  64.204689  70.431877  74.719688  76.140625  74.208282  69.861252  63.362030  55.767189  47.871094  39.634998  31.925468  26.506924 
 28.858128  36.851875  45.883282  55.391251  64.633125  73.556717  81.390625  86.876564  88.767967  86.326561  80.761871  72.669998  63.456566  54.265312  44.952343  35.900002  28.477501 
 31.229534  40.300156  50.288437  60.664528  71.263908  81.775467  91.270470  97.704689  99.744690  97.096092  90.511253  80.797653  69.927185  59.480156  49.129997  39.347187  30.609272 
 32.779007  42.719219  53.251091  64.385468  76.110939  87.978439  98.327812  105.061562  107.347031  104.548279  97.642654  86.821091  74.667969  63.073128  52.054535  41.760624  32.290627 
 33.451771  43.657188  54.483124  66.245003  78.272972  90.712654  101.413124  108.315155  110.519379  107.800156  101.011253  89.910622  77.327034  65.204063  53.603592  42.798904  33.122028 
 33.037708  43.075626  53.764847  65.096252  76.930153  88.938438  99.546562  106.544373  108.707809  105.957497  99.217186  88.261566  75.519218  63.832184  52.648590  42.208282  32.833073 
 31.630310  40.980312  51.138283  61.678596  72.735939  83.547028  93.221092  99.910309  102.113594  99.419060  92.623436  82.694374  71.572189  60.676407  50.194534  40.266251  31.523331 
 29.495106  37.628437  46.975155  56.629997  66.217812  75.412346  83.627655  89.301407  91.238907  89.009842  83.145935  74.838127  65.334686  55.652809  46.102657  36.966095  29.303802 
 27.663383  33.753593  41.777031  50.470779  58.828125  66.492500  73.018906  77.633278  79.118591  77.244064  72.555000  65.870155  58.066719  49.740471  41.105782  33.105312  27.380310 
 26.749321  30.294533  36.287968  43.740780  51.038437  57.364532  62.595467  66.234688  67.227966  65.861252  62.252815  56.920937  50.239532  43.044846  35.554062  29.589687  26.462189 
 25.436821  28.127659  31.409428  36.974739  43.210522  48.692657  52.826515  55.635933  56.453590  55.544998  52.741562  48.354683  42.768490  36.460888  30.552811  27.583855  25.831772 
 } 
 GR Channel
 {
 48.361618  53.557861  58.778069  67.488174  77.058334  85.177391  91.252136  95.059845  95.956978  94.539581  90.720161  84.267609  75.981354  66.910370  58.276512  53.445099  49.773018 
 52.529533  58.855156  68.559532  80.372971  91.512497  101.026566  108.718597  113.639221  115.181564  113.063751  108.134529  100.109688  90.220940  79.437653  67.837967  58.495941  53.100929 
 55.007233  65.213280  78.198906  91.794846  104.502815  116.086563  125.738129  132.168900  134.339996  131.798279  125.235626  115.264069  103.317032  90.768593  77.446564  64.703438  55.341774 
 58.669632  72.048592  86.873283  101.867340  116.576248  130.484528  142.701721  151.210312  154.001877  150.583908  142.363281  129.852493  115.570313  100.956566  86.093437  71.366096  58.745468 
 62.389847  77.626717  93.693596  109.971878  126.546875  142.889999  157.589218  167.535004  170.907501  167.211243  157.344849  142.637192  125.605942  109.181404  92.837814  76.879372  62.311462 
 65.060936  81.520935  98.264061  115.554688  133.651245  152.155472  168.332809  178.845627  182.124374  178.411880  168.114532  151.658752  132.729538  114.753754  97.444061  80.872498  65.064171 
 66.248642  83.089066  100.277657  118.300476  136.927032  156.429688  172.871872  183.419693  187.046402  183.010315  173.213593  156.250000  136.956100  118.338287  100.018127  82.492500  66.433334 
 65.480362  81.958908  98.899216  116.384369  134.589691  153.338120  169.711868  180.676712  184.164215  180.069214  170.267181  153.834534  133.955154  115.722504  98.116562  81.315781  65.845161 
 63.033127  78.566872  94.756721  111.094688  128.027344  144.861557  159.917191  170.462967  173.859070  169.960159  160.009216  144.681091  127.313599  110.498596  94.091873  78.019379  63.366035 
 59.342705  73.028122  88.015938  103.161407  117.970474  132.342499  144.937195  153.960007  157.119064  153.855774  145.070313  132.246872  117.465622  102.625465  87.492500  72.627342  59.720474 
 56.215263  66.665466  79.848747  93.617340  106.679688  118.553909  128.567505  135.612030  138.117813  135.445786  128.359528  118.107651  105.970940  93.022972  79.218437  66.182655  56.302864 
 54.178596  60.852966  70.838753  82.972809  94.377190  104.377342  112.282974  117.777817  119.526093  117.549057  112.141724  103.910622  93.692497  82.242340  70.280785  60.234222  54.614838 
 51.235680  56.670258  62.487076  71.584480  81.698441  90.307549  96.719429  100.833229  102.353386  101.135307  96.687752  90.132706  81.274170  71.327141  61.800156  56.330681  52.605255 
 } 
 GB Channel
 {
 49.376564  54.352394  59.628235  68.539688  78.190414  86.512497  92.618126  96.665100  97.726669  96.252655  92.160675  85.305527  76.999161  67.354744  58.775993  53.745789  50.174530 
 53.059059  59.437813  69.254059  81.319687  92.620003  102.275002  110.144379  115.185944  116.766251  114.515778  109.449219  101.092186  90.958748  79.880783  68.187035  58.586403  53.227028 
 55.264275  65.658440  78.842186  92.679375  105.602814  117.448120  127.184692  133.649841  135.948120  133.189056  126.457336  116.231247  103.894844  91.084221  77.493126  64.525780  55.160995 
 58.733124  72.394379  87.515160  102.797653  117.747345  131.653900  143.946091  152.542191  155.457962  151.976257  143.403595  130.672501  116.007507  101.102654  85.937035  70.925003  58.355415 
 62.109589  77.746246  94.136406  110.686409  127.402969  143.805786  158.535309  168.619690  172.049057  168.117035  158.026718  143.096878  125.820786  109.083122  92.415939  76.351563  61.604485 
 64.540833  81.462502  98.477654  115.907654  134.101089  152.532028  168.701248  179.184067  182.625778  178.741562  168.248123  151.648285  132.674530  114.477814  96.826096  80.079063  64.121147 
 65.548233  82.711563  100.170311  118.378754  136.898132  156.249527  172.680161  183.365311  186.942337  182.839844  172.850159  155.921570  136.531403  117.701248  99.294685  81.538437  65.453850 
 64.827545  81.538597  98.571564  116.219055  134.456558  153.000778  169.346405  180.246094  183.856094  179.633286  169.664368  153.259064  133.305618  115.014526  97.259842  80.373123  64.820625 
 62.357452  78.030159  94.287659  110.719063  127.653595  144.416092  159.363586  169.710632  173.230164  169.394058  159.205780  143.935944  126.588593  109.776718  93.085159  77.027191  62.480103 
 58.680000  72.461250  87.565002  102.722656  117.432968  131.586243  144.123749  153.119843  156.241714  152.952347  144.250000  131.343445  116.612030  101.770622  86.533279  71.675781  58.962654 
 55.675308  66.186562  79.411720  93.148125  106.109062  117.769684  127.634537  134.691406  137.247650  134.475311  127.302338  117.137817  105.023750  92.125000  78.385155  65.371094  55.535057 
 53.834435  60.446716  70.418594  82.473747  93.784691  103.660934  111.467186  116.750626  118.613754  116.497971  111.115784  102.986877  92.736717  81.424377  69.469688  59.539215  53.989433 
 51.289429  56.399010  62.079636  71.298332  81.176353  89.538437  96.095940  100.207710  101.593742  100.276512  95.874733  89.174377  80.504013  70.424377  61.070099  55.794014  52.316093 
 } 
 B Channel
 {
 33.929947  37.675781  41.635052  48.198334  55.095779  61.062660  65.302238  67.912239  68.777916  67.810722  65.127548  60.473183  54.473381  47.767864  41.446667  37.846096  35.520260 
 36.812031  41.375156  48.422340  57.053749  65.088905  71.917030  77.224533  80.608284  81.747498  80.337814  77.073593  71.619217  64.632347  56.606407  48.202499  41.514217  38.180260 
 38.486561  45.956562  55.430626  65.283905  74.249687  82.316406  88.924377  93.197502  94.757813  93.072502  88.795471  82.027809  73.712502  64.800003  55.095001  46.057655  39.925785 
 40.784534  50.621407  61.451248  72.268906  82.604378  92.191872  100.453751  106.064842  107.999687  105.790627  100.315315  92.021248  82.107971  71.844215  61.237968  50.834061  42.434063 
 43.304375  54.289375  65.918594  77.613907  89.240936  100.608124  110.544060  117.147339  119.301559  116.862976  110.368904  100.431091  88.845314  77.327812  65.773590  54.775002  44.956249 
 45.049847  56.757965  68.714844  80.981094  93.659065  106.363129  117.406097  124.243118  126.438431  124.051880  117.271881  106.281250  93.369530  80.897659  68.726563  57.396561  46.858231 
 45.747242  57.742035  69.852654  82.554840  95.377815  108.684372  119.837036  126.792969  129.178757  126.723587  120.380310  108.931252  95.822189  83.117653  70.340935  58.369064  47.825729 
 45.386723  57.006096  68.976715  81.237968  93.797340  106.579842  117.616257  124.759216  127.007507  124.638596  118.464066  107.609375  94.004845  81.332497  69.104218  57.589691  47.342182 
 43.813698  54.716408  66.223282  77.800629  89.611717  101.125626  111.232658  118.031403  120.315933  117.965622  111.451874  101.435158  89.529999  78.005936  66.333282  55.346565  45.567806 
 41.118591  50.855469  61.680466  72.463440  82.779686  92.579529  101.087654  106.883125  108.872498  106.915939  101.233284  92.798439  82.804840  72.468285  61.673279  51.371246  42.898335 
 38.946304  46.557343  56.163124  66.010628  75.271721  83.527191  90.356720  94.942032  96.442497  94.724373  90.209686  83.415154  74.994530  65.952972  56.034218  46.898438  40.523022 
 37.786091  42.855469  50.230621  59.094376  67.418282  74.560158  80.057968  83.778908  84.790627  83.504684  79.929062  74.305779  67.072189  58.918907  50.052185  43.075626  39.671455 
 36.105679  40.070679  44.449375  51.351036  58.765991  65.094528  69.573174  72.639114  73.562294  72.737602  69.638229  65.090576  58.868019  51.250366  44.062607  40.552708  38.449791 
 } 


 White Balance Data with optical Center Data
 r_center_x =  632 r_center_y =  504 
 gr_center_x =  636 gr_center_y =  516 
 b_center_x =  660 b_center_y =  476 
 gb_center_x =  633 gb_center_y =  509 
 r/gr 0.589251 
 b/gr 0.687921 
 gb/gr 0.997778 
 r_oc_ave 110.813332 
 b_oc_ave 129.368896 
 gr_oc_ave 188.057785 
 gb_oc_ave 187.639999 

 [AWB]
 RGr =  0.589251 
 BGr =  0.687921 
 GbGr =  0.997778 
 r_oc_ave =  110.813332 
 b_oc_ave =  129.368896 
 gr_oc_ave =  188.057785 
 gb_oc_ave =  187.639999 