 LEFT LENS SHADING DATA
 RED Channel
 {
 24.591042  26.753544  29.656982  35.185833  41.080677  46.355473  50.359947  52.987495  53.724426  52.775467  50.161880  46.055626  40.861614  35.086094  29.581615  26.215309  24.154896 
 26.076458  29.336876  35.082813  42.383751  49.392967  55.407341  60.321404  63.682503  64.829216  63.491096  60.271873  55.210625  48.942657  42.111717  35.040157  29.002811  25.379898 
 27.444115  33.155155  41.034061  49.570625  57.583908  64.815941  70.971878  75.304840  76.837502  75.231247  70.970314  64.600624  57.076721  49.239845  40.983280  33.085938  26.930103 
 29.485680  37.391720  46.476406  55.987968  65.212654  73.838127  81.536720  87.176407  89.232498  87.122185  81.857498  73.821564  64.755783  55.673904  46.358437  37.314842  29.348804 
 31.670937  40.857189  50.900314  61.190781  71.603752  81.614059  90.879372  97.367500  99.781403  97.544685  91.364532  81.987030  71.348907  61.005470  50.820625  40.925156  31.782864 
 33.212551  43.309845  53.891876  64.872810  76.141563  87.433128  97.555153  104.551247  107.084686  104.819221  98.321091  88.047813  76.153748  64.783127  53.854218  43.450939  33.580105 
 33.894688  44.334686  55.249847  66.652969  78.273750  90.064217  100.429222  107.367813  110.062347  107.813126  101.559845  91.054375  78.834846  67.017654  55.470314  44.498749  34.482086 
 33.518124  43.674374  54.330627  65.377815  76.724220  88.108124  98.441872  105.346092  108.000938  105.661720  99.440628  89.337814  76.950157  65.519684  54.460785  43.897968  34.128593 
 32.208904  41.575783  51.821564  62.170784  72.706253  82.995155  92.234375  98.891251  101.481094  99.279846  92.885941  83.557343  72.845154  62.305000  51.895157  41.848907  32.684948 
 30.173386  38.382343  47.693436  57.235939  66.637810  75.358597  83.176720  88.909691  91.229530  89.286247  83.907814  75.882965  66.688751  57.333282  47.844219  38.504375  30.419373 
 28.577343  34.532970  42.538280  51.252029  59.520309  66.889534  73.300629  77.909843  79.677032  78.087654  73.581253  67.104530  59.418121  51.244690  42.604374  34.484844  28.260468 
 27.697605  30.958439  36.731407  44.271095  51.515312  57.835938  63.080315  66.593437  67.906097  66.664375  63.146408  57.883591  51.484222  44.249687  36.714218  30.637970  26.989010 
 25.945518  28.270103  31.245781  36.650471  42.822395  48.260101  52.549065  55.529266  56.390053  55.445625  52.627861  48.412971  42.895676  36.685101  30.893597  27.652760  25.266510 
 } 
 GR Channel
 {
 49.423439  54.492188  59.955368  68.932297  78.547546  86.880417  93.227081  97.229324  98.602448  97.172028  93.235832  86.974220  78.880417  69.634377  60.582764  54.669067  50.852814 
 52.919273  59.367188  68.988907  80.905624  92.131096  101.856247  109.538750  114.597031  116.510162  114.535156  109.727501  102.071091  92.254997  81.419373  69.917969  59.881561  53.535728 
 55.666824  65.787033  78.668907  92.444221  105.300629  116.855942  126.570465  133.117813  135.544067  133.224686  127.139847  117.493286  105.640778  93.120628  79.805939  66.796875  56.401878 
 59.316826  72.562035  87.291718  102.490158  117.185150  131.055618  143.116562  151.691711  154.788437  152.042343  144.323441  132.140320  117.860626  103.407654  88.561722  73.814842  60.536301 
 63.047760  78.076721  94.099220  110.447655  126.849838  142.883911  157.522964  167.392181  171.174057  168.279221  159.141876  144.936874  128.192810  111.723282  95.544060  79.631874  64.507706 
 65.769165  82.084999  98.774216  115.873276  133.597183  151.544220  167.517654  178.101868  182.159683  179.121872  169.777344  154.082031  135.492035  117.711716  100.439217  83.680153  67.459534 
 66.914276  83.708435  100.957344  118.663589  136.713287  155.294693  171.440155  182.168121  186.339691  183.484375  174.641876  158.757813  139.769226  121.342651  103.153908  85.474686  68.853859 
 66.051407  82.629532  99.603905  116.941711  134.662964  152.604065  168.562347  179.254532  183.147339  180.212494  171.412033  156.125626  136.739838  118.717819  101.226563  84.207497  68.075836 
 63.782448  79.331406  95.654373  111.982185  128.811401  145.079529  159.562805  169.688126  173.535004  170.549225  161.284851  147.051712  130.122192  113.551880  97.097031  80.859062  65.557816 
 60.362137  74.038597  89.083748  104.321251  119.188431  133.071091  145.638123  154.425781  157.844681  155.222351  147.218124  134.939682  120.564224  105.656403  90.544685  75.415466  61.856102 
 57.567085  67.828751  81.058907  95.021095  108.217033  119.935318  129.996872  136.872192  139.710312  137.438751  131.032349  121.209213  109.272034  96.200783  82.261566  68.834846  58.235474 
 55.193382  61.812347  71.607971  83.745628  95.495468  105.499374  113.637024  119.094223  121.052505  119.424683  114.193130  106.099998  96.127342  84.630310  72.347343  62.146248  55.526672 
 51.030052  56.717552  62.241089  71.220627  81.296928  89.886879  96.649323  101.215256  102.643333  101.153862  97.066872  90.625000  81.982559  71.840729  62.462967  56.926247  52.138748 
 } 
 GB Channel
 {
 50.853226  55.451149  60.867393  69.987190  79.723129  88.105827  94.698174  98.555992  99.788956  98.372810  94.117455  87.580154  79.445206  70.004578  60.892296  55.067650  51.172234 
 53.839890  60.090309  69.831566  81.887184  93.270622  103.046249  110.749222  115.842026  117.748123  115.666565  110.722656  102.879532  92.838127  81.788750  70.170624  60.038284  53.655159 
 56.106148  66.287811  79.515312  93.514061  106.373436  117.935318  127.683441  134.267029  136.622192  134.257813  127.964218  118.182343  106.195313  93.417030  79.895622  66.704842  56.133804 
 59.549889  73.025314  88.011871  103.567970  118.269684  132.064529  144.103119  152.671722  155.950150  152.943436  145.092194  132.766098  118.262344  103.620316  88.478127  73.418434  60.016769 
 63.031197  78.392654  94.749687  111.179535  127.654373  143.725159  158.136414  168.151566  171.988586  168.851257  159.689682  145.245316  128.397034  111.731247  95.222191  79.006721  63.839005 
 65.535469  82.124847  99.061409  116.272339  134.057816  151.807343  167.598282  178.254684  182.325943  179.134369  169.729691  153.816879  135.325317  117.330002  99.760468  82.876404  66.496613 
 66.532806  83.672813  101.027031  118.760468  136.668121  155.029846  170.914688  181.637970  185.837189  182.903595  173.978912  158.056412  139.259689  120.641724  102.317970  84.468285  67.664322 
 65.654892  82.492813  99.503441  116.838440  134.404694  152.077972  167.665466  178.238434  182.268280  179.353439  170.420151  155.182495  135.862656  117.785461  100.234528  83.110939  66.819275 
 63.505829  79.033752  95.373283  111.698128  128.248276  144.267654  158.419373  168.364838  172.289688  169.139999  159.935471  145.845779  129.069382  112.525787  95.927185  79.677971  64.336929 
 60.126663  73.736252  88.695625  103.841560  118.470306  131.915161  144.107025  152.844376  156.379532  153.632034  145.679062  133.459381  119.334686  104.500313  89.431564  74.257347  60.682129 
 57.300682  67.477966  80.505936  94.282028  107.174065  118.545624  128.365631  135.153122  137.950943  135.709686  129.348129  119.688904  107.888596  94.987030  81.203278  67.810471  57.156090 
 55.001556  61.386566  71.023125  83.026718  94.401718  104.192497  112.113129  117.457504  119.475159  117.689377  112.628128  104.648590  94.732971  83.437500  71.317497  61.153595  54.674629 
 51.196144  56.262810  61.582291  70.654839  80.431099  88.793335  95.231873  99.790001  101.389946  100.050209  95.789375  89.284218  80.675262  70.770416  61.344170  55.915886  51.363800 
 } 
 B Channel
 {
 34.277344  38.168179  42.444897  49.325676  56.203072  62.108383  66.706146  69.487137  70.354530  69.346199  66.641930  62.242920  56.379951  49.703438  42.928909  38.714687  36.600105 
 36.327343  41.182968  48.245316  56.760468  64.635780  71.302345  76.444061  79.918594  81.028908  79.713905  76.607971  71.522499  64.707657  57.145935  48.922028  41.732189  37.955521 
 38.362240  45.760780  55.246559  64.776253  73.537346  81.213127  87.778282  92.072342  93.534531  92.019997  87.991562  81.639687  73.754997  65.198128  55.887184  46.736717  40.156929 
 40.962189  50.618439  61.172340  71.547340  81.361565  90.493439  98.526566  104.204689  106.222656  104.287033  99.312813  91.350937  81.929535  72.199532  61.847656  51.557968  43.077759 
 43.442554  54.381096  65.690781  76.758751  87.613281  98.259064  107.827499  114.286407  116.631561  114.726257  108.952812  99.626877  88.735626  77.677498  66.590622  55.620155  45.874947 
 45.192242  56.993279  68.568909  80.027344  91.927345  103.665314  114.053436  120.904999  123.322815  121.363754  115.564529  105.442184  93.263908  81.576096  69.847969  58.402031  47.944736 
 46.098171  57.909218  69.700935  81.564064  93.614998  105.909378  116.384064  123.205627  125.819534  123.946243  118.492966  108.029686  95.705315  83.634377  71.469215  59.467659  48.810364 
 45.584114  57.118904  68.680313  80.258591  91.959534  103.750626  114.122192  121.063431  123.708130  121.859375  116.394226  106.672340  93.932968  82.087341  70.261566  58.667503  48.306244 
 44.134426  54.830467  66.059219  77.080940  88.073906  98.492340  107.767502  114.553589  117.326874  115.549377  109.866409  100.629532  89.708282  78.864220  67.599846  56.422966  46.359013 
 41.589222  51.081093  61.593597  71.971405  81.714218  90.579063  98.567032  104.283440  106.541405  105.158752  100.384064  92.630783  83.308441  73.555000  63.124374  52.467346  43.699219 
 39.427238  46.622032  55.928436  65.506561  74.311562  81.973595  88.373909  92.978905  94.708282  93.509529  89.458122  83.183281  75.397972  66.707657  57.009689  47.613438  40.525940 
 37.522236  42.129532  49.122498  57.611092  65.676720  72.430466  77.801094  81.342812  82.624374  81.737030  78.392189  73.257660  66.581566  58.697189  49.967812  42.717812  38.544895 
 34.347656  38.335571  42.212917  48.790474  56.021507  61.942345  66.617554  69.506561  70.370201  69.684326  66.970100  62.807030  56.782806  49.760941  42.806980  38.590733  35.704899 
 } 


 White Balance Data with optical Center Data
 r_center_x =  653 r_center_y =  510 
 gr_center_x =  660 gr_center_y =  512 
 b_center_x =  665 b_center_y =  488 
 gb_center_x =  676 gb_center_y =  482 
 r/gr 0.589626 
 b/gr 0.674790 
 gb/gr 0.995966 
 r_oc_ave 110.435555 
 b_oc_ave 126.386673 
 gr_oc_ave 187.297775 
 gb_oc_ave 186.542221 

 [AWB]
 RGr =  0.589626 
 BGr =  0.674790 
 GbGr =  0.995966 
 r_oc_ave =  110.435555 
 b_oc_ave =  126.386673 
 gr_oc_ave =  187.297775 
 gb_oc_ave =  186.542221 