 LEFT LENS SHADING DATA
 RED Channel
 {
 24.488541  27.196457  30.364479  35.876770  41.809742  47.195053  51.289162  53.957138  54.659164  53.588806  50.760994  46.334427  40.832081  34.957920  29.881458  27.012814  24.738232 
 26.458542  30.046875  36.254063  43.825939  51.009529  57.262344  62.279999  65.761093  66.803749  65.277344  61.755783  56.310471  49.668747  42.555000  35.293125  29.585312  26.541977 
 27.921143  33.950314  42.398907  51.247810  59.521721  67.105316  73.437965  77.663910  79.159065  77.264534  72.651405  66.049690  58.153908  49.963905  41.305470  33.370468  27.846096 
 30.096615  38.410156  48.048439  57.914528  67.434998  76.508591  84.458595  89.901093  91.889061  89.371719  83.563126  75.263908  65.884842  56.440781  46.731564  37.455780  29.748489 
 32.417236  42.087032  52.494377  63.357498  74.264061  84.851875  94.310936  100.713905  102.895622  100.235626  93.374535  83.376404  72.406403  61.683281  51.149689  40.907970  31.940674 
 34.110569  44.645782  55.501877  67.052498  79.041878  91.042343  101.541405  108.354843  110.556877  107.873909  100.464066  89.415466  77.086250  65.359528  54.084221  43.520782  33.664738 
 35.014217  45.779842  56.996872  68.973747  81.447815  93.922813  104.808281  111.652031  113.961243  111.175934  103.945000  92.504372  79.796097  67.555313  55.713127  44.531719  34.445675 
 34.560417  45.121250  56.151718  67.645935  80.014687  92.074219  102.836716  109.990311  112.137970  109.281403  102.094063  91.069374  78.102654  66.122185  54.711563  43.903908  34.116199 
 32.914272  42.858437  53.446564  64.205780  75.570625  86.423279  96.299530  103.289063  105.447502  102.528595  95.404686  85.250313  73.925468  62.862656  52.197815  41.907032  32.686821 
 30.370159  39.299530  49.187965  59.063278  68.862343  78.221878  86.647499  92.475311  94.565781  92.005310  85.798592  77.226715  67.415314  57.750000  47.950001  38.441563  30.457813 
 28.252445  35.080154  43.840939  52.774841  61.302971  69.139999  75.878906  80.572189  82.258438  80.052498  75.033905  68.076874  59.952034  51.525314  42.692814  34.503750  28.410835 
 26.844322  30.923283  37.662033  45.537968  52.940002  59.599373  64.915627  68.388748  69.538437  68.059845  64.085159  58.518593  51.781097  44.457500  36.770939  30.576096  27.096722 
 24.998905  27.628071  31.465988  37.590260  43.956665  49.401459  53.673126  56.493332  57.337601  56.275887  53.284950  48.742966  43.181301  36.692085  30.910522  27.472549  25.258801 
 } 
 GR Channel
 {
 49.898026  55.900932  61.799324  70.893860  80.667450  88.987862  95.229477  99.221764  100.499634  99.140259  95.212029  88.621460  80.017082  70.568123  62.065361  56.867233  51.913490 
 54.625938  61.570938  71.918282  84.109688  95.561409  105.283905  112.965317  118.104691  120.034851  117.917969  112.930161  105.068123  94.818748  83.533127  71.800156  62.137032  56.161819 
 57.676140  68.401566  82.090469  96.005623  109.085785  120.803131  130.594223  137.070786  139.451721  136.966873  130.482819  120.754211  108.530937  95.693748  81.794685  68.700157  59.054108 
 61.730721  75.636566  90.872498  106.360626  121.308899  135.480164  147.775940  156.210632  159.356247  156.251724  147.992035  135.743118  121.144531  106.301559  90.834999  75.769066  62.527817 
 65.678642  81.490311  97.801559  114.602188  131.480469  148.210632  163.196411  172.991089  176.630463  173.055466  163.362030  148.534058  131.511414  114.797806  97.992188  81.599373  66.443123 
 68.518280  85.633904  102.560310  120.338120  139.004837  157.668594  174.262970  184.733124  188.171875  184.555466  174.446869  157.951874  138.917343  120.648590  102.861717  85.894066  69.283646 
 69.870941  87.233437  104.612968  123.024689  142.338745  162.133743  179.180466  189.741714  193.203430  189.640625  179.809219  162.951569  143.435471  124.397034  105.645157  87.668907  70.588280 
 69.045883  86.258591  103.515160  121.135620  140.271255  159.529068  176.477661  187.368118  190.682343  186.991409  177.343124  160.922974  140.656097  121.976868  103.978752  86.540466  70.214844 
 66.654007  82.897972  99.596092  116.210007  134.015778  151.594849  167.297653  177.785782  181.419373  177.424057  167.412506  151.996399  134.211411  117.006256  99.950623  83.285156  67.782036 
 62.582916  77.448753  93.071091  108.478905  124.027817  139.172501  152.389847  161.431244  164.834839  161.524368  152.694534  139.548126  124.245468  108.892502  93.259529  77.708282  63.817657 
 58.847290  70.708122  84.807343  98.981247  112.473129  125.096405  135.613754  142.927505  145.640930  142.694214  135.395935  124.820007  112.266251  98.897499  84.689377  70.969063  60.132813 
 56.087967  63.827347  74.934685  87.624374  99.385780  109.800934  118.184219  123.771408  125.578430  123.520157  117.774841  109.470154  98.971565  87.308594  74.807655  64.310783  57.687241 
 52.316719  57.874222  64.398857  74.544380  84.874329  93.486359  100.249008  104.302864  106.023018  104.315781  100.142967  93.342865  84.596565  74.261299  64.479111  58.648491  54.136406 
 } 
 GB Channel
 {
 49.723854  55.507607  61.519112  70.558754  80.053543  88.434532  94.647285  98.854637  100.129280  98.510628  94.586723  87.934998  79.405258  69.874275  61.339951  56.084740  51.176407 
 54.439690  61.270935  71.531403  83.680000  95.004372  104.635155  112.235626  117.414841  119.314682  117.215622  112.144836  104.318748  94.131721  82.884689  71.053909  61.470779  55.607658 
 57.397758  67.952972  81.750778  95.587814  108.467659  120.127182  129.757813  136.125153  138.603912  135.991882  129.503754  119.922180  107.855003  94.953590  81.077347  67.946564  58.284477 
 61.216721  75.136093  90.558746  105.941254  120.691254  134.816406  146.905777  155.264847  158.399063  155.204849  146.962814  134.747345  120.284225  105.472031  89.945938  74.878441  61.662598 
 65.074272  80.927185  97.362656  114.171875  130.944687  147.468124  162.273285  172.119064  175.702972  172.071091  162.268906  147.637650  130.744843  113.929840  97.144066  80.792191  65.361351 
 67.736870  84.809372  101.834999  119.713593  138.154694  156.780624  173.089691  183.620789  187.230942  183.627808  173.320465  156.987030  138.015625  119.836411  101.972191  84.957497  68.128754 
 69.040421  86.456253  103.922501  122.210312  141.490936  160.986404  177.631256  188.211563  192.048752  188.447037  178.693909  161.857651  142.417191  123.447342  104.654999  86.581406  69.444534 
 68.319374  85.466873  102.839378  120.409378  139.443130  158.369370  175.104218  185.945618  189.412811  185.828430  176.087036  159.726410  139.655777  120.952499  102.990158  85.459534  68.877655 
 65.713913  82.089531  98.819534  115.435944  133.046875  150.391876  165.960938  176.441879  180.008911  176.341095  166.202194  150.784225  133.100311  115.966568  98.996094  82.210938  66.464272 
 61.731354  76.532188  92.202187  107.607971  123.068283  137.989685  151.010788  160.122345  163.522339  160.269058  151.468903  138.448120  123.232346  107.900780  92.315781  76.685623  62.845207 
 58.299477  69.872810  84.001564  98.053123  111.365784  123.977661  134.297348  141.631882  144.462494  141.546722  134.164368  123.732346  111.215782  97.973595  83.904221  70.082809  59.386559 
 55.783646  63.186562  74.223282  86.820778  98.440468  108.746559  117.074066  122.608444  124.648285  122.485153  116.801254  108.418282  98.119217  86.450470  74.098907  63.614845  57.092133 
 52.082809  57.267395  63.696823  73.851822  84.058594  92.694893  99.440727  103.623024  105.387657  103.749947  99.329170  92.633911  83.689842  73.462341  63.609947  58.063797  53.907547 
 } 
 B Channel
 {
 32.934639  36.881302  41.406300  48.065575  54.895256  60.962395  65.377190  68.188904  68.977814  67.894058  65.297394  60.777870  54.747284  47.890156  41.887653  38.142712  34.458958 
 36.404633  41.031094  48.638596  57.397034  65.395470  72.149063  77.350937  80.745781  82.035309  80.647812  77.416565  72.172653  65.025627  57.169533  48.954529  42.110626  37.996876 
 38.659950  45.933907  55.836716  65.903282  74.799843  82.650002  89.223282  93.166405  94.723747  93.178123  89.079842  82.714996  74.574997  65.801872  56.242500  47.045624  40.091461 
 41.514584  51.121246  62.042816  72.977814  82.931252  92.321091  100.324371  105.698441  107.726097  105.667191  100.345154  92.492340  82.945625  73.101410  62.625465  52.125313  42.809895 
 44.043751  55.214996  66.730469  78.364372  89.602814  100.456093  110.209686  116.585785  118.779999  116.463440  110.161095  100.740311  89.718437  78.740311  67.530624  56.320313  45.546558 
 46.083797  57.921097  69.633591  81.838753  94.116409  106.272499  117.095474  123.944061  126.141556  123.800934  117.252182  106.640312  94.350471  82.372498  70.679688  59.212029  47.400158 
 46.981823  58.957031  71.004684  83.466248  96.250313  109.056564  120.121719  126.778900  129.075623  126.819061  120.598755  109.540627  96.941719  84.596252  72.407654  60.436409  48.372025 
 46.476147  58.229065  70.093437  82.036095  94.644066  107.097031  118.012650  125.147339  127.225784  124.974533  118.839539  108.483124  95.252655  83.148590  71.223434  59.660309  48.015312 
 44.537395  55.901566  67.400780  78.754059  90.471092  101.833748  111.942497  118.799225  121.074844  118.720779  112.346252  102.492653  91.012032  79.777496  68.520622  57.426407  46.309952 
 41.648178  51.977966  62.813751  73.361717  83.767342  93.523438  102.071404  107.876564  110.055626  108.135628  102.659691  94.206718  84.378441  74.256561  63.791718  53.358910  43.472027 
 39.096722  47.138596  57.056564  66.894066  75.953278  84.286720  91.129372  95.785934  97.633591  95.883591  91.311874  84.549530  76.260780  67.434845  57.796722  48.594215  40.924843 
 37.039581  42.240002  50.145470  59.025940  67.207657  74.144066  79.721565  83.257813  84.565781  83.321564  79.772659  74.269379  67.181252  59.242813  50.762032  43.707031  39.028904 
 34.508331  38.240414  42.792759  50.013023  57.190361  63.364891  67.861557  70.814064  71.701828  70.925728  67.977028  63.506874  57.414581  50.191978  43.396404  39.727657  36.514324 
 } 


 White Balance Data with optical Center Data
 r_center_x =  662 r_center_y =  497 
 gr_center_x =  620 gr_center_y =  504 
 b_center_x =  635 b_center_y =  501 
 gb_center_x =  637 gb_center_y =  496 
 r/gr 0.589699 
 b/gr 0.668057 
 gb/gr 0.993928 
 r_oc_ave 114.391113 
 b_oc_ave 129.591110 
 gr_oc_ave 193.982224 
 gb_oc_ave 192.804443 

 [AWB]
 RGr =  0.589699 
 BGr =  0.668057 
 GbGr =  0.993928 
 r_oc_ave =  114.391113 
 b_oc_ave =  129.591110 
 gr_oc_ave =  193.982224 
 gb_oc_ave =  192.804443 