 LEFT LENS SHADING DATA
 RED Channel
 {
 23.829113  26.272861  29.632710  35.291721  41.160992  46.076923  50.020935  52.518646  53.228340  52.009377  49.519379  45.379738  40.104893  34.374222  29.221722  26.383648  24.820728 
 25.657444  29.552658  35.760624  43.021095  49.879532  55.660469  60.455940  63.694061  64.610001  62.999374  59.789375  54.748283  48.619064  41.853592  34.698593  29.085312  26.204060 
 27.369011  33.647968  41.793907  50.124687  57.906403  64.861565  70.823128  74.862030  76.216408  74.162346  70.004684  63.757660  56.508904  48.791878  40.437344  32.736252  27.449997 
 30.070103  38.110939  47.296562  56.489532  65.447655  73.687187  81.183907  86.382965  88.147186  85.468285  80.100159  72.372345  63.689217  54.889687  45.739063  36.831562  29.468647 
 32.689377  41.730625  51.580627  61.648125  71.785309  81.544533  90.425003  96.320778  98.421410  95.495781  89.058594  80.056717  69.853279  59.898285  49.856873  40.203125  31.566040 
 34.486717  44.306095  54.517029  65.236717  76.401405  87.482346  96.969376  103.362656  105.447655  102.508125  95.733910  85.613747  74.231873  63.517502  52.845627  42.697811  33.358643 
 35.328022  45.405937  55.988907  67.093437  78.599998  90.270782  100.039528  106.366875  108.483910  105.566559  98.871559  88.313126  76.695778  65.452187  54.304062  43.631248  34.042915 
 35.004166  44.785000  55.096718  65.891251  77.267502  88.554840  98.323906  104.841408  106.680000  103.792343  97.212502  86.779373  74.939064  64.030624  53.274216  43.042812  33.692394 
 33.260624  42.679375  52.544220  62.542191  73.149841  83.291252  92.307343  98.555779  100.294998  97.518593  90.964996  81.487343  71.037971  60.963280  50.897972  41.179375  32.478542 
 30.858593  39.249218  48.461090  57.667503  66.964996  75.721252  83.492035  88.760155  90.379532  88.049690  82.445160  74.234528  65.271095  56.239998  47.014530  37.989689  30.398853 
 28.562138  35.227345  43.375626  51.790154  59.927498  67.214531  73.551559  77.882187  79.073441  77.027496  72.474846  65.872971  58.307190  50.277496  41.823437  34.098907  28.512447 
 27.202969  31.089844  37.417656  44.733124  51.773750  58.083595  63.090469  66.442345  67.449684  65.876877  62.179375  56.916565  50.524689  43.458439  36.085155  30.374687  27.281353 
 25.385883  27.643803  31.338696  37.134792  43.241249  48.568802  52.645256  55.452133  56.121353  54.953957  52.232712  47.835724  42.145107  35.957188  30.484947  27.669273  25.631771 
 } 
 GR Channel
 {
 49.064018  54.348595  60.294174  69.283119  78.708496  86.511452  92.442657  96.322083  97.647453  96.131096  92.300255  86.016556  77.931458  68.584167  59.874947  54.806252  50.867912 
 53.173180  60.135468  70.445000  82.075623  92.949532  102.016876  109.358284  114.567505  116.152649  114.014221  109.366722  101.749062  92.139374  81.211250  69.518906  60.016251  54.617081 
 56.351204  67.047653  80.187187  93.474533  105.853752  116.907806  126.141876  132.566254  134.785629  132.202652  126.230621  116.596100  105.152496  92.768753  79.131561  66.391090  57.073799 
 60.699585  74.132500  88.809372  103.363594  117.552032  130.872818  142.752655  151.097656  154.023911  150.671570  142.877029  130.833755  117.031876  102.892967  87.873909  73.280472  60.472763 
 64.925835  79.730003  95.277969  111.140625  127.295319  143.033432  157.342972  166.887192  170.348907  166.802963  157.658752  143.306717  127.137192  111.188904  94.868752  78.935783  64.324738 
 67.889114  83.655159  99.844528  116.489380  134.309845  152.024536  167.720154  178.017029  181.356400  177.743912  167.915787  152.127502  133.918274  116.860779  99.605316  83.001404  66.986198 
 69.147919  85.375000  101.945778  119.315475  137.466095  156.223434  172.259995  182.663132  186.040939  182.393127  172.957031  156.662811  138.124222  120.254059  102.283127  84.641090  68.314217 
 68.539787  84.559372  100.777191  117.770630  135.625626  153.928757  169.979538  180.336090  183.362030  180.121399  170.595474  154.571564  135.364532  117.800629  100.549530  83.625778  67.730156 
 65.906296  81.491096  97.153748  112.928757  129.823746  146.514847  161.131409  171.201569  174.027191  170.730164  161.186722  146.447662  129.481400  113.015152  96.723907  80.604691  65.546768 
 62.046768  76.133438  90.947029  105.559372  120.490631  134.662659  147.175156  155.593124  158.357651  155.385162  147.459061  134.912186  120.385941  105.584373  90.440781  75.292030  62.228912 
 58.285728  69.786560  83.220627  96.622345  109.815628  121.465317  131.410156  138.131882  140.458435  137.724060  131.269379  121.187195  109.041565  96.069221  82.180939  68.942810  58.843231 
 55.846191  63.230156  73.787033  85.848595  97.192032  107.161247  114.969681  120.426559  122.000153  119.988129  114.621246  106.486717  96.244377  84.810310  72.510468  62.674377  56.540215 
 52.150780  57.119110  63.631821  72.927971  82.785149  91.212082  97.692192  102.129898  103.557442  101.991455  97.927917  90.925262  82.182709  72.041565  62.778175  57.452293  52.980202 
 } 
 GB Channel
 {
 49.309898  54.078224  59.948647  69.195671  78.535774  86.202347  92.065109  95.896301  97.095367  95.422028  91.718597  85.223068  77.239433  68.132652  59.546410  54.482811  50.811562 
 53.121559  59.882813  70.219063  81.842972  92.628906  101.530472  108.814690  113.807343  115.375153  113.165161  108.389221  101.044533  91.476715  80.624535  68.985779  59.632813  54.249901 
 56.111099  66.766716  80.032814  93.341560  105.538437  116.342972  125.538589  131.793121  133.940155  131.246567  125.242966  115.835632  104.571404  92.248123  78.731560  65.988281  56.610161 
 60.294586  73.873749  88.638123  103.267342  117.388748  130.435623  142.144836  150.360001  153.219223  149.847656  141.932495  130.156723  116.523132  102.436096  87.424530  72.819061  60.124062 
 64.460411  79.514999  95.305313  111.189217  127.224380  142.727036  156.866089  166.421875  169.827652  166.093124  156.765778  142.770462  126.582657  110.757660  94.351410  78.399376  63.823959 
 67.257553  83.272346  99.603439  116.392349  134.012192  151.405945  166.862350  177.160309  180.726563  176.967651  167.055939  151.357971  133.389526  116.387192  99.111565  82.502029  66.446823 
 68.468384  85.003593  101.620155  119.065781  136.992813  155.426086  171.246872  181.505630  184.988907  181.310623  171.906876  155.936874  137.485779  119.775620  101.799843  84.070000  67.719170 
 67.819275  83.984688  100.256874  117.135620  134.972961  152.911087  168.785461  179.092819  182.194382  178.852661  169.471100  153.687027  134.831100  117.289536  100.049065  83.057343  67.225471 
 65.205475  80.772346  96.480156  112.281097  129.005936  145.275620  159.727966  169.649216  172.776093  169.301559  159.880463  145.364380  128.740005  112.447495  96.173592  80.028282  64.885155 
 61.435783  75.517654  90.211403  104.895470  119.605164  133.297806  145.634064  154.014847  156.832657  153.955002  145.985474  133.656097  119.437500  104.829216  89.756721  74.667816  61.537811 
 57.671150  69.094063  82.365936  95.688438  108.515778  119.982025  129.807037  136.607193  138.828430  136.235779  129.738754  119.928131  108.018440  95.229843  81.380157  68.261719  58.406517 
 55.266510  62.446716  72.906250  84.684372  95.772186  105.695313  113.416870  118.777344  120.500626  118.430466  113.250778  105.341560  95.197655  83.879532  71.751404  62.025314  56.187813 
 51.746925  56.468597  62.727913  71.939377  81.718437  90.035309  96.488548  100.796722  102.333961  100.852341  96.720993  89.682816  81.100365  71.178909  61.994530  56.871971  52.667397 
 } 
 B Channel
 {
 34.049007  37.256924  41.851826  48.639587  55.427963  61.205788  65.200623  67.891869  68.686302  67.441772  64.950424  60.568176  54.878540  48.462242  42.273746  38.233700  35.439949 
 37.017757  41.612968  49.213280  57.688751  65.366096  71.735153  76.586876  79.971878  81.069847  79.559685  76.474998  71.290466  64.790627  57.378281  49.187500  42.150158  38.187862 
 39.325363  46.707657  56.214531  65.625938  74.158905  81.875153  87.898903  92.067184  93.541878  91.767967  87.812653  81.294220  73.830154  65.509064  56.162659  47.067501  40.052502 
 42.557446  51.840157  62.165779  72.280785  82.019066  91.286407  99.031097  104.560783  106.429062  104.204689  98.946091  90.941719  81.871407  72.569847  62.348595  52.093285  42.761406 
 45.638908  55.900780  66.566093  77.477814  88.390625  99.332809  108.630936  115.035156  117.482651  114.918900  108.734688  99.266716  88.492188  78.084373  67.157341  56.207657  45.453281 
 47.802135  58.554840  69.431252  80.835785  92.816719  105.181564  115.468750  122.148743  124.588593  122.070786  115.445618  104.849373  92.909065  81.669846  70.320000  59.107658  47.284527 
 48.567444  59.732658  70.827812  82.572502  94.714066  107.867966  118.270630  124.920319  127.312500  124.775940  118.422653  107.474220  95.359840  83.755623  72.025467  60.179375  48.252708 
 48.061142  59.149063  69.964844  81.414841  93.383438  106.155785  116.541412  123.213440  125.298126  123.074844  116.794373  106.221252  93.688438  82.279533  70.860626  59.459534  47.873486 
 46.161304  56.781097  67.449684  78.101563  89.489532  100.854378  110.367966  116.872650  118.856873  116.746567  110.346252  100.570625  89.622032  78.953125  68.220779  57.285156  46.231201 
 43.228069  53.060783  63.097809  73.091560  83.222656  92.844841  100.854530  106.318436  108.130623  106.379219  101.102966  92.869064  83.400154  73.798126  63.831093  53.456093  43.778801 
 40.545727  48.532814  57.771408  67.073753  76.188751  84.318283  90.522499  94.737030  96.205780  94.628441  90.435158  83.735779  75.765938  67.249062  57.934059  48.718285  41.160572 
 38.613487  43.888283  51.477654  60.048439  68.062813  74.577972  79.573128  82.980003  83.857346  82.620941  79.270782  73.826561  67.049065  59.349373  50.986092  44.080624  39.389793 
 37.142239  40.455158  44.897030  51.361771  58.206978  63.846924  68.203125  70.993332  71.817131  70.893852  68.305992  63.538651  57.557816  50.476044  43.991306  40.463543  36.844795 
 } 


 White Balance Data with optical Center Data
 r_center_x =  623 r_center_y =  499 
 gr_center_x =  654 gr_center_y =  489 
 b_center_x =  634 b_center_y =  521 
 gb_center_x =  630 gb_center_y =  495 
 r/gr 0.583391 
 b/gr 0.684108 
 gb/gr 0.993617 
 r_oc_ave 108.871109 
 b_oc_ave 127.666672 
 gr_oc_ave 186.617783 
 gb_oc_ave 185.426666 

 [AWB]
 RGr =  0.583391 
 BGr =  0.684108 
 GbGr =  0.993617 
 r_oc_ave =  108.871109 
 b_oc_ave =  127.666672 
 gr_oc_ave =  186.617783 
 gb_oc_ave =  185.426666 