 LEFT LENS SHADING DATA
 RED Channel
 {
 23.895157  25.902241  29.030106  34.456406  40.218124  45.119637  49.150200  51.652969  52.255783  51.296928  48.505836  44.553852  39.148228  33.500366  28.339531  25.338699  23.373280 
 25.288074  28.782032  34.678436  41.867031  48.675629  54.517342  59.503128  62.762344  63.861404  62.384216  59.022499  53.635941  47.392811  40.733906  33.811405  28.035156  24.815365 
 26.605988  32.649532  40.644844  49.010002  56.822968  64.080315  70.244690  74.551094  76.017029  74.129845  69.621872  62.763435  55.300781  47.667969  39.623749  31.865936  26.010105 
 28.820831  36.986252  46.170624  55.530312  64.557190  73.263123  81.040466  86.534531  88.417656  85.986252  80.343124  71.933281  62.928596  54.138748  44.936718  35.908905  28.039948 
 31.080418  40.476250  50.449066  60.676247  71.029221  81.292030  90.747810  96.898285  98.996246  96.269997  89.825470  80.209061  69.522972  59.248749  49.138283  39.280781  30.199741 
 32.758121  42.905624  53.391403  64.253754  75.635628  87.116249  97.237190  103.939377  106.043594  103.428123  96.514221  85.929222  74.048126  62.806091  52.003754  41.675468  31.848179 
 33.459583  43.827499  54.707657  66.008438  77.720001  89.557968  99.911407  106.629684  108.821404  106.278595  99.607811  88.602814  76.566719  64.840157  53.492653  42.581406  32.616611 
 33.045990  43.217030  53.864220  64.907028  76.284065  87.714844  97.869377  104.596405  106.628906  103.836716  97.591560  86.941254  74.630470  63.464996  52.531250  42.023281  32.280575 
 31.705208  41.080624  51.228905  61.682030  72.113434  82.345314  91.605782  97.861252  99.961250  97.119530  90.956566  81.379845  70.715469  60.465935  50.235153  40.230625  31.082706 
 29.503075  37.772030  47.107811  56.723122  65.837502  74.722809  82.440315  87.735313  89.393753  87.130783  81.647186  73.933128  64.784531  55.614845  46.306873  36.966408  29.064114 
 27.827866  33.921406  41.952656  50.717812  58.772499  66.129997  72.396873  76.657028  78.033752  76.070000  71.526878  65.487503  57.749222  49.743126  41.282658  33.213280  27.230156 
 26.816612  30.327656  36.205467  43.729843  50.930313  57.030159  62.079689  65.470779  66.400314  65.076874  61.472656  56.337341  49.959373  42.815311  35.463280  29.572655  26.014946 
 25.075779  27.502449  30.567760  36.022137  42.419895  47.328693  51.404694  54.083908  54.952400  53.968544  51.127449  46.821301  41.712292  35.375313  29.777241  26.766613  24.189114 
 } 
 GR Channel
 {
 49.308128  54.186035  59.931770  68.957863  78.085419  85.858597  91.863434  95.576256  96.589844  95.183754  91.195572  85.221039  77.032135  68.032082  59.326881  53.843285  49.807442 
 52.994797  59.678123  69.579689  81.382660  92.096252  101.330467  108.810936  113.786255  115.481720  113.240005  108.417030  100.513123  90.942345  80.277496  68.750626  58.912659  52.887451 
 55.667244  66.375778  79.509216  93.039528  105.334846  116.653275  126.070938  132.508438  134.735153  132.307343  125.782806  115.662033  104.032188  91.847343  78.620316  65.492340  55.130890 
 59.594322  73.439529  88.361565  103.279686  117.572662  131.182343  143.287338  151.611099  154.466400  151.329224  143.328903  130.628754  116.391403  102.181877  87.297028  72.229691  58.695107 
 63.428909  79.255783  95.266563  111.495003  127.773285  143.874374  158.435150  168.046402  171.297974  167.668594  158.423752  144.016098  127.106247  110.539528  94.291252  77.910004  62.418755 
 66.253334  83.203751  100.033279  117.201401  134.895782  152.955627  168.919998  179.129837  182.201874  178.942032  169.098755  153.090775  134.338287  116.278595  98.921722  81.942184  65.154274 
 67.636513  84.874222  102.110313  119.941711  138.173431  157.092819  173.149841  183.080475  186.653442  183.410156  173.988129  157.519836  138.525787  119.968903  101.517029  83.637810  66.354485 
 66.900368  83.961403  100.959373  118.280472  136.250305  154.218124  170.266098  180.484528  183.684372  180.011719  171.217026  155.213593  135.494370  117.551559  99.818283  82.623749  65.806252 
 64.577133  80.669846  96.975784  113.543442  130.222351  146.604996  161.043900  170.841721  174.282501  170.319061  161.282654  146.417664  129.300934  112.678436  96.151253  79.662346  63.671295 
 60.890053  75.147346  90.369377  105.866875  120.524536  134.801254  146.981094  155.463120  158.350784  154.975464  146.740463  134.856094  119.919525  105.211563  89.818596  74.343285  60.036819 
 57.848640  68.689064  81.970314  96.353279  109.330002  121.265930  131.192337  137.822968  140.164841  137.407654  130.425156  121.103912  108.771721  95.571716  81.582497  67.954376  57.061043 
 55.594688  62.345940  72.379532  84.864059  96.643593  106.459686  114.449524  119.840942  121.389694  119.392349  113.987656  106.010780  95.898285  84.106247  71.751091  61.636719  54.928185 
 51.364685  56.821770  62.494736  71.668648  82.059639  90.045525  96.818909  101.052605  102.394272  101.087967  96.659531  89.920570  81.835152  71.452919  61.772972  56.417763  51.451088 
 } 
 GB Channel
 {
 49.914795  54.674377  60.448387  69.615311  78.897865  86.836983  93.021828  96.962662  98.013649  96.414162  92.364845  86.008492  77.584015  68.064011  59.446877  53.831413  49.795990 
 53.268539  59.945625  70.056091  81.922813  92.913910  102.279060  109.788284  114.968277  116.641556  114.462494  109.199219  100.983284  91.220467  80.405472  68.765625  58.677032  52.520149 
 55.569374  66.416878  79.933281  93.583748  106.165779  117.450317  127.077652  133.683746  135.896088  133.279846  126.416245  116.048279  104.224846  91.830780  78.373909  65.082657  54.639114 
 59.196770  73.467186  88.807968  103.806404  118.230316  131.971878  144.110474  152.699997  155.542191  152.115631  143.804382  130.903122  116.382034  102.058281  86.956406  71.559059  57.889481 
 62.974113  79.157654  95.405159  111.775940  128.229218  144.446091  159.091721  168.770935  172.070160  168.117188  158.625153  143.793747  126.860626  110.170471  93.548904  76.947655  61.243279 
 65.633904  82.902031  99.920937  117.141403  135.110306  153.023438  168.944839  179.395462  182.414063  178.922348  168.814529  152.630936  133.810623  115.575470  97.951096  80.781250  63.880409 
 66.693390  84.206093  101.699532  119.592819  137.874222  156.745163  172.792664  182.881714  186.361099  182.955002  173.265472  156.718124  137.614838  118.882339  100.383591  82.280937  64.967606 
 65.983749  83.262497  100.287498  117.835007  135.782028  153.769684  169.595932  179.844223  183.077194  179.262970  170.278748  154.086868  134.472656  116.323120  98.497658  81.260628  64.425209 
 63.758026  79.927185  96.354691  112.902191  129.441406  145.825623  160.198914  170.013443  173.423431  169.296249  160.109070  145.279221  128.205475  111.488594  94.786095  78.279999  62.353333 
 60.148071  74.424530  89.744064  105.146561  119.796875  133.786560  145.874527  154.387650  157.297653  153.777344  145.534683  133.521408  118.787811  103.982185  88.580315  73.096878  58.920212 
 57.280060  68.018593  81.418121  95.696091  108.558281  120.347183  130.085159  136.757034  139.023911  136.141403  129.155777  119.763123  107.522499  94.459534  80.360001  66.821251  56.007500 
 55.309227  61.774841  71.791252  84.160156  95.839691  105.496407  113.564529  118.780151  120.361725  118.181870  112.763596  104.699066  94.659531  83.003281  70.726875  60.665154  54.081619 
 51.545052  56.461723  61.922501  71.293701  81.459686  89.390785  96.159325  100.190369  101.790680  100.218124  95.708809  89.064056  80.911819  70.452652  60.902710  55.699951  50.844955 
 } 
 B Channel
 {
 33.588905  37.154324  41.433754  47.947968  54.767708  60.360519  64.622398  67.106300  67.600410  66.827446  64.308647  59.969688  53.973122  47.250412  40.821407  36.923225  34.654896 
 35.835991  40.730782  47.924999  56.369843  64.091873  70.734688  75.724060  78.933594  80.058746  78.832657  75.599060  70.098434  63.354378  55.611252  47.425781  40.347813  36.512394 
 37.682655  45.437031  54.917656  64.375626  73.128281  80.910469  87.150780  91.362343  93.146721  91.553436  87.201248  80.268280  72.177185  63.589378  54.252815  45.022499  38.343334 
 40.420002  50.352501  60.855156  71.280312  81.168594  90.392967  98.247032  103.877502  106.155624  103.966873  98.784531  90.132347  80.338905  70.691719  60.337189  49.783905  40.946613 
 43.187969  54.263596  65.415314  76.630310  87.758125  98.476410  108.099533  114.751877  117.064529  114.667496  108.580154  98.682655  87.344376  76.179222  65.018906  53.661095  43.520885 
 45.004269  56.703438  68.294060  80.036720  92.085472  103.868279  114.489532  121.628281  123.644531  121.708588  115.194382  104.576096  91.914215  79.800468  67.968285  56.321877  45.614376 
 45.800259  57.590469  69.431404  81.674217  93.653908  106.101410  116.806412  123.804062  126.054214  124.123749  118.011566  106.845467  94.200783  81.944061  69.622658  57.448906  46.513695 
 45.144009  56.691719  68.411095  80.287659  92.034691  103.920471  114.655945  121.594528  123.770309  121.561096  116.006256  105.369690  92.281403  80.315468  68.479691  56.639374  46.346455 
 43.558960  54.233124  65.593437  76.856560  87.759377  98.595467  108.338753  114.964066  117.274994  114.921097  109.135315  99.347504  88.051559  77.175781  65.902969  54.615623  44.772289 
 40.806507  50.370468  60.988747  71.546722  81.183594  90.641716  98.917656  104.220001  106.292191  104.357971  99.023590  91.390778  81.652496  71.865158  61.499062  50.751091  42.253803 
 38.499687  45.840939  55.098434  64.852341  73.540627  81.726563  88.300156  92.520935  94.156097  92.408279  88.022499  81.996559  73.934059  65.216408  55.596252  46.205467  40.020679 
 36.871872  41.301876  48.214691  56.730469  64.981720  71.776405  76.968124  80.549217  81.653908  80.416092  76.868904  71.655624  64.991249  57.055626  48.572342  41.529842  38.148804 
 33.931877  37.328545  41.124683  47.779846  55.058594  60.644531  65.012291  67.913177  68.875778  67.970474  65.158699  60.807701  55.331245  48.070618  41.345886  37.679222  34.802551 
 } 


 White Balance Data with optical Center Data
 r_center_x =  629 r_center_y =  501 
 gr_center_x =  657 gr_center_y =  497 
 b_center_x =  638 b_center_y =  488 
 gb_center_x =  633 gb_center_y =  488 
 r/gr 0.582094 
 b/gr 0.674519 
 gb/gr 0.998173 
 r_oc_ave 109.053337 
 b_oc_ave 126.368896 
 gr_oc_ave 187.346664 
 gb_oc_ave 187.004440 

 [AWB]
 RGr =  0.582094 
 BGr =  0.674519 
 GbGr =  0.998173 
 r_oc_ave =  109.053337 
 b_oc_ave =  126.368896 
 gr_oc_ave =  187.346664 
 gb_oc_ave =  187.004440 