 LEFT LENS SHADING DATA
 RED Channel
 {
 24.999218  27.291721  30.363277  36.010521  42.115208  47.416142  51.299843  53.769066  54.338226  53.067444  50.259743  46.009686  40.761822  34.890053  29.284740  25.782555  23.585884 
 26.550884  30.114845  36.090157  43.578438  50.644379  56.647812  61.410469  64.544060  65.421562  63.791405  60.329529  55.090935  48.754532  41.929844  34.744530  28.672344  25.004635 
 28.090000  34.203751  42.299217  50.905785  59.035004  66.167030  72.218903  76.185936  77.400154  75.278908  70.735626  64.285156  56.739998  48.861565  40.671406  32.762188  26.537186 
 30.414482  38.589062  47.931408  57.528748  66.752502  75.310623  82.852341  88.161407  89.683907  87.007347  81.217812  73.202660  64.091721  55.082497  45.847031  36.880157  28.918278 
 32.809635  42.257343  52.436096  62.842499  73.345154  83.430626  92.356094  98.340469  100.282814  97.447655  90.578438  81.013435  70.385780  60.118752  50.123596  40.309689  31.268021 
 34.499996  44.681252  55.468285  66.506096  78.015472  89.292030  99.109840  105.430000  107.421097  104.430939  97.380157  86.718437  74.968750  63.744064  53.039215  42.811718  33.041927 
 35.234791  45.788124  56.865936  68.423904  80.112343  91.902496  101.781563  108.217812  110.261406  107.397812  100.464691  89.543282  77.397499  65.719063  54.516090  43.775158  33.790783 
 34.779686  45.175938  56.089691  67.161720  78.508751  89.893440  99.708435  106.181091  108.203278  105.166718  98.447815  87.891563  75.552345  64.303909  53.559685  43.152813  33.531143 
 33.329117  43.078907  53.375465  63.794846  74.422966  84.475624  93.473282  99.619690  101.551094  98.699219  91.920784  82.266090  71.595779  61.281250  51.107811  41.147655  32.157448 
 31.337341  39.639217  49.123123  58.711090  68.119843  76.754684  84.397186  89.652809  91.326721  88.991409  83.148903  74.952187  65.816254  56.596405  47.221561  37.949844  29.880051 
 29.666145  35.769062  43.919376  52.676247  61.049065  68.216095  74.280312  78.547813  79.915779  77.872345  73.165627  66.543121  58.881874  50.681091  42.087189  33.960312  27.675312 
 28.683178  32.061718  38.004375  45.584217  52.803749  58.965935  63.944687  67.316093  68.285622  66.727966  63.023125  57.522659  51.005310  43.758751  36.316719  30.117970  26.389427 
 26.959427  29.260262  32.254375  37.700260  43.902500  49.245110  53.337601  56.070053  56.848953  55.762756  52.749786  48.094528  42.609482  36.373753  30.472343  27.249012  24.734013 
 } 
 GR Channel
 {
 50.135887  55.456299  61.221771  70.279892  80.210777  88.538017  94.708961  98.404892  99.554375  97.806412  93.642921  87.427917  78.837296  69.531250  60.448547  54.397659  50.439743 
 54.029633  60.662346  70.658440  82.595314  93.736404  103.383438  110.879372  115.771561  117.284378  115.032028  110.055000  102.166252  92.346878  81.382500  69.759377  59.530785  53.210991 
 57.055626  67.486877  80.591873  94.154060  106.794373  118.290314  127.788910  134.019836  136.155151  133.339844  126.906403  117.149216  105.374062  92.822655  79.653908  66.517967  55.817764 
 60.963486  74.408279  89.203438  104.176247  118.650467  132.352341  144.256088  152.367188  155.079849  151.575943  143.700623  131.475464  117.276245  102.846252  88.186874  73.396095  59.967545 
 64.673233  79.950310  95.986877  112.230316  128.611725  144.457504  158.637970  168.093124  171.406723  167.597504  158.220154  143.770462  127.170319  110.967346  94.941406  79.042816  63.898224 
 67.265099  83.788437  100.583748  117.754059  135.525314  153.201874  168.828751  178.738281  182.080780  178.332184  168.488754  152.646408  134.155777  116.495941  99.725937  83.108124  66.765205 
 68.594681  85.393440  102.737656  120.550156  138.632187  157.088593  172.802185  182.866089  186.171722  182.400620  172.983276  156.797653  137.945007  119.834061  102.040939  84.588593  67.969635 
 67.799377  84.505623  101.546722  118.681564  136.327026  154.129532  169.820938  179.979996  183.235474  179.409225  169.984680  154.228912  135.091568  117.343750  100.295784  83.550316  67.430725 
 65.431824  81.154533  97.568283  113.717651  130.254379  146.185318  160.434845  170.136566  173.458435  169.813904  160.256561  145.688126  129.035934  112.713745  96.593124  80.539688  65.268440 
 62.131721  75.892342  91.121559  106.129845  120.855316  134.583908  146.567032  154.729843  157.707336  154.642654  146.572662  134.259216  119.966248  105.320938  90.350784  75.251251  61.532921 
 59.163017  69.759689  82.999847  96.880157  109.942810  121.330933  131.007660  137.582809  139.829681  137.242966  130.411407  120.667191  108.723747  95.802185  81.977966  68.606247  57.692085 
 56.785049  63.573593  73.550781  85.631561  97.229218  106.964996  114.735474  119.949066  121.614059  119.576401  114.144684  106.132660  96.070938  84.563126  72.376564  61.934372  55.163536 
 52.457970  58.182549  63.843071  72.756981  82.776924  91.266670  97.783592  102.093231  103.493645  101.786613  97.471771  90.597862  81.950516  71.904373  62.144058  56.641045  51.892708 
 } 
 GB Channel
 {
 51.488800  56.326721  62.091614  71.432396  81.329842  89.658333  95.866043  99.548744  100.686882  98.762550  94.458702  87.812035  79.390991  69.805260  60.445366  54.400154  50.466408 
 54.992973  61.528595  71.656403  83.711563  95.034218  104.565002  112.089371  116.938751  118.383118  115.938599  110.718903  102.751404  92.762032  81.634216  69.822655  59.503281  53.036819 
 57.674637  68.252342  81.638596  95.432030  108.180313  119.549530  128.927811  135.135162  137.084534  134.078278  127.437653  117.520157  105.656097  92.897972  79.514374  66.186249  55.596672 
 61.400261  75.301720  90.447655  105.656563  120.160782  133.664688  145.469055  153.470306  156.138748  152.391876  144.032974  131.695313  117.363907  102.854378  87.906715  72.925781  59.495575 
 64.996407  80.722031  97.174843  113.672806  129.894379  145.685623  159.705780  169.105942  172.174377  168.283432  158.441559  143.877182  127.033752  110.699371  94.524063  78.349998  63.018333 
 67.573914  84.509529  101.588127  118.810944  136.735153  154.168594  169.302658  179.106567  182.345474  178.388443  168.250931  152.217194  133.690002  115.947495  98.845154  82.116249  65.666245 
 68.725044  85.937347  103.462967  121.368118  139.269379  157.547806  172.849060  182.738754  185.948914  181.943283  172.109528  155.992035  137.190933  118.874847  101.011871  83.422501  66.744164 
 67.868958  84.859375  101.945938  119.227814  136.691559  154.209381  169.396088  179.445160  182.588593  178.563599  168.897034  153.100006  133.938904  116.237183  99.100311  82.330627  66.177284 
 65.535828  81.474998  97.826721  113.933746  130.329376  145.951569  159.738907  169.158752  172.289993  168.618591  158.809692  144.271561  127.714844  111.464531  95.331406  79.242966  63.886513 
 62.073959  75.933128  91.015938  106.060623  120.467972  133.836090  145.417496  153.382965  156.209213  152.926254  144.766251  132.563599  118.417816  103.977188  89.082809  73.951408  60.258286 
 59.198074  69.624535  82.848122  96.510628  109.424217  120.400162  129.654846  136.025467  138.223434  135.419373  128.509842  118.774063  107.062347  94.352966  80.786873  67.425316  56.629898 
 56.903854  63.355934  73.232498  85.147659  96.466095  105.934219  113.453125  118.538437  120.092819  117.946243  112.434067  104.410469  94.472969  83.168434  71.155937  60.899216  54.121101 
 52.878853  58.029274  63.475838  72.478691  82.221306  90.426506  96.856041  100.982185  102.444893  100.518753  96.069893  89.326515  80.805679  70.768860  61.261772  55.514015  50.848595 
 } 
 B Channel
 {
 34.314426  38.319843  42.812241  49.596092  56.839897  62.518959  66.753746  69.203796  70.001099  68.814110  65.967079  61.708748  55.515785  48.939064  42.182133  37.707550  35.720051 
 36.721512  41.631718  48.909531  57.555466  65.327812  71.685623  76.602501  79.723595  80.692970  79.232658  75.837502  70.708748  63.956406  56.469063  48.233597  40.934845  37.196301 
 38.875313  46.510311  55.987656  65.519531  74.167816  81.708908  87.821091  91.884216  93.061874  91.171097  86.923904  80.536095  72.762970  64.299690  55.113434  45.870625  39.137711 
 41.607342  51.521721  62.091873  72.319374  81.982346  90.921875  98.682816  103.835312  105.395470  103.011566  97.730469  89.778595  80.556091  71.024216  60.940781  50.642189  42.082188 
 44.336300  55.329842  66.625626  77.500153  88.205002  98.658127  108.009689  114.001556  115.878601  113.324066  107.224686  97.673126  86.853439  76.125000  65.362190  54.527496  44.757084 
 46.172085  57.918747  69.467033  80.827347  92.539688  104.049530  114.167496  120.354538  122.335464  119.938751  113.522659  103.152031  91.192657  79.647659  68.342659  57.120628  46.771038 
 47.106510  58.869217  70.674690  82.339066  94.207184  106.212341  116.112976  122.429535  124.543900  122.137970  116.191101  105.628128  93.399529  81.638908  69.875778  58.168747  47.477505 
 46.672760  58.072968  69.688591  80.987816  92.523285  104.002190  113.889526  120.292969  122.368591  120.110153  114.213440  104.177032  91.692345  80.092972  68.639999  57.368752  47.080006 
 45.023647  55.824066  67.018906  77.795311  88.531876  98.685936  107.608124  113.832504  115.952652  113.689529  107.617966  98.365936  87.617500  76.959999  66.156715  55.071877  45.449791 
 42.503071  51.989532  62.449219  72.661095  82.120003  90.779846  98.354691  103.772346  105.577499  103.759377  98.566559  90.719063  81.595779  72.042969  61.848907  51.466721  42.616093 
 40.147606  47.467186  56.766251  66.254997  74.850471  82.173279  88.364220  92.655159  94.077187  92.436409  88.247971  81.950783  74.216560  65.702034  56.157501  46.825470  39.755676 
 38.299271  42.975937  49.973434  58.323128  66.209534  72.734222  77.912659  81.201721  82.187187  80.885315  77.528748  72.398750  65.702499  57.843124  49.283279  41.980938  37.667603 
 35.030521  38.898438  42.943439  49.331039  56.336403  62.125671  66.553284  69.501923  70.354271  69.245728  66.542503  62.080002  56.225418  48.973549  42.226406  38.021355  35.042187 
 } 


 White Balance Data with optical Center Data
 r_center_x =  640 r_center_y =  491 
 gr_center_x =  651 gr_center_y =  512 
 b_center_x =  625 b_center_y =  470 
 gb_center_x =  640 gb_center_y =  511 
 r/gr 0.592086 
 b/gr 0.668968 
 gb/gr 0.999976 
 r_oc_ave 110.519997 
 b_oc_ave 124.871109 
 gr_oc_ave 186.662216 
 gb_oc_ave 186.657776 

 [AWB]
 RGr =  0.592086 
 BGr =  0.668968 
 GbGr =  0.999976 
 r_oc_ave =  110.519997 
 b_oc_ave =  124.871109 
 gr_oc_ave =  186.662216 
 gb_oc_ave =  186.657776 