 LEFT LENS SHADING DATA
 RED Channel
 {
 24.050209  26.365208  30.290310  36.173492  41.832813  46.835629  50.921509  53.419899  54.117188  53.145782  50.622086  46.474323  41.207134  35.221405  29.580364  26.143486  23.790154 
 25.796459  29.804375  36.186562  43.467030  50.286560  56.378128  61.166718  64.426559  65.583435  64.226410  60.891251  55.732033  49.379845  42.487030  35.160156  29.079533  25.558075 
 27.420105  34.010937  42.187656  50.588127  58.522659  65.873909  72.096252  76.335159  77.777809  75.875626  71.416405  64.929840  57.375778  49.490623  41.068283  32.992500  26.974583 
 29.764637  38.259842  47.532501  57.034843  66.220940  75.250465  83.029060  88.495155  90.224846  87.719215  81.953590  73.805153  64.766403  55.663284  46.249844  37.061562  29.139061 
 32.084217  41.709843  51.840935  62.150467  72.761093  83.250000  92.730003  98.832970  100.799690  98.017654  91.243591  81.703751  71.002342  60.617188  50.276878  40.392811  31.361561 
 33.781094  44.041718  54.684685  65.710312  77.364372  89.118126  99.366096  105.663910  107.802498  105.071564  98.088127  87.337029  75.375313  64.058746  53.125000  42.774689  32.941357 
 34.395264  44.866718  55.809059  67.342972  79.377502  91.564064  101.860313  108.292343  110.413124  107.658905  100.913284  89.978127  77.747658  65.905472  54.521095  43.621563  33.566978 
 33.844845  44.092968  54.785004  66.016251  77.739220  89.467812  99.603752  106.119217  108.084373  105.295784  98.617500  88.161720  75.698128  64.401718  53.557816  42.898594  33.261719 
 32.293697  41.882656  52.089531  62.553284  73.383278  83.728752  93.019218  99.186096  101.270782  98.563126  91.931717  82.342346  71.592972  61.259216  51.040314  40.990158  31.822033 
 30.107655  38.488281  47.761250  57.358284  66.883125  75.786560  83.546410  88.813751  90.575470  88.422966  82.902191  74.697502  65.595467  56.285469  46.973282  37.631248  29.956249 
 28.280418  34.426250  42.483593  51.125778  59.467499  67.025627  73.253281  77.557503  78.987503  77.229218  72.669533  66.077034  58.422188  50.335625  41.867031  33.919998  28.196247 
 27.185051  30.627342  36.593124  44.074844  51.291718  57.591560  62.595001  65.952187  67.113281  65.873283  62.259064  56.917503  50.393280  43.266251  36.028908  30.357655  27.141197 
 25.501720  27.764217  30.806458  36.311298  42.413593  47.790730  51.864998  54.599274  55.599739  54.627655  51.713226  47.413750  41.800156  35.861252  30.685780  27.941612  25.349113 
 } 
 GR Channel
 {
 49.888283  54.694534  61.254944  70.920158  80.136147  88.187553  94.379318  98.364479  99.769218  98.212608  94.415779  88.291618  79.977135  70.410469  60.990829  55.088120  50.605629 
 53.363289  60.675156  71.263908  83.084534  93.912811  103.326096  110.754532  115.896561  117.796097  115.897186  111.057655  103.347656  93.462341  82.487343  70.487503  60.160622  53.840622 
 56.579163  67.653748  80.977188  94.318436  106.858437  118.336411  128.108902  134.626099  136.780151  134.164841  127.791870  117.968903  106.376717  93.765938  80.194061  66.854065  56.397400 
 60.643860  74.637184  89.428284  104.228127  118.550629  132.695938  144.978439  153.386246  156.174377  152.873749  144.425156  132.119690  118.011566  103.646873  88.676094  73.572342  60.160881 
 64.714012  80.202972  96.017502  112.028275  128.542038  145.195786  159.956253  169.296097  172.453903  168.796722  159.121719  144.592972  127.720306  111.465157  95.188591  78.950157  63.814110 
 67.262756  84.011719  100.635315  117.538284  135.588120  154.072189  170.132660  179.863434  182.933121  179.273438  169.266556  152.960007  134.385162  116.642975  99.667030  82.951096  66.496719 
 68.420357  85.350159  102.383591  120.120163  138.494690  157.687347  173.859528  183.676559  186.807190  183.146881  173.750778  157.188126  138.306717  119.973282  102.059372  84.463280  67.658905 
 67.454010  84.079216  100.770309  117.921875  136.087814  154.572968  170.349380  180.239380  183.350632  179.807968  170.407806  154.580627  135.023911  117.331879  100.147034  83.203278  66.997658 
 64.994637  80.612343  96.580940  112.830627  129.681412  146.139069  160.700943  170.175934  173.334534  169.829529  160.196564  145.265472  128.566254  112.342651  96.101250  79.917656  64.603287 
 61.142708  75.029373  89.927345  104.968903  119.607025  133.778595  145.976257  154.101089  156.958588  153.981720  145.889221  133.313904  119.081726  104.486252  89.568436  74.384064  61.182396 
 57.880775  68.500153  81.627342  95.374687  108.340782  120.122498  129.791718  136.305313  138.809692  136.358444  129.511246  119.500931  107.627190  94.656876  81.004997  67.880623  57.907295 
 55.365883  61.998596  71.831406  83.884842  95.305939  105.294846  113.072662  118.286087  120.132187  118.345779  112.843124  104.717499  94.556091  83.077972  71.227188  61.776093  55.687553 
 51.381294  56.527550  62.189529  71.044212  80.872185  89.467140  95.777443  99.848801  101.535934  99.887245  95.678963  88.969582  80.331718  70.479012  61.816353  56.978798  51.677132 
 } 
 GB Channel
 {
 50.888023  55.590942  62.273964  72.144112  81.602188  89.852081  96.134010  100.094795  101.427963  99.918800  95.889008  89.206459  80.886040  70.855209  61.429169  55.368233  50.938232 
 54.024269  61.428436  72.250626  84.305153  95.344688  104.904999  112.364212  117.618118  119.483597  117.389847  112.320465  104.384377  94.276878  83.001877  70.806252  60.315315  53.994057 
 56.863495  68.265778  81.864845  95.515160  108.245781  119.874222  129.637192  136.292496  138.477493  135.683899  128.953125  118.979370  107.012184  94.214066  80.317345  66.791565  56.270729 
 60.769943  75.117653  90.209221  105.385628  119.963120  134.284378  146.537964  154.977341  157.675781  154.261871  145.665619  132.976257  118.619537  103.954376  88.748909  73.337967  59.666512 
 64.573128  80.660622  96.823753  113.022507  129.765472  146.449219  161.287964  170.603287  173.723755  169.964539  160.004684  145.075775  128.089371  111.387497  94.995781  78.547813  63.177391 
 67.143013  84.182190  101.093124  118.210938  136.425934  154.902191  170.792496  180.538132  183.755936  179.848282  169.703598  153.213440  134.434372  116.461090  99.187500  82.160469  65.622345 
 68.045578  85.374535  102.583282  120.469849  139.008911  157.932343  174.015152  183.748901  187.050003  183.184845  173.642807  157.017654  137.848907  119.399536  101.262970  83.422813  66.594475 
 67.167336  84.014221  100.796410  118.084534  136.159683  154.499847  170.179382  179.954849  183.164536  179.383743  169.917191  153.890320  134.406876  116.495163  99.172966  82.060158  65.660782 
 64.596565  80.334061  96.462502  112.684219  129.504532  145.646408  160.081100  169.477966  172.636246  168.861877  159.282806  144.340469  127.565308  111.326096  95.129845  78.735313  63.461975 
 60.801460  74.788124  89.647972  104.652191  119.259689  133.118439  145.089371  153.007187  155.917343  152.770004  144.698441  132.020935  118.015320  103.341248  88.421722  73.268593  60.030464 
 57.618126  68.216873  81.208282  94.840622  107.632034  119.152191  128.789993  135.110626  137.496567  134.861099  128.155624  118.187500  106.451561  93.572655  79.887810  66.899841  57.023384 
 55.162498  61.623749  71.522812  83.404221  94.664528  104.497032  112.070786  117.168900  118.858276  117.142502  111.605003  103.471252  93.384689  81.967346  70.206406  60.840935  54.949692 
 51.426247  56.308327  61.778648  70.560257  80.429329  88.520988  94.980995  99.119118  100.674744  99.155006  94.826660  88.035004  79.420097  69.682556  60.929947  56.151779  51.078026 
 } 
 B Channel
 {
 33.779900  37.310314  42.312031  49.243958  55.917862  61.677132  65.970360  68.455574  69.224792  68.327240  65.847862  61.640053  55.743073  48.840736  41.991405  37.627502  35.222504 
 36.084480  41.385311  49.032654  57.399376  65.043907  71.552345  76.491409  79.702034  80.918121  79.917030  76.878906  71.766090  64.852028  57.021561  48.393280  41.057499  37.376251 
 38.343071  46.278282  55.892815  65.288910  73.903908  81.689690  88.000000  92.117340  93.688591  92.129997  88.162346  81.735779  73.760628  64.934845  55.341408  45.823593  39.278805 
 41.021721  51.157341  61.669373  72.026718  81.822502  91.266090  99.036247  104.424530  106.381874  104.518127  99.352814  91.220627  81.605934  71.711090  61.275002  50.592186  41.847603 
 43.769741  54.957031  66.088440  77.181717  88.448906  99.297188  108.676559  114.643600  116.961411  115.085464  108.982811  99.307190  87.973907  76.918282  65.698906  54.278282  44.498905 
 45.647190  57.350937  68.951248  80.535934  92.638908  104.621872  114.894531  121.214218  123.611557  121.724060  115.424225  104.678123  92.094841  80.264847  68.500778  56.864845  46.095467 
 46.372601  58.088440  69.872032  82.017189  94.281097  106.573441  117.024689  123.351257  125.844528  123.816559  117.900940  106.882034  94.300003  82.256721  70.000465  57.807968  46.890263 
 45.704479  57.112816  68.746246  80.442810  92.358749  104.261253  114.626251  121.271881  123.600632  121.630630  115.717651  105.279221  92.391090  80.653748  68.853439  56.950623  46.326458 
 43.921043  54.629372  65.809685  76.922188  87.974220  98.511719  108.156876  114.515930  117.007965  114.953125  108.750626  98.977188  88.114845  77.325623  66.064377  54.694374  44.657291 
 41.187031  50.782654  61.226410  71.543907  81.256561  90.455467  98.564529  104.109222  106.268753  104.635780  99.371094  91.105469  81.689377  71.993126  61.539688  50.809532  42.301823 
 38.723907  46.154530  55.355782  64.824219  73.650467  81.552971  88.193909  92.618904  94.429840  92.989372  88.526093  81.960472  73.969528  65.167343  55.482033  46.202969  39.835678 
 36.838959  41.443127  48.423439  56.781250  64.803284  71.766403  77.048439  80.675468  81.989685  80.880470  77.337189  71.866722  64.889221  56.923752  48.496407  41.627499  37.917503 
 33.832291  37.459373  41.414268  47.784588  55.052238  60.853706  65.499275  68.511505  69.642609  68.657761  65.670937  61.041924  54.836922  47.974583  41.731617  38.152084  34.805000 
 } 


 White Balance Data with optical Center Data
 r_center_x =  615 r_center_y =  490 
 gr_center_x =  628 gr_center_y =  484 
 b_center_x =  669 b_center_y =  483 
 gb_center_x =  623 gb_center_y =  480 
 r/gr 0.591197 
 b/gr 0.674477 
 gb/gr 1.001899 
 r_oc_ave 110.680000 
 b_oc_ave 126.271118 
 gr_oc_ave 187.213333 
 gb_oc_ave 187.568893 

 [AWB]
 RGr =  0.591197 
 BGr =  0.674477 
 GbGr =  1.001899 
 r_oc_ave =  110.680000 
 b_oc_ave =  126.271118 
 gr_oc_ave =  187.213333 
 gb_oc_ave =  187.568893 