 LEFT LENS SHADING DATA
 RED Channel
 {
 25.086197  27.465778  30.427082  35.735001  41.729687  47.183025  51.329689  53.895256  54.947502  53.816978  51.065308  46.693123  41.215054  35.421562  30.047081  26.760834  24.654167 
 26.822865  30.036407  35.950001  43.436249  50.580940  56.965935  62.010941  65.489220  66.668747  65.290314  61.791565  56.504372  49.978592  43.002811  35.715000  29.785000  26.349167 
 28.098854  33.644688  41.838593  50.664063  58.901253  66.417816  72.753593  77.125000  78.709999  77.085159  72.513908  66.038597  58.258591  50.165627  41.667656  33.758282  27.785156 
 30.200783  37.852657  47.305626  57.087029  66.510155  75.340309  83.230782  88.792969  90.850937  88.741562  83.050468  75.078125  65.826408  56.528122  47.031094  37.869064  29.965729 
 32.370625  41.390625  51.511719  62.110466  72.668747  83.031876  92.368126  98.846565  101.245003  98.859688  92.320313  82.850471  72.059219  61.470154  51.152496  41.247189  32.163021 
 33.865364  43.782658  54.329689  65.551407  77.110779  88.637970  98.872032  105.676247  108.118904  105.713440  98.969841  88.558594  76.455467  64.992966  53.953751  43.586563  33.788647 
 34.659687  44.757187  55.466248  67.057190  78.974533  90.961250  101.375313  108.268753  110.736092  108.332970  102.004684  91.144997  78.729691  66.860466  55.297653  44.491718  34.403595 
 34.050674  44.029221  54.553436  65.535934  77.224220  88.771408  98.977341  105.940002  108.452812  105.962029  99.480003  89.168594  76.643906  65.266716  54.093597  43.664375  33.981876 
 32.495884  41.819843  51.885155  62.099686  72.828590  83.175934  92.500313  99.227341  101.552971  99.089844  92.533905  83.047340  72.234375  61.875153  51.460625  41.518906  32.544113 
 30.128178  38.367970  47.612656  57.065315  66.321564  75.277969  83.130936  88.751091  90.892342  88.802658  83.200783  75.126564  65.889534  56.657654  47.240311  38.132969  30.216511 
 28.149895  34.379063  42.465939  50.973434  59.080154  66.524841  72.881561  77.332497  79.012184  77.374535  72.749687  66.281876  58.575310  50.509842  42.005001  34.065311  27.828648 
 27.126873  30.540627  36.627029  44.002811  51.207344  57.490623  62.620941  65.947968  67.174377  65.896561  62.333908  57.018593  50.634689  43.630936  36.178123  29.985470  26.287346 
 25.513958  27.496040  30.855160  36.551147  42.604221  47.823124  51.965515  54.828178  55.660622  54.811974  51.958694  47.712135  42.323853  36.113022  30.048122  26.722759  24.347343 
 } 
 GR Channel
 {
 50.145149  55.741821  61.161880  69.963593  79.357445  87.801926  94.204109  98.146095  99.648445  98.104218  94.043808  87.679634  79.365936  70.040886  61.408958  55.790359  51.389114 
 54.714745  60.927032  70.648125  82.594215  93.958908  103.680466  111.381409  116.731720  118.659683  116.623596  111.632347  103.794846  93.809685  82.699844  71.124374  61.240158  55.099953 
 57.521927  67.124222  80.309372  94.212967  107.188751  118.779221  128.558441  135.153442  137.522659  135.212494  128.776871  119.100464  107.139687  94.364372  81.042030  68.055466  57.880264 
 61.005051  73.941093  88.830002  104.207031  118.850464  132.776871  145.020935  153.425934  156.464691  153.582962  145.640472  133.627182  119.225311  104.534691  89.678909  74.975159  61.701195 
 64.568382  79.594841  95.410934  111.952187  128.531876  144.798431  159.356720  169.098282  172.621399  169.635941  160.320007  146.024216  129.203430  112.645004  96.427032  80.531563  65.499062 
 67.383743  83.492500  99.802345  117.174225  135.214539  153.291718  169.200317  179.528595  183.059067  179.997818  170.570786  154.864685  136.039368  118.310471  100.990471  84.557030  68.337242 
 68.475418  85.007500  101.665627  119.384842  137.934372  156.928909  173.055939  183.385162  187.057343  184.009369  175.053589  159.098587  140.134216  121.554840  103.395782  86.066872  69.568123 
 67.657867  83.880157  100.428596  117.260788  135.540619  153.712189  169.727661  180.270157  183.838913  180.823593  171.795151  156.450317  136.903595  118.893280  101.420311  84.809845  68.923378 
 65.215157  80.439529  96.367653  112.350632  129.098907  145.842972  160.409531  170.366409  174.055466  170.958435  161.553757  147.135788  130.130783  113.530777  97.245941  81.333908  66.417862 
 61.397919  74.996246  89.813126  104.698441  119.315308  133.569061  145.945007  154.457657  157.815475  155.139999  147.237976  134.897034  120.283127  105.584846  90.630783  75.910156  62.396202 
 58.206093  68.691719  81.918434  95.413124  108.272186  120.115631  130.056564  136.708282  139.289841  136.956406  130.513443  120.664063  108.558281  95.709373  82.240623  69.116722  58.278183 
 55.767242  62.397034  72.603439  84.438126  95.638748  105.477966  113.394379  118.467026  120.619217  118.723282  113.617493  105.774216  95.714378  84.587967  72.658592  62.204063  55.584892 
 52.215996  56.845573  62.700516  71.949791  81.697502  89.878174  96.318962  100.340569  101.771095  100.663902  96.543755  90.077347  81.526047  71.731514  62.015045  56.477402  51.957817 
 } 
 GB Channel
 {
 50.293648  55.374062  60.966461  69.471199  78.938957  87.268387  93.462662  97.653908  98.998489  97.630577  93.671669  87.096306  78.638542  69.459427  60.700890  55.188225  50.709061 
 54.477394  60.536560  70.265625  82.220154  93.298126  102.977341  110.618279  115.970779  117.913284  115.889526  110.955002  103.128593  93.090622  82.057968  70.618591  60.650314  54.604057 
 57.263802  66.587341  79.807968  93.724373  106.470940  118.036255  127.560623  134.221558  136.633118  134.394379  128.049377  118.356400  106.354530  93.805626  80.352966  67.345001  57.192497 
 60.499580  73.338753  88.388435  103.687187  118.275620  132.047806  144.222183  152.579056  155.859222  152.748276  144.908752  132.782654  118.606094  103.908127  89.044998  74.226875  60.890205 
 63.923492  78.990784  94.853592  111.365936  127.888123  143.992035  158.462814  168.274063  172.018906  168.918121  159.737030  145.482971  128.688278  112.029526  95.733910  79.758438  64.523849 
 66.666557  82.831566  99.228592  116.610626  134.492188  152.510315  168.151093  178.623123  182.269379  179.332657  169.732346  154.186569  135.422348  117.568436  100.237503  83.637970  67.282341 
 67.683754  84.333748  101.021561  118.610153  137.202347  156.003281  171.806244  182.246246  186.130005  183.086243  174.152969  158.308899  139.389526  120.771255  102.474060  85.076561  68.391144 
 66.891144  83.069061  99.547966  116.529694  134.649994  152.683289  168.397034  179.197342  182.717819  179.826248  170.850632  155.613281  136.119537  117.991409  100.524689  83.787033  67.618065 
 64.478073  79.730782  95.614059  111.527809  128.221100  144.751724  159.262497  169.225937  173.017807  169.942505  160.549377  146.220154  129.390930  112.787186  96.436096  80.405785  65.248901 
 60.742500  74.343750  89.099373  103.881721  118.513901  132.656250  144.764374  153.269226  156.732025  154.139374  146.166245  133.890320  119.450623  104.714531  89.799690  75.006721  61.444008 
 57.630997  67.993279  81.126091  94.564377  107.338593  119.016098  128.694214  135.521408  138.203903  136.011871  129.488907  119.696869  107.762810  94.970627  81.509842  68.329529  57.680992 
 55.369011  61.746719  71.919685  83.649063  94.755936  104.483910  112.398911  117.584686  119.750626  117.945160  112.782806  104.919685  94.982658  83.816872  71.911720  61.548752  54.890831 
 52.376091  56.461098  62.085938  71.423233  81.095940  89.259537  95.620781  99.855522  101.425209  100.222862  95.992821  89.331772  80.910782  71.125214  61.283600  55.852501  51.549583 
 } 
 B Channel
 {
 33.089218  36.562965  40.652706  47.260368  54.092606  59.959785  64.361511  67.004692  67.799637  66.965416  64.319893  59.891617  53.897964  47.300983  41.198956  37.254372  34.099792 
 36.310051  40.399845  47.456875  56.198906  64.130936  70.793121  75.865471  79.302185  80.534843  79.281250  76.025314  70.852654  63.947342  56.332031  48.270622  41.323124  37.147293 
 38.493019  44.954689  54.325470  64.321404  73.225311  80.924065  87.089531  91.309998  92.765472  91.274689  87.293282  81.055153  73.104530  64.564217  55.371246  46.395782  39.301823 
 41.036301  49.871094  60.370628  71.150940  80.926559  89.830002  97.701248  103.029373  105.160309  103.200157  98.207031  90.371094  81.083908  71.483437  61.437813  51.378754  42.029583 
 43.511616  53.873909  64.771561  76.209221  87.004219  97.527191  106.885941  113.190781  115.531876  113.597656  107.673592  98.443436  87.594215  76.852654  66.025467  55.320778  44.751823 
 45.397446  56.422653  67.637344  79.264374  91.116249  102.746719  112.983444  119.582809  121.952972  119.962189  114.032974  103.933746  91.758591  80.294060  68.979065  58.119217  46.753597 
 46.021305  57.449844  68.785309  80.407188  92.599686  104.697029  115.110001  121.759995  124.184998  122.161880  116.556244  106.349846  93.833908  82.078590  70.380470  59.062035  47.455986 
 45.397034  56.663910  67.814529  78.882813  90.906563  102.462654  112.741257  119.640625  121.921249  119.939377  114.419220  104.748909  91.977966  80.370316  69.044998  58.061874  47.022709 
 43.834743  54.284531  65.146248  75.772499  86.708282  97.315002  106.714844  113.240311  115.530945  113.417664  107.678749  98.507965  87.620468  77.038124  66.315628  55.844376  45.206455 
 41.181664  50.416252  60.698753  70.620003  80.293594  89.433594  97.334999  102.741096  104.944221  103.181564  98.259529  90.517815  81.203590  71.607346  61.819534  52.014221  42.397762 
 38.721405  45.958282  55.120316  64.392815  72.917503  80.719063  86.991722  91.254219  92.901405  91.510002  87.507813  81.349686  73.468597  64.989532  55.945000  47.139843  39.434639 
 36.903076  41.392033  48.538597  56.789688  64.537033  71.161247  76.217033  79.626404  80.817032  79.778435  76.565941  71.505783  64.773125  57.221718  49.139374  42.168751  37.372086 
 34.637653  37.685570  41.757969  48.395523  55.128899  60.878342  65.268486  68.034950  68.986824  68.269684  65.695938  61.288071  55.526459  48.764435  41.771458  38.206669  35.087914 
 } 


 White Balance Data with optical Center Data
 r_center_x =  637 r_center_y =  483 
 gr_center_x =  677 gr_center_y =  484 
 b_center_x =  672 b_center_y =  513 
 gb_center_x =  670 gb_center_y =  519 
 r/gr 0.592695 
 b/gr 0.664676 
 gb/gr 0.996184 
 r_oc_ave 111.142220 
 b_oc_ave 124.639999 
 gr_oc_ave 187.520004 
 gb_oc_ave 186.804443 

 [AWB]
 RGr =  0.592695 
 BGr =  0.664676 
 GbGr =  0.996184 
 r_oc_ave =  111.142220 
 b_oc_ave =  124.639999 
 gr_oc_ave =  187.520004 
 gb_oc_ave =  186.804443 