 LEFT LENS SHADING DATA
 RED Channel
 {
 25.440941  27.599270  31.169064  36.981510  43.007969  48.379684  52.458595  55.177185  56.170311  55.126144  52.287346  48.108490  42.547764  36.826618  31.512501  28.786404  26.531822 
 26.878857  30.682186  37.040314  44.736717  51.866096  58.108437  63.137970  66.532188  67.730316  66.344063  63.086716  57.857033  51.410469  44.370155  37.022499  31.357033  28.422237 
 28.336716  34.779842  43.098595  51.887970  60.059059  67.573280  73.791092  78.102341  79.610939  77.786407  73.620468  67.252968  59.537033  51.528748  43.017033  35.010155  29.727032 
 30.735783  39.108906  48.513596  58.237656  67.592346  76.451561  84.184998  89.760941  91.631561  89.287346  83.836090  75.972191  67.015938  57.930000  48.428749  39.137344  31.548801 
 33.205986  42.624531  52.815002  63.352501  74.042343  84.396095  93.705315  100.056404  102.232185  99.624374  93.000938  83.658592  73.202187  62.864998  52.644684  42.593124  33.583126 
 34.923801  45.027344  55.645782  66.854218  78.567970  90.178909  100.434219  107.211716  109.288750  106.927032  99.760155  89.349533  77.673279  66.328438  55.533592  44.968594  35.105888 
 35.750263  46.005470  56.902969  68.525314  80.502190  92.726715  103.220314  110.065468  112.298752  109.781563  103.048126  92.190628  80.038437  68.350471  56.978279  45.878281  35.700153 
 35.153492  45.307030  55.939064  67.183594  78.869843  90.839691  101.238907  108.130936  110.209846  107.608597  101.031563  90.411095  78.216095  66.772034  55.754059  45.091095  35.351303 
 33.555420  43.167500  53.333282  63.750000  74.622810  85.314529  94.919533  101.522972  103.496094  100.803436  94.082970  84.552032  73.880783  63.440002  53.035469  42.939842  33.742550 
 30.995472  39.646095  49.120468  58.620941  68.138283  77.280785  85.461563  91.071877  92.885468  90.653748  84.893753  76.722343  67.615623  58.402809  48.831879  39.548595  31.500885 
 28.533020  35.387188  43.880157  52.548592  60.673752  68.433441  75.028282  79.491562  81.030785  79.145935  74.544846  67.988747  60.342499  52.181877  43.497345  35.476563  29.439480 
 26.935051  31.243595  37.976406  45.602814  52.743126  59.088280  64.240311  67.691719  68.949219  67.503906  63.946251  58.491562  52.194534  45.128750  37.559689  31.413750  28.152500 
 25.462971  27.787552  31.881615  37.976563  44.109371  49.339325  53.621147  56.419434  57.327339  56.396614  53.377914  49.029060  43.493908  37.520416  31.521355  28.631248  26.247917 
 } 
 GR Channel
 {
 50.648804  55.162964  61.284897  70.574951  80.085152  88.282181  94.488174  98.417503  99.692970  98.346764  94.544006  87.887024  79.653854  70.474266  61.981773  57.040672  51.893600 
 53.919640  60.848595  71.185310  83.280159  94.272034  103.795937  111.336716  116.257507  118.056091  116.167191  111.611717  103.887657  93.935936  82.944687  71.377190  61.989220  56.416092 
 56.796768  67.725937  80.940315  94.572815  107.234840  118.582962  127.867813  134.249695  136.351715  133.939377  128.082031  118.644836  107.115158  94.646721  81.138283  68.237968  58.906090 
 61.117554  74.642342  89.316406  104.359375  118.750931  132.493118  144.303436  152.289063  155.170151  152.008286  144.315781  132.688599  118.891556  104.731873  89.757965  74.971405  62.308281 
 65.101303  80.227341  95.958122  112.124069  128.480774  144.576248  158.976410  168.283432  171.616714  168.092972  158.695618  144.704681  128.513443  112.643753  96.552185  80.569534  65.848488 
 67.951508  84.105469  100.428596  117.513748  135.377975  153.461090  169.386566  179.200470  182.365463  179.096252  169.159058  153.442810  135.434219  118.224838  101.191093  84.618752  68.614578 
 69.096146  85.576561  102.358284  119.971252  138.301407  157.433289  173.497192  183.470474  186.868286  183.519684  174.237503  158.061874  139.533752  121.505936  103.700935  86.191719  69.646927 
 68.358803  84.518593  100.980621  118.048279  136.069061  154.640778  170.897964  181.077194  184.241409  180.697189  171.569382  155.872650  136.783600  119.085938  101.853279  84.908440  69.030518 
 65.664322  81.294533  97.160934  113.262192  130.042664  146.920471  161.810776  171.723755  174.825150  171.297028  161.632034  147.209839  130.484070  114.157654  97.792503  81.648438  66.667183 
 61.728432  75.897186  90.895470  105.664215  120.586243  134.921722  147.797348  156.139526  159.133591  155.904068  147.656876  135.387970  121.085464  106.384216  91.234528  76.199066  63.180725 
 57.755363  69.421410  82.949684  96.503906  109.510628  121.496246  131.431244  138.396881  140.839218  138.069382  131.183121  121.391251  109.440315  96.788437  82.853592  69.592346  59.502968 
 55.040314  62.611565  73.632965  85.625778  96.941719  106.747185  114.717972  120.087494  121.935471  119.942810  114.424530  106.502342  96.584061  85.290627  73.170784  62.973434  56.976357 
 51.943649  56.608643  63.564018  73.171410  82.691101  90.973442  97.496506  101.893333  103.329002  101.846565  97.383080  91.030052  82.125313  72.405212  62.809326  57.647194  53.123024 
 } 
 GB Channel
 {
 50.351768  54.774689  60.663849  70.061562  79.525574  87.605362  93.691193  97.506981  99.056038  97.601616  93.655258  87.038071  78.834122  69.630669  61.347549  56.353638  51.543228 
 53.615105  60.309685  70.649689  82.571564  93.557030  102.867653  110.350159  115.231567  117.070618  115.047653  110.569221  102.947029  93.105156  82.249222  70.673592  61.425316  55.991142 
 56.418755  67.154999  80.391403  93.965157  106.445160  117.562347  126.775162  132.904526  135.255783  132.931564  127.093903  117.799057  106.385002  93.960785  80.453438  67.623283  58.470154 
 60.335938  74.053436  88.835312  103.902657  118.198441  131.644531  143.271881  151.349213  154.127350  151.050629  143.447968  131.899063  118.176559  104.176247  89.207031  74.324219  61.841095 
 64.286926  79.627968  95.447029  111.670624  128.034225  143.854370  158.017349  167.377975  170.733444  167.311401  157.874222  144.026718  127.932495  112.082336  95.936722  79.898438  64.987183 
 67.104218  83.438591  99.902969  117.094849  134.727814  152.599533  168.306244  178.338745  181.592972  178.238586  168.276718  152.700470  134.918900  117.479218  100.521561  83.744530  67.629745 
 68.104637  84.847343  101.784218  119.475006  137.688431  156.513901  172.435776  182.391724  185.987976  182.542664  173.287506  157.293594  138.924057  120.999222  103.067657  85.357971  68.697762 
 67.345413  83.771248  100.391716  117.485931  135.465942  153.773590  169.567810  179.943588  183.136093  179.717499  170.642807  155.090149  136.080154  118.399994  101.190155  84.125153  68.093697 
 64.811874  80.563126  96.510780  112.596100  129.329681  146.010162  160.695618  170.487976  173.843750  170.401245  160.852493  146.454376  129.774063  113.493744  96.973122  80.860466  65.790268 
 60.872391  75.155312  90.286873  104.948593  119.801559  133.943130  146.529373  154.879211  157.935776  154.875931  146.727661  134.509689  120.317032  105.752655  90.516403  75.467659  62.279945 
 57.028801  68.688591  82.204689  95.757660  108.561562  120.404068  130.275314  137.065475  139.716873  137.067184  130.174683  120.535629  108.687347  96.065781  82.151878  68.943596  58.885056 
 54.480675  61.965469  73.019379  84.884842  95.980316  105.852028  113.669693  119.078751  121.013123  119.003601  113.557968  105.684845  95.756248  84.606247  72.539215  62.404221  56.632339 
 51.617348  55.998177  62.864784  72.569221  81.974480  90.128067  96.825516  101.065834  102.699791  101.304634  96.698593  90.155052  81.532921  71.721245  62.264008  57.256088  52.980263 
 } 
 B Channel
 {
 33.946510  36.864426  41.401718  48.287453  54.887138  60.534950  64.738289  67.309746  68.254738  67.268074  64.898285  60.462448  54.602493  48.154739  42.310883  38.541508  35.107346 
 36.636509  41.165470  48.514847  57.088905  64.634842  70.987656  75.922653  79.148285  80.235779  79.019531  76.155159  71.142654  64.493752  57.055779  49.091095  42.480469  38.579010 
 38.768177  46.222969  55.382347  64.824844  73.294060  80.797188  86.787033  90.976097  92.252342  90.779373  87.059372  81.013123  73.491722  65.264999  56.128281  47.140781  40.597237 
 41.827606  51.178436  61.216248  71.404373  80.927345  89.834373  97.471092  102.790627  104.684845  102.569221  97.701408  90.237656  81.344376  72.121246  62.235001  52.088440  43.168854 
 44.650211  55.068123  65.708748  76.455002  87.300934  97.649063  107.044373  113.192505  115.419220  113.123901  107.085159  98.070465  87.713440  77.331093  66.941093  56.179840  45.568390 
 46.513233  57.534065  68.414375  79.690941  91.448753  103.132500  113.432663  120.127975  122.400467  120.228912  113.793747  103.567970  92.080940  80.821716  69.934532  58.870941  47.533855 
 47.335838  58.506248  69.584846  81.142502  93.054688  105.411873  115.988907  122.686401  125.015152  122.880783  116.689377  106.154686  94.338280  82.869064  71.470627  59.939690  48.218437 
 46.654537  57.767654  68.682655  79.764687  91.656403  103.551872  114.060944  120.695007  123.087341  120.832657  114.977188  104.946404  92.650780  81.250313  70.124687  59.067810  47.801563 
 44.823750  55.541252  66.120316  76.543121  87.505936  98.277496  107.877190  114.397186  116.533905  114.335938  108.172813  98.951561  88.450157  77.980156  67.427811  56.759689  45.941349 
 42.005939  51.844688  61.885468  71.576721  81.204529  90.493126  98.564217  104.031563  106.061249  104.122971  99.016876  91.232971  82.207970  72.871719  63.101097  53.025780  43.382656 
 39.145050  47.234844  56.545158  65.537186  73.991096  81.741875  88.123596  92.556404  94.186562  92.651566  88.339531  82.120316  74.582970  66.388908  57.258591  48.273285  40.723492 
 37.020988  42.399532  50.040314  58.167191  65.679222  72.228127  77.391090  80.856407  82.035309  80.741875  77.383438  72.332031  65.861252  58.377815  50.307343  43.435471  38.938595 
 35.066826  38.192242  43.183643  50.079269  56.652344  62.292709  66.573799  69.266197  70.322815  69.408958  66.528023  62.347237  56.502914  49.776978  43.229633  39.795673  36.394009 
 } 


 White Balance Data with optical Center Data
 r_center_x =  635 r_center_y =  504 
 gr_center_x =  638 gr_center_y =  512 
 b_center_x =  646 b_center_y =  522 
 gb_center_x =  633 gb_center_y =  516 
 r/gr 0.601470 
 b/gr 0.669330 
 gb/gr 0.995163 
 r_oc_ave 112.742218 
 b_oc_ave 125.462219 
 gr_oc_ave 187.444443 
 gb_oc_ave 186.537781 

 [AWB]
 RGr =  0.601470 
 BGr =  0.669330 
 GbGr =  0.995163 
 r_oc_ave =  112.742218 
 b_oc_ave =  125.462219 
 gr_oc_ave =  187.444443 
 gb_oc_ave =  186.537781 