 LEFT LENS SHADING DATA
 RED Channel
 {
 24.907761  26.882763  29.913490  35.513489  41.400158  46.790943  50.939117  53.341042  54.259735  53.357033  50.824318  46.564949  41.243752  35.220730  29.830208  26.546249  24.598331 
 26.701508  29.779221  35.712032  43.242031  50.252029  56.422188  61.446404  64.879372  66.025780  64.683907  61.387032  56.306404  49.787498  42.914063  35.614376  29.700001  26.252502 
 28.004742  33.645782  41.680782  50.440155  58.580154  65.977814  72.318748  76.674377  78.218285  76.584999  72.339378  65.784691  58.115623  50.135315  41.686874  33.798904  27.739948 
 30.100208  37.938126  47.142967  56.828438  66.272346  75.139374  83.079376  88.819687  90.864059  88.598282  83.166405  75.142815  65.877655  56.544533  47.025780  37.954689  30.101353 
 32.314842  41.516720  51.569061  62.055779  72.779373  83.202187  92.631874  99.407814  101.758125  99.315315  92.959846  83.294533  72.559219  61.819687  51.427498  41.564220  32.378174 
 34.072083  44.077499  54.579216  65.653122  77.406876  89.134216  99.569534  106.783440  109.275002  106.636253  100.090622  89.368279  77.287033  65.679840  54.550468  44.111561  34.199482 
 34.791248  45.157501  56.071716  67.499847  79.605316  91.836716  102.627190  109.772499  112.427505  109.790154  103.327034  92.413284  79.920471  67.807655  56.102188  45.137188  34.969269 
 34.359737  44.480782  55.219376  66.258125  78.051720  89.931564  100.536095  107.779999  110.329529  107.663750  101.185783  90.643440  78.075310  66.217812  55.035004  44.460625  34.640629 
 32.981876  42.370625  52.639847  63.092033  73.803596  84.484840  94.262344  101.052032  103.516090  101.048279  94.426094  84.644531  73.622345  62.965157  52.447342  42.397968  33.201927 
 30.838539  38.995625  48.496719  58.103279  67.541252  76.683441  84.808128  90.608597  92.761566  90.733284  85.000313  76.762497  67.301720  57.818123  48.276405  39.078125  31.160206 
 29.048904  35.049530  43.250156  51.995155  60.289375  67.892189  74.623596  79.079216  80.819534  79.029221  74.313751  67.763283  59.933281  51.720001  43.022343  34.974686  29.016354 
 28.188751  31.448750  37.430626  44.940781  52.198128  58.617500  63.921249  67.447342  68.583122  67.306564  63.622658  58.289841  51.752815  44.485470  36.982655  31.079845  27.643383 
 26.576252  28.840416  31.797707  37.313076  43.503544  48.865417  53.241661  56.030052  56.892715  55.929482  53.029114  48.612556  43.152809  36.945675  31.159119  28.250469  26.010052 
 } 
 GR Channel
 {
 48.795212  53.491455  59.184891  68.263496  77.592445  86.048805  92.334328  96.172813  97.623703  96.366821  92.872871  86.837921  78.558434  69.232811  60.465363  54.743179  50.681931 
 52.802292  58.896873  68.810310  80.938278  92.098907  101.741096  109.409531  114.595306  116.606400  114.833282  110.235153  102.801247  92.974686  82.089066  70.418907  60.426720  54.116089 
 55.651825  65.447029  78.462341  92.317810  105.211250  116.638596  126.342194  132.895462  135.544998  133.339844  127.279694  117.828125  106.278595  93.875626  80.348747  67.248749  56.992920 
 59.131302  72.227341  87.000000  102.182030  116.906403  130.652649  142.886566  151.523743  154.876251  151.944687  144.373123  132.563431  118.619370  104.017029  89.048904  74.220001  60.918755 
 62.683174  77.765472  93.564217  109.752815  126.384995  142.630463  157.389374  167.640152  171.425003  168.459534  159.419220  145.442032  128.874527  112.371872  96.056252  80.008904  64.854538 
 65.291092  81.505470  98.059998  115.023911  133.106400  151.461090  167.715942  178.725311  182.540619  179.569687  170.286560  154.886871  136.148743  118.206253  100.872032  84.147812  67.989479 
 66.477608  83.035934  100.002029  117.630005  136.084213  155.387192  172.206558  182.999374  187.016098  183.966873  175.173752  159.422653  140.355316  121.761871  103.440781  85.862656  69.060371 
 65.696457  81.943123  98.800468  115.915787  133.986557  152.584686  169.268433  180.239380  184.261566  181.076569  172.141876  156.841568  137.397339  119.200943  101.641876  84.639061  68.331146 
 63.478073  78.713280  94.904686  111.245941  127.985001  144.709213  159.909378  170.352493  174.534851  171.556091  162.225464  147.829681  130.769836  114.199371  97.626717  81.376251  66.065002 
 59.888748  73.401253  88.582497  103.790314  118.557968  132.987030  145.874069  154.637192  158.322342  155.862183  147.772186  135.543900  121.179993  106.284691  91.014221  75.976097  62.498802 
 56.884903  67.327812  80.738129  94.579689  107.727028  119.842499  130.012344  136.995468  139.752655  137.733444  131.036713  121.140152  109.281250  96.252815  82.389534  69.192970  58.781509 
 54.622398  61.271561  71.376091  83.494377  95.062187  105.274841  113.523743  118.887024  120.845627  119.279999  114.074371  106.154999  96.117035  84.612503  72.461403  62.441254  55.934998 
 50.682816  56.349480  62.020470  71.052292  80.983856  89.618385  96.433754  100.696411  102.283958  100.978752  96.902290  90.343750  81.809746  71.888748  62.384109  57.092918  52.511253 
 } 
 GB Channel
 {
 49.452759  53.953590  59.503334  68.617607  78.044167  86.450676  92.679893  96.518913  98.060936  96.622818  92.910568  86.880363  78.427139  68.880516  60.250214  54.563698  50.313698 
 53.369843  59.286720  69.118752  81.275940  92.368752  101.982971  109.524063  114.645782  116.524689  114.769058  110.165779  102.533905  92.793594  81.788437  70.164375  60.203903  53.810783 
 55.961723  65.629845  78.767189  92.650002  105.597031  116.949997  126.480774  132.891876  135.424530  133.190628  127.111099  117.675629  106.064842  93.565155  79.980316  66.893127  56.569794 
 59.392448  72.486404  87.297188  102.496407  117.233124  130.843597  142.966568  151.535629  154.771561  151.821869  144.148438  132.384689  118.227188  103.629997  88.568123  73.638596  60.256721 
 62.765472  77.984840  93.853279  110.136566  126.609222  142.733444  157.362350  167.626404  171.375153  168.285461  159.233444  145.067184  128.424530  111.885780  95.386253  79.279533  64.004326 
 65.367813  81.649063  98.164688  115.193283  133.205002  151.346100  167.298904  178.344681  182.179993  179.040787  169.709061  154.125626  135.597656  117.634995  100.139999  83.322189  66.774269 
 66.347862  83.011406  99.997345  117.605469  135.965942  154.905472  171.275620  181.958130  186.220932  183.021088  174.120789  158.470627  139.579224  120.983902  102.619530  84.965782  68.061401 
 65.666100  81.945465  98.693283  115.643433  133.524063  151.901093  168.161713  179.127808  183.259537  180.016724  171.123444  155.763901  136.450150  118.260941  100.674690  83.662811  67.323647 
 62.996613  78.511406  94.716248  110.908279  127.335159  143.886871  158.814377  169.115936  173.301407  170.166092  160.898132  146.543121  129.662506  113.097183  96.532341  80.278595  64.955048 
 59.709641  73.226097  88.342659  103.269531  117.760788  132.010468  144.411880  153.138275  156.854370  154.389069  146.263443  134.154068  119.871246  105.049843  89.934685  74.905159  61.430367 
 56.702187  66.953438  80.157814  93.845001  106.769379  118.451569  128.502808  135.472351  138.222183  136.032806  129.481567  119.749069  108.010628  95.109222  81.313278  68.221565  57.994057 
 54.457916  60.980003  70.855934  82.786560  94.160309  103.956718  112.147659  117.472656  119.398132  117.789688  112.715149  104.833595  94.970779  83.597343  71.436562  61.588905  55.271194 
 50.903336  56.029999  61.482185  70.394066  80.068642  88.589432  95.259941  99.531616  101.174377  99.870934  95.846619  89.002136  80.726402  70.787552  61.473648  56.331192  51.968697 
 } 
 B Channel
 {
 33.371254  36.293747  40.389065  46.983437  53.812080  59.501251  63.901825  66.329269  67.287964  66.340469  64.106773  59.822395  54.178177  47.708858  41.429691  37.419060  34.559059 
 36.141670  40.268749  47.211563  55.827187  63.611252  70.053749  74.988281  78.293434  79.443596  78.313591  75.405937  70.537811  64.000465  56.505936  48.514687  41.690311  37.380730 
 38.157970  44.969845  54.006248  63.785782  72.459221  79.984375  86.178749  90.407501  91.954376  90.580780  86.848282  80.792343  73.087341  64.592186  55.558441  46.734062  39.614063 
 40.559322  49.854530  59.980782  70.392815  80.311874  89.135155  97.199684  102.754372  104.786095  102.910004  98.064377  90.448593  81.206406  71.544220  61.561562  51.655472  42.611511 
 43.009640  53.664841  64.515778  75.356247  86.412659  97.105934  106.684219  113.126099  115.553589  113.671249  107.946251  98.660934  87.868591  76.963905  66.153122  55.676247  45.216251 
 44.853020  56.184685  67.346878  78.687347  90.582497  102.583595  112.967026  120.008591  122.477341  120.535934  114.611404  104.496872  92.277191  80.643440  69.268906  58.480934  47.345100 
 45.568905  57.108284  68.696877  80.189217  92.269066  104.779221  115.599686  122.567505  125.140625  123.053436  117.488281  107.246094  94.698128  82.667969  70.882813  59.490784  48.199318 
 45.042919  56.407501  67.756874  79.028435  90.750938  102.790314  113.443130  120.432968  123.142349  121.087494  115.412659  105.609528  92.890472  81.038750  69.609222  58.685310  47.622810 
 43.259792  54.006874  65.100471  75.901718  86.747658  97.537186  107.409065  114.052811  116.706253  114.791412  108.761406  99.480934  88.636093  77.732346  66.951561  56.388283  45.978077 
 40.819530  50.288910  60.834061  70.937813  80.541718  89.798752  97.940781  103.707031  106.006096  104.475311  99.277657  91.486252  82.154686  72.518753  62.444061  52.633438  43.316357 
 38.628025  45.873436  55.272972  64.728752  73.337189  81.157028  87.875626  92.215309  93.967346  92.577034  88.480934  82.133125  74.347809  65.734062  56.408127  47.759220  40.553593 
 36.923958  41.458126  48.590782  57.044373  64.820000  71.444374  76.880783  80.379219  81.604843  80.643753  77.316093  72.167343  65.470779  57.677658  49.500000  42.993908  38.475365 
 34.368126  38.216042  42.190159  48.751038  55.622086  61.494789  66.069740  68.924011  69.903801  69.093330  66.438805  62.014214  56.213066  49.317032  42.894165  39.423279  36.102867 
 } 


 White Balance Data with optical Center Data
 r_center_x =  634 r_center_y =  476 
 gr_center_x =  650 gr_center_y =  493 
 b_center_x =  645 b_center_y =  487 
 gb_center_x =  638 gb_center_y =  488 
 r/gr 0.601222 
 b/gr 0.668380 
 gb/gr 0.995760 
 r_oc_ave 112.800003 
 b_oc_ave 125.399994 
 gr_oc_ave 187.617783 
 gb_oc_ave 186.822220 

 [AWB]
 RGr =  0.601222 
 BGr =  0.668380 
 GbGr =  0.995760 
 r_oc_ave =  112.800003 
 b_oc_ave =  125.399994 
 gr_oc_ave =  187.617783 
 gb_oc_ave =  186.822220 