 LEFT LENS SHADING DATA
 RED Channel
 {
 23.777187  26.317600  29.743229  35.379166  41.233543  46.351093  50.398178  52.828590  53.469688  52.580109  49.804634  45.566353  40.241772  34.595524  29.715626  27.083229  25.068230 
 25.418018  29.305939  35.412811  42.592499  49.629372  55.635468  60.489220  63.661720  64.633438  63.054688  59.792343  54.623436  48.278435  41.533436  34.623123  29.235313  26.612392 
 26.923332  33.457500  41.509842  49.907341  57.948280  65.165939  71.313591  75.291092  76.638596  74.690315  70.361565  63.957184  56.397812  48.529533  40.289845  32.742970  27.615677 
 29.410210  37.895626  47.083439  56.513596  65.794685  74.432816  82.159218  87.513908  89.223122  86.645622  81.117035  73.087967  64.078438  54.936562  45.676563  36.719532  29.470993 
 32.002708  41.600624  51.634689  62.088127  72.586876  82.862030  92.167969  98.341721  100.296097  97.437813  90.738434  81.255936  70.590935  60.232498  49.958908  40.140469  31.406509 
 33.950367  44.170155  54.801559  65.930000  77.594688  89.160469  99.413284  105.860001  107.842972  105.086403  98.015160  87.373596  75.267342  63.976875  53.010628  42.537342  32.982136 
 34.762344  45.229218  56.287971  67.857185  79.878754  92.055626  102.482811  108.926720  111.098122  108.382660  101.650780  90.536560  78.106873  66.228905  54.578125  43.570469  33.712345 
 34.222549  44.797344  55.607658  66.773438  78.586563  90.298279  100.732498  107.281403  109.429688  106.587814  99.942184  89.033440  76.447502  64.875153  53.607971  43.047031  33.504738 
 32.802605  42.705936  52.960312  63.478439  74.445625  85.052345  94.541252  101.066254  103.146408  100.304688  93.493752  83.497971  72.531715  61.824219  51.230621  41.168438  32.400101 
 30.404270  39.255936  48.798279  58.373749  68.122345  77.195465  85.262032  90.771721  92.732185  90.419373  84.514687  76.015472  66.508591  56.947815  47.309376  38.032501  30.425831 
 28.432240  35.174530  43.486404  52.254684  60.765778  68.352028  74.947189  79.322029  80.945778  79.070160  74.184685  67.333595  59.337967  50.932503  42.207970  34.252029  28.688492 
 26.795315  31.010311  37.486095  45.182030  52.596565  58.990471  64.172340  67.752968  68.819221  67.414528  63.530472  58.018593  51.337654  43.931564  36.413750  30.688126  27.473541 
 24.714897  27.627815  31.453384  37.532238  43.875313  49.061089  53.342560  56.047760  56.989014  55.971405  52.862755  48.340889  42.623283  36.246143  30.782082  27.916042  25.474792 
 } 
 GR Channel
 {
 49.385780  54.854950  60.792084  70.082504  79.613701  87.640099  93.782234  97.849380  98.923225  97.472664  93.530006  87.220840  78.918335  69.698021  61.572922  56.777390  52.601974 
 53.023285  60.130157  70.379997  81.955002  93.103905  102.414688  110.077034  115.026871  116.700317  114.623276  109.768753  102.037498  92.221252  81.408440  70.073753  60.936562  55.874481 
 55.951660  67.192497  80.287498  93.564217  106.183281  117.631088  127.193909  133.443909  135.736877  133.068436  126.780151  117.198288  105.474220  92.864685  79.556404  67.010780  58.122238 
 60.378807  74.336090  88.977501  103.751877  118.201721  131.967819  144.265778  152.527039  155.382813  152.110001  143.987030  131.917969  117.684525  103.181252  88.342186  73.631248  61.246246 
 64.561821  80.030785  95.733597  111.876251  128.349060  144.578430  159.333755  169.091568  172.310776  168.698441  159.132187  144.700943  127.974686  111.598747  95.378441  79.265472  64.676514 
 67.484222  84.146095  100.540466  117.516403  135.625305  153.945618  170.083908  180.311874  183.493912  179.955933  170.216568  154.057190  135.239532  117.454681  100.164063  83.308907  67.216194 
 68.862396  85.699066  102.615471  120.262650  138.843903  158.215469  174.540939  184.702972  188.205780  184.727188  175.531555  159.031403  139.796875  121.126877  102.810158  85.013908  68.517448 
 68.234428  85.022972  101.607346  118.672028  136.974060  155.462189  171.819687  182.236404  185.812973  182.164841  172.940308  156.765472  136.992493  118.758118  101.087189  83.937965  67.926514 
 65.992706  81.774376  97.695625  113.879837  130.849533  147.684692  162.762024  172.933121  176.401718  172.919525  163.042343  147.903122  130.694382  113.888596  97.144844  80.803436  65.895515 
 62.066406  76.455780  91.459534  106.296875  121.374374  135.643127  148.212967  157.006561  160.339066  157.233276  148.893753  136.164536  121.192657  106.149529  90.775940  75.661560  62.569061 
 58.278587  69.840469  83.412659  97.142189  110.453278  122.185776  132.232498  139.169067  141.925629  139.296570  132.336090  122.093903  109.777344  96.479218  82.577660  69.457970  59.784843 
 55.247139  63.102341  73.835312  86.082344  97.587502  107.582657  115.668442  121.067505  122.984375  121.099686  115.511719  107.260155  96.835938  85.183594  73.008591  63.313278  57.475571 
 51.109215  57.005470  63.628227  73.340889  83.357086  91.620781  98.356346  102.757500  104.271873  102.787186  98.279427  91.584953  82.692604  72.397133  63.253799  58.314323  53.275581 
 } 
 GB Channel
 {
 50.381142  55.643646  61.612343  71.019424  80.595627  88.851929  95.074898  98.808754  99.828651  98.358955  94.159424  87.723381  79.250366  69.950623  61.616669  56.852913  52.709999 
 53.719894  60.841560  71.232971  83.034218  94.148125  103.604218  111.085312  116.077499  117.735306  115.389374  110.322968  102.356094  92.338905  81.483124  69.989998  60.785004  55.956245 
 56.462189  67.720940  81.053436  94.638908  107.273125  118.726410  128.223755  134.421722  136.614212  133.785782  127.302963  117.493439  105.493126  92.846252  79.353752  66.636871  57.815620 
 60.432556  74.803596  89.786407  104.834999  119.309372  132.975632  145.123749  153.271561  156.183289  152.524216  144.253281  132.020935  117.653122  102.926094  87.944847  73.083435  60.625099 
 64.421356  80.433441  96.468903  112.776413  129.317810  145.460785  160.021881  169.615784  172.716400  168.883743  159.219528  144.493439  127.635788  111.179688  94.803284  78.423279  63.743492 
 67.372551  84.161095  100.881096  118.115311  136.218597  154.335007  170.136719  180.193130  183.344849  179.611557  169.522507  153.371094  134.606873  116.623276  99.222343  82.213440  66.213860 
 68.413544  85.613129  102.757347  120.574692  139.053436  158.048599  173.989838  183.977661  187.378754  183.707031  174.300476  157.699997  138.602036  120.025940  101.645157  83.729378  67.377289 
 67.710632  84.756874  101.481873  118.599686  136.717972  154.964066  170.913437  181.096878  184.525467  180.808289  171.415161  155.272339  135.529999  117.401245  99.779999  82.539215  66.607758 
 65.389534  81.466408  97.517654  113.616409  130.394531  146.820313  161.367340  171.270462  174.669220  171.006256  161.299225  146.221100  129.055939  112.380157  95.760780  79.418282  64.613907 
 61.441772  76.057190  91.067497  105.823593  120.646881  134.556091  146.691879  155.198120  158.316254  155.259369  146.740311  134.157974  119.393127  104.519844  89.376404  74.242966  61.261925 
 57.775055  69.486092  82.959999  96.445625  109.440315  120.840942  130.534851  137.167496  139.662659  137.020630  130.097504  119.971878  107.926872  94.928749  81.095467  68.100937  58.525101 
 54.776817  62.499535  73.246094  85.259842  96.547966  106.163437  113.954056  119.167816  121.076401  118.941879  113.427658  105.271873  95.028908  83.659378  71.675468  62.092186  56.388023 
 50.965988  56.454315  63.062134  72.784630  82.612350  90.750938  97.251564  101.454063  102.830368  101.220207  96.837448  90.037292  81.179947  71.039787  62.060265  57.045105  52.305939 
 } 
 B Channel
 {
 33.646095  37.774010  42.452293  49.408539  56.366768  62.154472  66.745102  69.344688  70.090683  69.162025  66.361870  61.810677  55.834892  48.922661  42.780624  39.293800  37.016300 
 35.798592  40.956718  48.553123  56.961876  64.867188  71.367813  76.534691  79.714691  80.835472  79.563904  76.344376  71.026718  64.024063  56.397034  48.156876  41.616093  38.930885 
 37.945782  45.975155  55.618591  65.139061  73.857658  81.556404  88.007034  92.082809  93.499847  91.823128  87.684845  81.288124  73.220627  64.643127  55.067345  46.063438  40.570518 
 41.012341  51.116722  61.763123  72.051559  81.855003  91.105316  99.273590  104.612343  106.478905  104.287033  99.077812  91.063904  81.684845  71.783752  61.288910  50.793434  42.885105 
 43.804741  55.199532  66.484222  77.532028  88.582970  99.412971  109.037346  115.257965  117.292038  115.009689  108.845314  99.440002  88.448593  77.445778  65.946716  54.674530  45.329327 
 45.970421  57.788750  69.355003  80.985466  93.187813  105.133438  115.619995  122.092499  124.032654  121.875305  115.578430  105.273438  92.955780  81.115623  69.034531  57.358124  47.056042 
 46.783962  58.840622  70.554062  82.519531  95.041252  107.544533  118.010315  124.446091  126.800934  124.533127  118.720474  108.022186  95.464531  83.314842  70.789528  58.423752  47.786667 
 46.477348  58.235466  69.801094  81.379059  93.522972  105.590782  116.175629  122.779999  124.962814  122.867966  117.072662  106.856720  93.966248  81.815941  69.530785  57.697342  47.325466 
 44.673180  55.925468  67.049843  78.240311  89.468903  100.327972  109.928436  116.505630  118.814682  116.758286  110.769844  101.047653  89.844841  78.634842  66.989685  55.548904  45.887028 
 41.958126  52.061874  62.603439  72.844215  82.989532  92.095314  100.354530  105.996872  108.237503  106.480934  101.306877  93.138283  83.398438  73.314064  62.506721  51.812813  43.458229 
 39.229271  47.323437  56.921097  66.397186  75.279533  83.121872  89.727654  94.265160  96.022186  94.615623  90.298279  83.616249  75.503593  66.488907  56.509689  47.246094  40.988800 
 36.918541  42.315624  49.889847  58.515472  66.485313  73.155937  78.682655  82.196091  83.574997  82.473907  78.974998  73.435471  66.376564  58.322502  49.565002  42.625313  38.991146 
 33.928127  37.997292  42.575054  49.482758  56.736145  62.509689  67.083694  70.019638  71.064583  70.032036  67.236252  62.654007  56.531563  49.009171  42.496250  38.820728  35.645729 
 } 


 White Balance Data with optical Center Data
 r_center_x =  659 r_center_y =  508 
 gr_center_x =  655 gr_center_y =  508 
 b_center_x =  620 b_center_y =  476 
 gb_center_x =  620 gb_center_y =  478 
 r/gr 0.589063 
 b/gr 0.672116 
 gb/gr 0.995037 
 r_oc_ave 111.306664 
 b_oc_ave 127.000000 
 gr_oc_ave 188.955551 
 gb_oc_ave 188.017776 

 [AWB]
 RGr =  0.589063 
 BGr =  0.672116 
 GbGr =  0.995037 
 r_oc_ave =  111.306664 
 b_oc_ave =  127.000000 
 gr_oc_ave =  188.955551 
 gb_oc_ave =  188.017776 