 LEFT LENS SHADING DATA
 RED Channel
 {
 23.502239  25.508072  28.630314  34.233124  40.025417  45.246563  49.364532  51.765465  52.511406  51.645256  48.958282  44.781147  39.484425  33.907967  28.645157  25.513283  23.178699 
 25.031406  28.425781  34.427811  41.841873  48.852501  54.992813  59.935158  63.381096  64.403282  62.967972  59.687653  54.475311  48.092972  41.148594  33.972031  28.326405  25.417866 
 26.355156  32.385780  40.378593  49.035934  57.248749  64.627029  70.843903  75.174377  76.700470  74.962189  70.592812  64.127968  56.363434  48.418747  39.918438  32.176094  26.879219 
 28.645523  36.662186  45.936249  55.483910  64.965935  73.950623  81.789528  87.438751  89.422653  87.098595  81.481873  73.419685  64.155937  54.783752  45.328281  36.275623  28.896458 
 30.953388  40.224842  50.167969  60.723434  71.489845  82.110939  91.607811  98.016716  100.282654  97.745316  91.242966  81.585159  70.696091  60.060310  49.580154  39.728748  31.105415 
 32.354481  42.567814  53.149216  64.339378  76.169060  88.055939  98.702499  105.479530  107.775154  105.138748  98.179535  87.537811  75.417969  63.807503  52.630783  42.200626  32.610207 
 33.148487  43.440781  54.520935  66.070938  78.245003  90.720154  101.303749  108.282188  110.688904  107.953125  101.404373  90.520622  78.097504  65.901878  54.156097  43.087032  33.332657 
 32.701199  42.723907  53.560310  64.898125  76.691719  88.640160  99.275314  106.311874  108.544846  106.006721  99.325935  88.769379  76.259377  64.439690  53.080154  42.364376  32.953125 
 31.117813  40.522812  50.782967  61.510155  72.490311  83.182655  92.878754  99.652496  101.912659  99.300003  92.636253  82.917503  71.955002  61.132500  50.403435  40.354061  31.599060 
 28.835781  37.111404  46.597656  56.303596  66.040779  75.204063  83.328125  89.072968  91.217186  89.099373  83.337029  75.072655  65.533279  55.944061  46.155781  36.987968  29.608177 
 26.835629  33.123123  41.287186  50.130310  58.662659  66.322342  72.820465  77.483910  79.164688  77.410934  72.805466  66.055939  58.072968  49.652657  40.882343  33.063595  27.606304 
 25.954945  29.441406  35.464375  43.082813  50.541252  57.028282  62.310310  65.818123  66.851875  65.552032  62.021248  56.537971  49.862816  42.513905  35.093124  29.417969  26.493179 
 24.854534  27.178284  30.481041  36.065311  42.300419  47.843487  52.196144  54.962708  55.879372  54.892662  51.972504  47.567341  41.936562  35.623695  29.998959  27.260258  24.904011 
 } 
 GR Channel
 {
 48.434372  52.803543  58.364952  67.151146  76.336143  84.366669  90.706192  94.650368  96.006302  94.545937  90.621979  84.294533  75.994690  67.133644  58.621147  53.633591  49.081093 
 51.833542  58.121872  67.937653  79.707809  90.679062  100.342499  107.967659  113.245163  115.036087  113.057190  108.159065  100.222656  90.270935  79.129059  67.695313  58.441719  53.216927 
 54.346252  64.593750  77.516403  91.144379  103.983749  115.523132  125.237030  131.919846  134.351089  131.891556  125.451721  115.478745  103.369690  90.695625  77.213753  64.639687  55.462189 
 58.143646  71.266563  85.981094  101.117188  115.964066  130.144836  142.249527  150.928436  154.101257  150.969528  142.615936  130.163132  115.638275  100.980934  85.921562  71.290627  58.909370 
 61.818024  76.899689  92.590157  109.008904  126.012497  142.718750  157.504379  167.319839  170.968445  167.319382  157.827347  143.129379  126.084061  109.411560  92.839218  76.786720  62.427345 
 64.133072  80.545784  97.144218  114.444061  133.238434  151.941101  168.087189  178.532974  182.000153  178.459686  168.400467  152.384064  133.425476  115.168594  97.556252  80.902031  65.249321 
 65.328018  81.924690  99.125313  117.080475  135.957657  155.791718  172.254211  182.738907  186.307495  182.713593  173.408432  156.839996  137.606247  118.674377  100.199684  82.581093  66.310059 
 64.532654  80.833282  97.684998  115.176559  133.588287  152.432037  169.266098  179.917343  183.329849  179.629211  170.331253  154.225159  134.509064  116.117340  98.259529  81.342659  65.722031 
 61.935829  77.316254  93.501404  109.994217  127.231873  144.055313  159.210632  169.880005  173.406723  169.626251  159.864380  145.111877  127.713913  110.814842  94.050003  78.004219  63.435677 
 58.289635  71.882347  86.929062  102.057030  117.350464  131.754837  144.392029  153.459061  157.090149  154.120316  145.472809  132.717819  117.816711  102.664063  87.365936  72.530472  60.059837 
 55.102859  65.496407  78.585159  92.560158  105.806564  117.871094  128.143753  135.216400  138.127502  135.686401  128.695618  118.222504  105.753906  92.688904  78.878128  66.120468  56.662766 
 53.061981  59.477814  69.365784  81.351875  92.996719  103.229378  111.362030  116.881409  118.675003  116.830154  111.300781  102.976563  92.690941  81.149689  69.275940  59.975159  54.569527 
 50.215729  55.370728  60.955574  69.957710  80.066513  88.780212  95.380577  99.922028  101.138329  99.596199  95.286407  88.516975  79.978851  69.883018  60.645103  56.036194  51.365784 
 } 
 GB Channel
 {
 49.046097  53.193596  58.663330  67.761459  77.010521  85.344849  91.569481  95.564476  97.025108  95.484581  91.237709  84.608078  76.198959  67.166039  58.623390  53.479736  49.110992 
 52.219429  58.431717  68.371246  80.354378  91.550934  101.225471  108.950310  114.360306  116.142181  113.916245  108.684372  100.622032  90.459373  79.158127  67.551094  58.202034  53.058907 
 54.365784  64.685158  78.017967  91.824066  104.859375  116.467819  126.292816  132.986557  135.471252  132.656097  125.896408  115.824066  103.536720  90.604530  76.993591  64.299690  55.101776 
 58.073280  71.381409  86.402657  101.760628  116.887344  131.060623  143.295944  152.052032  155.239212  151.773743  143.123749  130.500000  115.758438  100.883591  85.627342  70.759377  58.333961 
 61.407341  76.867966  92.958122  109.608284  126.757965  143.502502  158.259537  168.224213  171.784225  168.020630  158.186249  143.256409  126.051712  109.108437  92.302658  76.176872  61.792709 
 63.799477  80.511566  97.245781  114.730942  133.623901  152.299850  168.356247  178.915939  182.352341  178.654373  168.378754  151.938904  133.070160  114.728287  96.879532  80.083282  64.343483 
 64.848488  81.697029  99.052498  117.212967  136.027649  155.705307  172.168121  182.671875  186.280319  182.520935  172.893280  156.146088  137.004837  117.892502  99.208282  81.504684  65.464272 
 63.905106  80.547188  97.541092  115.263596  133.532654  152.201721  168.933121  179.495789  182.972183  179.154068  169.595627  153.392807  133.757187  115.302658  97.260941  80.175629  64.667702 
 61.515099  77.009689  93.315781  109.941406  127.089371  143.912506  158.896561  169.360001  172.984528  168.958588  159.065155  144.173752  126.797028  109.808746  93.031876  76.883591  62.383804 
 57.822502  71.598747  86.714844  102.010002  117.142349  131.429382  143.994690  152.933441  156.399689  153.167343  144.581558  131.612656  116.816879  101.727028  86.314529  71.479530  59.023903 
 54.778229  65.222809  78.442497  92.335938  105.555939  117.555786  127.613907  134.534378  137.419220  134.886719  127.668274  117.172974  104.861565  91.755157  77.918594  65.173126  56.131462 
 52.922966  59.262344  69.159691  81.285004  92.751877  102.796562  110.913597  116.375000  118.161560  116.165619  110.542969  102.070465  91.781715  80.233910  68.309845  59.087341  54.049629 
 50.554214  55.109215  60.877609  69.747498  79.798958  88.396141  94.921295  99.147087  100.511566  99.018959  94.474426  87.636932  78.850258  68.913696  59.765472  55.328804  50.930885 
 } 
 B Channel
 {
 33.744793  36.859375  40.872971  47.235836  53.989578  59.770882  64.140007  66.877235  67.932190  66.863174  64.302917  59.876816  53.775520  47.143642  40.779011  36.893749  34.130417 
 36.094791  40.703125  47.917343  56.421249  64.370003  71.016090  76.122498  79.522034  80.643440  79.472969  76.406250  71.107033  64.110939  56.089066  47.619217  40.926250  37.226250 
 37.925518  45.435936  54.951561  64.832970  73.743752  81.604691  87.938904  92.143280  93.720627  92.158592  88.179535  81.684219  73.498436  64.470627  54.698753  45.700157  39.387032 
 40.552967  50.302345  61.143593  71.977188  82.218903  91.603592  99.612816  105.035156  107.030159  105.040627  99.725471  91.578903  81.843903  71.621719  60.903748  50.582497  41.900837 
 43.117290  54.164375  65.808128  77.379997  88.942184  99.988907  109.768440  116.062347  118.224380  115.941254  109.742188  100.005623  88.639687  77.261093  65.625313  54.581718  44.563179 
 44.877033  56.750153  68.605469  80.781097  93.318436  105.750938  116.551254  123.243118  125.381561  123.089691  116.421097  105.764687  93.127655  80.855469  68.643593  57.385628  46.498959 
 45.737446  57.621407  69.806564  82.189529  94.921875  107.982346  118.884842  125.645462  127.928589  125.682343  119.436249  108.358597  95.511719  82.907814  70.328278  58.410309  47.326153 
 45.002239  56.760780  68.869217  80.888435  93.369690  105.942345  116.831100  123.834686  125.967346  123.523438  117.444061  106.862030  93.705780  81.337654  68.993752  57.540627  47.028542 
 43.173126  54.340622  66.057343  77.577499  89.127968  100.448906  110.411560  117.085007  119.471558  117.094055  110.712967  100.859062  89.352341  77.839996  66.177811  55.188751  45.357498 
 40.445469  50.454842  61.406250  72.257965  82.661407  92.278282  100.616722  106.303436  108.374222  106.506561  101.075935  92.687653  82.764061  72.437035  61.580780  51.307030  42.896824 
 37.960258  45.736717  55.511253  65.549217  74.897659  82.990311  89.627815  94.135155  95.742188  94.244377  89.876091  83.100311  74.686722  65.480782  55.501404  46.573124  40.283958 
 36.674217  41.508595  49.081879  57.935471  66.395309  73.503128  78.858437  82.446716  83.476410  82.286247  78.693909  73.058594  65.862656  57.509529  48.822342  42.149845  38.781300 
 35.069633  39.064636  43.676876  50.693588  58.234062  64.682701  69.408432  72.274841  73.137451  72.174583  69.213280  64.467133  57.984116  50.351822  43.387970  40.063385  36.838383 
 } 


 White Balance Data with optical Center Data
 r_center_x =  645 r_center_y =  482 
 gr_center_x =  671 gr_center_y =  513 
 b_center_x =  652 b_center_y =  493 
 gb_center_x =  667 gb_center_y =  508 
 r/gr 0.593384 
 b/gr 0.686161 
 gb/gr 1.000714 
 r_oc_ave 110.888885 
 b_oc_ave 128.226669 
 gr_oc_ave 186.875549 
 gb_oc_ave 187.008896 

 [AWB]
 RGr =  0.593384 
 BGr =  0.686161 
 GbGr =  1.000714 
 r_oc_ave =  110.888885 
 b_oc_ave =  128.226669 
 gr_oc_ave =  186.875549 
 gb_oc_ave =  187.008896 