 LEFT LENS SHADING DATA
 RED Channel
 {
 25.819374  28.071877  31.659325  37.725887  43.760937  48.972763  53.181358  55.887291  56.551880  55.499580  52.525162  48.369789  42.813229  36.901821  31.423908  28.257813  26.272396 
 27.672707  31.476875  37.887032  45.561092  52.679688  58.905472  63.957184  67.313126  68.321877  66.777496  63.407028  58.131874  51.516563  44.480782  37.075783  31.100311  27.952816 
 29.408596  35.826717  44.242344  53.021095  61.207657  68.551559  74.912033  79.240623  80.711716  78.672028  74.218597  67.722809  59.906097  51.796722  43.147655  35.080311  29.264061 
 32.194530  40.476406  50.017502  59.567497  69.002342  77.881874  85.877029  91.504684  93.459221  90.893280  85.108124  76.934845  67.648750  58.321251  48.716873  39.409843  31.608803 
 34.918903  44.379532  54.597191  65.162498  75.961250  86.238281  95.901093  102.552185  104.710159  101.875778  94.930000  85.221565  74.330467  63.680000  53.261253  43.046562  33.997810 
 36.739685  47.135937  57.739220  69.048439  80.906563  92.625778  103.242188  110.458282  112.552963  109.708435  102.442497  91.405312  79.156097  67.552971  56.409691  45.645939  35.706772 
 37.705727  48.312813  59.312187  70.985779  83.265778  95.664688  106.384216  113.805939  116.127975  113.086090  105.888908  94.490623  81.894997  69.809372  58.006248  46.781719  36.577343 
 37.232658  47.713280  58.471878  69.806091  81.905312  93.928596  104.738129  111.908279  114.138901  111.117813  103.987816  93.015625  80.127968  68.318283  56.857658  46.070000  36.212502 
 35.632084  45.512501  55.821091  66.478279  77.495316  88.411095  98.314690  105.247971  107.541878  104.569534  97.354218  87.203438  75.915779  65.048439  54.354378  44.051407  34.731197 
 32.902966  41.942345  51.554375  61.344841  71.086563  80.427498  88.776093  94.730782  96.717972  94.224998  88.069534  79.388596  69.644684  59.949066  50.167503  40.608593  32.456718 
 30.565781  37.751408  46.252811  55.131096  63.636093  71.277809  78.130783  82.788910  84.486877  82.508904  77.353439  70.339378  62.161720  53.719063  44.841873  36.584061  30.430313 
 29.066406  33.452030  40.123749  47.828438  55.317184  61.806404  67.156403  70.741249  71.869690  70.301872  66.387032  60.672028  53.803749  46.428905  38.674374  32.545311  29.019478 
 27.412659  30.013489  33.916248  39.946770  46.352604  51.839119  56.215782  58.996674  59.809265  58.817711  55.683907  50.877655  45.146664  38.612450  32.743542  29.509480  27.380730 
 } 
 GR Channel
 {
 51.593544  56.349373  62.723282  72.290573  82.147705  90.507813  96.774689  100.964470  102.353386  100.961357  97.104576  90.817032  82.415573  73.059273  63.770889  58.384689  54.061356 
 55.458961  62.564377  73.061409  85.345779  96.483124  106.092812  114.025940  119.342819  121.278595  119.392181  114.647507  106.836403  96.857033  85.819687  73.789841  63.853439  57.824272 
 58.918640  69.730316  83.177971  96.918594  109.734840  121.229538  131.157028  137.977341  140.595154  137.981873  131.772812  122.315628  110.409218  97.752968  84.000465  70.671097  60.702133 
 63.270988  77.003281  91.816559  106.864998  121.608124  135.456879  148.169525  156.919525  160.148285  156.913132  149.024689  137.100464  122.686722  108.093285  92.920311  77.792343  64.500053 
 67.511925  82.834221  98.473907  114.681244  131.396408  147.917969  163.173752  173.570786  177.347504  173.840775  164.388596  149.953903  133.136566  116.460159  100.017967  83.680939  68.404686 
 70.375465  86.858597  103.017342  120.138901  138.474686  157.213593  173.823288  185.162338  188.853287  185.262650  175.428757  159.426086  140.513123  122.376251  104.914528  87.845314  71.355316 
 71.827240  88.450783  105.172340  122.784851  141.742813  161.387970  178.539063  190.026093  193.878754  190.231400  180.860779  164.281723  145.029846  126.284851  107.684219  89.725471  72.834846 
 71.003334  87.493752  104.004372  121.117035  139.735474  158.956726  176.105164  187.609848  191.440308  187.835312  178.239212  162.195618  142.100464  123.599533  105.750938  88.538124  72.171455 
 68.627029  84.360153  100.196091  116.526871  133.716095  151.157028  166.826874  177.959381  181.841873  178.162506  168.352341  153.432663  135.733597  118.620468  101.873436  85.316559  69.654480 
 64.610207  79.035622  94.014061  109.199371  124.346558  139.140320  152.234375  161.610779  165.278900  162.475159  153.990936  141.151871  126.086090  110.798439  95.400940  79.907341  66.102135 
 60.677551  72.552345  86.178123  100.050629  113.338120  125.412964  136.012650  143.280151  146.108124  143.669373  136.709061  126.553436  114.079376  100.943748  86.767502  73.191872  62.551041 
 57.962502  65.708748  76.722031  89.057190  100.641403  110.769531  119.071716  124.645004  126.681870  124.797806  119.356873  111.269218  100.906715  89.255623  76.801872  66.360626  59.748962 
 54.377914  59.672920  66.540573  76.302605  86.437859  95.058075  101.824013  106.240829  107.680626  106.461143  101.952293  95.238182  86.495255  76.059372  66.293121  60.881462  56.393127 
 } 
 GB Channel
 {
 52.040108  56.740105  63.045044  72.860626  82.470520  90.805832  97.095360  101.227089  102.446877  100.852394  96.941139  90.487183  82.079796  72.523956  63.514900  57.945885  53.879631 
 55.938858  62.822189  73.443596  85.771873  96.828438  106.357498  114.145157  119.356247  121.155624  119.010315  114.161560  106.378441  96.393127  85.369377  73.335312  63.451096  57.606712 
 59.103493  70.004532  83.585159  97.531403  110.103279  121.377502  131.178909  137.826401  140.285309  137.514847  131.382187  121.802185  109.909218  97.285622  83.350159  70.082497  60.205421 
 63.362717  77.301872  92.266090  107.516563  122.107498  135.848434  148.220932  156.849533  160.035934  156.556564  148.580154  136.694382  122.174225  107.527344  92.269531  77.119377  63.743126 
 67.540253  83.114220  98.983124  115.422180  131.964539  148.250153  163.176086  173.500473  177.057343  173.342819  163.930313  149.359680  132.403595  115.805161  99.298592  82.819534  67.450577 
 70.453697  86.941406  103.381096  120.582504  138.764221  157.130005  173.424377  184.565155  188.205780  184.489059  174.607971  158.521088  139.683746  121.461868  104.050781  86.935471  70.250679 
 71.465782  88.445160  105.284531  122.965942  141.715149  161.040619  177.824692  189.116409  192.922501  189.144226  179.584839  163.134995  143.968445  125.235001  106.617188  88.624374  71.550209 
 70.756668  87.306252  103.945160  121.071243  139.602661  158.296249  175.020004  186.295624  190.103745  186.544846  176.824692  160.835632  140.908905  122.531250  104.635628  87.400154  70.819122 
 68.304901  84.155312  99.983749  116.347809  133.246399  150.262817  165.667664  176.427658  180.282349  176.598587  166.755630  151.919067  134.411407  117.405945  100.646873  84.241249  68.528336 
 64.146400  78.772034  93.791405  108.764847  123.568283  138.009216  150.776093  159.909683  163.434219  160.556717  152.081879  139.491882  124.523438  109.455780  94.125153  78.713280  64.929741 
 60.171089  72.231720  85.742813  99.399841  112.408279  124.277344  134.399536  141.607651  144.171097  141.778900  134.880783  124.788437  112.631882  99.547188  85.610001  72.033592  61.482140 
 57.652550  65.292343  76.103752  88.276718  99.737968  109.460312  117.501404  122.945007  124.862503  123.001724  117.680939  109.571564  99.403282  87.903282  75.664375  65.421249  58.932915 
 54.285881  59.209221  65.877075  75.797348  85.623184  94.005318  100.776611  105.067909  106.374992  105.105263  100.689270  93.828224  85.162247  74.934738  65.113960  59.657494  55.548752 
 } 
 B Channel
 {
 34.926563  37.908646  42.532867  49.758018  56.748276  62.468330  66.733437  69.522087  70.367035  69.513176  66.892189  62.367134  56.505157  49.788338  43.555313  39.581512  36.734840 
 37.801563  42.350311  49.812653  58.754684  66.806404  73.186249  78.293434  81.623749  82.818909  81.525467  78.524689  73.321091  66.428284  58.861252  50.520309  43.662968  39.604431 
 40.159687  47.595936  56.987190  66.834534  75.771873  83.287498  89.697815  94.035469  95.498749  93.932655  90.021873  83.815628  75.769218  67.256721  57.776878  48.712189  41.696774 
 43.271931  52.735466  63.074066  73.680000  83.845001  92.885315  100.904686  106.536873  108.622810  106.610313  101.405937  93.694374  84.098282  74.390938  64.160934  53.893753  44.713749 
 46.054897  56.957809  67.779373  78.943283  90.292969  101.095627  110.832184  117.637650  119.869537  117.686096  111.427971  101.943436  90.906250  79.970154  69.014687  58.085785  47.555573 
 48.108131  59.621872  70.736717  82.360153  94.775154  107.051094  117.765472  124.907974  127.310776  124.819214  118.423904  107.850624  95.470314  83.650940  72.124222  61.036873  49.432289 
 48.923950  60.651878  72.074997  83.841248  96.601410  109.551094  120.457504  127.697662  130.170624  127.742661  121.542816  110.602654  97.984062  85.876251  73.820938  62.133904  50.407867 
 48.440575  59.927032  71.167816  82.682816  95.092186  107.692970  118.656876  125.817505  128.251404  125.870468  119.691406  109.354691  96.225311  84.185623  72.484375  61.240784  49.924744 
 46.726982  57.671562  68.582497  79.517189  90.866096  102.290154  112.467194  119.376099  121.908600  119.415466  113.215942  103.413124  92.038597  80.888908  69.815941  58.957809  48.156975 
 43.807915  53.742500  64.278435  74.439529  84.485626  94.170624  102.760468  108.688751  111.041878  109.058594  103.637810  95.277031  85.461250  75.526093  65.207970  55.047813  45.518642 
 40.974689  49.153435  58.617035  68.159531  77.080940  85.180153  92.080627  96.663284  98.413284  96.802498  92.423126  85.709999  77.524689  68.682030  59.222809  50.207184  42.768436 
 38.950207  44.178123  51.950623  60.447029  68.477966  75.288284  80.874222  84.504532  85.691406  84.387657  80.981407  75.474060  68.599686  60.563904  52.036095  45.239220  40.714012 
 36.640629  40.255627  45.073124  52.105576  59.228600  65.033493  69.824013  72.674324  73.549530  72.713699  69.859116  65.214897  58.963852  51.725777  45.122135  41.561928  38.442760 
 } 


 White Balance Data with optical Center Data
 r_center_x =  667 r_center_y =  505 
 gr_center_x =  641 gr_center_y =  511 
 b_center_x =  644 b_center_y =  486 
 gb_center_x =  660 gb_center_y =  499 
 r/gr 0.598328 
 b/gr 0.671052 
 gb/gr 0.995272 
 r_oc_ave 116.426666 
 b_oc_ave 130.577774 
 gr_oc_ave 194.586670 
 gb_oc_ave 193.666672 

 [AWB]
 RGr =  0.598328 
 BGr =  0.671052 
 GbGr =  0.995272 
 r_oc_ave =  116.426666 
 b_oc_ave =  130.577774 
 gr_oc_ave =  194.586670 
 gb_oc_ave =  193.666672 