 LEFT LENS SHADING DATA
 RED Channel
 {
 23.499584  25.712082  29.303753  34.948856  41.179272  46.453648  50.531197  53.018333  53.865677  52.772758  50.192551  45.989685  40.593800  34.799427  29.465260  26.300365  24.525784 
 24.910831  28.703751  34.922501  42.299686  49.498436  55.744064  60.768906  64.226250  65.270470  63.797966  60.552345  55.335938  48.919846  41.914219  34.706718  28.895157  25.997864 
 26.223644  32.595314  40.715313  49.281403  57.550934  65.058441  71.335785  75.655312  77.230469  75.477188  71.074844  64.714066  57.017654  48.970779  40.417500  32.616249  27.153332 
 28.598541  36.829376  46.101250  55.687813  65.156097  74.218437  82.053123  87.624847  89.558594  87.296410  81.778595  73.740936  64.495003  55.135468  45.639999  36.426563  29.071980 
 30.913280  40.302658  50.377029  60.925781  71.624374  82.176407  91.616875  98.153435  100.462502  97.844528  91.256248  81.798439  70.919060  60.359840  49.915314  39.915001  31.137501 
 32.616096  42.596718  53.298279  64.427032  76.266563  88.134842  98.581566  105.517654  107.873909  105.274063  98.348907  87.643280  75.641251  64.132034  52.825157  42.283905  32.763699 
 33.315624  43.648125  54.605934  66.239532  78.363594  90.776878  101.348434  108.365471  110.871407  108.197029  101.511093  90.638435  78.231720  66.229065  54.469688  43.376095  33.565048 
 32.947136  43.052345  53.840469  65.093750  77.025940  88.911407  99.543594  106.620468  108.920784  106.332657  99.734062  89.119377  76.601250  64.895782  53.480316  42.800156  33.233280 
 31.413437  40.958439  51.256096  61.811249  72.894379  83.752502  93.393127  100.163750  102.405159  99.796722  93.285309  83.561096  72.518280  61.713280  51.008904  40.938751  32.019581 
 29.087971  37.644844  47.143124  56.844841  66.652969  75.807343  84.045624  89.740623  91.668282  89.623749  83.999222  75.850784  66.294373  56.736565  46.922344  37.629688  30.038017 
 26.972603  33.613438  41.995625  50.764847  59.323906  67.033440  73.706718  78.371559  79.895782  78.059998  73.486092  66.832031  58.916405  50.554535  41.761093  33.749844  28.049633 
 25.580887  29.792343  36.274376  43.927189  51.334686  57.822815  63.109840  66.727814  67.842659  66.438438  62.779060  57.387344  50.731720  43.422501  35.949844  30.051407  26.932449 
 24.200054  26.811718  30.469372  36.381767  42.627605  48.280731  52.363388  55.210320  56.027443  55.224686  52.324898  47.952969  42.233173  35.956665  30.358383  27.306614  25.184528 
 } 
 GR Channel
 {
 49.185211  53.579376  59.723442  68.790573  78.354324  86.571815  92.803802  96.698181  97.905785  96.473961  92.576195  86.253746  77.928337  68.759010  60.151405  54.914635  50.892548 
 52.069794  58.854378  68.993439  80.817032  92.072029  101.614532  109.081093  114.350464  116.100159  113.996872  109.071404  101.193748  91.315002  80.342972  68.863281  59.402344  54.095886 
 54.580833  65.339996  78.407967  92.008591  104.735001  116.319214  126.039841  132.484848  134.785309  132.264374  125.787964  115.940308  104.197655  91.665001  78.273285  65.575935  56.190102 
 58.314789  71.980621  86.684532  101.684998  116.500305  130.455780  142.473129  151.023911  153.967972  150.662033  142.596558  130.255157  116.012817  101.453903  86.546875  71.862968  59.446922 
 62.211510  77.546722  93.548279  109.716248  126.464539  142.965942  157.486099  167.013123  170.478287  166.884689  157.417496  142.843597  125.945786  109.485466  93.108749  77.293121  62.782707 
 64.929115  81.378906  98.146408  115.555618  133.809998  152.129211  168.016251  178.306412  181.808441  178.164688  168.171249  151.914063  133.281876  115.344376  97.875000  81.120155  65.424942 
 66.345573  82.973282  100.170311  118.265930  136.971725  156.152969  172.238281  182.762344  186.324371  182.822037  173.246094  156.647964  137.517654  118.938126  100.660934  82.789375  66.694374 
 65.738121  82.128128  99.051720  116.500778  134.833588  153.433594  169.623123  180.072968  183.722351  180.070007  170.447662  154.355621  134.836716  116.637650  98.910934  81.904846  66.324638 
 63.067810  78.730316  94.898750  111.401566  128.713287  145.502655  160.347504  170.625931  173.980621  170.310318  160.481720  145.678436  128.408279  111.676559  94.937813  78.739998  64.206665 
 59.393486  73.529533  88.478127  103.697189  118.849380  133.363281  145.971558  154.678909  157.843597  154.888748  146.421097  133.733902  118.830627  103.860939  88.544998  73.607658  60.716202 
 55.757088  67.146248  80.496407  94.329689  107.662498  119.728287  129.914993  137.077194  139.597351  136.823914  129.770309  119.574692  107.264847  94.068436  80.237190  67.295624  57.575623 
 53.521561  60.806564  71.262810  83.449844  95.097656  105.240784  113.266251  118.874222  120.645309  118.545776  112.921249  104.680779  94.371246  82.855934  70.930313  61.114372  55.615204 
 50.604477  55.542397  61.780319  71.238808  81.074951  89.722237  96.241661  100.444420  102.037399  100.656822  96.130836  89.439323  80.688751  70.680519  61.579063  56.561455  52.389374 
 } 
 GB Channel
 {
 49.558907  54.018494  60.134056  69.411354  79.215630  87.436409  93.834686  97.904686  98.944588  97.543076  93.512192  86.653282  78.297554  69.116928  60.421829  55.117912  51.252075 
 52.265152  59.170784  69.430313  81.452187  92.830627  102.510780  110.174690  115.562195  117.366257  115.042038  109.970940  101.975159  91.901093  80.756721  69.055779  59.573753  54.281670 
 54.389374  65.391876  78.746407  92.546410  105.530159  117.158600  126.957657  133.627502  136.011246  133.365784  126.694061  116.710938  104.761719  91.914841  78.372345  65.532028  56.222244 
 58.021828  71.845779  86.845467  102.149063  117.057968  131.258911  143.394531  152.016876  155.030151  151.627975  143.328751  130.914993  116.410156  101.713593  86.508125  71.712654  59.281197 
 61.645416  77.220001  93.500313  109.951721  126.849686  143.365784  157.889069  167.825317  171.389221  167.626404  157.934692  143.280624  126.336411  109.697029  93.041718  76.958435  62.323021 
 64.222137  80.898590  97.784378  115.432816  133.836868  152.136871  168.030151  178.581726  182.141098  178.419525  168.202972  152.072495  133.265472  115.342346  97.589066  80.617653  64.744118 
 65.376930  82.342972  99.617340  117.834061  136.669693  155.736099  171.786880  182.502350  186.331558  182.634689  172.960785  156.380783  137.295319  118.568436  100.108910  82.183746  65.788330 
 64.873535  81.365623  98.378754  115.981094  134.427658  152.867493  168.930466  179.603912  183.300781  179.518753  169.912338  153.984070  134.438599  116.140930  98.332970  81.132187  65.370102 
 62.278908  78.043282  94.288910  110.870628  128.121719  144.833755  159.578598  169.973282  173.386414  169.749527  159.847809  145.057663  127.859680  111.010941  94.264221  77.950783  63.425156 
 58.525520  72.850937  87.858437  103.079529  118.189377  132.399841  145.024994  153.694214  156.968597  154.032349  145.542816  132.867340  118.210007  103.250938  87.908752  72.911247  60.042084 
 55.220108  66.509689  79.927971  93.833122  106.917816  118.927811  128.868912  136.055939  138.710632  135.905319  128.924057  118.755630  106.605003  93.449371  79.604378  66.632034  57.150566 
 53.130150  60.314529  70.823280  82.882034  94.512810  104.440941  112.423279  118.085938  119.941711  117.712494  112.073746  103.876564  93.676247  82.296562  70.323128  60.602814  55.160728 
 50.375160  55.045578  61.333076  70.877243  80.614067  89.240105  95.558495  99.992188  101.309425  99.936249  95.462914  88.888649  80.010834  70.204063  61.078537  56.065308  52.066559 
 } 
 B Channel
 {
 33.623337  36.992500  41.471512  48.319115  55.237968  61.262764  65.536201  68.226616  68.978119  68.079018  65.457870  60.986198  54.799118  48.162819  41.798698  38.049896  35.374065 
 36.080002  41.075001  48.649216  57.378906  65.601097  72.377968  77.581406  81.008904  82.146873  80.776718  77.578903  72.285156  65.328903  57.334061  48.742653  42.010311  38.579479 
 37.931046  45.931873  55.773285  65.687965  74.856247  82.945465  89.454376  93.673279  95.271095  93.687965  89.538124  82.995628  74.779060  65.812813  55.885002  46.756874  40.561878 
 40.685886  50.814842  61.848907  72.770622  83.099846  92.703438  100.930626  106.618126  108.617340  106.499062  101.125313  92.888283  83.071091  72.821564  61.979843  51.416878  43.079792 
 43.489117  54.831406  66.539375  78.119843  89.692657  101.047501  110.884689  117.227341  119.641724  117.352188  111.116409  101.360313  89.795784  78.436249  66.644066  55.374847  45.593800 
 45.576878  57.406876  69.497032  81.550781  94.202034  106.753906  117.554535  124.424225  126.668121  124.416092  117.837341  107.017967  94.392502  82.011566  69.668121  58.080627  47.398540 
 46.390362  58.420158  70.649841  83.258591  96.049065  109.046722  119.921402  126.758743  129.252808  127.045471  120.721252  109.705780  96.695625  84.184059  71.365311  59.206879  48.332283 
 45.897243  57.792030  69.905785  82.056564  94.585625  107.085785  118.075150  125.067657  127.372498  124.978119  118.966400  108.382500  95.211716  82.766876  70.213593  58.457031  48.044739 
 43.965622  55.486877  67.153748  78.764999  90.467186  101.935623  111.880936  118.744064  121.033905  118.715775  112.468597  102.653435  90.999687  79.421410  67.668434  56.394218  46.479008 
 41.219791  51.763123  62.773438  73.508125  84.095940  93.813438  102.305939  108.142189  110.124374  108.402969  102.978279  94.689064  84.701721  74.351563  63.360626  52.743591  44.122971 
 38.717346  47.120468  57.092346  67.116875  76.599998  84.819221  91.573441  96.283279  97.863907  96.347809  91.954063  85.090935  76.853592  67.527809  57.450623  48.206253  41.806248 
 37.123798  42.607346  50.512810  59.487503  67.959061  75.044846  80.426407  84.064690  85.220154  83.924217  80.335625  74.808281  67.623596  59.398750  50.467659  43.511406  39.999111 
 35.070053  38.729218  43.420727  50.563332  57.806984  64.097130  68.550774  71.507599  72.388702  71.389847  68.476463  63.996819  57.601295  50.300827  43.261196  39.849113  37.115364 
 } 


 White Balance Data with optical Center Data
 r_center_x =  636 r_center_y =  504 
 gr_center_x =  670 gr_center_y =  500 
 b_center_x =  645 b_center_y =  483 
 gb_center_x =  635 gb_center_y =  502 
 r/gr 0.594344 
 b/gr 0.692348 
 gb/gr 1.000000 
 r_oc_ave 111.155556 
 b_oc_ave 129.484451 
 gr_oc_ave 187.022217 
 gb_oc_ave 187.022217 

 [AWB]
 RGr =  0.594344 
 BGr =  0.692348 
 GbGr =  1.000000 
 r_oc_ave =  111.155556 
 b_oc_ave =  129.484451 
 gr_oc_ave =  187.022217 
 gb_oc_ave =  187.022217 