 LEFT LENS SHADING DATA
 RED Channel
 {
 24.404377  26.821045  30.255157  35.745258  41.690311  46.740673  50.632446  52.995255  53.846825  52.775528  50.264481  46.048542  40.919846  35.269844  29.818123  26.750366  24.782032 
 25.944374  29.791874  35.877029  43.102970  50.016563  55.859222  60.668907  63.784218  64.834534  63.405937  60.085312  55.206879  49.027969  42.320469  35.305626  29.561405  26.242863 
 27.510628  33.944374  41.960155  50.298592  58.221718  65.276566  71.265472  75.266876  76.665001  74.890778  70.536247  64.267189  56.950623  49.297340  41.146873  33.404064  27.586975 
 30.084789  38.398125  47.503593  56.860939  65.900154  74.356094  81.902809  87.195160  88.909531  86.528435  81.100311  73.387810  64.547501  55.659065  46.514687  37.596249  29.860420 
 32.667500  41.997501  51.933281  62.153595  72.485939  82.474220  91.547813  97.621872  99.743904  97.101410  90.671410  81.414375  70.999535  60.781250  50.771561  41.020939  32.092606 
 34.417030  44.467655  54.993279  65.923439  77.287659  88.627342  98.543907  104.977501  107.027969  104.501877  97.714844  87.322189  75.696877  64.540939  53.726563  43.492813  33.795731 
 35.119999  45.571251  56.471718  67.824066  79.530312  91.409218  101.604065  108.049377  110.247345  107.647972  101.114532  90.396721  78.296410  66.703438  55.355316  44.535469  34.576092 
 34.700310  45.016563  55.629059  66.590157  78.143753  89.665001  99.820778  106.316254  108.388748  105.830780  99.286247  89.017342  76.648750  65.286095  54.411095  43.964218  34.198177 
 33.205051  42.924843  53.047966  63.366875  73.943596  84.411407  93.793121  100.055939  102.267189  99.623596  93.000626  83.547501  72.737190  62.360626  52.107498  42.105469  33.068176 
 30.939686  39.582188  48.954376  58.342346  67.769997  76.677032  84.556564  90.024216  92.027809  89.823128  84.218437  76.120155  66.902344  57.555153  48.209846  38.916248  30.820000 
 28.956509  35.534218  43.770626  52.374222  60.671410  68.135628  74.610779  78.971718  80.547028  78.713127  74.169998  67.613747  59.891090  51.730003  43.119373  35.085468  28.981094 
 27.688019  31.637188  37.975155  45.443436  52.750778  59.044220  64.242653  67.693123  68.869377  67.474373  63.865623  58.531715  52.007813  44.858437  37.342812  31.313438  27.746773 
 26.095940  28.567604  32.074532  37.915939  44.206406  49.500679  53.744537  56.516457  57.443542  56.641037  53.682709  49.216927  43.752396  37.410938  31.472813  28.535103  26.106358 
 } 
 GR Channel
 {
 50.655830  55.602081  61.679794  70.863068  80.089165  88.024475  94.350784  98.150627  99.424637  98.044533  94.213486  88.086670  79.915680  70.921616  61.981041  56.587036  52.985779 
 53.780830  60.904999  71.151878  82.495781  93.406250  102.791565  110.366409  115.210632  117.071091  115.076401  110.289528  102.836250  93.346718  82.670158  71.331879  61.532654  55.642860 
 56.744530  67.821404  80.720467  93.889687  106.176247  117.457504  126.965317  133.527969  135.771408  133.281403  127.036407  117.714844  106.192657  94.159531  80.954063  68.158592  58.181717 
 61.080055  74.827347  89.214531  103.898438  118.047180  131.610779  143.522812  151.813904  154.917664  151.842499  144.007339  132.191254  118.291245  104.293434  89.666405  75.019844  62.055054 
 65.120216  80.434372  95.942657  111.726715  128.015320  143.784378  158.363281  167.881088  171.609528  168.201569  159.095154  145.006714  128.563431  112.346252  96.520782  80.707031  65.720154 
 68.081200  84.220154  100.508591  117.288437  135.024536  153.113129  168.810944  179.041718  182.519379  179.321411  169.824524  154.066879  135.674225  118.134689  101.128593  84.675468  68.437340 
 69.238800  85.818596  102.561249  119.985306  137.997192  157.201721  173.554535  183.647507  186.938751  183.717499  174.617493  158.713913  139.795776  121.664688  103.764374  86.356720  69.678169 
 68.542809  84.957809  101.434532  118.101563  136.017807  154.504837  170.787506  181.304214  184.600006  181.065628  172.048599  156.545944  137.057037  119.141251  101.920624  85.080154  68.960777 
 66.230156  81.782028  97.583282  113.330002  129.925934  146.663132  161.439056  171.540466  175.108444  171.891876  162.512192  147.901413  130.875626  114.358749  98.125465  82.036720  66.911087 
 62.429527  76.585159  91.310936  105.777969  120.490463  134.608902  147.151245  155.819061  159.162033  156.483902  148.441879  136.080933  121.765320  107.061722  91.951874  76.863434  63.474274 
 59.001717  70.264847  83.455627  96.731407  109.677498  121.256256  131.367661  138.242035  140.917038  138.679993  132.158752  122.253754  110.463127  97.404221  83.706406  70.452972  60.018593 
 56.531929  63.665466  74.045937  85.985626  97.310783  107.048904  115.088913  120.464844  122.376877  120.621719  115.431717  107.599686  97.582184  86.344063  74.216408  64.059845  57.542549 
 52.869011  57.961090  64.161354  73.807289  83.558487  91.858284  98.323692  102.791298  104.300621  103.124428  98.844429  92.379684  83.872192  73.814064  63.968277  58.802132  54.161720 
 } 
 GB Channel
 {
 51.508492  56.275154  62.511139  71.587341  80.931145  89.092232  95.351982  99.046722  100.338806  98.974480  94.806244  88.481926  80.247704  70.994583  62.118019  56.568695  53.044525 
 54.449326  61.542030  71.894066  83.542969  94.400314  103.773285  111.261566  116.092346  118.023590  115.814056  110.816254  103.237968  93.621872  82.860001  71.257187  61.446404  55.530785 
 57.142654  68.373283  81.563751  94.976250  107.345940  118.567657  128.053436  134.335159  136.618118  134.006409  127.535309  118.063751  106.512497  94.079063  80.868904  67.784531  57.678078 
 61.296509  75.411720  90.199066  105.158127  119.207809  132.763123  144.519226  152.744690  155.689377  152.428131  144.453125  132.437973  118.318588  104.166718  89.353127  74.569374  61.424377 
 65.247818  80.921562  96.854530  112.838745  129.150162  144.915466  159.120163  168.665466  172.175308  168.746872  159.248596  144.892654  128.360626  112.013901  95.936874  79.956406  64.819534 
 68.111717  84.659843  101.220314  118.300476  135.972656  153.776245  169.190002  179.109528  182.624695  179.353745  169.482025  153.579224  135.141876  117.553589  100.368752  83.697655  67.517029 
 69.024689  86.139687  103.132965  120.679382  138.611252  157.508118  173.393600  183.196716  186.552811  183.089691  173.843445  157.906723  139.023911  120.729538  102.736717  85.224686  68.454269 
 68.249069  85.076561  101.744217  118.484375  136.176407  154.340775  170.293747  180.581879  183.865463  180.206406  170.946411  155.467194  136.047028  118.037659  100.832344  83.895157  67.654945 
 65.911095  81.716721  97.652031  113.370941  129.823746  146.223282  160.604843  170.615631  174.119843  170.669220  161.182343  146.695938  129.690781  113.201569  97.027657  80.862190  65.768440 
 62.200989  76.457031  91.141090  105.594688  120.074371  133.885620  146.032654  154.529694  157.688431  154.894379  146.822968  134.616089  120.368591  105.817970  90.684685  75.736404  62.345360 
 58.909378  69.938126  83.102188  96.290627  108.973282  120.313904  130.052032  136.750931  139.323288  136.935471  130.394058  120.709061  109.009689  96.192970  82.537346  69.363281  58.973907 
 56.372917  63.360001  73.606873  85.478592  96.528595  106.007034  113.853592  119.002350  120.811569  119.006088  113.813278  106.024063  96.131096  85.108284  73.020470  62.918121  56.663544 
 52.894173  57.613335  63.676880  73.255882  82.799217  90.925156  97.411720  101.692131  103.116562  101.754219  97.335991  90.999893  82.618797  72.664742  62.961090  57.757713  53.509796 
 } 
 B Channel
 {
 34.040993  37.805157  42.536613  49.448753  56.395210  62.257706  66.489952  69.090103  70.054321  68.978493  66.444527  62.010887  56.105255  49.404427  42.896717  38.838177  36.857761 
 35.904739  41.087032  48.540154  57.029999  64.685623  71.126877  76.165154  79.388435  80.543282  79.263283  76.131409  71.154846  64.554222  56.995468  48.806091  41.786720  38.374428 
 38.042397  46.032814  55.601715  64.990936  73.557190  81.094063  87.422813  91.424690  92.951408  91.311722  87.329689  81.212814  73.527809  65.104530  55.745468  46.533127  40.163540 
 41.084164  51.055000  61.629845  71.845940  81.297188  90.331253  98.175934  103.554840  105.384216  103.337029  98.330627  90.672501  81.559998  72.059372  61.864685  51.450935  42.946770 
 43.952763  54.990471  66.207031  77.005157  87.703751  98.263748  107.762657  113.899063  116.145004  113.989685  108.116875  99.017029  88.361092  77.553749  66.501564  55.335785  45.670990 
 45.882496  57.621246  69.099846  80.342186  92.123123  103.932343  114.151245  120.640625  122.810944  120.836563  114.726257  104.712654  92.785469  81.158440  69.470314  57.956406  47.624527 
 46.873596  58.670471  70.320313  81.957184  93.807190  106.202034  116.427658  122.915314  125.248123  123.410934  117.787659  107.447029  95.078751  83.233124  71.231247  59.079376  48.402710 
 46.359531  58.015160  69.350471  80.607346  92.371246  104.208435  114.537186  120.980621  123.335785  121.477493  115.974838  106.362816  93.706253  81.854378  70.033905  58.326561  47.931980 
 44.812290  55.705627  66.708908  77.414841  88.349686  99.061409  108.415779  114.888443  117.345306  115.359070  109.488907  100.462341  89.473434  78.727814  67.568909  56.251251  46.330830 
 42.194736  52.050781  62.270622  72.329529  81.856247  90.919533  98.911873  104.636566  106.892815  105.370628  100.347969  92.504997  83.176247  73.533592  63.074532  52.394844  43.715050 
 39.741459  47.319374  56.655624  65.860153  74.423752  82.122498  88.647034  93.342659  95.045158  93.764534  89.630623  83.322815  75.553436  66.810471  57.216560  47.778751  41.041248 
 37.669479  42.620312  49.903282  58.111404  65.879845  72.554688  77.990936  81.599846  82.928284  81.795471  78.550316  73.456406  66.699066  58.841560  50.255623  42.943127  38.951874 
 35.158230  38.424896  42.745155  49.442863  56.339218  62.315102  66.636353  69.778801  70.766411  69.962761  67.245728  62.902451  57.141144  50.008644  42.901875  39.081039  36.226456 
 } 


 White Balance Data with optical Center Data
 r_center_x =  641 r_center_y =  511 
 gr_center_x =  670 gr_center_y =  504 
 b_center_x =  655 b_center_y =  493 
 gb_center_x =  663 gb_center_y =  508 
 r/gr 0.589576 
 b/gr 0.669258 
 gb/gr 0.998104 
 r_oc_ave 110.559998 
 b_oc_ave 125.502228 
 gr_oc_ave 187.524445 
 gb_oc_ave 187.168884 

 [AWB]
 RGr =  0.589576 
 BGr =  0.669258 
 GbGr =  0.998104 
 r_oc_ave =  110.559998 
 b_oc_ave =  125.502228 
 gr_oc_ave =  187.524445 
 gb_oc_ave =  187.168884 