 LEFT LENS SHADING DATA
 RED Channel
 {
 25.057400  27.273647  30.384426  35.811565  41.483906  46.509483  50.539688  52.805733  53.422348  52.308960  49.587029  45.385990  40.097710  34.401928  29.190262  26.254322  23.900574 
 26.801983  30.177811  36.011719  43.287811  50.169533  56.044060  60.792191  63.895309  64.834221  63.271873  59.851410  54.624535  48.354378  41.437969  34.464218  28.810780  25.612244 
 28.162758  34.225468  42.224064  50.621559  58.622032  65.657501  71.693596  75.623283  76.876404  74.935310  70.492500  63.925934  56.491875  48.580467  40.271717  32.502029  26.895157 
 30.439426  38.570469  47.917500  57.338127  66.507187  75.105782  82.596565  87.793434  89.449532  86.848747  81.041252  72.974686  63.930466  54.894218  45.576561  36.560314  29.004478 
 32.798386  42.234844  52.521408  62.898125  73.310623  83.430000  92.575157  98.606094  100.565468  97.550003  90.690155  81.045311  70.412659  60.096405  49.935783  39.982189  31.030102 
 34.604061  44.859062  55.678909  66.730156  78.268127  89.781715  99.868591  106.287971  108.185936  105.353439  98.072189  87.184998  75.224686  63.866722  52.959373  42.581406  32.783695 
 35.396198  45.957657  57.086090  68.679375  80.550934  92.726875  103.077812  109.574684  111.631096  108.700783  101.643440  90.418121  78.047340  66.156876  54.640312  43.691719  33.490681 
 34.999008  45.482967  56.325157  67.592972  79.338127  91.030624  101.344215  107.954842  109.937500  107.067810  99.940315  88.981873  76.439690  64.840469  53.769997  43.165783  33.380569 
 33.667656  43.352032  53.765160  64.331253  75.099060  85.821716  95.235153  101.569534  103.514221  100.651253  93.482185  83.650002  72.626717  61.901718  51.365936  41.270313  32.030312 
 31.407135  39.959843  49.555000  59.267654  68.917656  77.938591  85.912498  91.412811  93.241409  90.648590  84.645622  76.218750  66.828590  57.123596  47.511562  38.085781  29.900158 
 29.501564  35.971561  44.301876  53.147186  61.703278  69.200623  75.657967  79.899689  81.337189  79.335938  74.456406  67.567032  59.657814  51.179062  42.475624  34.260624  27.990208 
 28.480835  32.173752  38.416092  46.089531  53.431404  59.801559  64.945313  68.288284  69.238129  67.677658  63.894684  58.323441  51.569534  44.224998  36.606094  30.530624  26.858540 
 26.737080  29.142914  32.482971  38.298073  44.438698  49.902817  54.092812  56.763077  57.489784  56.347450  53.324684  48.858849  43.214737  36.834583  30.873386  27.780624  25.407291 
 } 
 GR Channel
 {
 50.032715  55.211037  60.813652  70.074951  79.366356  87.612389  93.755783  97.295677  98.391563  96.783287  92.877083  86.589066  78.205467  68.950058  60.145836  54.936768  50.485527 
 53.904373  60.384377  70.416565  82.182655  93.213440  102.682816  110.197655  115.019226  116.476563  114.255157  109.363747  101.740311  92.001091  81.004845  69.467499  59.675934  53.789276 
 56.622658  67.174530  80.253593  93.723434  106.279999  117.688904  127.203903  133.344528  135.173904  132.521088  126.252029  116.564682  105.078590  92.664688  79.192184  66.135628  56.117706 
 60.323280  74.182655  89.143127  103.911873  118.266556  131.914993  143.799850  151.906097  154.442184  150.901413  142.807037  130.700317  116.901413  102.789688  87.927185  72.992035  59.688072 
 64.389374  79.951874  96.031403  112.014999  128.265930  144.184067  158.633118  167.884064  171.150314  167.213745  157.583282  142.982193  126.808899  110.783592  94.707657  78.634689  63.280106 
 67.218750  83.812500  100.597031  117.557037  135.287811  153.319382  169.071564  178.898590  182.223434  178.302185  168.213745  152.157974  133.945938  116.384689  99.397034  82.715935  66.268852 
 68.463066  85.474533  102.641716  120.256561  138.335632  157.225784  173.309692  183.257507  186.533600  182.536880  172.985626  156.732819  138.078751  119.852493  102.018280  84.368752  67.429581 
 67.917038  84.542656  101.470940  118.281555  136.109528  154.333130  170.430618  180.752350  183.892502  180.001877  170.459839  154.567657  135.315628  117.499847  100.273590  83.280624  66.929794 
 65.618752  81.366249  97.352966  113.365311  129.860779  146.473282  161.170151  170.982971  174.199692  170.373901  160.615311  145.886414  129.085159  112.741882  96.324532  80.048752  64.587082 
 61.952866  76.086403  91.006096  105.873123  120.448120  134.703751  146.861252  155.325623  158.214218  154.854218  146.524216  134.310776  119.994370  105.159218  90.049530  74.828278  61.218498 
 58.549843  69.599220  82.925468  96.698280  109.635468  121.254837  131.092651  137.685623  140.029221  137.264847  130.561096  120.592026  108.634689  95.627029  81.753281  68.219215  57.399849 
 56.002136  63.219841  73.472031  85.651253  97.203438  106.828903  114.738434  119.704849  121.334381  119.337967  113.923279  105.974998  95.791092  84.182030  71.941406  61.660934  55.038017 
 51.905052  57.377975  63.542244  72.988747  82.813431  91.309532  97.634682  101.794632  103.029785  101.487755  97.315987  90.537918  81.865471  71.636406  61.874947  56.363441  51.696358 
 } 
 GB Channel
 {
 51.404327  56.328911  62.119850  71.322815  80.942345  89.096558  95.323753  99.089218  100.111771  98.356201  94.190414  87.525261  79.069794  69.509224  60.652809  55.252548  50.789223 
 54.957664  61.359528  71.620468  83.661560  94.829216  104.382813  111.820000  116.793594  118.162186  115.933899  110.647499  102.806717  92.790627  81.548592  69.746559  59.824844  53.958389 
 57.315468  68.051094  81.531876  95.313591  107.994377  119.409683  128.775162  134.957504  136.949524  134.000153  127.360931  117.520782  105.761406  93.076096  79.346092  66.034065  55.909485 
 60.853226  74.989059  90.372498  105.401718  119.912338  133.593903  145.347961  153.402039  155.937027  152.206253  143.859680  131.429382  117.381409  102.946404  87.843903  72.682968  59.045677 
 64.627083  80.650002  97.090935  113.258438  129.668274  145.536880  159.771713  169.062027  172.317184  168.185776  158.243744  143.538132  126.981873  110.701874  94.375626  78.042191  62.410515 
 67.347031  84.326408  101.302971  118.515930  136.258591  154.092026  169.591248  179.372345  182.572037  178.678284  168.138443  152.056412  133.599213  115.857651  98.602028  81.700157  65.132866 
 68.471718  85.642342  103.022346  120.812653  138.834381  157.399841  173.117813  183.008286  186.315475  182.108444  172.460312  155.960938  137.240158  118.917191  100.873436  83.110626  66.096870 
 67.646614  84.581406  101.457809  118.342346  136.037506  153.995621  169.671875  179.787033  182.971252  178.952652  169.258743  153.383286  134.165619  116.282181  98.854218  81.841095  65.437134 
 65.307922  81.150002  97.201874  113.121719  129.397507  145.582031  159.839066  169.538910  172.689056  168.832657  159.025314  144.342194  127.688278  111.311409  94.888596  78.589691  63.100105 
 61.519218  75.624847  90.595001  105.184998  119.684219  133.383591  145.254684  153.408432  156.295151  152.928284  144.584534  132.394836  118.259537  103.643127  88.529686  73.320465  59.855263 
 58.276352  69.167191  82.484688  95.882965  108.528435  119.912506  129.368118  135.659683  137.878601  135.039841  128.363434  118.634064  106.843903  93.955940  80.217186  66.875153  56.307861 
 55.754944  62.670158  72.811874  84.852341  95.935158  105.395622  113.032028  117.859375  119.400314  117.342026  111.938126  104.067497  94.081406  82.714378  70.626091  60.412498  53.885834 
 51.834106  56.846191  62.868546  72.104225  81.805367  90.089798  96.115158  100.162292  101.570724  99.903488  95.625626  89.110413  80.386192  70.297714  60.632965  55.247917  50.655838 
 } 
 B Channel
 {
 33.702084  37.664165  42.037243  48.530258  55.237762  61.015884  65.433495  67.836670  68.525734  67.291092  64.779373  60.459068  54.712135  47.969952  41.532814  37.651455  34.992710 
 36.346664  41.158749  48.394531  56.721718  64.392967  70.888596  75.985779  79.097504  79.869064  78.462967  75.379372  70.325310  63.699844  56.062653  47.810314  40.711876  37.119377 
 38.321613  45.923904  55.394218  64.744217  73.310471  81.035004  87.280472  91.114532  92.275154  90.517815  86.481560  80.323753  72.721252  64.050316  54.627968  45.292656  38.855782 
 40.944378  50.750626  61.424217  71.623596  81.258438  90.398285  98.091095  103.235626  104.735626  102.512970  97.437965  89.673439  80.458748  70.891876  60.463127  49.935936  41.383022 
 43.657867  54.735153  65.997971  76.938751  87.906403  98.452499  107.659065  113.628128  115.758286  113.232819  107.232346  97.702187  86.978439  76.063126  65.032654  53.773750  43.995831 
 45.614429  57.264221  68.892342  80.427658  92.320625  104.079529  114.330627  120.508118  122.640320  120.449219  113.941406  103.470779  91.444534  79.676247  68.022659  56.426247  45.911671 
 46.407604  58.219688  69.936874  81.886253  94.031876  106.411720  116.705475  123.127975  125.300476  122.868439  116.936096  106.177185  93.739685  81.630310  69.585312  57.530159  46.681618 
 45.901459  57.484375  69.002190  80.559219  92.387657  104.203751  114.705307  121.355621  123.509537  121.419220  115.322037  105.013748  92.081879  80.148285  68.431717  56.738129  46.401459 
 44.417759  55.154221  66.336563  77.288597  88.108749  99.000153  108.478279  114.953278  117.214539  115.138901  108.705627  99.160782  87.936096  77.030159  65.940781  54.625626  44.754375 
 41.647758  51.395470  61.895782  71.940315  81.607033  90.936096  98.985939  104.523750  106.672028  104.867035  99.504219  91.350159  81.865471  71.915627  61.558128  51.054840  42.307140 
 39.333279  46.902657  56.186874  65.582184  74.364372  82.254684  88.665939  93.067497  94.744377  93.196564  88.904060  82.264534  74.256096  65.360313  55.809685  46.460938  39.671356 
 37.480003  42.314999  49.460785  57.936096  65.908279  72.649063  77.834686  81.319534  82.352814  81.203590  77.689377  72.228752  65.342033  57.440781  48.889221  41.706718  37.669426 
 34.395000  38.054581  42.394741  48.948387  55.948074  61.995735  66.340942  69.128899  70.219063  69.220886  66.356880  61.807495  55.712242  48.613075  41.831509  37.984428  34.850262 
 } 


 White Balance Data with optical Center Data
 r_center_x =  633 r_center_y =  523 
 gr_center_x =  633 gr_center_y =  497 
 b_center_x =  658 b_center_y =  520 
 gb_center_x =  650 gb_center_y =  476 
 r/gr 0.598025 
 b/gr 0.671841 
 gb/gr 0.997935 
 r_oc_ave 111.982224 
 b_oc_ave 125.804443 
 gr_oc_ave 187.253326 
 gb_oc_ave 186.866669 

 [AWB]
 RGr =  0.598025 
 BGr =  0.671841 
 GbGr =  0.997935 
 r_oc_ave =  111.982224 
 b_oc_ave =  125.804443 
 gr_oc_ave =  187.253326 
 gb_oc_ave =  186.866669 