 LEFT LENS SHADING DATA
 RED Channel
 {
 25.542500  27.900417  31.506248  37.372814  43.378124  48.530266  52.313438  54.571198  55.262238  53.868752  50.803383  46.603756  41.207291  35.413960  29.774063  26.189896  23.589897 
 27.108334  31.014999  37.397499  44.931564  51.970627  58.016716  62.613434  65.687653  66.589531  64.626251  60.987343  55.639999  49.278122  42.429375  35.267811  29.090313  25.303230 
 28.789898  35.386562  43.662968  52.420471  60.464531  67.558128  73.492966  77.529221  78.543282  76.188278  71.367035  64.852814  57.260315  49.352814  41.055000  33.040783  26.842659 
 31.530991  39.954533  49.416252  59.107033  68.322342  76.875465  84.513908  89.557030  90.893753  87.803749  81.873123  73.571251  64.586563  55.420937  46.203125  37.145313  29.096977 
 34.022762  43.702969  54.077499  64.554840  75.126564  85.183441  94.205315  99.944221  101.605469  98.217346  91.176720  81.474998  70.857658  60.475311  50.264687  40.426876  31.375210 
 35.799530  46.320156  57.200157  68.365311  79.987656  91.366096  101.022812  107.219841  108.652191  105.510468  98.098907  87.258278  75.313278  63.913437  53.087967  42.875938  33.138020 
 36.708908  47.440781  58.708595  70.359062  82.108284  93.910782  103.822502  109.902809  111.568748  108.306877  101.197189  90.172813  77.872185  65.972656  54.604378  43.868595  33.785889 
 36.204063  46.781563  57.779221  69.046875  80.533752  91.763908  101.653122  107.999062  109.508125  106.321404  99.275154  88.575623  76.028282  64.560936  53.634216  43.178436  33.450104 
 34.755783  44.640156  55.133438  65.667030  76.166878  86.391251  95.409691  101.317497  102.903282  99.763908  92.853905  83.047188  72.166718  61.558281  51.242500  41.297501  31.938751 
 32.562916  41.073750  50.822342  60.473122  69.867813  78.680939  86.224220  91.410469  92.724533  90.050468  84.058128  75.588593  66.255783  56.779373  47.333595  38.049843  29.693386 
 30.601250  37.006248  45.400780  54.204063  62.475311  69.912811  76.116409  80.167030  81.203278  78.971252  73.950783  67.135780  59.317810  50.971252  42.268280  34.217812  27.640312 
 29.616928  33.085468  39.340469  46.897186  54.188751  60.521721  65.453751  68.609375  69.361252  67.582970  63.729691  58.173439  51.453125  44.097656  36.501720  30.330311  26.547813 
 27.819008  30.204842  33.337757  38.990101  45.094585  50.519424  54.617500  57.224792  57.694168  56.467758  53.284264  48.711769  43.078125  36.627865  30.748592  27.546146  25.059067 
 } 
 GR Channel
 {
 51.594528  56.486198  62.657188  72.204948  81.821457  89.749321  95.680313  99.363754  100.469948  98.514107  94.401405  87.987190  79.702446  70.604637  61.287338  55.206665  50.707916 
 55.070786  62.138908  72.428436  84.313904  95.165627  104.368279  111.772812  116.421249  117.940155  115.601410  110.425781  102.638435  92.973907  82.168594  70.755470  60.448753  53.730003 
 58.249428  69.140472  82.283127  95.682030  108.110313  119.241562  128.548279  134.800629  136.730774  133.801407  127.271408  117.364380  105.634689  93.417969  80.251564  67.125626  56.416458 
 62.443489  76.232033  90.863434  105.701874  119.827972  133.310318  145.204224  153.318756  155.865631  151.961563  143.639847  131.349380  117.286255  103.023750  88.482811  73.849373  60.385628 
 66.546509  81.941719  97.686249  113.767029  129.884216  145.752182  159.961411  169.212189  172.075943  167.976089  158.310318  143.807495  127.169373  110.904060  95.058907  79.308594  64.138390 
 69.498436  85.822189  102.464996  119.370316  136.812973  154.540466  169.843597  179.647812  182.338745  178.442337  168.537811  152.432663  133.896713  116.326569  99.536247  83.153748  66.777916 
 70.553078  87.418282  104.594841  122.067963  139.802658  158.458755  174.011414  183.781250  186.557495  182.508911  172.980942  156.732819  137.814850  119.597183  101.977814  84.661560  67.973640 
 69.629219  86.461090  103.189690  120.070465  137.590942  155.391556  171.213593  181.098907  183.908600  179.643753  170.289368  154.454681  134.907501  117.211868  100.138283  83.459686  67.281349 
 67.426979  83.086563  99.092812  115.197662  131.350632  147.512024  161.803131  171.341873  174.249374  170.342194  160.509537  145.866714  128.961243  112.401718  96.292656  80.338753  64.839584 
 63.762451  77.662659  92.689690  107.520157  121.902191  135.694839  147.625000  155.806717  158.496872  155.095154  146.698120  134.078430  119.807816  104.990784  90.080002  75.035469  61.066505 
 60.410423  71.377502  84.541252  98.110626  110.847809  122.381088  132.019058  138.610306  140.436722  137.541092  130.613434  120.561569  108.824371  95.798279  82.006096  68.503281  57.400566 
 58.083908  64.912033  75.013435  86.985779  98.204529  107.969688  115.694382  120.657806  122.082809  119.772964  114.346252  106.224060  96.163910  84.728279  72.474220  62.114220  55.014847 
 54.063492  59.374321  65.194687  74.182243  83.995995  92.268021  98.570206  102.680733  103.677811  102.351517  97.814583  91.028229  82.378693  72.316406  62.472755  56.897339  52.118591 
 } 
 GB Channel
 {
 52.560204  57.327286  63.606300  73.248489  83.046562  91.129692  97.045097  100.606041  101.605370  99.537758  95.179008  88.575211  80.136719  70.713066  61.337601  55.197914  50.812912 
 55.912285  62.784378  73.304840  85.418282  96.361565  105.624687  112.945938  117.718124  119.222656  116.480469  111.234222  103.186874  93.226097  82.412033  70.692184  60.266251  53.613754 
 58.701355  69.719688  83.165314  96.751564  109.278282  120.550781  129.778748  136.011093  137.791565  134.677658  127.729065  117.745316  105.970940  93.480782  80.062500  66.720779  56.076828 
 62.795006  76.848747  91.836876  106.871407  121.216248  134.588120  146.463440  154.601257  156.867493  152.668274  144.126251  131.602036  117.349060  102.934532  88.124687  73.251564  59.608231 
 66.640106  82.423439  98.468903  114.797974  131.003754  146.708588  160.789215  169.992493  172.723282  168.354538  158.424850  143.727966  127.042343  110.576874  94.486092  78.532341  63.149643 
 69.297241  86.123283  102.969215  120.063126  137.605621  155.096558  170.209534  179.739685  182.456558  178.410461  168.105942  151.960785  133.323914  115.613586  98.614532  82.017654  65.702866 
 70.300728  87.459061  104.882187  122.336090  140.153748  158.432968  173.539215  183.116409  185.953125  181.734528  172.007187  155.764069  136.800308  118.453903  100.828125  83.418594  66.626717 
 69.382759  86.261719  103.163124  120.092651  137.459061  154.769836  170.153122  179.970932  182.647034  178.375473  168.792191  153.117035  133.601257  115.772186  98.784065  81.971565  65.804482 
 66.967186  82.770935  98.810936  114.854996  130.764694  146.489532  160.470474  169.701874  172.472809  168.462036  158.654373  144.106094  127.392807  110.878441  94.824997  78.763123  63.347710 
 63.393745  77.278748  92.249374  106.886871  121.026245  134.290161  145.815308  153.790787  156.225464  152.841873  144.469528  131.990784  117.867340  103.288437  88.521561  73.536873  59.646881 
 60.001663  70.771248  83.859528  97.194374  109.610466  120.691879  130.042816  136.372971  138.091248  134.991714  128.212036  118.366257  106.725937  93.992500  80.383904  67.093124  56.094795 
 57.636612  64.272659  74.245941  85.989220  96.855621  106.187035  113.713440  118.587189  119.812805  117.429382  112.067963  104.094841  94.223434  83.016090  70.968437  60.731873  54.114380 
 53.762444  58.749107  64.418022  73.213181  82.905212  90.967239  97.050514  100.971771  101.890724  100.282288  95.800262  89.230057  80.735519  70.807968  61.100937  55.656044  51.081047 
 } 
 B Channel
 {
 34.851353  38.491772  43.171825  50.248650  57.160942  63.031296  67.143539  69.597290  70.270676  68.790108  65.781876  61.512917  55.649117  48.840675  42.308228  37.707603  35.255104 
 37.006771  42.040939  49.692032  58.385315  66.028435  72.489845  77.461876  80.510628  81.286720  79.479691  75.999374  70.798752  64.235153  56.684219  48.492813  41.052189  36.949268 
 39.115520  47.180939  56.843903  66.389847  75.002342  82.593903  88.713593  92.578438  93.613281  91.375000  87.045471  80.642029  72.949219  64.528435  55.251091  45.859688  38.954689 
 42.119587  52.209999  62.964844  73.343437  82.940781  91.970467  99.736404  104.818123  105.982033  103.175316  97.845467  89.868126  80.712341  71.110001  61.029846  50.534691  41.836353 
 44.866879  56.169373  67.589378  78.660309  89.495941  100.050316  109.264061  114.947815  116.507965  113.654846  107.414063  98.027496  87.203278  76.405312  65.391876  54.294220  44.379425 
 46.883442  58.894684  70.591721  82.015778  93.840309  105.566254  115.427963  121.397339  123.054840  120.477188  113.939056  103.477814  91.496559  79.798904  68.224220  56.812500  46.379169 
 47.823803  59.848595  71.689690  83.564064  95.545784  107.586403  117.512344  123.569839  125.400467  122.863754  116.580154  106.050781  93.725937  81.715782  69.879059  57.859062  47.018230 
 47.267345  59.074219  70.743904  82.243591  93.883904  105.279373  115.291092  121.597183  123.541565  120.853119  114.778595  104.724220  92.010628  80.199066  68.512657  56.947655  46.567448 
 45.559742  56.667030  68.014534  78.991409  89.604691  99.934685  109.035934  115.085007  116.990463  114.520157  108.230003  98.902496  87.969688  77.026566  65.945000  54.719215  44.864845 
 42.833958  52.700623  63.417969  73.629372  83.066719  91.890472  99.597191  104.904221  106.566406  104.480316  99.205315  91.115311  81.834999  71.982033  61.640625  51.033592  42.036304 
 40.436718  48.084846  57.578125  67.063278  75.652191  83.254997  89.589066  93.715157  94.915314  93.118591  88.768440  82.183746  74.341560  65.456093  55.891251  46.471249  39.257080 
 38.706459  43.350624  50.615936  58.986877  66.842659  73.677185  78.723595  81.835625  82.783752  81.429375  77.934998  72.491249  65.577187  57.581253  49.023903  41.688438  37.441769 
 35.496456  39.204372  43.281357  49.864784  56.918282  62.775108  67.150879  69.949791  70.665413  69.791458  66.725410  61.999580  56.045517  48.741249  41.821201  37.897606  34.861355 
 } 


 White Balance Data with optical Center Data
 r_center_x =  633 r_center_y =  501 
 gr_center_x =  646 gr_center_y =  488 
 b_center_x =  641 b_center_y =  488 
 gb_center_x =  644 gb_center_y =  491 
 r/gr 0.598441 
 b/gr 0.672005 
 gb/gr 0.997695 
 r_oc_ave 111.937775 
 b_oc_ave 125.697784 
 gr_oc_ave 187.048889 
 gb_oc_ave 186.617783 

 [AWB]
 RGr =  0.598441 
 BGr =  0.672005 
 GbGr =  0.997695 
 r_oc_ave =  111.937775 
 b_oc_ave =  125.697784 
 gr_oc_ave =  187.048889 
 gb_oc_ave =  186.617783 