 LEFT LENS SHADING DATA
 RED Channel
 {
 35.992970  39.805885  44.390003  51.711037  59.581924  66.414322  72.050362  75.582291  76.563751  75.216721  71.655266  65.986092  58.708229  50.902817  43.761509  39.565258  36.213177 
 38.727135  43.678593  51.692497  61.513123  70.880470  79.370781  86.150154  90.651878  92.226250  90.283592  85.642967  78.594215  69.937813  60.649063  51.012970  43.160469  38.702343 
 40.603489  48.780785  59.671097  71.262184  82.142342  92.331718  100.883751  106.748123  108.893280  106.499222  100.281250  91.341095  81.027496  70.157501  58.852341  48.223434  40.538437 
 43.400730  54.405312  66.968285  80.068596  92.688126  105.050629  115.824692  123.620468  126.534058  123.111404  115.283127  103.963127  91.314690  78.791092  66.059845  53.640160  43.165779 
 46.442192  59.094688  72.800934  87.150627  101.785934  116.284683  129.675476  139.013443  142.284683  138.471878  128.777969  115.145782  100.293747  85.952034  71.826096  58.229378  45.972286 
 48.612442  62.272659  76.802032  92.116722  108.351715  124.819382  139.503433  149.834061  153.108124  149.136093  138.777039  123.465149  106.652969  90.946716  75.769379  61.544220  48.206512 
 49.503548  63.621872  78.433441  94.281250  111.207031  128.595474  144.104538  154.195007  157.474213  153.440155  143.680618  127.567032  110.280785  93.678123  77.687035  62.846405  49.199951 
 48.895210  62.724373  77.271095  92.575157  109.175468  126.035461  141.400620  151.344223  154.520782  150.333588  140.792343  125.073593  107.640312  91.629219  76.310158  61.934059  48.645309 
 47.070572  59.815781  73.561249  87.963905  103.203590  118.419693  132.159531  141.712494  144.910461  140.853439  131.093903  117.009995  101.804840  87.116875  72.774376  59.145309  46.814060 
 44.206772  55.287186  67.887657  80.987503  94.213753  107.276253  118.573120  126.521561  129.462189  126.122818  117.813904  106.050468  93.102188  80.295158  67.178123  54.678596  43.891300 
 41.665367  49.961403  60.834221  72.592499  84.224533  94.881721  103.913597  110.167969  112.299057  109.685158  103.099846  93.854218  83.105003  71.938438  60.247032  49.342659  41.158283 
 40.018070  44.973282  53.020935  63.172653  73.013435  81.769379  88.896721  93.790154  95.333908  93.336403  88.278748  80.873749  72.059372  62.535934  52.207970  44.222500  39.460831 
 37.546406  41.015156  45.425106  53.009537  60.998444  68.369377  74.048599  77.786613  78.977036  77.599121  73.727081  67.829994  60.377708  52.339684  44.301510  40.322502  37.029999 
 } 
 GR Channel
 {
 46.153858  52.325104  58.457870  67.132240  76.105675  84.020782  90.216095  93.633644  94.916985  93.446777  89.545731  83.347137  75.273026  66.086037  57.500786  52.001144  47.075314 
 50.640518  57.795937  67.610153  79.192032  89.917969  99.027657  106.270470  111.052811  112.636566  110.482185  105.591560  98.111092  88.568436  77.924377  66.598907  56.966560  51.068642 
 53.890831  64.353752  77.443123  90.851410  102.970154  113.888123  123.026718  129.102493  131.275314  128.609680  122.259689  112.853287  101.557816  89.355621  76.241249  63.385628  53.734787 
 57.726036  71.189377  86.097191  100.998283  115.021881  128.190002  139.849213  147.867813  150.765320  147.305939  139.264221  127.284225  113.452820  99.436249  84.817810  70.187035  57.294327 
 61.533127  76.945625  93.075783  109.114372  125.214066  140.999527  155.297028  164.790939  168.212814  164.242966  154.510162  140.147659  123.763123  107.686249  91.715157  75.821877  60.953957 
 64.563904  81.113281  97.835472  114.705475  132.494995  150.660629  166.262192  176.798904  180.243591  176.056564  165.774994  149.354218  130.999069  113.459839  96.402969  79.684845  63.743805 
 65.702499  82.666252  99.716560  117.060471  135.629379  154.735153  171.255630  181.801712  185.287033  181.125473  171.162811  154.434998  135.311569  116.894226  98.789063  81.301247  65.009163 
 64.955574  81.602028  98.397812  115.306870  133.420776  152.055618  168.502975  179.089218  182.429382  178.391876  168.500473  151.864685  132.436401  114.622818  97.262657  80.347656  64.228699 
 62.547966  78.281097  94.183907  110.244377  127.126404  143.739685  158.666718  168.942505  172.263275  168.207504  158.076248  143.041245  125.986725  109.676872  93.193748  77.049690  62.050522 
 58.916771  72.593437  87.352654  102.089218  116.998749  131.220306  143.641403  152.240463  155.316879  152.017029  143.364380  130.631882  116.258118  101.727814  86.759842  71.676247  58.395828 
 55.426460  66.066872  79.121094  92.514999  105.734062  117.468124  127.297653  133.835464  136.250626  133.609848  126.598129  116.497345  104.681717  91.935623  78.387184  65.096092  54.943382 
 52.600159  59.539528  69.525154  81.438278  92.641716  102.527344  110.330154  115.491562  117.173431  114.968277  109.505936  101.553284  91.687347  80.647499  68.552658  58.705780  52.267662 
 48.306824  53.777237  59.623695  68.822243  78.201096  86.553802  92.728287  96.671150  98.039696  96.398079  92.078018  85.573906  77.401299  67.938332  58.388283  53.245575  48.329742 
 } 
 GB Channel
 {
 46.596409  52.693489  58.976822  68.236771  77.547028  85.768700  92.464066  96.382240  97.726715  96.143532  91.927971  85.228020  76.577400  66.937553  58.007446  52.356201  47.521614 
 50.541824  57.848282  67.884529  79.935936  91.127655  100.883904  108.640312  113.672028  115.557343  113.148132  108.089844  100.057190  89.907814  78.618591  66.911407  56.962654  50.906616 
 53.462860  64.105156  77.402344  91.365311  103.859688  115.317810  125.129211  131.640625  134.001404  131.241714  124.548431  114.631714  102.633591  89.905312  76.279999  63.027344  53.363380 
 56.843178  70.587967  85.722343  101.049530  115.509995  129.303131  141.534683  150.105469  153.335938  149.602661  141.258118  128.675781  114.250305  99.590622  84.599846  69.488747  56.607086 
 60.445831  75.968750  92.286407  108.660469  125.233902  141.410309  156.292038  166.418121  170.175156  166.087189  156.018433  140.958908  123.895630  107.389999  91.030312  74.865936  59.908852 
 63.089378  79.768127  96.630470  113.673752  131.798279  150.234848  166.347504  177.420151  181.296722  177.115784  166.358597  149.577652  130.698441  112.666092  95.351250  78.463753  62.450836 
 64.020264  81.042969  98.179535  115.586868  134.384689  153.764847  170.544525  181.652969  185.503906  181.364380  171.199371  153.887344  134.552505  115.735931  97.521248  79.828125  63.587708 
 63.180420  79.988747  96.701561  113.814224  132.037659  150.854218  167.655777  178.759537  182.477036  178.389847  168.214844  151.258743  131.453430  113.342346  95.762657  78.806091  62.845467 
 60.997604  76.577187  92.499062  108.624687  125.557190  142.573746  157.795776  168.540314  172.183289  168.120621  157.771713  142.471405  125.045776  108.481247  91.902809  75.664841  60.702553 
 57.375519  71.148438  85.939690  100.799843  115.818283  130.239059  143.024063  151.909058  155.312500  151.976257  143.236404  130.260162  115.575470  100.752342  85.584846  70.434532  57.234741 
 54.319069  64.992813  78.039528  91.611252  104.729218  116.831726  126.953598  133.906555  136.493439  133.862656  126.595154  116.265930  104.210312  91.260155  77.441872  64.174377  54.037712 
 51.847343  58.726715  68.699371  80.724686  92.197655  102.285469  110.315315  115.673752  117.581406  115.348755  109.822189  101.528122  91.474998  80.229843  67.994064  58.065628  51.555626 
 47.924427  53.329430  59.190208  68.484688  78.133698  86.735260  93.164063  97.492081  99.029121  97.227913  92.683434  86.073959  77.346252  67.747551  57.975731  52.782707  47.887295 
 } 
 B Channel
 {
 16.617500  19.294582  22.226982  26.526875  30.906460  34.713387  37.665314  39.216457  39.526821  38.707970  36.933388  33.982967  30.023907  25.501980  21.223854  18.685940  17.114685 
 18.212917  21.412498  26.154064  31.746876  36.779373  41.114845  44.304062  46.258125  46.837032  45.832344  43.686092  40.128593  35.603283  30.500313  25.048439  20.510937  18.428436 
 19.590988  24.524532  30.791405  37.159843  42.838749  47.695469  51.677345  54.098434  54.876877  53.675156  50.914688  46.592655  41.350311  35.725468  29.476719  23.494530  19.675991 
 21.269794  27.756874  34.784843  41.717812  48.093285  53.917503  58.750000  62.102814  63.122810  61.533127  58.086250  52.710785  46.454689  40.075783  33.313282  26.533436  21.253853 
 23.144951  30.352657  37.876720  45.188126  52.356094  59.058441  65.064064  68.937035  70.273285  68.615784  64.323441  57.950935  50.709999  43.557186  36.286407  29.090626  23.008957 
 24.342762  32.055470  39.795311  47.450314  55.201874  62.754845  69.254219  73.474846  74.890778  73.188126  68.704842  61.557968  53.561562  45.854061  38.234062  30.804062  24.223648 
 24.863335  32.616249  40.383125  48.290154  56.220940  64.108749  70.900154  75.218903  76.640778  75.013908  70.638435  63.358124  55.082657  47.148750  39.193127  31.422344  24.782970 
 24.393486  32.017033  39.761875  47.334061  55.013596  62.692184  69.438751  73.819221  75.394684  73.590309  69.381721  62.217812  53.824684  46.118908  38.395157  30.895626  24.421459 
 23.322601  30.337189  37.744999  44.929844  52.055153  59.006874  65.243752  69.563591  70.969528  69.241722  64.832344  58.371407  50.977188  43.876408  36.597969  29.382813  23.225311 
 21.465366  27.767654  34.597187  41.232811  47.547031  53.610001  58.864532  62.545311  63.826248  62.367035  58.664841  52.998283  46.826561  40.419846  33.680939  26.892654  21.493698 
 19.870518  24.712189  30.711876  36.785000  42.533749  47.774689  52.009529  54.903282  55.889847  54.709999  51.604691  47.130627  41.886406  36.180470  29.923752  23.856720  19.789013 
 18.602863  21.621407  26.173126  31.613594  36.725624  41.253437  44.749218  47.059063  47.765938  46.684845  44.274220  40.603283  36.134064  31.053280  25.449532  20.884842  18.314220 
 16.604530  18.991199  21.559376  25.809635  30.314373  34.213020  37.196091  38.944481  39.528439  38.744633  36.684425  33.695992  29.700314  25.304741  20.758076  18.320053  16.442551 
 } 


 White Balance Data with optical Center Data
 r_center_x =  651 r_center_y =  497 
 gr_center_x =  648 gr_center_y =  519 
 b_center_x =  650 b_center_y =  489 
 gb_center_x =  655 gb_center_y =  502 
 r/gr 0.850358 
 b/gr 0.412166 
 gb/gr 0.999046 
 r_oc_ave 158.431107 
 b_oc_ave 76.791115 
 gr_oc_ave 186.311111 
 gb_oc_ave 186.133331 

 [AWB]
 RGr =  0.850358 
 BGr =  0.412166 
 GbGr =  0.999046 
 r_oc_ave =  158.431107 
 b_oc_ave =  76.791115 
 gr_oc_ave =  186.311111 
 gb_oc_ave =  186.133331 