 LEFT LENS SHADING DATA
 RED Channel
 {
 36.842186  40.205101  44.319584  51.451607  59.369789  66.165161  71.655571  74.850105  75.891151  74.401253  70.662399  64.655884  57.680885  50.077187  43.344067  39.586613  36.743282 
 39.158852  43.833439  51.541252  61.350159  70.793121  78.920784  85.619530  90.183441  91.489059  89.362503  84.582809  77.269844  68.643593  59.452187  50.021561  42.535156  38.711613 
 40.941875  48.951874  59.654999  71.285309  82.202972  92.114220  100.592033  106.427811  108.255623  105.626717  99.289375  90.147812  79.729065  68.966248  57.640312  47.297970  40.222343 
 43.839638  54.707344  67.228592  80.302185  92.948128  104.916718  115.626404  123.407501  125.921249  122.291412  114.225784  102.783127  90.157501  77.490936  64.790466  52.634064  42.538227 
 46.840046  59.528595  73.227341  87.475159  102.014847  116.313904  129.387970  138.442657  141.481094  137.311722  127.884369  114.157501  99.194687  84.617500  70.402031  57.045471  45.335674 
 49.049217  62.733597  77.148903  92.495941  108.675629  124.858902  139.304993  149.110153  151.990784  147.915314  137.918594  122.494690  105.684685  89.751717  74.498909  60.359222  47.344837 
 50.025055  64.124847  78.881248  94.795784  111.535934  128.560776  143.642181  153.304214  156.288132  152.309998  142.679382  126.737808  109.219063  92.322815  76.392815  61.553436  48.398438 
 49.413185  63.244217  77.811249  93.186874  109.326096  125.950317  140.614532  150.352661  153.345306  149.237656  139.810150  124.132034  106.598434  90.405312  75.050781  60.737656  47.923283 
 47.380779  60.410156  74.162811  88.470940  103.253593  118.002655  131.367966  140.776245  143.771408  139.772507  130.138748  116.081406  100.809372  86.065002  71.725471  58.205315  46.036144 
 44.391823  55.807030  68.346565  81.307816  94.295158  106.789528  117.938751  125.860931  128.512344  125.124695  116.937195  105.147812  92.123909  79.219376  66.234062  53.834373  43.264378 
 41.520779  50.326408  61.472656  73.101410  84.247971  94.510468  103.489059  109.820625  111.603439  108.945625  102.249062  92.880623  82.117653  71.034218  59.386093  48.653282  40.594738 
 39.590992  44.999531  53.482185  63.561722  73.040939  81.599686  88.581566  93.269684  94.597504  92.644218  87.545937  80.053436  71.237190  61.671875  51.553284  43.536877  38.811459 
 37.109322  40.501823  45.543438  53.269424  61.170097  68.304276  73.892815  77.586357  78.620415  77.216515  73.154694  67.158852  59.932190  51.703125  43.765991  39.627708  36.244377 
 } 
 GR Channel
 {
 47.139950  53.129951  58.660721  67.483963  76.889275  84.795258  90.764435  94.445885  95.653023  93.997192  89.882759  83.431664  75.314224  66.295418  58.077553  53.184586  48.865005 
 51.376617  58.212654  67.940315  79.555626  90.502190  99.551720  106.875465  111.717346  113.165939  110.825935  105.889221  98.067497  88.501091  77.967499  66.714844  57.290001  52.134171 
 54.476822  64.904533  77.802345  91.320160  103.771408  114.712662  123.824524  130.067810  132.064682  129.189224  122.776093  113.088913  101.518906  89.356094  76.149063  63.507965  54.384430 
 58.377602  71.978439  86.782967  101.676407  115.852966  129.119843  140.961090  149.178131  151.900162  148.156403  139.899994  127.569534  113.544846  99.420784  84.720940  70.142342  57.788803 
 62.307655  77.765778  93.756721  109.625465  125.766556  141.553436  156.023438  165.838440  169.153122  164.970627  155.242493  140.401413  123.775314  107.619064  91.460159  75.667343  61.356712 
 65.291611  81.832657  98.452812  115.382660  133.012024  150.811874  166.915939  177.530624  180.929535  176.707962  166.249527  149.709839  130.980774  113.255157  96.180153  79.654221  63.836929 
 66.700264  83.590469  100.427185  117.807343  135.964539  154.674530  171.514999  182.254059  185.553757  181.541718  171.645782  154.271561  135.074066  116.454529  98.526253  81.080315  65.253227 
 66.070992  82.818283  99.365158  116.128601  133.614532  151.839691  168.255463  179.024994  182.394226  178.214066  168.698746  151.575775  132.124374  114.057343  96.876564  80.064377  64.463951 
 63.640839  79.467499  95.262344  110.951248  127.153595  143.489685  158.229691  168.570007  171.842346  167.809525  157.615463  142.382660  125.349686  108.820778  92.782028  76.863281  62.125572 
 59.765419  73.896248  88.573753  103.014687  117.118591  130.717346  142.941879  151.615784  154.572968  151.176880  142.593445  129.842651  115.445938  100.994217  86.304840  71.565941  58.370514 
 56.130211  67.235626  80.468285  93.657028  105.987968  116.945160  126.670776  133.398911  135.433594  132.741409  125.919998  115.889694  104.076561  91.544220  78.117653  65.130623  54.871460 
 52.931091  60.426720  70.796249  82.511253  93.137032  102.515312  110.037659  115.232971  116.692184  114.537338  109.275154  101.386093  91.567497  80.671875  68.703125  58.623909  52.277443 
 48.877762  54.217758  60.530418  69.709587  79.046822  87.033226  92.985779  97.056091  98.239273  96.890884  92.813698  86.257133  77.889580  68.255211  58.612709  53.192032  48.324532 
 } 
 GB Channel
 {
 47.864635  53.666718  59.469063  68.499062  78.303131  86.656982  92.941925  96.820366  98.113594  96.304527  91.987923  85.029373  76.321609  67.090103  58.621147  53.480888  49.177551 
 51.696716  58.441093  68.340309  80.365311  91.728127  101.355316  109.044220  114.205154  115.757965  113.268906  107.955002  99.593124  89.522659  78.497185  66.879059  57.277344  52.024635 
 54.134476  64.747810  77.836090  91.726563  104.688438  116.110001  125.641251  132.282974  134.401413  131.372192  124.601257  114.252350  102.215622  89.588753  75.978905  63.101410  53.951607 
 57.672760  71.352966  86.336403  101.654846  116.104065  129.907501  142.135788  150.789841  153.750473  149.994995  141.195938  128.287659  113.789993  99.161720  84.122032  69.294060  56.839478 
 61.161720  76.809845  93.013283  109.171562  125.507339  141.782349  156.541412  166.787659  170.226257  165.951874  155.719849  140.458755  123.447189  106.813278  90.404846  74.419846  59.950462 
 63.773224  80.417816  97.051559  114.135941  131.995789  150.152496  166.375473  177.387497  180.995941  176.672348  165.876404  148.952347  129.959381  111.993126  94.672813  77.973434  62.264267 
 65.042755  81.955467  98.779060  116.219376  134.415466  153.257813  170.098282  181.226089  184.748749  180.784378  170.634216  153.047501  133.693588  114.841400  96.819061  79.164528  63.445572 
 64.356407  80.922028  97.418282  114.159531  131.714066  150.013275  166.544373  177.641876  181.178589  177.073746  167.273743  150.093445  130.429688  112.202026  94.913597  78.130310  62.525726 
 62.126663  77.651253  93.442345  109.116409  125.335159  141.673279  156.556412  167.082504  170.672028  166.559525  156.250473  140.869995  123.618912  107.137344  90.829216  74.849060  60.240318 
 58.334900  72.444061  87.105156  101.482971  115.630005  129.225937  141.650787  150.355774  153.544693  150.117340  141.413757  128.421570  113.938278  99.331093  84.519218  69.765625  56.636452 
 54.811562  66.030312  79.219063  92.424217  104.712967  115.791092  125.659378  132.450775  134.576874  131.885162  124.888443  114.638748  102.729691  90.113281  76.611092  63.585625  53.454376 
 52.111206  59.431404  69.923904  81.636093  92.347969  101.749222  109.561722  114.724213  116.244370  114.012344  108.573441  100.550934  90.578125  79.554688  67.582970  57.396873  51.201042 
 48.224533  53.420784  59.899117  69.357964  78.749008  86.856926  93.035263  97.070259  98.447289  96.775467  92.435936  85.727608  77.338127  67.473442  57.741508  52.238121  47.318546 
 } 
 B Channel
 {
 17.330780  19.924530  22.722553  27.001457  31.585835  35.451820  38.367863  40.081196  40.474064  39.557709  37.525208  34.434219  30.385937  26.031197  22.139946  19.706196  18.521618 
 18.647034  21.782658  26.428593  31.929375  37.101250  41.453281  44.767654  46.876408  47.345314  46.091873  43.778126  40.117344  35.704689  30.697655  25.370155  21.080154  19.324947 
 19.958958  24.771873  30.952969  37.301720  43.115002  48.171562  52.183746  54.768593  55.342499  53.855156  50.994690  46.628281  41.514061  35.919689  29.737968  23.900314  20.364895 
 21.686771  28.103439  35.100311  41.949844  48.424377  54.344063  59.415779  62.702812  63.573906  61.787186  58.212967  52.785782  46.657814  40.321095  33.560001  26.903751  21.776249 
 23.515884  30.794846  38.240467  45.538593  52.789841  59.653595  65.669533  69.375626  70.415314  68.539841  64.387497  58.040314  50.853905  43.825001  36.415939  29.285469  23.323177 
 24.890312  32.542812  40.201561  47.938126  55.710472  63.340935  69.747658  73.734062  74.845467  72.960159  68.706093  61.703125  53.763123  46.038593  38.348125  30.937031  24.614323 
 25.432240  33.263283  40.996563  48.848747  56.894531  64.751404  71.289063  75.235466  76.382813  74.703438  70.592346  63.384689  55.249222  47.251251  39.211563  31.542656  25.044117 
 25.063019  32.772186  40.380314  48.005623  55.637657  63.263748  69.809059  73.848122  75.060783  73.354065  69.388596  62.277969  54.052032  46.196877  38.452499  31.071407  24.772865 
 23.916508  31.106720  38.464062  45.646408  52.623436  59.448593  65.343903  69.482658  70.649689  69.031876  64.895309  58.427658  51.156403  44.022655  36.680782  29.618595  23.616718 
 22.070625  28.526875  35.432030  42.009064  48.162186  53.851097  58.878754  62.431717  63.634216  62.224060  58.705002  53.165939  46.957344  40.545780  33.821407  27.185623  21.922710 
 20.301460  25.474377  31.658905  37.649532  43.159531  47.880314  52.025154  54.865311  55.732811  54.587814  51.661873  47.240158  41.975468  36.244064  30.051250  24.189686  20.068855 
 18.939842  22.305470  27.137344  32.493439  37.306095  41.450314  44.840626  47.047970  47.659218  46.735157  44.459530  40.897499  36.384998  31.238438  25.685158  21.139687  18.768852 
 17.184010  19.404011  22.306717  26.597607  30.963383  34.637814  37.468956  39.194427  39.793591  39.086613  37.209740  34.167915  30.228336  25.645939  21.181614  18.606358  16.752605 
 } 


 White Balance Data with optical Center Data
 r_center_x =  659 r_center_y =  485 
 gr_center_x =  655 gr_center_y =  477 
 b_center_x =  653 b_center_y =  487 
 gb_center_x =  659 gb_center_y =  491 
 r/gr 0.841545 
 b/gr 0.410179 
 gb/gr 0.995371 
 r_oc_ave 156.755554 
 b_oc_ave 76.404442 
 gr_oc_ave 186.271118 
 gb_oc_ave 185.408890 

 [AWB]
 RGr =  0.841545 
 BGr =  0.410179 
 GbGr =  0.995371 
 r_oc_ave =  156.755554 
 b_oc_ave =  76.404442 
 gr_oc_ave =  186.271118 
 gb_oc_ave =  185.408890 