 LEFT LENS SHADING DATA
 RED Channel
 {
 37.383022  40.488857  44.675053  52.324951  60.313911  67.307602  73.067238  76.704063  78.052650  76.930107  73.313126  67.623016  60.417709  52.709061  45.402710  41.041454  38.099373 
 39.496769  44.118439  52.199844  62.086403  71.564529  80.079689  87.067032  91.831566  93.639534  91.849686  87.286873  80.218437  71.626877  62.299065  52.560623  44.571877  40.053539 
 41.222393  49.267815  60.064377  71.607971  82.696091  92.897186  101.798904  108.140472  110.488907  108.229843  102.250153  93.337189  82.912498  72.075157  60.539528  49.678749  41.947918 
 43.966614  54.846405  67.292969  80.107033  92.788597  105.298904  116.466568  124.818130  127.906555  125.039841  117.235153  106.087502  93.462341  80.727966  67.876404  55.383125  44.830624 
 46.942966  59.442345  72.983124  87.012184  101.563438  116.249695  129.775620  139.290161  142.961243  139.780151  130.750931  117.429382  102.554840  88.002029  73.775627  60.166092  47.739639 
 48.988907  62.494530  76.631409  91.565628  107.716873  124.158279  138.989212  149.114685  153.074524  149.842972  140.418747  125.631088  108.962967  92.945313  77.774376  63.561096  50.266716 
 49.759689  63.477188  77.907967  93.342812  109.924843  127.155624  142.614838  152.716568  156.504532  153.440933  144.407654  129.473907  112.176086  95.576561  79.604378  64.755157  51.095367 
 48.951508  62.426720  76.521873  91.521095  107.726875  124.251404  139.199997  149.388596  153.143433  149.881714  141.096405  126.472504  109.356560  93.216721  78.025314  63.681404  50.517036 
 46.985153  59.502029  72.836876  86.896873  101.585785  116.322968  130.013901  139.687195  143.444839  140.279526  131.198441  117.834381  102.923126  88.526405  74.509377  60.884377  48.706039 
 44.080730  54.910309  67.105316  79.898750  92.795784  105.312813  116.789688  125.112503  128.365784  125.700150  117.975006  106.664688  94.115936  81.530785  68.702347  56.319374  45.645626 
 41.565311  49.739059  60.225624  71.711716  82.991096  93.422653  102.712029  109.254532  111.612503  109.480156  103.239845  94.188591  83.966408  72.946404  61.596252  51.001091  42.827553 
 40.290157  44.743282  52.661720  62.449684  72.046875  80.850937  88.151718  93.082031  94.921562  93.243126  88.616096  81.454689  72.972504  63.561409  53.704842  45.745155  41.067448 
 38.313904  41.074322  45.246510  52.675522  60.727715  68.025520  73.863174  77.764740  79.267395  78.091454  74.341309  68.610519  61.492088  53.448700  45.654636  41.772030  38.769947 
 } 
 GR Channel
 {
 48.992134  54.313377  60.147392  69.204018  78.565361  86.140625  92.212440  96.110939  97.627396  96.152245  92.404167  86.342392  78.344841  69.527649  60.882187  55.126564  50.729065 
 52.900467  59.638596  69.460312  80.964218  91.646408  100.775627  108.195160  113.158432  115.080307  113.175781  108.478752  101.121559  91.832970  81.370781  69.977188  60.127815  54.233231 
 55.785835  66.247498  79.065941  92.015160  104.268906  115.301254  124.812653  131.358276  134.027969  131.603912  125.386246  116.093750  104.803909  92.744530  79.554222  66.751877  56.909798 
 59.638855  73.088440  87.457497  101.582497  115.614059  129.299377  141.467499  150.203903  153.627029  150.555161  142.639999  130.727036  116.787506  102.690155  88.120468  73.560310  60.684891 
 63.387497  78.611252  93.993126  109.329216  125.208588  141.516876  156.375153  166.811401  170.812805  167.433594  157.994995  143.713120  126.968277  110.798126  94.905312  79.245941  64.363014 
 66.202759  82.295471  98.323906  114.749222  132.174377  150.389847  166.957504  178.021088  182.229996  178.729996  168.973282  152.865784  134.208908  116.284378  99.412033  83.074997  67.327499 
 67.287445  83.605156  99.930153  116.867493  134.973755  154.089218  171.359222  182.357651  186.226868  182.882187  173.723587  157.196243  138.143753  119.563599  101.608749  84.412659  68.247032 
 66.365578  82.418282  98.566719  114.985153  132.760941  151.340469  168.099213  179.070465  182.937195  179.561874  170.332336  154.138596  134.902344  116.765930  99.808746  83.312813  67.748642 
 63.907234  79.048279  94.485779  109.907967  126.167343  142.840622  158.227661  168.789841  172.582809  169.411407  159.622971  144.752808  127.919525  111.571564  95.750313  80.143906  65.534950 
 60.357765  73.652969  88.030312  102.240623  116.516403  130.533127  143.217499  152.285629  155.755157  153.056564  144.708130  132.238281  118.236877  104.048439  89.540154  74.969376  61.720207 
 56.884735  67.273285  79.913124  92.910309  105.360001  116.951874  127.057968  134.169846  136.805786  134.268127  127.561874  117.945160  106.651878  94.271561  81.160309  68.265778  58.004326 
 54.381302  60.862343  70.637184  82.107185  92.962189  102.628754  110.521873  115.861877  117.732498  115.816559  110.722969  103.246559  93.733124  83.103279  71.549377  61.579842  55.130890 
 50.710052  55.466721  61.095100  69.818024  79.228020  87.499580  93.771042  97.934792  99.438332  97.982819  94.083595  87.968231  79.866455  70.701401  61.056877  55.976723  51.329224 
 } 
 GB Channel
 {
 49.678177  54.762344  60.653694  70.014954  79.762192  87.813904  94.260422  98.498016  100.070213  98.672188  94.667290  88.123650  79.927238  70.572136  61.288124  55.543594  51.166512 
 52.923172  59.630470  69.716408  81.560158  92.693436  102.325783  110.162498  115.494690  117.611877  115.745941  110.586876  102.831566  92.990784  81.994843  70.309372  60.222969  54.354012 
 55.322289  65.898125  78.837341  92.282341  104.885315  116.535461  126.609070  133.575623  136.258911  133.881088  127.317184  117.566406  105.852814  93.148750  79.635780  66.407028  56.617241 
 58.701096  72.442970  86.941559  101.524841  115.942337  130.131088  142.813751  152.105316  155.895782  152.754532  144.352966  131.899994  117.515778  102.860153  87.891563  72.911095  59.904221 
 62.254211  77.663597  93.228279  108.769066  125.032501  141.725784  157.151566  168.075775  172.434998  169.015472  159.217499  144.438431  127.147659  110.542191  94.163750  78.171722  63.269432 
 64.778748  80.876251  97.116722  113.625153  131.303436  149.806412  166.647507  178.263275  182.737976  179.504837  169.510162  153.107346  133.878281  115.613434  98.351715  81.799065  65.791977 
 65.602501  81.976250  98.332344  115.437973  133.702026  152.855621  170.275467  181.735626  186.155319  182.951096  173.520157  156.756409  137.354218  118.461716  100.283905  82.957970  66.816513 
 64.765678  80.855469  96.914375  113.419373  131.264221  149.964371  166.790466  178.266876  182.574997  179.504684  169.988907  153.572495  133.820160  115.585007  98.338753  81.665154  66.218285 
 62.187866  77.405159  92.747810  108.332970  124.639847  141.463440  157.032974  167.955307  172.194839  169.139999  159.205627  144.097961  127.105164  110.543121  94.510002  78.724060  64.069481 
 58.826462  72.149376  86.484840  100.795937  115.214218  129.382813  142.210632  151.692963  155.501556  152.889526  144.340469  131.717026  117.532654  103.047966  88.355934  73.798279  60.532234 
 55.817139  66.218597  78.860466  91.884216  104.491722  116.180313  126.452652  133.835938  136.646713  134.198593  127.424530  117.624222  106.059845  93.529533  80.328278  67.295158  56.814529 
 53.730522  60.065941  69.823128  81.433281  92.482033  102.240311  110.270935  115.863129  117.949844  115.971405  110.789688  103.120316  93.501091  82.590935  70.817497  60.880310  54.404060 
 50.376358  54.876770  60.589371  69.613487  79.245575  87.549484  94.038025  98.529381  100.248802  98.639534  94.603439  88.279060  79.868393  70.549683  60.879578  55.548225  50.999062 
 } 
 B Channel
 {
 17.537655  19.883492  22.732708  27.012241  31.516041  35.318073  38.062191  39.808125  40.369793  39.731041  37.913074  35.050468  31.138855  26.769894  22.447605  19.783489  18.551823 
 18.882656  21.884533  26.549374  32.027031  37.000626  41.283279  44.584686  46.655624  47.364376  46.519375  44.408279  40.992344  36.574688  31.576561  26.079689  21.564529  19.555573 
 20.036457  24.951874  31.071877  37.239063  42.792656  47.772812  51.820938  54.520782  55.458122  54.404533  51.725784  47.557499  42.375782  36.735470  30.512032  24.584217  20.774845 
 21.784061  28.077812  34.961094  41.594063  47.800938  53.726097  58.742188  62.336250  63.640938  62.380936  58.889847  53.659691  47.503281  41.069374  34.386562  27.643749  22.422501 
 23.486355  30.633438  37.875938  44.892654  51.911095  58.732498  64.797340  68.997971  70.625626  69.255783  65.224220  58.943436  51.726715  44.537342  37.278595  30.173126  24.240208 
 24.778645  32.181564  39.570313  46.954689  54.466560  62.085159  68.719688  73.081718  74.812813  73.570160  69.464066  62.458282  54.393127  46.675781  39.115002  31.824688  25.397186 
 25.207291  32.705624  40.131405  47.662655  55.365623  63.205154  70.090935  74.512970  76.172501  74.897972  71.040314  63.882965  55.783279  47.888283  40.024220  32.419998  25.790833 
 24.866978  32.081562  39.398438  46.725937  54.152031  61.593285  68.345627  72.955940  74.725159  73.322029  69.504684  62.693596  54.431404  46.711094  39.203125  31.840782  25.613903 
 23.594948  30.448906  37.517345  44.349842  51.118752  57.843285  64.122345  68.596405  70.255157  68.960938  64.847656  58.532188  51.446564  44.444218  37.429844  30.409061  24.383228 
 21.931976  27.887814  34.470936  40.830467  46.814686  52.584061  57.934845  61.699844  63.304535  62.078751  58.502502  53.137344  47.130470  41.014061  34.543438  27.955154  22.585361 
 20.209324  24.979530  30.783592  36.556095  42.018124  46.949062  51.286095  54.290939  55.377029  54.329529  51.476563  47.108437  42.253906  36.757813  30.754375  24.933594  20.748798 
 19.149010  21.906719  26.404373  31.583908  36.489220  40.787811  44.347969  46.620937  47.445469  46.527344  44.248905  40.877342  36.622345  31.725780  26.336407  21.844532  19.408905 
 17.539425  19.368176  21.855209  26.039532  30.426094  34.107395  37.234013  38.983852  39.791096  39.070469  37.107445  34.249218  30.500885  26.131405  21.635361  19.279320  17.623489 
 } 


 White Balance Data with optical Center Data
 r_center_x =  624 r_center_y =  456 
 gr_center_x =  638 gr_center_y =  462 
 b_center_x =  656 b_center_y =  499 
 gb_center_x =  653 gb_center_y =  454 
 r/gr 0.839566 
 b/gr 0.408745 
 gb/gr 0.999857 
 r_oc_ave 156.853333 
 b_oc_ave 76.364441 
 gr_oc_ave 186.826660 
 gb_oc_ave 186.800003 

 [AWB]
 RGr =  0.839566 
 BGr =  0.408745 
 GbGr =  0.999857 
 r_oc_ave =  156.853333 
 b_oc_ave =  76.364441 
 gr_oc_ave =  186.826660 
 gb_oc_ave =  186.800003 