 LEFT LENS SHADING DATA
 RED Channel
 {
 38.469532  41.626617  45.746044  53.309372  61.344894  68.537247  74.264427  77.688171  78.673332  77.065781  73.263069  67.250679  59.960884  52.017029  44.581200  40.465576  38.005573 
 40.733280  45.313908  53.238129  63.060623  72.747810  81.400780  88.360466  92.891716  94.322502  92.090157  87.117035  79.844215  70.996094  61.511406  51.777657  43.875782  39.665573 
 42.504951  50.586403  61.320313  72.983437  84.209686  94.729218  103.425156  109.357185  111.095314  108.328590  101.868591  92.633125  82.140160  71.089218  59.732658  48.992340  41.387554 
 45.325886  56.371094  68.799065  81.904846  95.002502  107.720314  118.615631  126.204224  128.581558  124.877975  116.713440  105.129684  92.436096  79.755936  66.846878  54.469688  44.125523 
 48.444534  61.048904  74.751877  89.161407  104.195625  119.057663  132.192337  140.900940  143.599213  139.400620  129.927032  116.218597  101.205467  86.662971  72.528908  58.915314  46.867390 
 50.546196  64.272659  78.670784  94.198280  110.918594  127.547028  141.905945  151.091400  153.758286  149.528900  139.663437  124.365631  107.568748  91.635315  76.446716  62.259689  49.073441 
 51.628281  65.680153  80.343597  96.515472  113.745316  131.079376  145.810776  155.037506  157.736557  153.774841  144.046249  128.514847  111.125938  94.329216  78.379845  63.487030  49.990570 
 51.230003  64.933746  79.454376  95.226410  111.864220  128.647507  142.904694  152.302811  154.936722  150.696716  141.333755  125.933594  108.516876  92.305153  77.079529  62.607346  49.590050 
 49.270988  62.183281  75.953125  90.607811  105.769531  120.655777  133.890930  142.854996  145.498276  141.480774  131.781250  118.065933  102.847656  88.063904  73.692970  59.907814  47.642391 
 46.406460  57.535622  70.313438  83.559372  96.737656  109.290466  120.488586  127.997650  130.604370  127.169846  119.084381  107.247032  94.324219  81.292191  68.274529  55.573280  44.586407 
 43.721249  52.315002  63.389999  75.168434  86.574684  96.991409  105.764687  111.815315  113.835159  110.998596  104.411407  95.005157  84.254845  72.947502  61.253906  50.265472  41.914013 
 41.871098  47.205467  55.604218  65.647972  75.357971  84.067810  90.982971  95.570778  96.927185  94.934998  89.780624  82.346718  73.375778  63.588280  53.317970  45.073906  40.166195 
 39.752342  43.134010  47.654846  55.269005  63.472755  70.584480  76.084839  79.704323  80.877190  79.390007  75.341454  69.342346  61.865990  53.563904  45.470257  41.234112  38.172031 
 } 
 GR Channel
 {
 49.825523  55.006355  60.595993  69.463127  78.736092  86.765312  93.032349  96.784523  98.001930  96.143333  91.888336  85.440628  77.221825  67.902451  59.145782  53.660782  50.106194 
 53.553436  60.150940  69.943283  81.418121  92.192970  101.637810  108.949219  113.792664  115.192963  112.658752  107.598747  99.839378  90.234528  79.511406  68.092659  58.323906  52.735779 
 56.619225  66.996094  79.888435  93.014999  105.344063  116.653122  125.898590  132.042191  133.955154  130.852814  124.202347  114.321716  102.951721  90.671097  77.515312  64.739532  55.181824 
 60.532242  74.038284  88.624062  103.147034  117.550156  131.388748  143.003281  151.185318  153.610626  149.613434  141.127182  128.604843  114.691406  100.620781  86.084534  71.545937  58.866348 
 64.355202  79.769379  95.497185  111.404373  127.776871  144.024368  158.265625  167.721558  170.560150  166.188599  156.107193  141.247498  124.542496  108.574684  92.737656  77.005783  62.388077 
 67.203491  83.729530  100.109222  117.139847  135.154999  153.440781  169.194839  179.146408  181.987030  177.514999  167.010162  150.375305  131.635788  114.164536  97.376091  81.009216  65.266930 
 68.825096  85.478439  102.117188  119.906555  138.502182  157.396255  173.701248  183.685944  186.482651  182.190155  172.077026  154.905777  135.860626  117.496872  99.829842  82.574532  66.626816 
 68.480721  84.605316  101.115784  118.247025  136.320160  154.738281  170.570618  180.619995  183.408752  179.038757  169.052505  152.292343  132.811401  115.013596  98.199532  81.564529  65.939323 
 65.849640  81.426094  97.266251  113.308594  129.768753  146.159225  160.571243  170.340775  173.072189  168.736725  158.377502  143.314377  126.252350  110.009689  93.998596  78.162659  63.371613 
 62.146873  75.794373  90.701248  105.371872  119.845001  133.656250  145.481567  153.601563  156.246094  152.702347  143.883438  131.135941  116.778442  102.313751  87.763596  72.982346  59.694633 
 58.253387  69.399841  82.572968  95.984375  108.631248  119.877655  129.219681  135.540161  137.507339  134.556717  127.387344  117.256561  105.557655  93.010315  79.719063  66.575470  56.227348 
 55.678795  62.793594  73.113434  84.840157  95.744843  105.257500  112.629059  117.544220  118.905777  116.645935  111.050629  103.042816  93.185936  82.228752  70.245781  60.056404  53.580780 
 51.682137  56.938393  62.941772  72.128281  81.634636  89.555412  95.339478  99.356506  100.568489  98.770515  94.284790  87.929474  79.669273  69.836662  59.845993  54.632034  50.303696 
 } 
 GB Channel
 {
 50.215836  55.447502  61.050362  70.426773  80.055153  88.620316  95.061615  99.195000  100.394890  98.378746  94.044945  87.163795  78.426453  68.890785  59.483078  53.870361  50.268280 
 53.515419  60.139999  70.065155  81.878441  93.142029  102.966560  110.855156  116.031250  117.587814  115.073746  109.612656  101.337341  91.181877  79.958908  68.190781  58.140160  52.540367 
 56.056564  66.544060  79.587189  93.192810  105.937500  117.708755  127.480469  133.985306  136.093597  132.993591  125.941711  115.608124  103.567497  90.937187  77.375938  64.241409  54.567863 
 59.599846  73.151718  88.008904  102.938591  117.716873  131.908752  144.128433  152.690002  155.339218  151.422974  142.494995  129.497192  115.008118  100.449844  85.547653  70.635315  57.966980 
 63.022606  78.405937  94.240784  110.432343  127.297180  143.809372  158.612183  168.431717  171.714539  167.199066  156.765472  141.432495  124.322815  107.809845  91.696564  75.691406  61.063286 
 65.589111  81.908905  98.368904  115.609070  133.979065  152.341095  168.559372  178.975006  182.012497  177.642807  166.827652  149.805313  130.903748  112.962036  95.867966  79.266563  63.501556 
 66.867393  83.357811  100.022812  117.919846  136.618912  155.622498  172.225159  182.676407  185.782974  181.577972  171.164536  153.893906  134.659683  115.911713  97.942657  80.636566  64.499062 
 66.182129  82.442345  98.822502  116.091873  134.163437  152.769379  168.841248  179.314850  182.428131  178.129211  167.957962  151.045151  131.400940  113.342651  96.202972  79.456093  64.009224 
 63.661766  79.349686  95.162498  111.176407  127.765625  144.265152  158.836868  168.987976  172.028595  167.684692  157.334381  142.052505  124.795944  108.313904  92.226563  76.201248  61.552086 
 60.259109  74.083908  88.917816  103.711563  118.147507  132.030151  144.114838  152.525467  155.176712  151.690781  142.919846  129.901093  115.491562  100.807030  86.131721  71.222031  57.968910 
 57.073486  67.922028  81.117653  94.540154  107.180626  118.625000  128.147186  134.675476  136.858444  133.802505  126.592026  116.340775  104.414528  91.742500  78.283752  65.014534  54.798492 
 54.487808  61.521561  71.908440  83.706406  94.713905  104.274376  111.829063  116.999527  118.531723  116.126251  110.492340  102.288597  92.384216  81.228592  69.170784  58.906250  52.597504 
 50.862808  55.987404  62.287598  71.483696  81.102448  89.296043  95.404068  99.463081  100.800674  98.954994  94.300880  87.742546  79.109428  69.222969  59.208900  53.725410  49.480415 
 } 
 B Channel
 {
 18.260883  20.498386  23.064274  27.369221  31.872189  35.978851  39.133022  40.772861  41.243645  40.323856  38.209740  35.035210  31.036301  26.576977  22.147709  19.659374  18.691456 
 19.404636  22.214844  26.717186  32.178593  37.400936  41.965939  45.433437  47.423904  47.872814  46.655937  44.307030  40.690624  36.229843  31.152813  25.684376  21.265625  19.375626 
 20.543854  25.269688  31.311405  37.546562  43.406094  48.694847  52.793434  55.320625  55.918121  54.528282  51.494530  47.070938  41.908436  36.191875  29.998592  24.157188  20.487602 
 22.293228  28.446564  35.282658  42.120937  48.782654  55.067970  59.990784  63.185783  64.048752  62.279533  58.581566  53.080627  46.923904  40.575001  33.798904  27.322968  22.159428 
 23.939533  30.951405  38.279686  45.739063  53.265625  60.364372  66.169373  69.887184  70.819687  68.917030  64.583748  58.184372  51.000313  43.891720  36.684689  29.709999  23.813747 
 25.134373  32.658127  40.281406  48.148750  56.256561  63.977966  70.259216  74.151093  75.175003  73.298279  68.796722  61.837189  53.879845  46.147186  38.612656  31.488750  25.094997 
 25.579060  33.321564  41.089531  49.175934  57.364059  65.209686  71.674065  75.576721  76.695625  74.797966  70.613281  63.442970  55.367035  47.444843  39.561092  32.066250  25.555000 
 25.380363  32.938908  40.647030  48.464218  56.263908  63.906715  70.342659  74.254684  75.329063  73.496719  69.360939  62.287971  54.007347  46.325001  38.823124  31.616249  25.271664 
 24.302658  31.499531  38.923439  46.230312  53.314529  60.045937  65.926094  69.845154  70.944221  69.202499  64.848747  58.531563  51.293282  44.197189  37.082344  30.067657  24.116611 
 22.642967  29.038593  35.941719  42.610313  48.865471  54.612816  59.530785  62.932030  63.955154  62.497185  58.855621  53.374535  47.210155  40.877186  34.249374  27.696877  22.242710 
 21.073437  26.025936  32.177811  38.320156  43.842655  48.677185  52.680466  55.412346  56.223122  54.971878  51.928749  47.445000  42.314377  36.665314  30.529530  24.601875  20.452293 
 19.776665  22.917500  27.738281  33.145782  38.111095  42.279064  45.571877  47.676407  48.240158  47.288280  44.845001  41.282970  36.762970  31.727032  26.196251  21.586876  19.113125 
 18.000832  20.170830  23.012653  27.353909  31.757137  35.363228  38.084789  39.777863  40.427860  39.510159  37.566250  34.540260  30.716930  26.163071  21.577503  19.011040  17.472710 
 } 


 White Balance Data with optical Center Data
 r_center_x =  627 r_center_y =  501 
 gr_center_x =  639 gr_center_y =  504 
 b_center_x =  612 b_center_y =  511 
 gb_center_x =  663 gb_center_y =  503 
 r/gr 0.843988 
 b/gr 0.409775 
 gb/gr 0.994027 
 r_oc_ave 158.253326 
 b_oc_ave 76.835556 
 gr_oc_ave 187.506668 
 gb_oc_ave 186.386673 

 [AWB]
 RGr =  0.843988 
 BGr =  0.409775 
 GbGr =  0.994027 
 r_oc_ave =  158.253326 
 b_oc_ave =  76.835556 
 gr_oc_ave =  187.506668 
 gb_oc_ave =  186.386673 