 LEFT LENS SHADING DATA
 RED Channel
 {
 38.119949  41.178699  45.381042  52.709381  60.556511  67.240150  72.847916  76.425049  77.256096  75.812134  72.324791  66.483131  59.262703  51.436035  44.607136  40.604530  37.916195 
 40.250782  44.905155  52.981873  62.635628  71.997971  80.177032  87.037498  91.561096  92.901718  90.957344  86.269379  79.001877  70.170624  60.990623  51.659843  44.088905  39.982868 
 42.187397  50.351563  61.106247  72.453278  83.261093  93.144844  101.938751  107.790627  109.731407  107.305000  101.034065  91.653435  81.132660  70.492188  59.513596  49.096252  41.459583 
 45.280628  56.196877  68.688126  81.403748  94.019218  106.102814  117.123444  124.880310  127.462036  124.095474  115.969223  104.180779  91.466721  79.127029  66.582809  54.387970  44.016510 
 48.421249  61.193748  74.824997  88.840157  103.431404  117.809219  131.258911  140.204056  143.279526  139.526871  129.785156  115.659058  100.537659  86.326096  72.421562  59.002029  46.804745 
 50.924896  64.580315  79.004684  94.102501  110.353127  126.598434  141.293594  150.901871  154.138596  150.371719  140.257965  124.263443  107.297813  91.650154  76.696564  62.494530  49.095573 
 52.026405  66.074532  80.857033  96.749222  113.547501  130.721878  145.940781  155.545151  158.651566  155.036087  145.120789  128.701721  111.128754  94.574684  78.785622  63.747971  50.287758 
 51.427193  65.385941  79.966248  95.355469  111.655159  128.470932  143.236404  153.024536  156.164063  152.317963  142.718124  126.532349  108.779221  92.861252  77.614998  63.094215  49.951935 
 49.556923  62.565468  76.479843  90.902496  105.883125  120.987656  134.543747  143.909531  146.984222  143.205933  133.373596  119.028442  103.368279  88.681877  74.334999  60.580315  48.025726 
 46.510365  58.087654  70.825783  83.948441  97.233124  109.938591  121.467651  129.471725  132.070160  128.867340  120.642502  108.608124  95.217186  82.030785  69.016563  56.236092  45.347969 
 43.989582  52.782501  63.864845  75.697189  87.265938  97.927658  107.138748  113.343277  115.451248  112.763596  106.064064  96.655472  85.630157  74.176407  62.193283  51.036560  42.747814 
 42.415783  47.456406  55.983124  66.263123  76.226715  85.089066  92.470467  97.248909  98.758278  96.700783  91.456093  84.048126  75.126564  64.989372  54.532814  46.104218  41.067760 
 39.939529  43.302448  48.171455  55.825623  64.379845  71.721977  77.604843  81.312027  82.612244  80.918488  77.067139  70.834373  63.361977  55.026047  46.899899  42.491093  38.721928 
 } 
 GR Channel
 {
 49.240211  54.246452  59.973122  68.830368  77.888176  85.560051  91.603493  95.373337  96.400986  94.781876  91.257141  84.945213  76.866821  67.789734  59.422813  53.928696  49.852859 
 52.886040  59.559372  69.481873  80.832657  91.394218  100.506096  107.794533  112.478745  114.033279  111.970627  107.361092  99.646873  89.874535  79.338280  68.254059  58.686409  53.034119 
 55.931931  66.391716  79.297501  92.313278  104.491249  115.551407  124.661880  130.812805  133.110779  130.511414  124.315933  114.286407  102.674690  90.623909  77.837502  65.112816  55.522392 
 59.902649  73.372032  88.006874  102.331093  116.296722  129.787033  141.641556  149.898285  152.737656  149.380936  141.175629  128.379059  114.388596  100.449219  86.153282  71.674530  59.030571 
 63.770363  79.155159  94.926407  110.453590  126.461716  142.335464  156.957504  166.461716  169.897034  166.226868  156.250153  141.044998  124.333908  108.499847  92.910622  77.226715  62.580261 
 67.019836  83.365471  99.736092  116.327820  133.878906  151.915466  167.929993  177.954681  181.381714  177.601089  167.348434  150.302032  131.634842  114.283432  97.677971  81.278282  65.305992 
 68.306824  85.022034  101.755470  118.902039  137.235153  155.997650  172.773590  182.677505  185.957657  182.324844  172.458588  154.998444  135.960159  117.824692  99.944374  82.812653  66.774117 
 67.531250  84.123749  100.611877  117.386246  135.259064  153.668747  169.683441  180.035156  183.461243  179.762497  169.974838  152.797348  133.177338  115.476715  98.454063  81.886719  66.151093 
 65.028954  80.841873  96.744064  112.556412  128.984375  145.508438  160.156876  170.097031  173.418747  169.690155  159.875473  144.276871  127.121872  110.809059  94.659843  78.749062  63.646149 
 61.421669  75.425003  90.265778  104.860466  119.425476  133.289368  145.446869  153.872345  156.842026  153.645782  145.335785  132.620621  118.016098  103.371407  88.431877  73.465935  60.078026 
 57.898491  68.934532  82.071091  95.569534  108.433907  119.780319  129.425476  136.060623  138.168900  135.645309  128.762817  118.968124  107.047966  94.193123  80.407967  67.007187  56.475937 
 54.863495  62.168282  72.604218  84.509064  95.755157  105.313751  112.921402  117.967651  119.649689  117.519836  112.212341  104.402031  94.764061  83.467812  71.087341  60.709686  53.786354 
 50.581406  56.073914  62.505676  71.968231  81.457451  89.923332  95.992447  99.894531  101.470100  99.713806  95.509216  89.062653  80.721977  71.077400  61.267555  55.273018  49.892609 
 } 
 GB Channel
 {
 49.858757  55.138756  61.042915  70.108337  79.701096  87.822289  94.366867  98.246925  99.533699  97.853340  93.734734  87.069740  78.357651  68.880211  60.114899  54.528908  50.512650 
 53.151253  59.936249  70.120003  81.873749  92.971718  102.440628  110.228127  115.340469  117.055161  114.918747  109.912033  101.673279  91.289528  80.248123  68.730316  58.889534  53.236824 
 55.794319  66.455780  79.694534  93.042969  105.650940  117.168594  126.849838  133.476715  135.779999  133.185776  126.532181  116.048599  103.854378  91.234222  77.867188  64.841721  55.281090 
 59.188644  73.111565  87.979378  102.539215  117.013123  130.858597  143.227493  151.953125  154.974060  151.723907  143.062805  129.645935  115.137344  100.763283  85.898285  71.082031  58.198486 
 62.933647  78.461563  94.365158  110.084373  126.267029  142.640152  157.676407  167.688599  171.455780  167.699692  157.446091  141.732193  124.566254  108.213440  92.264999  76.199219  61.403595 
 65.767342  82.182968  98.533752  115.190781  133.016251  151.047501  167.546249  178.165314  181.773590  178.136093  167.418121  150.013596  131.039536  113.340622  96.409065  79.880623  63.986458 
 66.854691  83.528435  100.109840  117.409058  135.603119  154.505463  171.333908  181.725006  185.485931  181.692337  171.817032  154.109375  134.732346  116.200775  98.355316  81.119377  64.961044 
 65.991508  82.434219  98.769066  115.513901  133.250778  151.648743  167.947968  178.690628  182.442810  178.751251  168.802963  151.416565  131.629684  113.823746  96.550781  79.954063  64.328232 
 63.520683  79.074219  94.846718  110.588753  126.845627  143.509537  158.354538  168.608124  172.324219  168.558441  158.670471  142.902496  125.478912  109.110779  92.694374  76.903122  61.875626 
 59.794579  73.853752  88.557655  103.108437  117.474213  131.427032  143.773911  152.565308  155.616089  152.577499  144.013275  131.246094  116.447968  101.662186  86.576408  71.695000  58.542084 
 56.452858  67.507660  80.606247  93.963440  106.743279  118.143127  128.081100  134.770462  136.967972  134.477188  127.587967  117.626556  105.552032  92.587341  78.736404  65.387497  55.086662 
 53.800674  60.904221  71.247810  83.141876  94.380470  104.130157  111.893593  117.119690  118.774216  116.717346  111.318123  103.353752  93.606873  82.163597  69.685310  59.330154  52.733696 
 49.932762  55.189842  61.456978  70.966881  80.599838  89.129944  95.595886  99.530098  101.171516  99.355049  95.006874  88.457916  79.743538  70.076294  60.246559  54.332451  49.098282 
 } 
 B Channel
 {
 17.829479  19.930309  22.722500  26.945728  31.359795  35.027813  37.905727  39.507969  40.051514  39.235886  37.559273  34.501820  30.556564  26.119740  21.995003  19.441353  18.295105 
 19.046146  22.079063  26.758751  32.141563  37.129375  41.369064  44.589062  46.568592  47.100468  46.204845  44.122189  40.565781  35.990311  31.049530  25.771252  21.394688  19.451771 
 20.321247  25.232498  31.332500  37.425468  42.946877  47.838749  51.714844  54.286720  55.146561  53.999847  51.262657  46.783905  41.467030  36.000000  30.084843  24.294533  20.570156 
 22.148384  28.508595  35.328594  41.969376  48.239998  53.941406  58.828903  62.282028  63.396873  61.962814  58.361717  52.702499  46.476563  40.343594  33.846249  27.257500  22.225414 
 23.992813  31.181564  38.459999  45.483437  52.512032  59.144684  65.063751  69.042656  70.564529  68.878128  64.517967  57.885941  50.705467  43.786564  36.777969  29.816563  23.864063 
 25.271618  32.892654  40.366718  47.882500  55.417969  62.754059  69.379684  73.599220  75.155937  73.605621  68.991875  61.690781  53.724533  46.235470  38.825001  31.653439  25.133850 
 25.923698  33.546406  41.176407  48.854065  56.626251  64.269531  71.166878  75.346878  76.946251  75.262184  70.941406  63.332031  55.267815  47.683125  39.827499  32.259842  25.717972 
 25.661877  33.099377  40.654686  48.127190  55.601715  63.198441  69.869843  74.222031  75.766403  74.117188  69.802185  62.441872  54.192497  46.686249  39.202499  31.799686  25.363853 
 24.405830  31.541248  38.892033  45.882343  52.821716  59.773125  66.043282  70.263908  71.637344  69.994530  65.657814  58.944847  51.661247  44.625469  37.552032  30.303593  24.170887 
 22.553905  28.930782  35.876095  42.430626  48.610466  54.575470  59.920937  63.581718  64.801247  63.327499  59.597809  54.053749  47.712967  41.380783  34.644375  27.903282  22.378490 
 20.941303  25.946095  32.073124  38.111095  43.772968  48.927658  53.285469  56.085938  57.019531  55.807343  52.720154  48.332809  43.110001  37.279686  30.976875  24.884533  20.660576 
 19.623642  22.825314  27.523750  32.989845  38.199844  42.665157  46.151249  48.420471  49.069374  48.010002  45.606251  42.070156  37.669998  32.485157  26.747814  21.973438  19.211769 
 17.895729  19.966980  22.785419  27.254635  31.831722  35.640362  38.709167  40.484844  41.177296  40.153332  38.254581  35.170784  31.335419  26.799118  22.164063  19.380104  17.381351 
 } 


 White Balance Data with optical Center Data
 r_center_x =  665 r_center_y =  482 
 gr_center_x =  638 gr_center_y =  500 
 b_center_x =  647 b_center_y =  502 
 gb_center_x =  658 gb_center_y =  502 
 r/gr 0.853041 
 b/gr 0.413547 
 gb/gr 0.997594 
 r_oc_ave 159.124451 
 b_oc_ave 77.142220 
 gr_oc_ave 186.537781 
 gb_oc_ave 186.088882 

 [AWB]
 RGr =  0.853041 
 BGr =  0.413547 
 GbGr =  0.997594 
 r_oc_ave =  159.124451 
 b_oc_ave =  77.142220 
 gr_oc_ave =  186.537781 
 gb_oc_ave =  186.088882 