 LEFT LENS SHADING DATA
 RED Channel
 {
 36.906666  39.869583  44.020832  51.438698  59.687965  66.769638  72.680618  76.188957  77.253807  75.951561  72.412498  66.651146  59.480469  51.547913  44.308487  40.249325  37.091824 
 39.022499  43.730000  51.762497  61.695160  71.273590  79.986092  87.038124  91.611877  93.221092  91.295311  86.794998  79.586563  70.903595  61.571251  51.818283  43.944530  39.876404 
 40.861042  48.908127  59.777191  71.374687  82.386871  92.858910  101.800003  107.861404  110.004684  107.516251  101.385628  92.515938  82.050629  71.223907  59.642029  49.082184  41.596355 
 43.848019  54.612190  67.146873  80.211090  92.977814  105.514374  116.658127  124.537338  127.324844  124.085785  116.239212  105.093437  92.358597  79.749374  66.866249  54.487656  44.259533 
 47.105057  59.414841  72.945313  87.198906  101.897659  116.717499  130.219681  139.465942  142.585007  139.004684  129.643127  116.284683  101.487968  86.960938  72.846092  59.259216  47.319427 
 49.228798  62.613594  76.865784  92.084999  108.405472  124.955475  139.881088  149.603912  152.930786  149.176254  139.443283  124.464691  107.863594  92.045784  76.889374  62.596718  49.394012 
 50.066612  63.928909  78.475159  94.267502  111.157501  128.516556  143.828598  153.547028  156.855316  153.107025  144.005005  128.308441  111.120316  94.599846  78.700310  63.867500  50.368332 
 49.632187  63.135941  77.664528  92.801720  109.046562  125.838440  140.776566  150.670624  153.786407  149.951874  140.821716  125.648285  108.538750  92.487656  77.171722  62.833435  49.756355 
 47.643227  60.376564  74.175468  88.271408  103.288124  118.262024  131.854065  141.217499  144.277496  140.482651  131.154999  117.627655  102.664688  88.091248  73.761566  60.129845  47.981724 
 44.771507  55.897972  68.563126  81.456406  94.485153  107.228592  118.552505  126.360779  129.225311  126.025787  118.028275  106.750465  94.069061  81.201721  68.127655  55.554062  45.123646 
 42.047497  50.542503  61.569847  73.215782  84.523903  95.044220  104.142189  110.301407  112.502975  109.936562  103.532654  94.408752  83.939377  72.827499  61.086090  50.258278  42.350990 
 40.495365  45.421406  53.711090  63.767029  73.405159  82.215157  89.391563  94.274063  95.835159  93.863907  88.995781  81.680000  72.890312  63.270622  53.124374  45.026562  40.643646 
 38.437031  41.507866  45.980885  53.643494  61.621613  68.927444  74.921562  78.711143  79.851204  78.502861  74.574326  68.658752  61.392815  53.104790  45.048126  41.409481  38.399483 
 } 
 GR Channel
 {
 49.188225  53.797813  59.127403  67.853073  77.201248  85.108383  91.191818  94.921562  96.226822  94.567764  90.765884  84.488754  76.532768  67.578804  59.035057  53.754112  49.249535 
 52.893234  59.145309  68.786560  80.294533  91.167503  100.664841  108.197029  113.137817  114.654526  112.677963  107.892342  100.108749  90.479218  79.981094  68.594841  59.128906  53.602448 
 55.737350  65.799217  78.596878  91.814377  104.298126  115.927338  125.350006  131.661087  133.725464  131.252975  124.821869  115.180786  103.584373  91.316254  78.140472  65.559372  56.172714 
 59.856308  72.757347  87.172188  101.957970  116.361557  130.271561  142.366714  150.442810  153.244064  150.122498  142.017181  129.827652  115.751099  101.503128  86.731873  72.226715  59.879425 
 63.680107  78.437187  94.028435  109.981407  126.527344  143.054993  157.558289  166.933441  170.156403  166.505157  156.512344  142.421249  125.841568  109.581406  93.482971  77.902969  63.609428 
 66.403282  82.440155  98.733597  115.799377  133.744217  151.844849  167.683899  177.891876  181.081100  177.294846  167.017654  151.207184  132.930618  115.255310  98.115471  81.770157  66.207863 
 67.471191  83.917656  100.385468  117.905319  136.387650  155.344849  171.795151  181.924377  185.133743  181.668900  172.324997  155.740936  137.126877  118.711868  100.563904  83.348282  67.319321 
 66.759682  82.738434  99.191719  116.002975  133.981400  152.463120  168.789993  179.141724  182.351715  178.614685  169.438599  153.051086  134.237030  116.363129  98.888123  82.214378  66.903534 
 64.179375  79.333122  95.181564  111.045311  127.717026  144.362808  159.139374  169.110931  172.240005  168.471878  158.805466  144.060471  127.489212  111.180153  94.725311  78.937347  64.458801 
 60.543076  73.943283  88.671875  103.271408  117.852493  131.939850  144.396255  152.783127  155.722656  152.310944  144.190475  131.729843  117.665619  103.228905  88.235626  73.572029  60.741821 
 57.006409  67.607033  80.568123  93.716095  106.423279  118.043442  127.865463  134.664368  137.033905  134.212494  127.473587  117.488586  105.894531  93.428909  79.982185  67.013283  57.272232 
 54.453026  61.248436  71.279686  82.786873  93.649063  103.360001  111.183746  116.420624  118.155151  115.985306  110.649063  102.818748  92.969688  82.092659  70.305000  60.572342  54.684219 
 51.101349  55.850098  61.540100  70.661453  79.644478  87.924171  94.245422  98.564369  99.915779  98.206985  93.946556  87.374588  79.170944  69.487862  60.097916  55.471718  51.168388 
 } 
 GB Channel
 {
 49.428024  53.920517  59.496513  68.749222  78.415215  87.120834  93.754585  98.031670  99.285515  97.719948  93.735573  86.772499  78.304947  68.751724  59.880775  54.486252  49.757500 
 52.753014  59.010941  68.981720  80.918594  92.454376  102.573753  110.705002  115.962494  117.788437  115.473907  110.564529  102.368752  92.213905  81.063591  69.222656  59.445000  53.801254 
 55.030724  65.144066  78.262970  91.981247  105.063591  117.241882  127.357025  134.248901  136.507660  134.032654  127.316406  117.216248  105.011093  92.197189  78.578751  65.622971  56.105675 
 58.604378  71.753128  86.434845  101.692970  116.588287  131.176712  143.810776  152.516098  155.609848  152.493439  144.104065  131.445007  116.746094  101.931091  86.748749  71.946251  59.286667 
 62.055992  77.029533  92.777031  109.038750  126.057037  143.026245  158.123901  168.234680  171.926712  168.266098  158.110626  143.472504  126.386093  109.592812  93.162659  77.333435  62.733025 
 64.645988  80.612030  96.834061  114.111099  132.349533  150.787964  167.197342  178.015472  181.699997  178.188599  167.757507  151.507813  132.903442  114.836090  97.341560  80.758591  64.973381 
 65.468910  81.697029  98.218903  115.821716  134.504837  153.678131  170.490936  181.227036  185.024368  181.598129  172.166092  155.331253  136.452820  117.795624  99.517815  82.151093  66.015472 
 64.582443  80.465157  96.748749  113.586716  131.786255  150.449371  167.148285  177.947037  181.738907  178.240463  168.961868  152.292664  133.332184  115.200775  97.628281  80.923752  65.416245 
 62.001831  77.039528  92.769066  108.616875  125.549850  142.346405  157.389221  167.849686  171.559845  167.783279  158.221252  143.185471  126.382660  109.859375  93.563904  77.649689  63.068855 
 58.553757  72.010002  86.461563  101.074532  115.732193  130.073746  142.701096  151.534531  154.742035  151.592194  143.334061  130.824066  116.601257  102.058594  87.028748  72.358124  59.523125 
 55.369789  65.819374  78.713593  91.989059  104.736717  116.482025  126.564850  133.666412  136.201401  133.631714  126.796097  116.674377  104.960312  92.402809  78.920624  66.022499  56.239578 
 53.198227  59.741562  69.739685  81.347969  92.285309  102.230469  110.333908  115.883911  117.699371  115.653442  110.232498  102.133904  92.180626  81.329216  69.469376  59.728905  53.993279 
 50.019478  54.750725  60.608025  69.529846  78.779480  87.195679  93.893288  98.400780  99.871880  98.257599  93.871666  87.167870  78.741455  69.017761  59.506454  54.839951  50.626205 
 } 
 B Channel
 {
 17.227497  18.855000  21.478905  25.800571  30.350624  34.180626  37.127293  38.830990  39.394325  38.753075  36.832237  33.848541  29.973335  25.725208  21.616459  19.127186  17.111355 
 18.785416  21.437500  26.030781  31.654530  36.790627  41.164375  44.590626  46.768280  47.493282  46.478283  44.230782  40.639374  36.130001  31.228127  25.945625  21.553436  19.052189 
 20.089947  24.637657  30.549374  36.888283  42.692345  47.810158  51.967972  54.834846  55.669685  54.424377  51.600471  47.220314  41.986404  36.391720  30.336876  24.547344  20.183804 
 21.848961  27.850624  34.519531  41.406250  47.872189  53.967972  59.153908  62.755783  63.947968  62.339218  58.695465  53.221252  47.012657  40.676407  34.106876  27.611874  21.752289 
 23.557343  30.430470  37.584061  44.781876  52.116096  59.129684  65.382034  69.556564  70.820465  69.107033  64.824219  58.453438  51.289215  44.133438  37.150314  30.127186  23.375107 
 24.790051  32.146095  39.501877  46.955002  54.880783  62.692810  69.437965  73.803123  75.096718  73.372345  69.002342  61.986565  54.088280  46.392189  39.047970  31.861252  24.598751 
 25.196045  32.635624  40.087502  47.773750  55.761406  63.808907  70.821091  75.046722  76.388283  74.641403  70.560623  63.380783  55.289528  47.476719  39.883907  32.406250  24.940830 
 24.725780  32.162655  39.496876  46.840626  54.630623  62.441093  69.191872  73.495003  74.802971  73.057030  69.082657  62.161560  54.056404  46.381248  39.016407  31.865311  24.565731 
 23.605679  30.541718  37.729687  44.577030  51.723122  58.711716  64.920471  69.136093  70.336563  68.659531  64.444374  58.206093  51.046097  44.151718  37.213593  30.301094  23.468388 
 21.871666  27.973751  34.683125  41.132500  47.312969  53.339691  58.515778  62.031563  63.165779  61.803123  58.108124  52.861092  46.782814  40.593437  34.198437  27.824532  21.755989 
 20.194065  24.909061  30.879532  36.829533  42.367344  47.340469  51.511406  54.302498  55.268127  54.125778  51.203751  46.893124  41.793907  36.233124  30.422188  24.737499  20.080833 
 18.983959  21.895626  26.512814  31.806408  36.603905  40.937969  44.356720  46.575314  47.201717  46.348907  44.036095  40.523125  36.086094  31.226719  25.980156  21.667969  18.892761 
 17.795624  19.771461  22.376564  26.579948  30.874119  34.591507  37.534840  39.380310  39.979427  39.228699  37.353386  34.344372  30.385468  26.016090  21.654118  19.621510  17.646511 
 } 


 White Balance Data with optical Center Data
 r_center_x =  642 r_center_y =  476 
 gr_center_x =  662 gr_center_y =  513 
 b_center_x =  628 b_center_y =  457 
 gb_center_x =  638 gb_center_y =  501 
 r/gr 0.847547 
 b/gr 0.411071 
 gb/gr 0.999737 
 r_oc_ave 157.466660 
 b_oc_ave 76.373337 
 gr_oc_ave 185.791107 
 gb_oc_ave 185.742218 

 [AWB]
 RGr =  0.847547 
 BGr =  0.411071 
 GbGr =  0.999737 
 r_oc_ave =  157.466660 
 b_oc_ave =  76.373337 
 gr_oc_ave =  185.791107 
 gb_oc_ave =  185.742218 