 LEFT LENS SHADING DATA
 RED Channel
 {
 36.183231  39.723644  43.849167  50.835419  58.680519  65.719063  71.457184  74.994797  76.505936  75.283127  71.805313  66.256821  58.937752  51.275887  44.118855  39.725468  36.502132 
 38.754063  43.420311  51.089996  60.739998  70.324684  78.791565  85.812187  90.561874  92.378441  90.809372  86.234062  79.228279  70.484222  61.073593  51.524689  43.521095  38.967136 
 40.675106  48.550934  59.078125  70.555153  81.680466  91.949532  100.892967  107.077660  109.557343  107.443436  101.474686  92.490311  81.990623  70.983910  59.590622  48.779373  40.933960 
 43.440418  54.121246  66.472191  79.439690  92.383438  104.747498  115.870621  124.177185  127.298126  124.377655  116.718277  105.411560  92.709999  79.903122  66.962341  54.321716  43.754429 
 46.292919  58.847504  72.398125  86.694534  101.467499  116.062973  129.505463  139.117493  142.823914  139.552963  130.427963  117.039536  102.084999  87.234062  72.973907  59.072655  46.779533 
 48.730309  62.241562  76.489220  91.903748  108.379684  124.811569  139.640320  149.808121  153.484680  150.152649  140.610153  125.686722  108.764221  92.495468  77.013283  62.574532  49.236824 
 49.870728  63.736565  78.308594  94.393593  111.448441  128.702499  144.015778  154.280472  158.039536  154.673126  145.482346  130.158432  112.527969  95.535004  79.335312  64.177345  50.281715 
 49.392082  62.937500  77.451721  93.036873  109.602188  126.339996  141.373901  151.681091  155.423126  151.945938  142.804535  127.778442  110.035622  93.571251  78.070000  63.338127  49.703964 
 47.543388  59.969841  73.895782  88.455315  103.689377  118.824692  132.586868  142.302338  145.884369  142.589371  133.247650  119.527039  104.017654  89.043907  74.457031  60.576874  47.737713 
 44.580624  55.520622  68.162811  81.574371  95.013435  107.804375  119.370468  127.746094  130.804382  127.988434  120.054535  108.368752  95.239372  81.960472  68.778282  55.886406  44.804951 
 42.088646  50.264061  61.191254  73.336403  85.070938  95.762657  105.197342  111.586876  114.154999  111.768753  105.308128  95.838593  84.990311  73.580154  61.662811  50.431877  41.761875 
 40.616459  45.351875  53.514847  63.823906  73.911095  82.935623  90.332809  95.353592  97.226410  95.295784  90.288597  82.738747  73.762810  63.980469  53.665154  45.096092  39.944221 
 38.298542  41.558540  45.932968  53.795364  62.121300  69.530205  75.511559  79.318382  80.937035  79.578072  75.649628  69.466675  62.095726  53.686516  45.291203  41.011723  37.595470 
 } 
 GR Channel
 {
 48.180107  53.773857  59.216934  67.653183  76.799629  84.589790  90.684486  94.353020  95.840004  94.564583  90.857346  84.898590  77.115265  68.130211  59.471771  53.897766  49.252350 
 52.442604  58.992188  68.424217  79.705467  90.529846  99.641876  107.052811  112.012192  113.963745  112.101257  107.462967  99.981720  90.601715  80.015625  68.733437  59.007965  52.968597 
 55.324791  65.544373  78.006721  91.082809  103.394066  114.597183  124.082809  130.514694  132.982971  130.695938  124.470001  115.042343  103.676559  91.541878  78.546722  65.629684  55.866356 
 59.132919  72.224998  86.533279  100.990471  115.209686  129.056870  140.917496  149.619370  152.838745  149.711243  141.740463  129.799683  115.772964  101.626091  87.172966  72.397972  59.741089 
 62.764221  77.839844  93.306564  109.089378  125.184845  141.490463  156.187500  166.228439  169.840149  166.418442  156.977966  142.672028  126.106720  109.777191  93.910934  78.044685  63.435524 
 65.709007  81.840469  97.841408  114.689682  132.532654  150.670624  166.973755  177.388443  180.971558  177.659851  167.977661  152.040466  133.333755  115.525467  98.467812  82.126251  66.371666 
 67.176926  83.594215  99.983749  117.451721  135.745163  154.818436  171.542664  182.137024  185.725006  182.376877  173.274841  156.907028  137.734680  119.156250  101.266403  84.176094  67.696716 
 66.668335  82.688751  99.021248  115.892654  133.772507  152.326874  168.650940  179.243912  182.811401  179.508118  170.216095  154.300156  134.682190  116.809845  99.750153  83.000778  67.112656 
 64.187401  79.390312  95.108437  110.980003  127.506561  144.084686  158.922806  169.143906  172.823746  169.295776  159.961868  145.137970  128.080475  111.620628  95.597969  79.686096  64.672966 
 60.458328  73.986252  88.610626  103.263123  117.733902  131.675629  144.069687  152.798599  156.164063  153.287964  145.159531  132.542038  118.281555  103.714378  89.126091  74.138908  60.683701 
 57.253387  67.708595  80.598434  94.102501  106.881409  118.334686  128.112808  134.988754  137.560150  135.201096  128.426712  118.469528  106.669220  94.090782  80.697342  67.447655  56.796616 
 54.563072  61.312035  71.291565  83.112656  94.277344  104.042656  111.744530  116.933441  118.910004  116.928131  111.598595  103.722809  93.700935  82.626877  70.946716  60.754684  53.923019 
 50.296829  55.744324  61.694061  70.899948  80.482971  88.667038  95.017242  99.151772  100.665413  99.304787  94.952545  88.290314  79.830109  70.198540  60.518593  55.269272  50.269272 
 } 
 GB Channel
 {
 48.563492  54.300575  59.899323  68.546768  78.324524  86.489639  93.195892  97.159325  98.800369  97.392914  93.517914  86.983696  78.488487  69.149429  60.083130  54.249641  49.633804 
 52.565987  59.164528  68.765778  80.419685  91.732658  101.411095  109.297340  114.753281  116.825150  114.845001  109.913750  101.986404  91.970779  80.892967  69.171875  59.106094  52.970879 
 54.937340  65.272972  78.026253  91.361092  104.145935  115.804993  125.893906  132.888901  135.538589  133.170776  126.684067  116.726868  104.851250  92.021721  78.522346  65.359528  55.286407 
 58.256195  71.592659  86.051559  100.807816  115.438278  129.671097  142.144684  151.388748  154.907028  151.866409  143.541870  130.974533  116.477966  101.767189  86.745941  71.621407  58.720779 
 61.602814  76.786560  92.252190  108.208908  124.800781  141.395782  156.581879  167.176880  171.218124  167.729065  157.978912  143.275787  126.206879  109.396408  93.055779  76.815781  62.106407 
 64.170364  80.373909  96.314842  113.329224  131.357498  149.708755  166.305161  177.298431  181.345306  178.064682  167.971100  151.793594  132.673752  114.501877  97.127655  80.467812  64.650734 
 65.420624  81.790627  98.027969  115.559067  133.969223  153.036880  170.104538  181.068756  185.068909  181.880005  172.602036  155.970154  136.593750  117.670319  99.554535  82.222504  65.788330 
 64.889114  80.746407  96.821877  113.745621  131.680786  150.128281  166.757965  177.805161  181.842972  178.590942  169.099686  153.043900  133.241257  115.189529  97.840782  80.925003  65.037086 
 62.522186  77.424690  93.035782  108.718124  125.240311  141.867188  157.041412  167.628281  171.678131  168.279373  158.677505  143.772659  126.535156  110.029060  93.733749  77.654846  62.675880 
 58.920212  72.098122  86.627502  101.184219  115.715942  129.673431  142.262970  151.262344  154.856873  152.062805  143.906403  131.242813  116.679214  101.981407  87.286720  72.357971  58.884850 
 55.810516  66.059685  78.911407  92.311722  105.126564  116.827972  126.686401  133.690933  136.444839  134.068283  127.377029  117.268906  105.408440  92.617653  79.194061  65.889999  55.352501 
 53.481148  60.039063  69.888748  81.742340  93.028435  102.862816  110.746559  116.079056  118.249222  116.240784  110.824844  102.735779  92.579842  81.441872  69.668594  59.434845  52.736298 
 49.399475  54.539482  60.620003  69.861725  79.676353  87.937393  94.389069  98.707817  100.354012  99.048073  94.702553  87.806824  79.180885  69.423538  59.690048  54.185463  49.186714 
 } 
 B Channel
 {
 16.517345  19.056507  21.604321  25.647446  30.080467  33.741982  36.519321  38.191509  38.883907  38.303333  36.696617  33.850677  29.991302  25.672394  21.459167  18.890728  17.425312 
 18.046509  21.072968  25.524532  30.867657  35.924843  40.046562  43.252029  45.410469  46.302032  45.557499  43.522655  40.146717  35.698593  30.760311  25.384998  20.936562  18.740314 
 19.345730  24.084061  29.956718  36.069218  41.684689  46.552658  50.512657  53.261253  54.297188  53.446091  50.803749  46.595001  41.460312  35.830780  29.792187  23.953125  20.095211 
 21.052971  27.173595  33.896095  40.606564  46.831875  52.561409  57.511566  61.191872  62.589066  61.398125  58.009064  52.701248  46.558281  40.289219  33.644688  27.020782  21.853073 
 22.707550  29.656094  36.872658  44.003750  50.953278  57.685936  63.782028  68.044685  69.649689  68.378128  64.248283  58.018440  50.778282  43.764061  36.607811  29.550938  23.531357 
 23.954220  31.327343  38.782970  46.313751  53.926407  61.374062  68.035309  72.616409  74.318436  72.971405  68.696877  61.795784  53.735001  46.082031  38.583908  31.252811  24.808231 
 24.564377  32.041874  39.531719  47.242657  55.040466  62.870003  69.828125  74.400627  76.144218  74.717499  70.737503  63.641876  55.403748  47.549843  39.640781  32.084217  25.347343 
 24.341145  31.601563  39.088123  46.547657  54.047340  61.685623  68.607658  73.260002  74.932968  73.535782  69.536560  62.657028  54.212654  46.581406  39.039375  31.525623  24.931873 
 23.307400  30.085312  37.279999  44.272812  51.292816  58.267029  64.668747  69.047188  70.784843  69.283127  65.201561  58.681091  51.415466  44.350468  37.157814  29.984219  23.784008 
 21.480053  27.607346  34.332500  40.851719  47.153282  53.153282  58.477501  62.329216  63.723434  62.494690  59.005783  53.437500  47.173283  40.798595  34.166092  27.478439  21.892605 
 20.001770  24.647186  30.608593  36.685001  42.469219  47.616093  51.936722  54.921562  56.029373  54.999374  51.971565  47.468750  42.172657  36.482811  30.415001  24.337967  20.119427 
 18.777603  21.677189  26.200783  31.704220  36.910156  41.389374  44.870625  47.214375  48.019379  47.208439  44.716564  41.025936  36.313282  31.197033  25.874062  21.195313  18.659061 
 16.991768  19.140938  21.664326  26.131927  30.641201  34.507294  37.598122  39.450211  40.152294  39.398018  37.347809  34.222191  30.158905  25.542656  21.118229  18.604893  16.896561 
 } 


 White Balance Data with optical Center Data
 r_center_x =  630 r_center_y =  502 
 gr_center_x =  665 gr_center_y =  496 
 b_center_x =  660 b_center_y =  517 
 gb_center_x =  658 gb_center_y =  481 
 r/gr 0.850878 
 b/gr 0.409514 
 gb/gr 0.995426 
 r_oc_ave 158.751114 
 b_oc_ave 76.404442 
 gr_oc_ave 186.573334 
 gb_oc_ave 185.720001 

 [AWB]
 RGr =  0.850878 
 BGr =  0.409514 
 GbGr =  0.995426 
 r_oc_ave =  158.751114 
 b_oc_ave =  76.404442 
 gr_oc_ave =  186.573334 
 gb_oc_ave =  185.720001 