 LEFT LENS SHADING DATA
 RED Channel
 {
 38.345520  41.860523  46.596195  54.315048  62.296921  69.423225  75.015419  78.439682  79.718796  78.297600  74.627502  68.828491  61.680466  53.868126  46.286930  41.532452  38.231613 
 40.493019  45.643436  54.008904  63.958595  73.597969  81.942810  88.964996  93.578438  95.116096  93.314690  88.538750  81.488281  72.828590  63.608124  53.739220  45.612656  40.701614 
 42.126774  50.747185  61.837189  73.407967  84.639999  94.883751  103.670624  109.735001  111.947189  109.388596  103.180779  94.210312  83.951096  73.097656  61.753593  50.861092  42.603386 
 44.985935  56.317184  68.971878  82.027496  94.894844  107.351097  118.571243  126.477036  129.350006  126.036880  117.951721  106.530472  93.981407  81.414841  68.804535  56.396873  45.583538 
 47.974426  60.759216  74.557503  88.796562  103.628593  118.422974  131.860779  141.286407  144.325943  140.611725  131.194839  117.506256  102.712341  88.279373  74.311562  60.851410  48.635368 
 49.989120  63.760155  78.200310  93.337189  109.750313  126.362656  141.228912  151.016556  154.234848  150.575150  140.675629  125.315628  108.763596  92.962967  77.915154  63.897659  50.691200 
 50.753746  64.733749  79.338593  95.149376  112.107971  129.513748  144.771088  154.619690  157.904694  154.295151  144.746094  129.126877  111.747345  95.447815  79.698906  64.983749  51.294998 
 50.150154  63.677032  77.965935  93.336250  109.744843  126.552658  141.396255  151.132507  154.456406  150.722351  141.240005  126.131882  108.972969  93.106247  78.208908  63.875313  50.667397 
 47.929218  60.516090  74.213280  88.451248  103.519066  118.440155  131.933594  141.263901  144.456726  140.896561  131.275620  117.627975  102.822502  88.532654  74.625313  61.035782  48.730156 
 44.947399  55.897812  68.364220  81.378281  94.546722  106.988747  118.279846  126.357025  128.984222  126.120468  118.113281  106.790779  94.289688  81.730782  69.022659  56.504997  45.652500 
 42.553020  50.569687  61.296249  73.062347  84.504997  94.927971  103.854691  110.170158  112.372192  109.935623  103.380470  94.533279  84.265938  73.318123  61.943283  51.143593  42.777138 
 41.047291  45.680626  53.542343  63.539528  73.367035  82.195160  89.231873  94.033592  95.703903  93.938126  89.045158  81.900002  73.412033  63.922188  54.209846  45.930000  41.237919 
 38.817295  41.864372  45.955471  53.411819  61.506409  68.716614  74.518547  78.232140  79.590782  78.308952  74.614532  68.876251  61.774315  53.906349  46.497963  42.009167  38.994167 
 } 
 GR Channel
 {
 49.413078  55.021820  61.253548  70.370209  79.511665  87.162857  93.380051  97.008690  98.322975  96.415520  92.665154  86.610313  78.490410  69.460732  60.624115  54.578651  50.093643 
 53.119324  60.368279  70.566872  82.149376  92.775002  101.905159  109.098595  113.866409  115.321091  113.347183  108.440781  100.951561  91.702499  81.307816  69.870155  59.901566  53.607399 
 56.097702  66.975624  80.221565  93.427498  105.698753  116.609375  125.822037  131.993286  134.223282  131.546249  125.094528  115.633743  104.512497  92.564842  79.701561  66.731094  56.568382 
 59.886299  73.712341  88.555153  103.147034  117.175934  130.483597  142.334839  150.552811  153.320938  150.185471  141.646561  129.568909  115.879532  102.228592  88.038437  73.542191  60.444687 
 63.885834  79.305000  95.086876  110.830627  126.882034  142.902496  157.404694  167.178284  170.397034  166.634842  156.700470  142.204849  125.878281  110.093903  94.510155  79.082809  64.275314 
 66.757965  83.161095  99.518280  116.260315  133.692505  151.844528  167.990784  178.399216  181.687973  177.639221  167.542496  151.133911  132.780777  115.485779  98.862816  82.784691  66.958855 
 67.695160  84.450783  101.125938  118.359528  136.633911  155.442337  172.205475  182.468903  185.542038  181.766403  171.947495  155.405472  136.413284  118.530624  101.045784  84.028908  67.923691 
 67.111351  83.229691  99.665939  116.538910  134.371719  152.839844  168.988281  178.966095  182.259064  178.314377  168.613281  152.498901  133.453278  115.918121  99.127815  82.703278  67.070992 
 64.324371  79.636871  95.289528  111.174843  127.714844  144.206558  158.905777  168.660156  171.972809  168.182968  158.109222  143.421722  126.894379  111.005310  95.286247  79.453438  64.654694 
 60.420052  73.893593  88.470940  103.160309  117.720154  131.670471  143.694061  152.179993  154.937195  152.032349  143.524689  131.427963  117.535782  103.401405  88.890778  73.948753  60.669579 
 57.228279  67.306404  80.226097  93.642967  106.479065  117.947495  127.586563  134.046722  136.330780  133.889526  126.820313  117.286880  105.797501  93.492340  80.507187  67.383125  57.043129 
 54.566933  60.964218  70.586403  82.354065  93.499222  103.291565  110.908752  115.913437  117.844681  115.712814  110.295158  102.549530  93.196091  82.342186  70.882034  60.746407  54.402443 
 50.296928  55.362343  60.725372  69.754478  79.113594  87.278648  93.763756  97.865105  99.048439  97.583641  93.347031  87.294739  79.050468  69.847191  61.042656  55.244118  50.802864 
 } 
 GB Channel
 {
 49.863586  55.401932  61.869377  71.460205  81.042702  89.380211  96.023232  99.857185  101.242554  99.427971  95.193901  88.565620  80.088120  70.444221  61.119064  54.874695  50.356766 
 53.283173  60.396721  70.895622  82.889374  94.106873  103.699371  111.441559  116.647186  118.306091  116.257339  110.905785  102.881874  93.098122  82.041092  70.137810  59.887184  53.556770 
 55.414993  66.647499  80.116562  93.866875  106.580780  118.167038  127.949692  134.686569  137.107819  134.267029  127.433121  117.406723  105.688591  93.145157  79.692810  66.385780  55.945992 
 59.024216  73.011093  88.107498  103.129059  117.679993  131.702026  144.095474  152.869217  156.003754  152.621567  143.631714  130.998276  116.759842  102.375626  87.723122  72.864998  59.574585 
 62.582451  78.187653  94.141563  110.255936  126.727966  143.309067  158.394836  168.792664  172.313904  168.502350  158.103439  142.991409  126.073593  109.779373  93.740623  77.967033  63.043076 
 65.174477  81.622810  98.133125  115.138901  132.985001  151.351257  168.042343  178.981247  182.629059  178.754059  168.237976  151.403900  132.548279  114.692963  97.696091  81.275940  65.571350 
 66.027863  82.760155  99.542503  116.935623  135.365936  154.544525  171.598434  182.395935  185.976257  182.202820  172.240463  155.065628  135.779068  117.447662  99.595627  82.456879  66.228539 
 65.207550  81.424843  97.917191  114.917343  133.003601  151.541092  168.070313  178.685623  182.308899  178.390625  168.442337  151.973755  132.559998  114.675476  97.608437  81.057655  65.292862 
 62.572922  77.886253  93.611092  109.611092  126.285782  143.037186  157.996719  168.288589  171.933121  168.180786  157.976089  142.806412  126.101410  109.818436  93.901878  77.974060  63.027809 
 59.083023  72.509689  87.139847  101.846718  116.550934  130.740005  143.169373  151.887970  155.030777  152.104843  143.517502  131.040314  116.792816  102.472504  87.727654  72.723907  59.482033 
 56.159531  66.207657  79.114998  92.711716  105.617035  117.376404  127.239059  134.112030  136.522186  134.192657  126.972504  117.100311  105.442970  92.825623  79.643753  66.368279  56.028488 
 53.888809  60.158592  69.882187  81.749062  93.182190  103.238434  111.072502  116.373596  118.405777  116.314850  110.803284  102.733910  93.010468  82.053909  70.346878  60.025780  53.851402 
 50.114639  55.013390  60.416359  69.575317  79.202187  87.861359  94.417503  98.778381  100.208076  98.585472  94.229736  87.797447  79.314423  69.865364  60.803963  54.914322  50.542236 
 } 
 B Channel
 {
 18.005314  20.529060  23.450577  27.861511  32.509583  36.115784  38.941872  40.544743  41.035625  40.324585  38.453751  35.459896  31.538593  27.076771  22.591564  19.915936  18.540520 
 19.318645  22.656563  27.514530  33.052967  38.110001  42.265156  45.496876  47.557030  48.174377  47.308750  44.985001  41.416561  36.992970  32.030937  26.482811  21.905937  19.665520 
 20.560936  25.708439  32.020470  38.302658  43.951096  48.817345  52.737656  55.383278  56.309059  55.097656  52.136093  47.768436  42.666718  37.064842  30.946720  24.961094  20.960052 
 22.335991  28.822033  35.876095  42.628750  49.013908  54.735939  59.788437  63.211403  64.404533  62.947342  59.139687  53.702660  47.529064  41.287033  34.689686  28.097500  22.760418 
 24.071613  31.345158  38.717186  45.892811  52.955002  59.710159  65.744690  69.803123  71.165939  69.489532  65.131721  58.737343  51.572502  44.568436  37.432343  30.472031  24.471821 
 25.271927  32.856720  40.448593  48.044685  55.588280  63.057343  69.697815  73.946877  75.273125  73.548904  69.230003  62.060936  54.171722  46.601719  39.153751  32.023907  25.715363 
 25.610622  33.288124  40.893906  48.657967  56.315781  64.043747  70.978752  75.234528  76.562965  74.881721  70.641403  63.473282  55.358597  47.651562  39.999218  32.490311  25.952816 
 25.184113  32.570156  40.122032  47.562344  54.947502  62.531097  69.278595  73.466248  74.815628  73.092972  68.976715  62.143440  53.997032  46.467812  39.051094  31.797344  25.476715 
 23.859898  30.862812  38.081093  45.031094  51.859688  58.700157  64.857346  68.952187  70.297501  68.550629  64.378906  58.091408  51.092033  44.270313  37.331718  30.265625  24.232288 
 22.082188  28.243439  35.010780  41.423904  47.517654  53.390625  58.574684  62.076248  63.189529  61.875313  58.226563  53.043121  47.048439  40.870312  34.388439  27.710625  22.374794 
 20.502655  25.118282  31.077030  37.027344  42.643124  47.674843  51.824066  54.642189  55.459373  54.345940  51.322815  47.082188  42.102970  36.624218  30.650780  24.723125  20.519791 
 19.296146  22.192814  26.539688  31.831249  36.927811  41.412655  44.834843  46.961407  47.672188  46.777813  44.391720  40.884842  36.639374  31.662811  26.367813  21.686874  19.264374 
 17.506561  19.565311  21.936356  26.137081  30.571148  34.422863  37.385056  39.189529  39.686771  38.910309  37.036510  34.240051  30.469376  26.197399  21.835728  19.125626  17.502712 
 } 


 White Balance Data with optical Center Data
 r_center_x =  629 r_center_y =  494 
 gr_center_x =  631 gr_center_y =  512 
 b_center_x =  626 b_center_y =  473 
 gb_center_x =  630 gb_center_y =  476 
 r/gr 0.850435 
 b/gr 0.412391 
 gb/gr 1.002102 
 r_oc_ave 158.248886 
 b_oc_ave 76.737778 
 gr_oc_ave 186.080002 
 gb_oc_ave 186.471115 

 [AWB]
 RGr =  0.850435 
 BGr =  0.412391 
 GbGr =  1.002102 
 r_oc_ave =  158.248886 
 b_oc_ave =  76.737778 
 gr_oc_ave =  186.080002 
 gb_oc_ave =  186.471115 