 LEFT LENS SHADING DATA
 RED Channel
 {
 36.262398  39.196980  43.308907  50.707962  58.611984  65.566513  71.033333  74.366516  75.347961  73.658020  70.070625  64.596405  57.528908  49.851463  42.920002  38.897133  36.361717 
 38.128643  42.765312  50.633278  60.366096  69.796562  78.152969  84.972504  89.220467  90.598595  88.548439  84.015625  76.893280  68.423279  59.205627  49.760002  42.224842  38.275471 
 39.950520  47.992188  58.722343  70.196091  81.245941  91.315315  99.914375  105.660469  107.532341  104.995941  98.771721  89.829529  79.562813  68.665001  57.494530  47.232811  39.894478 
 42.843750  53.762497  66.224373  79.223747  92.126564  104.370941  115.096878  122.691879  125.132813  121.630936  113.729218  102.464218  89.887344  77.299217  64.615158  52.529373  42.557293 
 45.976982  58.669060  72.471878  86.792343  101.612816  116.027817  128.959213  137.765320  140.764221  136.854370  127.540939  114.157349  99.050003  84.602028  70.456093  57.154999  45.390839 
 48.420517  62.197189  76.724846  92.186722  108.472809  124.757339  138.916412  148.335785  151.281097  147.430466  137.771408  122.713287  105.811722  89.827812  74.605156  60.491875  47.588543 
 49.673393  63.807343  78.751404  94.738129  111.668907  128.655945  143.281250  152.902817  156.015625  152.085159  142.765320  127.217346  109.672653  92.840782  76.824844  61.943123  48.650208 
 49.373650  63.171562  77.944374  93.512657  109.963440  126.214691  140.598755  150.271713  153.543594  149.569534  140.381882  125.068436  107.375626  91.095467  75.589531  61.153282  48.215149 
 47.514896  60.387810  74.342186  88.895935  103.984375  118.573914  131.708755  140.997818  144.296875  140.457657  130.964539  117.193436  101.638596  86.814690  72.209534  58.573906  46.559948 
 44.450413  55.768753  68.641876  81.832184  94.967659  107.327187  118.476410  126.410004  129.283432  126.218124  118.156403  106.410622  93.195625  79.922340  66.597504  54.186722  43.724010 
 41.772709  50.479378  61.579529  73.522186  84.822029  95.178123  104.183441  110.485313  112.827820  110.142967  103.484840  94.042503  83.139061  71.618904  59.858910  49.055779  41.168491 
 40.145939  45.318436  53.721878  63.826721  73.492035  82.127502  89.281876  94.202812  95.886093  93.818436  88.675629  81.187653  72.093437  62.265938  52.115784  44.101875  39.561043 
 38.013020  41.262604  45.777706  53.386925  61.440987  68.698334  74.565208  78.425735  79.636307  78.266350  74.188957  68.159950  60.597191  52.264687  44.258907  40.261456  37.090206 
 } 
 GR Channel
 {
 48.915100  53.730942  59.616974  68.513901  77.683334  85.739120  91.699165  94.950935  96.057190  94.334839  90.225731  84.118126  76.374641  67.347084  58.797607  53.490677  49.739006 
 52.199272  58.909691  68.892815  80.540779  91.370003  100.516403  107.699997  112.289688  113.705933  111.329216  106.379059  98.743126  89.356094  78.841248  67.554688  58.060471  52.711929 
 54.962288  65.738129  78.832184  92.303436  104.729065  115.743591  124.854370  130.756409  132.583435  129.800934  123.327652  113.685150  102.378754  90.159065  77.170624  64.631721  55.271927 
 59.184845  72.735466  87.620628  102.513596  116.790939  130.287659  141.858749  149.818130  152.361877  148.736877  140.379059  128.165466  114.278900  100.194221  85.618752  71.227654  58.822868 
 63.146248  78.613747  94.607498  110.806091  127.092194  143.148590  157.289368  166.699844  169.837967  165.906876  156.138123  141.402191  124.740158  108.413284  92.450157  76.845001  62.507080 
 66.401825  82.830780  99.559685  116.570160  134.465317  152.637817  168.374527  178.452972  181.535156  177.578598  167.446411  150.971100  132.138901  114.312500  97.199844  80.865623  65.315208 
 68.052864  84.843903  101.935471  119.412964  137.884842  156.514694  172.803909  183.216095  186.435776  182.528442  172.853287  156.007965  136.687973  118.002975  99.921722  82.559532  66.764328 
 67.444588  84.237503  101.207031  118.320160  136.081100  153.882965  169.718750  180.043900  183.335464  179.523285  170.012024  153.451874  133.772186  115.614838  98.258438  81.477966  65.979431 
 65.153542  80.890625  97.105782  113.364212  129.926559  146.060776  160.522186  170.270309  173.567032  169.467819  159.425476  144.317810  127.059692  110.531876  94.188278  78.282341  63.660057 
 61.196457  75.474373  90.586403  105.445160  119.947189  133.472351  145.771255  154.323120  157.233276  153.999374  145.065308  132.362030  117.728912  102.976715  87.955002  73.178909  60.205368 
 57.735893  69.054840  82.348282  96.015312  108.629845  119.743912  129.402649  135.950623  138.338440  135.687805  128.644226  118.474060  106.656563  93.726563  80.046722  66.941872  56.701462 
 54.992554  62.333595  72.788910  84.627029  95.551094  104.976875  112.504532  117.625473  119.477814  117.375153  111.852814  103.838753  93.752190  82.536873  70.440468  60.470314  54.048645 
 50.892975  56.328804  62.714111  71.897240  81.212555  89.288544  95.501411  99.536095  100.989899  99.546204  95.043648  88.470001  80.187187  70.291046  60.413589  55.199898  50.090729 
 } 
 GB Channel
 {
 49.407867  54.210365  60.162186  69.429901  79.192917  87.419998  93.723801  97.396767  98.415306  96.679787  92.466713  85.976669  77.526405  68.242813  59.196198  53.718285  50.107864 
 52.221199  59.003906  69.205940  81.225311  92.474998  102.106247  109.668594  114.483444  116.090317  113.643127  108.522346  100.388748  90.502029  79.456566  67.882660  58.106407  52.808281 
 54.682442  65.468903  78.790001  92.647346  105.545624  116.955002  126.417343  132.873276  134.867966  132.033127  125.191559  115.105164  103.233437  90.576874  77.127968  64.298279  54.902657 
 58.239006  72.082970  87.228439  102.504845  117.140930  131.108902  143.107346  151.561874  154.237350  150.551880  141.972656  129.161087  114.710632  100.240158  85.201248  70.495003  58.092911 
 61.851402  77.504532  93.780472  110.288910  126.913757  143.311874  157.794693  167.770782  171.184998  166.997498  156.982651  141.810471  124.632034  107.887184  91.598595  75.739372  61.408539 
 64.709167  81.410004  98.289841  115.327499  133.449997  151.844376  167.856567  178.199997  181.593750  177.732819  167.264069  150.559067  131.396088  113.303909  95.929840  79.451874  63.844368 
 66.169273  83.238434  100.407028  117.944061  136.386719  155.163284  171.439224  182.274689  185.876556  181.861725  171.915787  154.956558  135.455475  116.473434  98.318283  80.836876  64.992294 
 65.690468  82.499847  99.434998  116.678589  134.228592  152.074997  168.011871  178.745789  182.510620  178.532349  168.857819  152.089371  132.307037  114.005936  96.470779  79.678436  64.210938 
 63.223274  79.256409  95.368279  111.650627  128.240936  144.368286  158.781555  168.937347  172.538132  168.442184  158.296402  142.890625  125.538132  108.894997  92.477341  76.447815  61.999901 
 59.622345  73.897972  89.000313  103.702187  118.184845  131.790787  144.276093  152.990311  156.090149  152.791412  143.998123  130.955627  116.285156  101.453903  86.305000  71.486252  58.682503 
 56.448128  67.686874  80.967499  94.526878  107.161095  118.432495  128.252975  135.002975  137.499527  134.714066  127.641556  117.402649  105.325470  92.362968  78.616249  65.530937  55.436768 
 54.081924  61.255470  71.619217  83.576561  94.505157  104.083282  111.848434  117.114380  118.976257  116.707504  111.133278  102.958435  92.726875  81.485153  69.294533  59.357346  53.039223 
 50.349007  55.594009  61.855263  71.094894  80.743279  89.067238  95.355942  99.540619  101.149574  99.445839  94.795570  88.108025  79.564796  69.445786  59.588486  54.240059  49.135056 
 } 
 B Channel
 {
 17.220570  19.519741  22.347710  26.830158  31.471928  35.293282  38.109009  39.653179  39.889740  38.955418  37.163330  34.209789  30.286823  26.015209  21.809063  19.390263  18.363178 
 18.337238  21.443283  26.148125  31.807030  37.022968  41.345158  44.406719  46.246719  46.608280  45.508751  43.333752  39.866875  35.578281  30.623123  25.251564  20.945469  19.177757 
 19.631924  24.567970  30.859375  37.273438  43.051250  48.062035  51.828438  54.013748  54.663124  53.382034  50.534691  46.341564  41.346092  35.807343  29.617970  23.936562  20.280312 
 21.437290  27.843124  34.930000  41.941093  48.435936  54.231873  58.906250  62.017342  62.787186  61.179062  57.635780  52.436409  46.443127  40.183437  33.395782  26.898750  21.857082 
 23.138077  30.530781  38.077499  45.537186  52.816406  59.582970  65.209221  68.800003  69.867813  68.163437  64.093750  57.915939  50.792969  43.668594  36.393593  29.404373  23.549793 
 24.593906  32.343281  40.180626  48.002342  55.768127  63.132347  69.347504  73.194374  74.386719  72.690941  68.597969  61.661095  53.769379  46.058907  38.369530  31.106407  24.809116 
 25.182606  33.110939  41.126408  49.156403  57.074997  64.532188  70.952660  74.991409  76.153435  74.586090  70.586876  63.615471  55.380623  47.392967  39.432030  31.798752  25.230835 
 25.058437  32.807186  40.647343  48.477966  55.909378  63.214531  69.472809  73.725784  75.030937  73.515160  69.619064  62.711250  54.316719  46.437500  38.640469  31.250313  24.949482 
 23.966354  31.340939  38.898438  46.204533  53.089844  59.617035  65.359528  69.540779  70.995468  69.421410  65.344688  58.959999  51.528908  44.327969  36.971874  29.856407  23.819950 
 22.218803  28.828594  35.970779  42.598125  48.667656  54.181564  59.139221  62.703590  64.014534  62.807503  59.284531  53.788597  47.451717  40.960781  34.042812  27.367344  22.043385 
 20.548801  25.784843  32.115311  38.190155  43.627342  48.396095  52.516090  55.292030  56.334686  55.357185  52.362656  47.935780  42.619843  36.688126  30.423439  24.468906  20.321198 
 19.222549  22.671093  27.502029  32.885155  37.817657  41.934376  45.282032  47.588436  48.415779  47.563908  45.233280  41.567032  36.896561  31.677502  26.013283  21.450157  19.102032 
 17.621304  19.892136  22.719742  26.924114  31.340778  34.986458  37.984322  39.889690  40.605991  39.915363  38.007240  34.792660  30.808228  26.041252  21.410572  19.009529  17.161613 
 } 


 White Balance Data with optical Center Data
 r_center_x =  643 r_center_y =  512 
 gr_center_x =  645 gr_center_y =  520 
 b_center_x =  661 b_center_y =  495 
 gb_center_x =  663 gb_center_y =  486 
 r/gr 0.835943 
 b/gr 0.407581 
 gb/gr 0.994876 
 r_oc_ave 156.622223 
 b_oc_ave 76.364441 
 gr_oc_ave 187.360001 
 gb_oc_ave 186.399994 

 [AWB]
 RGr =  0.835943 
 BGr =  0.407581 
 GbGr =  0.994876 
 r_oc_ave =  156.622223 
 b_oc_ave =  76.364441 
 gr_oc_ave =  187.360001 
 gb_oc_ave =  186.399994 