 LEFT LENS SHADING DATA
 RED Channel
 {
 39.380470  42.738800  46.675732  53.904274  61.891724  68.973907  74.548126  78.241768  79.286720  77.976921  74.188805  68.600784  61.386192  53.536774  45.953281  40.904686  37.575935 
 41.760887  46.186092  53.821564  63.643440  73.151093  81.585785  88.543121  93.179688  94.826096  92.837967  88.249847  81.078903  72.490158  63.208435  53.466408  44.812187  39.743019 
 43.278385  50.987343  61.604530  73.159378  84.122032  94.368752  103.094376  109.180939  111.455154  108.993904  102.810936  93.823906  83.379845  72.675629  61.269066  50.279373  41.760208 
 45.692341  56.359222  68.831566  81.670471  94.364685  106.710785  117.871399  125.866089  128.907181  125.677338  117.758118  106.362343  93.667030  81.181877  68.376251  55.886719  44.906509 
 48.277031  60.896408  74.413597  88.514847  103.088127  117.694687  131.162186  140.479843  143.922653  140.562027  131.071869  117.445313  102.471565  88.066254  73.925781  60.406097  47.938385 
 50.415680  63.795471  78.061874  93.103439  109.199684  125.639221  140.427658  150.354370  154.020782  150.343597  140.527039  125.442184  108.554375  92.875313  77.784531  63.554535  50.320564 
 51.023491  64.882034  79.287971  94.887810  111.625626  128.795319  144.077652  153.938431  157.654846  154.096558  144.666565  129.209686  111.868279  95.301094  79.529373  64.821404  51.085777 
 50.418068  63.740784  78.021721  93.122658  109.191559  125.825775  140.724838  150.570313  154.117813  150.568283  141.144058  126.273132  108.996246  92.970467  77.837814  63.668747  50.443748 
 48.259323  60.724533  74.132813  88.412033  103.157654  117.861404  131.269836  140.780945  144.088287  140.408279  131.095932  117.687027  102.713753  88.402969  74.258591  60.688126  48.274376 
 45.239429  56.116722  68.362343  81.264221  94.200157  106.637032  117.671249  125.597351  128.471405  125.512344  117.640152  106.333122  93.857185  81.225784  68.523590  56.029060  44.807396 
 42.749996  50.730003  61.342972  72.916878  84.270622  94.377029  103.355469  109.494690  111.675629  109.340469  102.884689  93.991875  83.595940  72.784531  61.462189  50.381721  41.349010 
 41.321144  45.717812  53.601563  63.594376  73.260468  81.749222  88.747810  93.311249  94.921097  93.199066  88.357658  81.218750  72.682655  63.342346  53.283752  44.646717  38.978180 
 38.951561  41.899895  45.927395  53.547287  61.645683  68.789009  74.311562  77.846252  79.189217  78.036980  74.131615  68.459999  61.381622  53.370056  44.848751  40.015263  36.733597 
 } 
 GR Channel
 {
 49.942131  56.062973  61.586563  70.259842  79.630371  87.535103  93.540779  97.319527  98.507660  96.944481  92.876091  86.678436  78.615784  69.469688  60.443489  54.161461  49.758957 
 54.342552  61.006096  70.625313  82.247971  92.962654  102.152191  109.538910  114.225159  115.773285  113.614059  108.737968  101.178436  91.823906  81.408440  69.892029  59.495628  52.852287 
 57.237862  67.257660  80.243439  93.606560  105.806877  116.884842  126.181412  132.360626  134.319534  131.645782  125.162338  115.694839  104.374222  92.495003  79.386253  66.297340  55.757553 
 60.514114  74.030159  88.724846  103.378128  117.340942  130.811249  142.661713  150.938751  153.701401  150.408905  142.100937  129.948441  116.024063  102.205627  87.716873  73.053436  59.820526 
 64.244263  79.502190  95.300934  110.915466  126.806091  142.796875  157.347961  167.410004  170.522812  166.902191  156.926712  142.515930  125.924850  110.021248  94.061722  78.569221  63.696930 
 67.102760  83.402969  99.778435  116.449371  133.649063  151.505463  167.603287  178.418900  181.667343  178.224213  167.735626  151.483124  132.934692  115.433121  98.722031  82.463280  66.180161 
 68.219368  84.921875  101.633904  118.722351  136.573593  155.230316  171.755630  182.511566  185.767029  182.158752  172.331558  155.760788  136.686874  118.359222  100.809845  83.875778  67.398079 
 67.471306  83.618591  100.027191  116.734528  134.254532  152.278748  168.357498  178.906403  182.178589  178.360306  168.684692  152.587494  133.159851  115.599686  98.697342  82.522034  66.751823 
 64.811249  80.061249  95.719528  111.472656  127.515152  143.814377  158.377182  168.144379  171.545151  167.660629  157.885788  143.050156  126.303909  110.460159  94.768593  79.067345  64.141296 
 61.019485  74.425316  88.920311  103.389221  117.506882  131.142975  143.142502  151.506256  154.572189  151.138901  142.874222  130.754211  116.801086  102.729530  88.303749  73.502190  59.848434 
 57.500206  67.799377  80.574684  93.854843  106.350937  117.411407  126.999695  133.496872  135.572189  132.813751  126.258118  116.587036  105.154373  92.965309  79.895782  66.614220  55.374420 
 55.070259  61.311722  70.996559  82.669373  93.680313  102.925316  110.378906  115.375778  116.897507  114.893433  109.668747  101.912498  92.472656  81.886566  69.999687  59.455315  52.262810 
 50.769424  55.626091  61.141571  70.262291  79.636147  87.542809  93.371193  97.388908  98.535835  97.267609  92.925423  86.820000  78.816612  69.487396  59.424683  53.402397  48.674065 
 } 
 GB Channel
 {
 50.958015  56.784271  62.270775  71.215050  81.049477  89.579681  95.859009  99.963799  101.471565  99.597031  95.414169  88.690987  80.238487  70.594795  61.156616  54.511452  50.058960 
 54.567192  61.208435  71.021408  83.032341  94.257813  103.964691  111.830467  116.981094  118.780319  116.457657  111.264999  103.178284  93.275780  82.161873  70.198906  59.483124  52.777710 
 56.813644  67.077812  80.250153  93.960938  106.752029  118.393433  128.146881  134.753433  137.059219  134.256714  127.476410  117.419846  105.584534  93.060783  79.359688  65.951721  55.288597 
 59.881462  73.396873  88.337502  103.222969  117.831406  131.669525  143.928436  153.046875  155.979370  152.715942  144.075470  131.353439  116.863754  102.477501  87.379845  72.393593  58.929634 
 63.166870  78.489372  94.400627  110.378281  126.667496  143.039063  158.169846  168.835312  172.215942  168.735779  158.324692  143.406555  126.181717  109.742340  93.507500  77.467659  62.401611 
 65.768700  82.068909  98.409378  115.167191  132.850159  151.045776  167.517807  178.864212  182.522659  179.055313  168.318283  151.684845  132.660461  114.740784  97.552498  81.007813  64.853233 
 66.514580  83.139999  99.879684  117.295471  135.271561  154.112030  170.912186  182.178589  185.845627  182.321411  172.317657  155.446091  136.014847  117.277649  99.333748  82.199371  65.731041 
 65.734840  81.790466  98.175629  115.067505  132.750000  150.918121  167.264999  178.292969  181.998276  178.210632  168.386871  151.929062  132.255630  114.355164  97.245003  80.777344  64.983803 
 63.194160  78.311249  93.887970  109.724533  126.015625  142.376099  157.252502  167.529068  171.285461  167.337189  157.385941  142.484528  125.474838  109.339066  93.308281  77.562347  62.426720 
 59.541618  72.857658  87.382965  101.965622  116.179214  130.003281  142.258911  150.946564  154.070313  150.866409  142.521713  130.133591  115.918274  101.716248  87.066559  72.222343  58.480469 
 56.257965  66.599846  79.249062  92.567970  105.302498  116.539993  126.173599  133.016556  135.281723  132.635468  126.074692  116.263443  104.543121  92.240936  79.007187  65.598282  54.493484 
 54.063591  60.310471  70.061096  81.854378  92.938126  102.432190  110.095940  115.299850  116.919220  114.999069  109.667656  101.920311  92.158905  81.453278  69.399063  58.767342  51.531715 
 50.326515  54.939842  60.462555  69.919373  79.441460  87.645515  93.680107  97.940468  99.288177  98.171150  93.614120  87.194901  78.941200  69.388069  59.077812  52.906296  48.260048 
 } 
 B Channel
 {
 18.578541  21.265209  23.722919  27.980831  32.533958  36.324844  39.124737  40.681511  41.236355  40.377762  38.538803  35.535675  31.601303  27.157810  22.648750  19.765469  18.485882 
 20.123959  23.039375  27.616249  33.146252  38.260624  42.469219  45.684532  47.726719  48.390938  47.304218  44.997345  41.500469  36.978592  31.974064  26.503750  21.754845  19.424633 
 21.253750  25.967499  32.067657  38.351093  44.038750  48.879372  52.813904  55.388283  56.407188  55.136719  52.193436  47.812500  42.529686  36.974220  30.838905  24.863125  20.718960 
 22.813492  29.078281  36.001408  42.780468  49.107498  54.798279  59.831566  63.236252  64.510315  62.951561  59.353279  53.823280  47.511250  41.217968  34.497501  27.883282  22.628906 
 24.447346  31.552967  38.938908  46.143280  53.095627  59.772186  65.751564  69.802811  71.236877  69.660004  65.266563  58.819374  51.480621  44.472969  37.321407  30.355312  24.286144 
 25.527763  33.062969  40.655155  48.197029  55.713905  63.032814  69.639061  73.902809  75.415939  73.829216  69.357658  62.234062  54.180939  46.608593  39.143280  31.970001  25.546665 
 25.891769  33.574688  41.204063  48.879219  56.427185  64.058594  70.802811  75.145470  76.708748  75.039375  70.838280  63.597504  55.556091  47.734531  39.959530  32.582813  26.016563 
 25.457863  32.885155  40.430000  47.827030  55.030312  62.435936  69.172966  73.556252  74.967499  73.263123  69.100311  62.308594  54.136871  46.546093  39.025002  31.817188  25.465103 
 24.213020  31.168438  38.373905  45.290783  51.970940  58.663910  64.816093  68.980934  70.393440  68.633591  64.400780  58.232811  51.169846  44.255470  37.218594  30.225780  24.067657 
 22.353905  28.513283  35.200470  41.565781  47.520470  53.307816  58.344215  61.930626  63.070160  61.648903  58.096565  52.819534  46.832813  40.724998  34.252342  27.709061  22.139065 
 20.759583  25.481251  31.337967  37.183907  42.635624  47.464687  51.676720  54.387032  55.194847  54.040154  51.042030  46.906094  41.842655  36.451096  30.540627  24.548126  19.942707 
 19.590157  22.415783  26.805626  32.106094  37.103905  41.220779  44.620468  46.675468  47.300625  46.312969  43.997345  40.635311  36.379845  31.484219  26.000000  21.197498  18.338333 
 17.725571  19.744736  22.172707  26.367138  30.768284  34.502239  37.272343  38.953178  39.432293  38.802761  36.827133  33.952393  30.279636  25.915260  21.188751  18.325836  16.634171 
 } 


 White Balance Data with optical Center Data
 r_center_x =  671 r_center_y =  485 
 gr_center_x =  652 gr_center_y =  477 
 b_center_x =  658 b_center_y =  484 
 gb_center_x =  653 gb_center_y =  474 
 r/gr 0.848390 
 b/gr 0.412474 
 gb/gr 0.998380 
 r_oc_ave 158.275558 
 b_oc_ave 76.951111 
 gr_oc_ave 186.559998 
 gb_oc_ave 186.257782 

 [AWB]
 RGr =  0.848390 
 BGr =  0.412474 
 GbGr =  0.998380 
 r_oc_ave =  158.275558 
 b_oc_ave =  76.951111 
 gr_oc_ave =  186.559998 
 gb_oc_ave =  186.257782 