 LEFT LENS SHADING DATA
 RED Channel
 {
 38.329742  41.288490  45.727760  53.341774  61.531509  68.559380  74.260674  77.811714  78.899895  77.752083  74.179527  68.386665  61.243126  53.430992  45.967289  41.466667  38.871250 
 40.053490  44.858280  52.959221  62.888435  72.280472  80.613129  87.495468  92.182343  93.851563  91.967499  87.481407  80.492500  71.904373  62.654533  52.893127  44.806252  40.488335 
 41.540211  50.056877  60.794060  72.243439  83.131721  93.245941  102.072968  108.207970  110.316093  108.010780  102.146408  93.162033  82.923904  72.192497  60.853905  50.016403  42.188282 
 44.678387  55.784843  68.065781  80.866409  93.433907  105.968437  117.076248  125.020782  127.963745  124.884537  117.145782  105.968437  93.337654  80.826248  68.027191  55.627968  45.276928 
 47.724533  60.458908  73.816254  87.798126  102.373283  117.090942  130.511871  139.840622  143.212036  139.726868  130.804535  117.351868  102.512810  87.990158  73.894531  60.466095  48.327553 
 50.031715  63.458595  77.504059  92.599686  108.857346  125.237030  139.913910  149.887650  153.319839  150.049377  140.651566  125.724533  108.990311  93.028908  77.845940  63.729691  50.703850 
 50.832451  64.610153  78.946251  94.770309  111.569534  128.869843  144.154068  153.897964  157.403122  154.092499  145.071411  129.830002  112.521713  95.714378  79.745628  64.921722  51.675262 
 50.228851  63.622185  77.992500  93.362656  109.673904  126.412964  141.231873  151.100632  154.494217  151.084839  142.192963  127.345306  109.734375  93.447815  78.219528  63.910004  51.143333 
 48.122765  60.919220  74.752502  89.051247  103.930779  118.922501  132.420471  141.977188  145.258286  141.969681  132.884842  119.328903  103.999535  89.213127  74.729378  61.271408  49.218697 
 45.125732  56.551559  69.354218  82.230621  95.223434  107.926247  119.141251  127.314377  130.485626  127.722656  119.938751  108.414841  95.267654  82.320000  69.231720  56.748596  46.097137 
 42.483700  51.425156  62.470154  74.019379  85.382660  95.845001  104.911720  111.354378  113.791092  111.551559  105.330780  95.945000  85.132034  73.954842  62.250313  51.283127  43.198124 
 41.205833  46.413750  54.642502  64.720314  74.450157  83.277031  90.368279  95.378593  97.044373  95.374847  90.566254  83.226875  74.300156  64.580315  54.382187  46.108437  41.394688 
 39.549583  42.275002  46.777500  54.653229  62.980362  70.137657  75.981407  79.772552  81.136871  79.962975  76.135414  70.415627  62.781197  54.491974  45.998856  42.032604  39.357185 
 } 
 GR Channel
 {
 50.450424  55.148338  60.703957  69.803535  79.037865  87.051361  93.219528  96.999687  98.207863  96.748955  92.679062  86.252602  78.105103  69.028275  60.046562  54.779533  51.499535 
 53.382080  59.851250  69.625626  81.136871  91.843903  101.048439  108.493904  113.417191  115.027649  112.963120  107.922813  100.277191  90.815941  80.212654  68.775314  59.093903  53.721619 
 55.871407  66.423279  79.255783  92.426247  104.570938  115.673904  125.023285  131.436569  133.449066  130.974060  124.522964  114.897339  103.504997  91.417030  78.268593  65.519684  56.010101 
 59.934326  73.417030  88.042969  102.514061  116.391403  129.793442  141.635620  149.939682  152.821869  149.705627  141.416412  129.297348  115.331253  101.288124  86.776566  72.202499  59.726250 
 63.838699  79.246407  94.999847  110.469841  126.375473  142.204056  156.528275  166.264526  169.707184  166.066559  156.496246  141.944839  125.510468  109.556564  93.718285  77.940002  63.504578 
 66.844269  83.112190  99.467186  115.955307  133.446716  151.172348  166.914688  177.453430  181.019058  177.494064  167.327652  151.278595  132.886566  115.289688  98.289063  81.946716  66.204010 
 67.999641  84.574844  101.204376  118.452194  136.452194  154.924377  171.322342  181.749069  185.352493  181.875305  172.202972  155.764221  136.881256  118.703278  100.729530  83.443909  67.373283 
 67.264069  83.435310  100.145470  116.811569  134.266098  152.204681  168.271561  178.850006  182.186874  178.518280  169.200150  153.317963  133.950775  116.068909  98.795311  82.264534  66.738495 
 64.502296  80.124374  96.079216  111.830940  127.876251  143.986725  158.592819  168.757813  172.069534  168.584061  158.867188  144.236252  127.237976  110.908279  94.692184  78.886406  64.275360 
 60.650574  74.858284  89.734528  104.103279  118.200775  131.882507  143.995621  152.536713  155.657028  152.612808  144.414063  131.816101  117.339996  102.828438  88.018280  73.233749  60.352089 
 57.076775  68.404686  81.559219  94.745781  107.204529  118.564377  128.155319  134.900940  137.247818  134.778442  127.930618  117.782806  105.906876  93.275467  79.724373  66.676559  56.674484 
 54.861099  61.924217  72.034065  83.764374  94.721092  104.373436  111.938126  117.208282  118.881256  116.839996  111.464531  103.501877  93.595779  82.439842  70.300629  60.259842  54.322136 
 51.446930  56.111099  61.891975  71.108955  80.722137  88.939270  95.045212  99.395569  100.743744  99.265839  94.960571  88.348534  80.024742  70.534225  60.214378  55.297554  51.594223 
 } 
 GB Channel
 {
 50.705208  55.445625  61.363701  70.845779  80.666252  88.991249  95.544945  99.747551  100.944893  99.484215  95.086250  88.253281  79.514481  70.028229  60.853340  55.234894  51.642395 
 53.179375  59.814377  69.972656  82.013908  93.137497  102.801247  110.662659  115.931091  117.837814  115.534851  110.248749  102.141403  92.012810  80.952812  69.107498  59.142815  53.576561 
 55.167290  65.891876  79.161095  92.834221  105.410782  117.039841  126.956253  133.680618  135.920471  133.247650  126.441254  116.405319  104.500465  91.764999  78.259216  65.128754  55.368744 
 58.775101  72.509689  87.502655  102.417656  116.780777  130.733276  143.029999  151.772964  154.795319  151.271255  142.848755  130.345932  115.855316  101.350471  86.446877  71.491409  58.943703 
 62.292709  77.836876  93.909378  109.879532  126.271408  142.518433  157.230942  167.463120  171.089996  167.282974  157.420944  142.521713  125.637970  109.138748  92.869530  76.878754  62.198753 
 64.819954  81.393906  98.024376  114.778122  132.728287  150.722351  166.765930  177.685623  181.541565  177.843903  167.512970  151.265320  132.495468  114.462036  97.116722  80.579063  64.844894 
 65.855156  82.718285  99.486717  116.960312  135.360931  154.096100  170.622650  181.229843  185.118439  181.590622  171.827972  155.175156  136.152344  117.430313  99.110779  81.837029  65.703491 
 65.132240  81.517029  98.229065  115.196564  132.912659  151.067963  167.209839  177.963913  181.737183  177.973282  168.527191  152.409531  132.862976  114.672501  97.189217  80.480621  65.146049 
 62.476662  78.212502  94.311249  110.260315  126.487030  142.739532  157.452347  167.789536  171.422028  167.744217  158.060944  143.251099  126.072815  109.444687  93.018593  77.215157  62.581612 
 58.908119  73.140625  88.109688  102.648903  116.862030  130.701569  142.977188  151.666092  154.915314  151.846725  143.483902  130.918747  116.214996  101.635468  86.642654  71.834534  58.919319 
 55.755264  67.081718  80.309998  93.634064  106.218597  117.636414  127.337189  134.172974  136.597031  134.140778  127.341568  117.018600  104.981873  92.154999  78.537346  65.484062  55.485313 
 53.798439  60.917191  71.062965  82.888908  94.052811  103.901566  111.464691  116.893280  118.695786  116.690002  111.156250  102.932503  92.885780  81.636719  69.412971  59.333748  53.477089 
 50.940102  55.249687  61.241928  70.647446  80.449059  88.814476  95.370110  99.715576  101.047234  99.471672  94.990837  88.483337  79.790573  69.979012  59.638588  54.529999  50.862915 
 } 
 B Channel
 {
 19.127556  21.410469  24.566093  29.386826  34.091305  38.163074  40.987659  42.686874  43.127346  42.372032  40.375782  37.274792  33.191196  28.630051  23.969894  21.557137  20.537971 
 19.962135  23.187344  28.195469  33.967030  39.229843  43.455780  46.857033  48.904373  49.529221  48.592659  46.338905  42.658127  38.083908  32.873592  27.271561  22.811092  20.757973 
 20.962811  26.109062  32.485001  38.907188  44.625938  49.584534  53.678909  56.351563  57.192345  56.021561  53.194847  48.811096  43.475468  37.659374  31.362186  25.497032  21.567238 
 22.785934  29.449688  36.508595  43.436092  49.867035  55.825783  60.943596  64.509216  65.651253  64.130623  60.450935  54.973282  48.597504  42.003750  35.179375  28.660625  23.323128 
 24.714062  32.027813  39.534843  46.939842  54.144997  61.002815  67.224060  71.309219  72.662498  70.988281  66.761406  60.289688  52.897034  45.536251  38.139687  31.245312  25.089478 
 25.882969  33.712345  41.467186  49.055466  56.886093  64.575310  71.316872  75.782188  76.973122  75.355934  70.952347  63.897659  55.758438  47.859688  40.064220  32.886406  26.392033 
 26.454685  34.317188  42.002655  49.950783  57.878441  65.933281  72.958748  77.065468  78.458122  76.842346  72.615471  65.384842  57.108284  48.956718  40.919220  33.434376  26.810627 
 26.004532  33.737656  41.459530  49.101715  56.858124  64.721092  71.545158  75.794220  76.926720  75.265938  71.240471  64.300156  55.800629  47.835468  40.043125  32.847969  26.475258 
 24.827190  32.209686  39.631718  46.882343  54.097343  61.181091  67.334373  71.449371  72.625313  70.938751  66.694061  60.346092  52.927498  45.562500  38.253906  31.327343  25.254635 
 23.070938  29.649689  36.559219  43.350780  49.831253  55.822029  60.867966  64.354530  65.477814  64.026566  60.384216  54.970467  48.641876  42.046249  35.287498  28.789063  23.364483 
 21.490311  26.556564  32.801720  39.136093  44.882813  49.807503  53.890160  56.571404  57.457497  56.338440  53.400467  48.939217  43.608124  37.806717  31.511093  25.702969  21.492760 
 20.289429  23.514217  28.447655  34.010311  39.111404  43.375000  46.601250  48.761406  49.346718  48.537971  46.217030  42.645782  38.020470  32.822811  27.119064  22.566250  20.210415 
 18.791927  20.964428  23.719112  28.136562  32.539948  36.313751  39.132500  41.057446  41.595676  40.892757  38.973072  35.867657  31.943180  27.285728  22.389896  20.095413  18.691250 
 } 


 White Balance Data with optical Center Data
 r_center_x =  667 r_center_y =  515 
 gr_center_x =  662 gr_center_y =  515 
 b_center_x =  644 b_center_y =  448 
 gb_center_x =  662 gb_center_y =  493 
 r/gr 0.847143 
 b/gr 0.421413 
 gb/gr 0.996947 
 r_oc_ave 157.862228 
 b_oc_ave 78.528893 
 gr_oc_ave 186.346664 
 gb_oc_ave 185.777771 

 [AWB]
 RGr =  0.847143 
 BGr =  0.421413 
 GbGr =  0.996947 
 r_oc_ave =  157.862228 
 b_oc_ave =  78.528893 
 gr_oc_ave =  186.346664 
 gb_oc_ave =  185.777771 