 LEFT LENS SHADING DATA
 RED Channel
 {
 36.252659  39.533909  43.158230  50.192238  57.691673  64.413231  70.038132  73.411560  74.339745  72.913445  69.354271  63.668800  56.663597  49.150101  42.339062  38.357292  36.336876 
 38.297657  42.654530  50.176559  59.487030  68.683746  76.882813  83.618126  88.102814  89.610779  87.520935  82.967186  75.832344  67.359222  58.357185  49.050316  41.614376  37.692291 
 39.982395  47.769062  58.051720  69.061874  79.857971  90.032814  98.669998  104.556404  106.472656  104.074532  97.714066  88.683281  78.378593  67.741409  56.792191  46.612812  39.377811 
 42.869114  53.423904  65.404533  77.902191  90.539215  102.870628  113.766556  121.703751  124.299057  120.895462  112.933594  101.498123  88.773590  76.319534  63.894997  51.969063  42.038647 
 46.002605  58.094688  71.388435  85.457497  99.988907  114.501404  127.750778  136.868912  139.809845  136.046097  126.664841  113.186874  98.027191  83.563904  69.669533  56.518906  44.875366 
 48.287598  61.469688  75.539528  90.782501  106.919998  123.406555  137.949844  147.502182  150.643600  146.730316  137.018600  121.793747  105.091873  88.942970  73.907654  59.989059  47.174900 
 49.395996  63.009529  77.685158  93.486565  110.344688  127.698746  142.770157  152.394379  155.317963  151.543594  142.206100  126.485931  108.951248  92.179840  76.127968  61.375000  48.200005 
 49.099892  62.442810  77.107658  92.489372  108.901093  125.740631  140.606567  150.246719  153.307495  149.281876  139.929062  124.550476  106.913284  90.498123  75.142189  60.915939  47.992599 
 47.220005  59.978752  73.845779  88.298592  103.434059  118.483276  132.180618  141.634537  144.522964  140.618912  131.095627  116.935623  101.486565  86.592499  72.060783  58.393593  46.422970 
 44.729740  55.758278  68.280624  81.527657  94.701248  107.678749  119.234070  127.328598  129.960632  126.697189  118.272339  106.306877  93.153435  79.879059  66.737503  54.268906  43.738281 
 42.420155  50.848282  61.531250  73.394218  84.812653  95.395470  104.856873  111.227341  113.193756  110.532501  103.706566  94.154846  83.339691  71.745003  59.938126  49.135155  41.162449 
 41.063435  46.100937  53.898125  63.974220  73.799217  82.601097  89.926559  94.858284  96.355782  94.355782  89.130470  81.494843  72.388596  62.513435  52.198593  44.233124  39.673962 
 38.372189  42.258854  46.396873  53.785675  61.901932  69.087547  75.088646  78.722237  80.014320  78.593491  74.541931  68.446716  60.750053  52.488441  44.526718  40.672291  37.375626 
 } 
 GR Channel
 {
 48.752808  53.726151  58.758331  67.524948  76.365982  84.087135  90.118744  93.909843  95.032295  93.326767  89.425522  83.198486  75.211769  66.279114  58.014061  52.901924  49.610260 
 52.225311  58.394066  67.745003  78.905159  89.293282  98.483597  105.757500  110.649216  112.280624  109.917191  105.049690  97.245781  87.793434  77.536407  66.520309  57.229218  51.958595 
 55.009689  65.008438  77.576561  90.313126  102.538284  113.511246  122.833282  129.254837  131.332657  128.475632  121.856247  112.098587  100.573753  88.675468  75.987656  63.663284  54.419327 
 59.050255  72.030472  86.323906  100.604691  114.638748  128.157349  139.920776  148.475006  151.282181  147.629684  139.012192  126.607971  112.614838  98.679062  84.494064  70.373749  57.887917 
 63.003540  77.855621  93.397659  109.173904  125.218750  141.048126  155.493118  165.282028  168.474686  164.572037  154.392654  139.645157  123.040939  106.964066  91.402191  75.907814  61.640724 
 66.000420  82.123749  98.361717  115.407181  133.015625  151.042969  166.816254  177.113586  180.308594  176.333282  165.862350  149.352188  130.825623  113.185150  96.379219  80.229530  64.580994 
 67.487610  84.020935  100.879372  118.338120  136.577652  155.588287  171.971252  182.262192  185.418121  181.298431  171.514374  154.431870  135.370941  117.027649  99.093437  81.950470  66.123177 
 66.934219  83.253593  100.043747  117.027191  134.905945  153.287033  169.549377  179.838120  183.036560  178.810471  168.970474  152.401871  132.874847  114.842819  97.820160  81.228592  65.545464 
 64.575943  80.158440  96.358437  112.272964  128.759689  145.154221  160.036560  170.153442  173.331879  169.130310  158.955475  143.648132  126.551254  110.315002  93.973595  78.048752  63.391251 
 61.254791  75.114372  89.896561  104.694847  119.099838  133.051559  145.457336  154.077820  156.956406  153.342194  144.435776  131.632660  117.137497  102.518127  87.649063  72.872810  59.809059 
 58.084373  68.926872  81.968437  95.480782  108.175156  119.609848  129.681244  136.210464  138.204529  135.330627  128.149368  117.896408  106.019844  93.180313  79.585625  66.535004  56.598747 
 55.407349  62.689217  72.569534  84.411720  95.471092  105.174065  112.937973  118.161407  119.752182  117.509537  111.765312  103.603439  93.577660  82.408752  70.275627  60.394531  54.013489 
 50.711929  57.107346  62.807655  71.777344  81.148392  89.591148  95.923592  99.905365  101.552193  99.890152  95.265312  88.469276  80.039116  70.240417  60.724792  55.106407  50.465996 
 } 
 GB Channel
 {
 49.353851  54.343437  59.619476  68.504112  77.980888  85.996147  92.582443  96.658852  97.899223  96.090782  91.854012  84.970367  76.701981  67.348541  58.540672  53.371300  50.077553 
 52.315109  58.595940  68.141563  79.755157  90.691093  100.397812  108.028908  113.238434  114.971100  112.591400  107.347969  99.155159  89.106560  78.319374  66.871719  57.264847  52.154221 
 54.599586  64.746246  77.547653  90.769684  103.435310  115.002502  124.769531  131.484375  133.792038  130.820465  123.852661  113.657181  101.600159  89.139847  76.008438  63.311409  54.067451 
 58.090729  71.327812  85.872032  100.552498  115.063126  129.009216  141.373276  150.211716  153.229843  149.519226  140.672501  127.755936  113.145157  98.740784  84.116409  69.592659  57.210365 
 61.441566  76.714066  92.387657  108.446091  124.875305  141.168442  156.054382  166.356400  169.884216  165.764526  155.418442  140.251099  123.097031  106.550003  90.523438  74.817810  60.561562 
 64.194168  80.482498  96.871407  114.011719  131.898438  150.205933  166.417969  177.004059  180.524063  176.620789  165.919067  149.157654  130.285004  112.200470  95.081253  78.780785  63.223907 
 65.598381  82.134842  98.984222  116.587189  134.984375  154.164841  170.813278  181.400467  184.786255  180.828278  170.839996  153.685318  134.375778  115.600159  97.515312  80.224220  64.352341 
 65.049690  81.145935  98.004532  115.040314  132.974213  151.550476  167.965622  178.640152  182.158279  178.043594  167.952972  151.227188  131.593597  113.276871  96.034218  79.409531  63.915993 
 62.629791  78.208122  94.309532  110.315781  126.834686  143.419693  158.423279  168.964691  172.306564  168.101868  157.851868  142.439377  125.205780  108.637497  92.184059  76.264221  61.757759 
 59.669533  73.343903  88.171875  102.936249  117.485931  131.423599  143.947662  152.892502  155.835785  152.400162  143.452820  130.447662  115.789215  101.108124  86.020157  71.231560  58.366974 
 56.687546  67.491096  80.488907  94.019218  106.751717  118.218277  128.359375  135.198593  137.335785  134.523132  127.092651  116.908600  104.760941  91.858437  78.153595  65.132660  55.149940 
 54.339790  61.451874  71.284531  83.166565  94.305779  104.162971  112.063278  117.510162  119.134216  116.924850  111.167816  102.801872  92.658752  81.353279  69.117035  59.186562  53.054901 
 50.058540  56.243538  61.908493  70.960724  80.471405  89.029846  95.687241  99.805779  101.460670  99.672966  95.019897  88.106873  79.351250  69.409317  59.840576  54.333229  49.628647 
 } 
 B Channel
 {
 17.645832  20.042500  22.696873  27.023018  31.430367  35.235104  38.245361  40.031876  40.447552  39.706562  37.741928  34.702343  30.734947  26.298279  22.030415  19.662132  18.811722 
 18.666668  21.547501  26.110626  31.579689  36.525158  40.820938  44.087658  46.213123  46.872345  45.861561  43.609219  40.005470  35.482655  30.570156  25.261250  21.037342  19.190887 
 19.789635  24.539845  30.641720  36.751564  42.386719  47.335938  51.416092  54.179222  54.995155  53.633591  50.751091  46.307968  41.024063  35.494686  29.473751  23.844532  20.199326 
 21.591301  27.829845  34.719219  41.485470  47.720158  53.675629  58.800934  62.437965  63.466721  61.767029  57.964531  52.455467  46.149689  39.914688  33.237812  26.892033  21.943073 
 23.313591  30.475468  37.865623  45.150002  52.205780  59.068283  65.351410  69.418594  70.706093  68.711250  64.289375  57.851563  50.588905  43.492813  36.323750  29.432343  23.563801 
 24.596561  32.305313  39.949532  47.623592  55.321251  63.139374  69.921722  74.126251  75.195160  73.403908  68.824371  61.745628  53.730782  46.024220  38.433750  31.276562  24.931561 
 25.286041  33.078125  40.908127  48.752190  56.766403  64.934685  71.867813  75.937187  77.062653  75.253441  70.956253  63.636406  55.446091  47.482498  39.553123  32.006718  25.599842 
 25.169373  32.816875  40.526093  48.216873  56.132500  64.018753  70.836876  74.858597  75.964378  74.110466  69.938751  62.789528  54.568283  46.629688  38.957500  31.679218  25.302757 
 24.186146  31.344063  38.788124  46.204533  53.576408  60.631561  66.758278  70.798904  71.957970  70.150940  65.799843  59.322342  51.970154  44.708752  37.370468  30.330311  24.232811 
 22.621250  28.919998  35.898438  42.783905  49.299690  55.276093  60.385628  63.946877  65.086876  63.507813  59.743591  54.205780  47.838280  41.360001  34.562031  27.917187  22.533020 
 21.180054  26.074844  32.255783  38.632969  44.331562  49.297813  53.529846  56.322029  57.178749  55.923126  52.854843  48.379219  42.967499  37.181095  30.885937  24.941250  20.862083 
 19.945728  23.187813  27.889061  33.397968  38.468437  42.796093  46.233437  48.476875  49.166718  48.132813  45.704533  42.023907  37.414219  32.223438  26.535782  21.952030  19.585575 
 17.949062  20.761147  23.279476  27.424843  31.833019  35.732132  38.754269  40.527706  41.135677  40.446148  38.372654  35.238281  31.201927  26.585102  22.019321  19.546822  17.914326 
 } 


 White Balance Data with optical Center Data
 r_center_x =  662 r_center_y =  516 
 gr_center_x =  626 gr_center_y =  505 
 b_center_x =  634 b_center_y =  513 
 gb_center_x =  637 gb_center_y =  521 
 r/gr 0.837706 
 b/gr 0.413701 
 gb/gr 0.994919 
 r_oc_ave 156.088882 
 b_oc_ave 77.084442 
 gr_oc_ave 186.328888 
 gb_oc_ave 185.382217 

 [AWB]
 RGr =  0.837706 
 BGr =  0.413701 
 GbGr =  0.994919 
 r_oc_ave =  156.088882 
 b_oc_ave =  77.084442 
 gr_oc_ave =  186.328888 
 gb_oc_ave =  185.382217 