 LEFT LENS SHADING DATA
 RED Channel
 {
 34.172966  37.107136  41.160000  48.274582  55.937759  62.862762  68.757492  72.173485  73.775154  72.715111  69.142921  63.490265  56.646515  48.962654  41.861042  37.878540  35.133957 
 36.088383  40.681095  48.175003  57.608749  66.704216  74.911720  81.806252  86.567032  88.473282  86.740936  82.332497  75.445465  67.066719  58.023285  48.834373  41.220627  37.102707 
 38.025887  45.819843  56.007813  66.945938  77.526566  87.400002  96.098434  102.340935  104.671249  102.483124  96.572968  87.856407  77.740623  67.331879  56.522812  46.339375  38.896458 
 40.921299  51.324844  63.255623  75.517189  87.730316  99.775780  110.784843  118.892181  121.842026  118.873901  111.226563  100.104843  87.861252  75.703590  63.567657  51.695465  41.740261 
 43.813595  55.950470  68.912346  82.504059  96.600311  110.843285  124.258911  133.625305  137.202652  133.664536  124.568130  111.286560  96.758438  82.834846  69.458435  56.367653  44.595364 
 46.126774  59.220940  72.891251  87.492653  103.230003  119.327347  134.076874  144.147186  147.680313  144.147659  134.490631  119.594223  103.331253  87.959061  73.555626  59.730156  47.037029 
 47.098644  60.472809  74.629372  89.803436  106.007813  122.994537  138.103119  148.134537  151.975632  148.487976  139.044067  123.672501  106.746719  90.789215  75.614845  61.067184  47.993435 
 46.537083  59.635002  73.593597  88.232185  104.019844  120.403122  135.259537  145.328903  149.024368  145.329681  136.025787  121.209686  104.203438  88.805939  74.160469  60.109062  47.383648 
 44.653282  56.671410  69.872658  83.663284  98.084534  112.708435  126.160461  135.562347  139.053436  135.505157  126.322815  112.928589  98.214218  84.220940  70.504997  57.164841  45.368382 
 41.741093  52.100471  64.166878  76.756561  89.504997  101.961876  113.079056  121.027969  124.045624  121.114380  113.420319  102.207031  89.724373  77.349846  64.740936  52.611877  42.394791 
 39.282761  46.969219  57.287811  68.629997  79.719063  90.054222  99.160782  105.445160  107.722656  105.243126  99.099373  90.107346  79.891563  68.931091  57.697502  47.230625  39.623127 
 37.730572  42.244530  49.788124  59.480316  69.071251  77.782967  85.000778  89.840309  91.625153  89.804375  85.019844  77.791565  69.128441  59.696716  49.841560  42.194061  37.714062 
 35.323490  38.483906  42.585625  49.942390  57.960007  65.159431  70.943901  74.768646  76.115364  74.926453  71.162971  65.245308  58.022606  49.941925  42.433231  38.471561  35.051983 
 } 
 GR Channel
 {
 46.093960  51.816460  57.630623  66.834015  75.962502  84.070152  90.407143  94.551407  95.896873  94.568024  90.730469  84.454849  76.333694  67.259422  58.486977  52.996147  48.468643 
 50.006874  56.968124  66.781876  78.222969  89.074997  98.619530  106.449844  111.589531  113.685623  111.543434  106.818596  99.111717  89.522659  78.809219  67.461563  57.839066  51.944069 
 53.000053  63.478592  76.210785  89.481560  102.007965  113.650314  123.367966  130.114059  132.601868  130.226563  123.727188  114.119690  102.614685  90.271408  77.171722  64.559685  54.717606 
 56.823441  70.035934  84.607498  99.323128  113.874847  128.023285  140.489532  149.359528  152.588120  149.215622  141.085938  128.847961  114.632187  100.367813  85.765778  71.330780  58.493073 
 60.518181  75.604218  91.174377  107.229843  123.810150  140.593750  155.936096  166.232498  169.847183  166.159225  156.420151  141.714371  124.831253  108.640778  92.743126  76.956253  62.058754 
 63.457184  79.494690  95.674217  112.793274  130.933441  149.416870  166.460938  177.261246  181.073120  177.493912  167.326096  150.847351  132.106400  114.522034  97.644997  80.991722  64.946091 
 64.627556  81.089844  98.006096  115.747025  134.441559  153.928757  171.026566  181.739212  185.586563  181.945160  172.092972  155.217972  136.142349  117.923431  100.049065  82.448753  66.204163 
 63.852341  80.066719  96.791405  114.031723  132.331406  151.448441  168.574844  179.416092  182.890625  178.846558  168.742813  152.616409  133.052185  115.235474  98.131096  81.253128  65.534378 
 61.535316  76.585312  92.617500  108.861717  125.798279  142.813599  158.188278  168.537506  172.275787  168.590149  158.776871  143.862503  126.893433  110.516251  94.189529  77.967812  63.006142 
 57.847450  71.147659  85.863129  100.799530  115.758438  130.307816  142.927658  151.602341  154.785004  151.824066  143.731873  131.244843  116.964691  102.401093  87.267342  72.266403  59.044113 
 54.602493  64.803749  77.725471  91.260780  104.428749  116.500305  126.572662  133.305466  135.960007  133.516098  126.806412  116.977188  105.157967  92.204529  78.591408  65.411407  55.464111 
 51.773438  58.608437  68.407967  80.250938  91.581879  101.690315  109.819534  115.009842  116.904068  115.171097  109.897812  102.026405  91.876404  80.695625  68.559845  58.795937  52.235519 
 46.954689  52.939682  58.857346  67.880516  77.562286  86.039894  92.578903  96.871719  98.341141  96.769638  92.715736  86.333694  77.879944  68.108124  58.758385  53.232605  47.628853 
 } 
 GB Channel
 {
 46.753483  52.240158  58.158119  67.296722  76.911041  85.199318  91.950989  96.314583  97.968178  96.292969  92.273697  85.603020  77.094063  67.717140  58.785782  53.164696  48.779694 
 50.289322  57.069534  67.076874  78.737343  89.879372  99.735779  107.832031  113.161255  115.407974  113.269836  108.240158  100.275940  90.220314  79.291092  67.742653  57.925934  52.118439 
 52.920525  63.344688  76.369690  89.794685  102.589996  114.342819  124.570786  131.561249  134.279068  131.715317  125.048904  115.080933  103.148903  90.624222  77.216721  64.305153  54.547455 
 56.342194  69.670937  84.461716  99.353905  114.170944  128.566559  141.276093  150.545944  153.881409  150.521561  142.179062  129.531097  115.070618  100.519684  85.612503  70.779686  57.871765 
 59.776093  74.985466  90.661247  106.894066  123.786255  140.644531  156.189682  166.777649  170.815308  166.965942  157.056244  142.041870  125.037033  108.474846  92.262810  76.186874  61.313126 
 62.546303  78.618591  94.852188  112.133438  130.302811  148.969681  165.862030  177.109680  181.178589  177.421402  167.159058  150.698441  131.737183  113.841400  96.654533  79.848907  63.878693 
 63.463440  79.987190  96.849533  114.694061  133.538132  152.766403  169.797348  180.752350  184.927185  181.264526  171.414993  154.474213  135.319061  116.957184  98.767029  81.172813  64.766983 
 62.621719  78.927345  95.588753  112.664368  131.079224  150.022659  166.979843  178.179993  181.827652  178.004211  167.839691  151.605164  132.057190  114.164215  96.842659  79.967972  64.370255 
 60.382500  75.391251  91.356560  107.586876  124.414368  141.182968  156.607651  167.187653  171.119370  167.493591  157.668747  142.712341  125.779526  109.318748  92.909218  76.696716  61.863182 
 56.957291  70.010628  84.670784  99.553909  114.370789  128.783279  141.399994  150.175003  153.676559  150.659683  142.567505  130.192657  115.868118  101.241249  86.208282  71.121872  58.102707 
 53.907707  63.878128  76.678284  90.198906  103.236565  115.138748  125.285782  132.102188  134.792816  132.243439  125.709839  115.892349  104.131096  91.246559  77.621246  64.522034  54.531822 
 51.245628  57.805626  67.487656  79.287346  90.567184  100.716721  108.936409  114.151566  116.080933  114.357819  108.994377  101.110939  91.045471  79.818436  67.754997  58.026878  51.595627 
 46.663128  52.291458  58.149117  67.138794  76.870934  85.485252  92.099525  96.358231  98.059692  96.509064  92.334373  85.809273  77.219421  67.449272  58.059166  52.535629  47.183544 
 } 
 B Channel
 {
 16.752914  19.145000  22.011875  26.480419  31.015987  34.884846  37.845104  39.549950  40.294685  39.519535  37.743805  34.675781  30.675678  26.214165  21.891563  19.431145  18.043232 
 18.109585  21.188751  25.834373  31.326248  36.480782  40.819218  44.273438  46.388905  47.218437  46.292656  44.131092  40.595158  36.102970  31.028751  25.604061  21.205311  19.055313 
 19.489166  24.327499  30.400158  36.626564  42.322811  47.446407  51.487816  54.318748  55.256248  54.190155  51.440315  47.093594  41.848125  36.187500  30.098282  24.292030  20.398907 
 21.242554  27.511093  34.433437  41.165627  47.592342  53.572968  58.756561  62.361404  63.564064  62.211090  58.683128  53.317657  47.065937  40.683750  33.993126  27.440468  22.144428 
 23.055420  30.091251  37.361717  44.637344  51.830315  58.772812  65.009377  69.172501  70.728127  69.139687  64.982658  58.617035  51.333748  44.238125  37.041561  29.997189  23.829689 
 24.290676  31.764217  39.342655  46.947655  54.763123  62.458435  69.226715  73.627968  75.083282  73.634064  69.294998  62.340782  54.315315  46.613594  39.117031  31.768124  25.154373 
 24.756042  32.393124  40.117813  47.947811  55.965469  63.848595  70.804222  75.133904  76.852966  75.343597  71.254532  64.114372  55.855621  48.073906  40.206875  32.433125  25.715626 
 24.400990  31.892033  39.553593  47.190311  54.865623  62.463753  69.410934  73.861717  75.427971  73.882187  69.841721  62.971565  54.573906  46.884377  39.311874  31.862812  25.275314 
 23.186825  30.243282  37.617344  44.825157  51.911720  58.846878  65.150467  69.510315  71.105469  69.538750  65.338753  58.924377  51.711563  44.678280  37.389217  30.158592  23.942554 
 21.505367  27.566406  34.481094  41.162655  47.449688  53.470627  58.852654  62.510002  63.872658  62.614372  59.100784  53.676559  47.531250  41.104374  34.352032  27.512344  22.073803 
 19.831249  24.592499  30.659374  36.773438  42.493282  47.749218  52.146561  55.015160  56.083908  54.964531  52.030159  47.682030  42.445938  36.647186  30.386562  24.376095  20.245468 
 18.493439  21.612186  26.124531  31.519218  36.704220  41.317814  44.935780  47.238438  48.046097  47.167030  44.771095  41.183437  36.605469  31.429688  25.764217  21.245781  18.661823 
 16.367603  18.965519  21.563492  25.789425  30.317345  34.326561  37.484741  39.310936  40.099216  39.315990  37.402550  34.271770  30.286510  25.637604  21.219429  18.688488  16.580574 
 } 


 White Balance Data with optical Center Data
 r_center_x =  649 r_center_y =  521 
 gr_center_x =  639 gr_center_y =  503 
 b_center_x =  645 b_center_y =  496 
 gb_center_x =  663 gb_center_y =  508 
 r/gr 0.819004 
 b/gr 0.413439 
 gb/gr 0.996564 
 r_oc_ave 152.542221 
 b_oc_ave 77.004448 
 gr_oc_ave 186.253326 
 gb_oc_ave 185.613327 

 [AWB]
 RGr =  0.819004 
 BGr =  0.413439 
 GbGr =  0.996564 
 r_oc_ave =  152.542221 
 b_oc_ave =  77.004448 
 gr_oc_ave =  186.253326 
 gb_oc_ave =  185.613327 