 LEFT LENS SHADING DATA
 RED Channel
 {
 34.976719  38.035889  42.435368  49.967758  57.792496  64.843590  70.405838  74.099739  75.467918  74.098801  70.599640  64.853333  57.914223  50.358589  43.238178  39.035206  36.207291 
 37.325050  42.117344  50.087654  59.881721  69.143753  77.396721  84.356247  89.172028  90.815002  89.003593  84.588593  77.568748  69.208595  60.166718  50.635468  42.875626  38.582291 
 39.388699  47.330154  57.876251  69.168434  80.016251  89.873283  98.644531  104.694221  106.837189  104.610313  98.840157  90.193909  80.047653  69.440155  58.421097  48.007965  40.471096 
 42.420990  53.049530  64.947502  77.741875  90.128754  102.211716  113.037186  121.001099  123.785934  120.585464  113.270004  102.366562  90.270935  77.969688  65.497498  53.516876  43.205212 
 45.570568  57.684532  70.711876  84.605621  99.003754  113.273285  126.366882  135.664215  138.820313  135.283279  126.271881  113.284531  98.981094  85.136406  71.300156  58.142029  46.215576 
 47.904533  60.760155  74.553749  89.353279  105.357498  121.555939  135.932968  145.908127  149.130157  145.484375  135.948441  121.403595  105.330154  90.011566  75.257660  61.436409  48.564529 
 48.710304  61.947815  76.135941  91.475624  108.000938  125.036087  140.262192  150.107193  153.578125  149.884995  140.510620  125.314850  108.831093  92.589844  77.028435  62.547501  49.502083 
 47.974277  61.090935  75.034843  89.915466  106.007813  122.657501  137.466721  147.336563  150.780945  146.874222  137.738434  122.645004  106.002502  90.394066  75.536873  61.623909  48.976608 
 45.872398  58.296562  71.539688  85.597031  100.186562  115.093277  128.518433  137.964066  141.338913  137.590149  128.173752  114.705780  100.090622  85.831253  71.931564  58.740936  46.985107 
 43.074009  53.807968  66.089844  78.757034  91.487816  104.235939  115.465775  123.549850  126.389069  123.333588  115.414368  104.079063  91.491722  78.968903  66.312965  54.175316  44.028225 
 40.303909  48.673279  59.361565  70.726563  81.780624  92.279060  101.297188  107.600311  109.779221  107.380623  101.005936  92.012810  81.523750  70.721565  59.328590  48.847343  41.257969 
 38.718750  43.654999  51.833435  61.547028  71.040001  79.682655  86.787811  91.704216  93.261406  91.572968  86.644844  79.326874  70.736404  61.319847  51.446877  43.831406  39.534115 
 36.984165  40.012920  44.523438  52.058075  59.906670  66.931198  72.625732  76.585678  77.852448  76.649841  72.723801  66.948128  59.677025  51.749222  44.164791  40.256618  37.662868 
 } 
 GR Channel
 {
 48.269012  53.294846  59.431152  68.479164  77.539536  85.432655  91.629898  95.076828  96.390366  95.075989  91.539841  85.513123  77.720207  68.741302  60.031769  54.227600  49.789268 
 52.389015  59.127968  69.185310  80.811249  91.392654  100.544533  107.777809  112.472031  114.368912  112.462036  108.001717  100.824371  91.543121  81.147346  69.709686  59.967186  54.080933 
 55.475891  65.926094  78.698441  91.821404  103.984222  115.050156  124.010620  130.318588  132.572495  130.191101  124.306870  115.370316  104.223595  92.352188  79.380470  66.622032  56.875992 
 59.621201  72.867653  86.942184  101.566559  115.637817  129.097504  140.652817  149.141724  151.988754  148.747025  141.056870  129.404846  115.913757  102.127815  87.728752  73.375313  60.722816 
 63.564690  78.337189  93.484840  109.148125  125.434998  141.522659  156.011566  166.008286  169.447495  165.756409  156.231720  142.070160  125.934998  110.232185  94.519531  78.887657  64.576195 
 66.442345  81.930466  97.872345  114.488434  132.392654  150.824524  166.913910  177.688904  181.269531  177.479065  167.509369  151.286407  133.175934  115.811096  99.154373  82.959221  67.285675 
 67.421822  83.424530  99.535156  116.501404  135.131256  154.616714  171.586090  182.120468  185.933899  182.217651  172.729370  155.996719  137.276718  119.002655  101.271721  84.306717  68.539009 
 66.520050  82.302345  98.180626  114.824844  132.908127  151.952026  168.543274  178.870789  182.496872  179.023132  169.708130  153.277817  134.094055  116.434525  99.533905  83.190781  67.912651 
 63.965622  78.974373  94.457809  110.169998  126.666245  143.733124  158.697342  168.702347  172.145782  168.824692  159.171402  144.298126  127.547974  111.415627  95.418121  79.927658  65.238274 
 60.046196  73.786407  88.065781  102.495628  116.960464  131.320938  143.987183  152.598755  155.815475  152.937347  144.612656  132.051559  117.941559  103.641403  89.025627  74.507034  61.653908 
 56.619736  67.595779  80.526093  93.581718  106.053909  117.872971  127.776093  134.627502  137.168900  134.674850  127.905472  118.121399  106.435623  94.024216  80.814690  67.983910  57.987869 
 54.231827  61.189529  71.305466  82.816254  93.625465  103.274689  111.137810  116.490784  118.183441  116.320007  111.306404  103.404533  93.792191  82.962654  71.096252  61.526405  55.237030 
 50.843491  55.850990  61.783180  70.872498  79.916512  88.140938  94.414902  98.716408  100.186768  98.632500  94.565369  88.231827  80.138847  70.578705  61.302917  56.266617  51.832031 
 } 
 GB Channel
 {
 48.424896  53.570732  59.759216  69.381195  78.836304  87.090782  93.826195  97.638382  98.970680  97.675789  93.969582  87.435417  79.298119  69.993805  60.857445  54.900467  50.425888 
 52.345726  59.105316  69.458595  81.470154  92.422340  102.232658  109.851410  114.952347  117.056717  115.012650  110.388748  102.790001  93.096878  82.111092  70.353905  60.387344  54.345047 
 55.109795  65.680626  78.733910  92.304375  104.980934  116.406876  126.011871  132.739059  135.198593  132.851089  126.701874  117.223755  105.671410  93.243439  79.809059  66.773125  56.778954 
 58.843796  72.298592  86.732658  101.612503  116.232971  130.066879  142.255783  151.306244  154.525940  151.118744  143.289536  131.091400  117.126724  102.893906  88.030159  73.320313  60.353645 
 62.284172  77.436249  92.732811  108.819534  125.556091  142.013748  156.901566  167.560623  171.444534  167.741714  158.064377  143.325623  126.727966  110.593750  94.515312  78.598595  64.016716 
 64.904739  80.780785  96.756409  113.514999  131.730621  150.472351  167.019226  178.339844  182.400314  178.641403  168.590775  151.978439  133.407181  115.755783  98.872345  82.382660  66.590363 
 65.792923  81.912498  98.108437  115.173904  133.987808  153.646561  170.822815  182.015472  186.092972  182.632813  173.041870  156.030151  137.076569  118.691406  100.800629  83.691559  67.499062 
 64.915932  80.678436  96.747498  113.286713  131.575150  150.739838  167.526245  178.389069  182.389999  179.042969  169.618912  152.953903  133.653275  115.758118  98.843903  82.435158  66.814529 
 62.256714  77.467346  92.828125  108.648590  125.269058  142.374695  157.566711  168.036255  172.017807  168.730164  158.940155  143.866714  127.048752  110.802032  94.753128  79.190628  64.453117 
 58.574371  72.241875  86.632813  101.155624  115.683594  130.177338  143.073288  152.104065  155.626099  152.781555  144.313431  131.651871  117.319382  102.947655  88.304375  73.773438  60.935936 
 55.306458  66.379372  79.277191  92.399529  104.977966  116.917664  127.015930  134.190628  136.782806  134.458908  127.736252  117.669373  106.005783  93.506874  80.165001  67.347809  57.381981 
 53.164787  60.189377  70.351563  81.852188  92.805313  102.557968  110.615158  116.132813  118.041412  116.284531  111.073128  103.069847  93.396873  82.446877  70.576096  61.066559  54.936981 
 50.231041  54.986038  61.027809  70.195107  79.649895  87.785683  94.245781  98.924065  100.404114  98.847244  94.784370  88.210892  80.066460  70.412704  60.949211  55.952393  51.596985 
 } 
 B Channel
 {
 17.433540  19.341042  22.099480  26.649586  31.096619  34.952190  37.889896  39.558071  40.168072  39.561249  37.907913  34.887344  30.928699  26.596405  22.406563  19.739170  17.795002 
 19.115208  22.044376  26.716564  32.321251  37.451405  41.725937  45.134064  47.224533  48.083282  47.176250  45.192501  41.709217  37.261406  32.237030  26.855312  22.397499  19.676250 
 20.418541  25.256874  31.224842  37.417969  43.113125  48.141876  52.264847  55.007347  55.812187  54.804535  52.225937  48.032501  42.928123  37.410938  31.345779  25.558907  21.126614 
 22.295677  28.521717  35.077499  41.830467  48.115311  54.079063  59.306564  62.866096  63.994530  62.487030  59.217186  53.978439  47.954845  41.721092  35.200783  28.757187  22.860519 
 24.108387  31.022343  37.959530  45.043125  52.216248  59.166565  65.442810  69.626564  70.952499  69.341248  65.256561  59.093597  52.000465  45.133125  38.157501  31.294689  24.533440 
 25.288021  32.579689  39.889530  47.103592  54.882500  62.723907  69.591560  73.986404  75.367035  73.671875  69.544060  62.619217  54.764061  47.245937  40.065781  33.024063  25.741562 
 25.733902  33.009533  40.373592  47.794846  55.720154  63.825310  71.022346  75.319534  76.656563  75.259842  71.202347  64.162811  56.151878  48.457184  40.858124  33.520939  26.274689 
 25.192394  32.415314  39.698280  46.874844  54.490158  62.418907  69.345779  73.704842  75.057503  73.464996  69.732498  62.805153  54.686096  47.209061  39.973438  32.994530  25.895573 
 23.905209  30.848125  37.799530  44.744064  51.705627  58.760155  64.968437  69.255936  70.677345  69.110001  65.110779  58.853127  51.754532  44.873592  37.998749  31.349533  24.625156 
 22.092289  28.283127  34.903282  41.343594  47.438126  53.432655  58.694847  62.344841  63.553284  62.265312  58.853127  53.610313  47.524376  41.314842  34.983593  28.749062  22.851566 
 20.421772  25.284687  31.241718  37.194218  42.644688  47.606407  51.895470  54.834061  55.808281  54.702187  51.910309  47.744217  42.635937  37.091251  31.187500  25.656250  21.121670 
 19.234272  22.235939  26.857655  32.192032  37.032814  41.272030  44.680782  46.977032  47.670311  46.920467  44.749374  41.320938  36.969845  31.992188  26.695156  22.516407  19.787033 
 18.103020  20.128017  22.948700  27.242237  31.466145  35.151409  38.020569  40.040157  40.621147  39.906509  38.133541  35.158855  31.301300  26.783436  22.638699  20.491199  18.617863 
 } 


 White Balance Data with optical Center Data
 r_center_x =  655 r_center_y =  498 
 gr_center_x =  633 gr_center_y =  475 
 b_center_x =  651 b_center_y =  480 
 gb_center_x =  648 gb_center_y =  495 
 r/gr 0.827828 
 b/gr 0.411866 
 gb/gr 1.002382 
 r_oc_ave 154.479996 
 b_oc_ave 76.857780 
 gr_oc_ave 186.608887 
 gb_oc_ave 187.053329 

 [AWB]
 RGr =  0.827828 
 BGr =  0.411866 
 GbGr =  1.002382 
 r_oc_ave =  154.479996 
 b_oc_ave =  76.857780 
 gr_oc_ave =  186.608887 
 gb_oc_ave =  187.053329 