 LEFT LENS SHADING DATA
 RED Channel
 {
 37.408749  40.599583  45.289742  53.002396  61.174797  68.219009  73.687759  77.160629  78.048286  76.495110  72.876564  66.917603  59.732346  51.807755  44.461979  40.309689  38.081768 
 39.167080  44.163750  52.337029  62.312813  71.861877  80.255470  87.114220  91.555626  93.146408  90.925934  86.187813  78.867188  70.172966  60.754219  50.995316  43.312187  39.545521 
 40.872608  49.263435  60.044373  71.660004  82.489220  92.827034  101.685471  107.635628  109.560158  106.969376  100.661407  91.481873  80.908592  69.916092  58.531715  48.002342  40.807552 
 43.729736  54.757034  67.138748  80.137184  93.051872  105.459061  116.591095  124.511414  127.156250  123.635468  115.629379  104.061249  91.187813  78.325623  65.519379  53.271248  43.430836 
 46.580467  59.189842  72.762184  86.967972  101.952812  116.780319  130.249527  139.387970  142.507660  138.464996  128.810776  115.218597  100.031876  85.373436  71.129059  57.715469  46.267757 
 48.608757  62.217499  76.451561  91.937653  108.388435  125.123749  139.887024  149.603745  152.534531  148.688431  138.754059  123.242340  106.202347  90.076561  74.877502  60.810936  48.237602 
 49.431404  63.174530  77.917503  93.914841  111.082970  128.635315  143.708588  153.386414  156.559219  152.524841  142.878433  127.115784  109.670158  92.776253  76.781563  62.002655  49.021614 
 48.640045  62.223595  76.678909  92.167030  108.857971  125.706879  140.485001  150.198914  153.251099  149.159851  139.610779  124.600464  107.064690  90.714218  75.318283  61.073593  48.562553 
 46.496040  59.258125  73.072029  87.631561  102.823280  117.827820  131.348129  140.542191  143.344681  139.553284  130.092026  116.373444  101.099998  86.504997  72.080780  58.473434  46.797604 
 43.639324  54.738281  67.348434  80.471092  93.752968  106.470314  117.872650  125.538910  127.987808  125.022339  116.933746  105.353905  92.617035  79.429840  66.381561  54.087029  44.020988 
 40.869217  49.464844  60.430153  72.173592  83.687187  94.118904  103.207497  109.324684  111.202034  108.778908  102.244064  92.976250  82.452972  71.062187  59.404846  48.789528  41.395988 
 39.490936  44.505936  52.692345  62.677811  72.421722  81.059219  88.231407  93.052345  94.605156  92.651718  87.675468  80.252968  71.498909  61.833595  51.700783  43.994217  39.889011 
 37.468857  40.402603  44.685051  52.146561  60.161507  67.357765  72.995361  76.781715  77.981613  76.766930  72.886505  67.013184  59.735359  51.609222  43.835575  40.158596  37.631092 
 } 
 GR Channel
 {
 49.616455  54.541878  60.502609  69.520523  78.472763  85.999168  91.993225  96.001663  97.224998  95.369743  91.517189  85.220680  77.188232  68.242607  59.664116  54.498589  51.148178 
 52.836456  59.668121  69.413437  80.595940  91.034218  100.199997  107.724060  112.764999  114.518753  112.293274  107.139687  99.344215  89.794060  79.280937  68.018906  58.680466  53.618599 
 55.498024  65.863434  78.326096  91.323753  103.326248  114.533600  124.203278  130.976257  133.067657  130.323593  123.479843  113.620941  102.031403  89.915627  77.048904  64.650154  55.561615 
 59.303123  72.373123  86.441406  100.866249  115.014694  128.885162  141.036880  149.763901  152.852188  149.150162  140.524689  128.053436  113.773911  99.545784  85.235939  71.012810  59.056145 
 62.749847  77.594215  92.897659  108.720627  125.222809  141.593750  156.500153  166.610474  169.938278  165.767349  155.651566  140.646088  123.769226  107.543747  91.846092  76.412659  62.530785 
 65.364998  81.214996  97.267342  114.307495  132.481720  150.942963  167.306091  177.914536  181.249374  177.159058  166.812805  150.021561  130.987976  113.127655  96.280624  80.200157  65.127029 
 66.354691  82.413437  98.927032  116.475464  135.451096  154.760620  171.596558  182.107651  185.627182  181.459061  171.410629  154.345154  135.087494  116.415466  98.630783  81.636253  66.173332 
 65.554695  81.317184  97.563904  114.613281  132.978912  151.529846  167.886414  178.461868  181.695786  177.796097  167.894836  151.469223  131.793594  113.708435  96.622810  80.316872  65.300209 
 62.827713  77.936874  93.498909  109.634064  126.314682  142.981247  157.664368  167.682343  170.699371  167.269379  157.172028  142.007660  124.896713  108.391876  92.284065  77.043594  63.051308 
 59.029579  72.563751  87.032967  101.770309  116.305786  130.358276  142.523132  150.547028  153.284225  150.506409  142.439529  129.428909  114.970474  100.092033  85.397186  71.431252  59.607498 
 55.618805  66.277344  79.174065  92.423279  105.055153  116.389847  126.050156  132.510315  134.531555  132.160461  125.361099  115.182968  103.311096  90.429688  77.269684  64.930939  56.029686 
 53.200417  60.033752  69.932816  81.480469  92.317657  101.755936  109.275780  114.436249  116.174057  114.013123  108.638908  100.770309  90.925781  79.918747  68.120468  59.022972  53.627342 
 49.783752  54.578331  60.053230  68.744011  77.793701  85.819267  91.803909  95.807915  97.430313  95.887703  91.761612  85.366142  77.365990  67.920418  58.497757  53.942345  50.269005 
 } 
 GB Channel
 {
 50.303284  55.354950  61.476563  70.915466  80.355736  88.396194  94.748070  99.142708  100.182083  98.649071  94.092445  87.450882  78.837921  69.304893  60.305573  54.966927  51.488174 
 53.189537  60.095154  70.134064  81.808594  92.787811  102.456406  110.305779  115.633118  117.508743  115.005310  109.566406  101.271095  91.061249  80.012810  68.332031  58.775467  53.678177 
 55.370003  65.957497  78.739220  92.170158  104.663750  116.384995  126.497971  133.576096  135.878433  132.890472  125.750931  115.274368  103.118752  90.355934  76.959061  64.350937  55.205101 
 58.515633  72.153122  86.538284  101.337814  116.025620  130.308289  142.957336  152.153900  155.228912  151.444214  142.264526  129.182037  114.368912  99.685623  84.649689  70.329063  58.345726 
 61.788803  76.951096  92.532341  108.726563  125.709839  142.414215  157.795151  168.273590  171.660156  167.383438  156.895782  141.323746  123.920471  107.208282  90.953125  75.306404  61.401199 
 64.166458  80.248123  96.471252  113.796875  132.317963  151.106873  167.814850  178.664215  182.406723  178.155472  167.323288  150.172028  130.585007  112.383911  95.052658  78.850159  63.760780 
 64.994164  81.252502  97.820465  115.722031  134.839066  154.367340  171.428589  182.230942  185.865936  181.705780  171.427505  154.050156  134.274063  115.307663  97.044533  80.017029  64.738495 
 64.191406  80.142029  96.376564  113.632339  132.224686  150.966721  167.377029  178.324997  181.699997  177.690781  167.568588  150.926407  130.902649  112.359528  95.073441  78.758125  63.890205 
 61.561256  76.796249  92.518753  108.631409  125.549530  142.187500  157.213745  167.378601  170.626099  166.890320  156.795776  141.464371  123.917496  107.117966  90.868591  75.572029  61.618484 
 58.082558  71.696091  86.261566  100.989685  115.629211  129.692184  142.224838  150.342026  153.214844  150.266251  141.998123  128.912033  114.162506  99.034218  84.195465  70.207657  58.346611 
 55.047859  65.631409  78.581566  91.948906  104.624535  116.103287  125.808899  132.496399  134.545944  132.070465  125.209839  114.867188  102.707031  89.627655  76.215782  63.974846  55.010056 
 52.965523  59.710938  69.629532  81.215622  92.233910  101.724846  109.432190  114.763275  116.449371  114.295624  108.814064  100.580940  90.666252  79.274841  67.458595  58.336403  53.157867 
 49.753021  54.275940  59.921402  68.780205  77.976616  86.321304  92.467186  96.590157  98.287292  96.831459  92.456978  85.719269  77.196251  67.650887  58.172554  53.532867  49.993698 
 } 
 B Channel
 {
 19.088284  21.287033  24.309216  28.934269  33.554268  37.478489  40.448597  42.219898  42.747864  41.848957  39.920158  36.688961  32.721405  28.011559  23.679585  21.338127  20.024792 
 20.382862  23.707657  28.721092  34.552189  39.894688  44.474533  48.032967  50.331566  51.021408  49.876877  47.460781  43.640625  38.894531  33.489063  27.805000  23.508125  21.436878 
 21.244896  26.392811  32.843906  39.461563  45.476719  50.809372  55.311249  58.182030  59.083908  57.692810  54.550629  49.829842  44.311405  38.304218  31.911564  26.154999  22.332081 
 22.754429  29.331718  36.377968  43.450157  50.245003  56.705154  62.191719  66.044685  67.135780  65.448441  61.456406  55.697189  49.117035  42.327187  35.348751  28.823750  23.567081 
 24.251823  31.635780  39.190624  46.654530  54.265160  61.738434  68.438278  72.737030  74.027496  72.119064  67.509064  60.758125  53.045158  45.516094  38.028751  31.143124  25.006042 
 25.323021  33.144688  40.812656  48.867188  57.213440  65.448441  72.698280  77.195465  78.431404  76.520309  71.933746  64.363594  55.843750  47.638905  39.856720  32.744999  26.155003 
 25.749062  33.532814  41.420155  49.682655  58.341873  66.963753  74.251564  78.608597  80.001091  78.086876  73.669373  65.989372  57.368126  48.874687  40.725155  33.331249  26.549583 
 25.330467  32.907345  40.694843  48.705467  57.151566  65.480156  72.484840  76.873123  78.125000  76.300468  72.092812  64.750000  55.809219  47.612968  39.753281  32.613907  26.167034 
 24.106144  31.346561  38.898438  46.502342  54.176094  61.542343  68.006561  72.033592  73.128593  71.566093  67.154221  60.484840  52.747185  45.129219  37.741875  31.049843  25.019634 
 22.358597  28.897968  35.959061  42.970001  49.721565  55.963440  61.264221  64.353592  65.273438  64.108749  60.717033  54.959373  48.283752  41.307655  34.463593  28.280937  23.343021 
 20.821304  26.012344  32.271717  38.704376  44.588905  49.736252  53.872810  56.377815  57.055153  56.044060  53.194687  48.614220  43.015469  36.849686  30.655155  25.183125  21.542290 
 19.871353  23.044689  27.863438  33.490002  38.627655  42.985157  46.378437  48.531563  49.143280  48.129372  45.709843  42.090313  37.475780  31.972656  26.359375  22.397968  20.317764 
 18.368435  20.484268  23.154686  27.419998  32.028278  35.659531  38.583023  40.351559  41.010159  40.316044  38.332554  35.093227  31.149323  26.647034  22.108124  20.062347  18.627342 
 } 


 White Balance Data with optical Center Data
 r_center_x =  646 r_center_y =  501 
 gr_center_x =  664 gr_center_y =  472 
 b_center_x =  667 b_center_y =  483 
 gb_center_x =  656 gb_center_y =  486 
 r/gr 0.843363 
 b/gr 0.431198 
 gb/gr 1.002531 
 r_oc_ave 156.955551 
 b_oc_ave 80.248886 
 gr_oc_ave 186.106674 
 gb_oc_ave 186.577774 

 [AWB]
 RGr =  0.843363 
 BGr =  0.431198 
 GbGr =  1.002531 
 r_oc_ave =  156.955551 
 b_oc_ave =  80.248886 
 gr_oc_ave =  186.106674 
 gb_oc_ave =  186.577774 