 LEFT LENS SHADING DATA
 RED Channel
 {
 26.180519  28.747604  32.440575  38.359219  44.358177  49.593178  53.792244  56.302864  56.974586  55.695313  53.023018  48.392601  42.929688  36.896877  31.397758  28.093128  26.259792 
 27.928440  31.893436  38.648281  46.466095  53.861717  60.137970  65.125778  68.378906  69.168747  67.471565  63.919685  58.434685  51.785934  44.533127  37.034218  30.930626  27.761875 
 29.368225  36.247814  44.935314  53.947342  62.454529  70.035934  76.271095  80.427658  81.594376  79.489845  74.811722  67.873596  59.985001  51.687965  43.009533  34.849220  29.051094 
 31.955784  40.807655  50.731407  60.722031  70.445465  79.440468  87.220001  92.515938  93.978592  91.302032  85.411873  76.941254  67.642967  58.114845  48.410622  39.027031  31.101826 
 34.543644  44.726563  55.368591  66.373909  77.247658  87.675781  96.919998  102.831253  104.503281  101.511719  94.768753  84.843597  73.875153  63.193283  52.733284  42.515156  33.444115 
 36.472553  47.258595  58.486404  70.161407  82.035782  93.597191  103.632965  109.852966  111.537659  108.543747  101.240158  90.390472  78.433746  66.758278  55.594376  44.778439  35.018856 
 37.232655  48.235779  59.764687  71.622658  83.781097  95.840935  105.917343  112.347351  113.934998  110.955780  104.330154  92.957184  80.544060  68.606873  56.984528  45.765625  35.700623 
 36.667603  47.538437  58.806877  70.461250  82.235313  93.717499  103.657814  109.972343  111.640312  108.813751  101.923752  90.800468  78.954063  67.260941  55.953590  45.015469  35.243591 
 35.045834  45.202499  55.982346  66.959686  77.792343  88.095779  97.191406  103.207809  105.006874  101.830154  95.139534  85.490623  74.622658  64.005936  53.419220  43.140156  33.879532 
 32.696198  41.611404  51.605003  61.669220  71.293907  80.132187  87.787971  92.981873  94.488434  91.961090  86.111404  77.790779  68.475159  59.029846  49.361877  39.797813  31.753643 
 30.743542  37.443127  46.160156  55.223282  63.726715  71.234222  77.360779  81.671249  82.751251  80.750153  75.993279  69.265312  61.434998  53.018593  44.184219  35.812500  29.902500 
 29.632446  33.645157  40.251564  48.183441  55.670311  62.045624  67.216560  70.388596  71.361565  69.761719  65.906097  60.367340  53.715622  46.302032  38.536877  32.321877  29.112293 
 28.599949  31.233280  34.866566  41.086353  47.639896  53.178123  57.490730  60.168381  60.833641  59.556923  56.472137  51.874634  45.963123  39.538486  33.714371  30.383961  28.497707 
 } 
 GR Channel
 {
 50.030884  54.642548  60.544159  69.556877  78.980515  86.941399  93.390472  97.393486  98.330055  96.727196  92.437660  85.651718  77.322395  68.008125  59.103600  54.108856  51.167603 
 53.240883  60.089844  70.542503  82.716873  94.105934  103.974533  111.683594  116.623276  117.854843  115.613434  110.094528  101.668594  91.596565  80.455627  68.727966  58.997185  53.604691 
 55.863899  66.863281  80.455154  94.474060  107.750153  119.446869  129.166718  135.536087  137.303131  134.334213  127.517181  117.044220  104.753593  91.697815  78.126091  65.255157  55.609108 
 59.933380  73.908592  89.364059  104.950310  120.212341  134.117035  146.062195  154.150314  156.446716  152.805466  144.208435  131.511871  117.009369  101.976410  86.745468  71.852966  59.137352 
 64.052292  79.993126  96.665939  113.490311  130.282028  146.552032  160.582336  169.829529  172.429840  168.482025  158.608597  143.637192  126.670319  109.889534  93.498283  77.324371  62.742706 
 67.139168  84.048752  101.422966  119.214844  137.350632  155.278748  170.677338  180.257965  182.974213  178.924377  168.358749  152.142502  133.633911  115.398911  98.108910  80.913284  65.329323 
 68.072182  85.455940  103.307968  121.315933  139.916245  158.575150  174.140152  183.720154  186.275620  182.503281  173.079681  155.962662  136.807816  118.341400  100.329376  82.389374  66.238129 
 67.202866  84.296410  101.773903  119.442810  137.499222  155.418121  170.662964  180.411560  182.882507  179.149368  169.448288  152.799057  134.296249  116.011871  98.393906  81.117035  65.558495 
 64.745987  80.653282  97.352501  114.110474  130.980774  147.042664  161.012497  170.234375  173.060318  168.673752  158.839371  144.317657  127.197189  110.748436  94.213440  77.999062  63.183228 
 60.974953  75.053909  90.425934  105.945000  120.801086  134.592651  146.270935  154.361404  156.762192  153.293121  144.843445  132.094055  117.649216  102.942657  87.857498  72.652496  59.762505 
 57.674629  68.619843  82.216873  96.221405  109.252968  120.780777  130.294693  136.670319  138.524994  135.847961  128.797180  118.569214  106.470779  93.399841  79.622810  66.358910  56.592033 
 55.781517  62.576721  73.043434  85.254845  96.837189  106.701248  114.516403  119.365463  120.926880  118.695938  113.047501  104.660469  94.323128  82.915939  70.774376  60.787971  55.300674 
 53.303589  58.519012  64.404274  73.994217  84.012604  92.716667  99.220779  103.360268  104.268127  102.724266  98.192497  91.087753  82.160202  72.155937  62.863541  57.360672  53.893173 
 } 
 GB Channel
 {
 50.965622  55.297287  61.319534  70.577499  80.227654  88.525055  94.997711  99.223961  100.197975  98.414894  93.899742  86.756508  78.025055  68.669006  59.484108  54.492188  51.583435 
 53.959381  60.728127  71.358910  83.824997  95.498283  105.397346  113.290619  118.373123  119.567337  117.134064  111.464531  102.791718  92.401093  80.947968  69.002655  59.219688  54.014694 
 56.294426  67.384216  81.248283  95.536873  109.082809  120.922974  130.634537  137.139374  138.932190  135.815781  128.678909  117.956558  105.474220  92.149841  78.295624  65.228592  55.635475 
 59.992081  74.293747  90.097809  106.011871  121.457962  135.480469  147.464691  155.689682  158.022186  154.121094  145.317963  132.387344  117.670151  102.339218  86.742035  71.646873  58.759789 
 63.861824  80.138283  97.102814  114.259995  131.266724  147.549057  161.647034  171.011566  173.543594  169.386871  159.274216  144.248596  127.024536  110.036095  93.275314  76.765938  62.042603 
 66.586090  83.956718  101.609688  119.653900  137.873901  155.681244  170.977966  180.631882  183.391403  179.152344  168.428909  152.181717  133.486877  115.126877  97.595940  80.201248  64.432503 
 67.477814  85.101563  103.139534  121.431717  139.892502  158.508286  173.736404  183.458755  186.181091  182.151871  172.620621  155.530624  136.367493  117.724380  99.657501  81.392189  65.280106 
 66.480942  83.684685  101.330780  119.249527  137.217499  154.917191  169.964218  179.776245  182.349380  178.484222  168.628601  152.041092  133.708588  115.306091  97.611877  80.118591  64.447968 
 63.981400  80.103279  96.852814  113.629211  130.279068  146.206726  160.001877  169.129379  172.018906  167.597031  157.791718  143.298599  126.341248  109.887032  93.248436  76.938438  62.175522 
 60.254738  74.440781  89.956566  105.316719  119.974213  133.574524  145.123276  152.869690  155.382660  151.996094  143.280777  130.737030  116.462494  101.862816  86.851250  71.631874  58.836456 
 56.977501  67.917503  81.593437  95.352814  108.265472  119.523438  128.928131  135.225937  137.114380  134.300003  127.266724  117.138901  105.181564  92.220154  78.557655  65.311722  55.798172 
 55.230881  61.957344  72.324219  84.486877  95.828751  105.590622  113.168594  117.910156  119.334839  117.092194  111.458282  103.163597  93.070625  81.705780  69.763748  59.907814  54.689064 
 53.037552  57.821304  63.699013  73.308540  83.114174  91.621040  98.025887  102.017860  102.944641  101.122597  96.576408  89.615471  80.802292  70.982239  61.800003  56.433228  53.173225 
 } 
 B Channel
 {
 34.755779  38.003281  42.599842  49.413437  56.325882  62.030632  66.514374  69.157753  69.861458  68.657814  65.970779  61.056618  54.948860  48.184586  41.531300  37.684170  35.839169 
 37.091614  42.022655  49.757965  58.622185  66.771095  73.608124  78.739372  82.139221  82.955627  81.379059  77.923904  72.175156  65.072189  56.925003  48.452347  41.407501  38.016251 
 38.842186  46.907188  56.761719  66.792191  76.084534  84.104065  90.479378  94.743591  95.938904  93.936722  89.460159  82.419846  74.110779  64.975311  55.194374  45.958126  39.795624 
 41.539219  51.808594  62.999687  73.969841  84.472809  93.925316  101.881561  107.176247  108.610153  106.229378  100.589066  91.930466  82.112816  71.864059  61.070160  50.657814  42.337811 
 44.270885  55.759842  67.602654  79.442184  91.137810  102.130936  111.517654  117.560623  119.224838  116.475937  110.004059  99.891716  88.417656  76.953590  65.440468  54.317657  44.916199 
 46.166248  58.371246  70.518440  82.830002  95.272346  107.425781  117.633743  123.970474  125.657349  123.026566  116.022339  105.081718  92.603279  80.360313  68.300629  56.709373  46.632298 
 47.009167  59.188751  71.435310  83.865623  96.390160  108.904533  119.180313  125.741089  127.508438  125.037506  118.680786  107.212502  94.447968  82.046097  69.759842  57.562813  47.190731 
 46.423332  58.256248  70.393280  82.562035  94.647812  106.517815  116.644058  123.099060  124.861557  122.480942  116.245163  105.225624  93.037033  80.672188  68.407501  56.740471  46.735680 
 44.550831  55.876251  67.535156  79.010155  90.294533  100.922813  110.087189  116.139694  118.045471  115.185318  109.124847  99.466248  88.283127  77.192345  65.668282  54.558441  45.108021 
 41.950001  52.070000  62.976875  73.695313  83.593285  92.663437  100.311409  105.361877  106.907814  104.830315  99.387344  91.274376  81.769218  71.849998  61.241562  50.775154  42.482868 
 39.581409  47.482033  57.232811  67.066093  76.012032  83.661560  89.806404  93.763123  94.932655  93.277969  88.875313  82.227814  74.142342  65.270309  55.535622  46.276093  40.058804 
 38.382450  43.482655  51.141876  60.029846  68.147812  74.961716  80.063278  83.215469  84.069534  82.630470  78.975471  73.428909  66.428123  58.361877  49.589531  42.589844  39.504215 
 37.092445  40.969948  45.461040  52.698799  59.976974  66.030258  70.645988  73.430260  73.948906  72.749428  69.772766  64.964951  58.489372  51.413963  44.334324  40.607136  38.911716 
 } 


 White Balance Data with optical Center Data
 r_center_x =  638 r_center_y =  484 
 gr_center_x =  608 gr_center_y =  487 
 b_center_x =  634 b_center_y =  507 
 gb_center_x =  625 gb_center_y =  477 
 r/gr 0.612076 
 b/gr 0.684236 
 gb/gr 1.001045 
 r_oc_ave 114.528885 
 b_oc_ave 128.031113 
 gr_oc_ave 187.115555 
 gb_oc_ave 187.311111 

 [AWB]
 RGr =  0.612076 
 BGr =  0.684236 
 GbGr =  1.001045 
 r_oc_ave =  114.528885 
 b_oc_ave =  128.031113 
 gr_oc_ave =  187.115555 
 gb_oc_ave =  187.311111 