 LEFT LENS SHADING DATA
 RED Channel
 {
 27.278908  29.612240  33.508072  39.500938  45.535679  50.692604  54.783699  57.210991  57.878960  56.381142  53.392815  48.941872  43.232033  37.206928  31.570782  28.319584  26.542915 
 29.004326  32.963280  39.672031  47.249687  54.517967  60.767189  65.748909  68.874535  69.530624  67.665314  63.919060  58.224373  51.573906  44.401718  36.940155  30.961250  27.718746 
 30.713753  37.458752  46.086720  54.854843  63.293907  70.825310  77.149063  81.222504  82.126877  79.792656  74.897972  67.847191  59.736877  51.552345  42.884533  34.800312  28.783646 
 33.259377  42.050625  51.882187  61.764221  71.594063  80.745003  88.518440  93.671410  94.957809  91.953903  85.662033  76.979065  67.562347  58.030472  48.277809  38.919220  30.750675 
 35.982864  45.983906  56.580315  67.515938  78.717499  89.352501  98.476097  104.343750  105.732346  102.268440  95.163597  85.020935  73.939842  63.188126  52.560158  42.304062  33.100727 
 37.707966  48.558594  59.771248  71.585625  83.739372  95.424217  105.411247  111.364685  112.722031  109.387184  101.898438  90.780785  78.487656  66.804840  55.574219  44.712658  34.667862 
 38.256092  49.505470  61.170624  73.434372  85.745628  97.919373  108.013748  113.860001  115.251099  111.924377  104.925934  93.461563  81.017654  68.829063  56.928436  45.661095  35.220467 
 37.727554  48.793594  60.346092  72.147499  84.198280  95.834999  105.701561  111.627655  113.030151  109.706718  102.690468  91.528435  79.285469  67.512032  56.041405  45.106251  34.947083 
 36.165470  46.443592  57.374535  68.538124  79.602028  89.989220  99.007034  104.900940  106.425629  103.038124  96.033592  86.204842  75.160934  64.363747  53.542816  43.110470  33.610680 
 33.887760  42.892967  52.952660  63.128906  72.861092  81.726250  89.388908  94.510628  95.800934  93.131096  87.188591  78.622185  69.153282  59.489532  49.443123  39.817501  31.581665 
 32.087711  38.713123  47.488125  56.487030  65.100311  72.609062  78.990784  82.921097  84.109375  82.111877  77.050468  70.160004  62.009064  53.351875  44.250782  35.944374  30.028542 
 31.021511  34.701717  40.979374  48.662186  56.213127  62.702499  67.837967  71.213593  72.115936  70.382034  66.404373  60.698280  53.801720  46.222187  38.359219  32.390938  29.148022 
 28.979427  31.589428  34.771873  40.332607  46.723961  52.178329  56.582344  59.165047  59.825104  58.641823  55.453133  50.693909  44.819424  38.365105  32.844845  29.933022  27.593021 
 } 
 GR Channel
 {
 53.185829  57.714996  63.979477  73.152916  82.616043  90.645836  96.651199  100.427818  101.548027  99.424782  95.101303  88.414795  79.862183  70.306458  61.494011  56.305672  52.978600 
 56.321663  63.160004  73.720314  85.471252  96.523125  106.132500  113.681412  118.349060  119.455933  116.866882  111.451096  103.018127  93.064690  81.991875  70.356720  60.636719  55.091515 
 59.378700  70.331406  83.600311  97.027809  110.000313  121.427963  130.974686  137.084686  138.708282  135.407654  128.332962  118.089539  105.809685  93.131409  79.736404  66.853752  56.862503 
 63.513283  77.460159  92.460312  107.427971  122.438599  136.327972  148.161713  155.887970  157.923752  153.831879  145.071243  132.256088  117.789688  103.207184  88.186562  73.397186  60.228851 
 67.751045  83.324371  99.364532  115.735474  132.693588  148.910156  162.664993  171.380463  173.473587  168.977814  159.079376  144.445007  127.639847  111.037033  94.833748  78.864372  63.969376 
 70.349998  87.193748  104.160156  121.744064  139.943130  157.701096  172.581558  181.227661  183.131561  178.788757  168.667496  152.601868  134.293121  116.551254  99.275627  82.476250  66.443748 
 71.363640  88.614059  106.192657  124.319382  142.817184  160.969055  175.975784  184.729996  186.599380  182.213913  172.962036  156.505310  137.939377  119.743912  101.562813  83.839378  67.473129 
 70.536667  87.478752  104.848434  122.456253  140.478439  158.003906  172.583908  181.535309  183.519531  179.154999  169.895157  153.634689  135.082031  117.373123  99.849220  82.786560  66.729897 
 67.828911  83.997032  100.595001  117.125000  133.855621  149.737656  163.148590  171.776245  174.159378  169.490784  159.820160  145.419998  128.626877  112.323914  95.771873  79.612816  64.665726 
 64.047707  78.421875  93.741722  108.901566  123.622345  137.059998  148.635941  156.271255  158.218903  154.739380  146.198914  133.882034  119.374527  104.664063  89.366722  74.396873  61.173546 
 60.984734  71.812035  85.246246  98.995468  111.910782  123.304688  132.740631  138.687195  140.370621  137.588593  130.646408  120.776245  108.547501  95.147659  81.198128  68.230934  58.524269 
 58.655724  65.399063  75.245003  87.011719  98.457809  108.212029  115.821243  120.775940  122.300476  119.942505  114.442657  106.023125  95.646408  84.097969  71.983910  62.320465  56.696930 
 54.346977  59.849899  65.299576  73.942757  83.771561  91.756828  98.305832  102.290520  103.364418  101.732910  97.087440  89.979790  81.419113  71.834427  62.889526  57.985260  53.622345 
 } 
 GB Channel
 {
 53.974167  58.443336  64.757401  74.274117  83.831665  91.936775  98.295784  102.063698  103.170616  100.898643  96.365150  89.423492  80.592766  70.974426  61.952133  56.667236  53.458069 
 56.841667  63.705002  74.514061  86.453903  97.718750  107.515938  115.158905  119.981400  121.068130  118.292816  112.672028  104.052032  93.729218  82.512970  70.614845  60.748283  55.248489 
 59.515320  70.716560  84.223595  97.907967  111.150780  122.680786  132.346252  138.489532  140.160004  136.673599  129.404694  118.810318  106.369530  93.403595  79.837189  66.733124  56.823128 
 63.400528  77.653435  92.849220  108.090469  123.374069  137.324371  149.389847  157.041565  158.990005  154.875931  145.835632  132.835464  118.167816  103.216873  88.017654  73.027191  59.813019 
 67.406876  83.314377  99.700783  116.395004  133.365784  149.614380  163.505157  172.183746  174.345154  169.720627  159.586411  144.666870  127.564224  110.713440  94.368126  78.035622  63.066048 
 69.809479  86.846565  104.059998  121.922501  140.189377  157.794998  172.591721  181.244370  183.256088  178.821091  168.448120  152.395157  133.892975  115.990005  98.597969  81.596092  65.320885 
 70.476875  88.033127  105.866249  124.070786  142.519836  160.671097  175.348282  183.972183  186.073914  181.694382  172.177963  155.756409  137.242966  118.848907  100.506874  82.707970  66.259003 
 69.443855  86.729691  104.246094  121.865158  139.723755  157.153122  171.451248  180.434845  182.413284  177.997971  168.542191  152.511871  133.968277  116.205154  98.631096  81.467659  65.542450 
 66.933960  83.238129  99.850311  116.344223  132.818588  148.355621  161.671570  170.228592  172.606400  167.913589  158.278595  143.940475  127.354691  110.995155  94.475311  78.288437  63.360100 
 63.244797  77.648125  92.907967  108.022659  122.381714  135.547180  146.908432  154.449844  156.340622  152.855316  144.458130  132.164368  117.849686  103.266563  88.034065  73.070000  60.068329 
 60.183540  71.129372  84.351410  97.798904  110.603439  121.670151  130.896255  136.811569  138.511719  135.657181  128.641251  118.835785  106.836716  93.796722  79.832970  67.030937  57.424683 
 58.182503  64.647499  74.381096  85.946404  97.103752  106.771095  114.224213  119.138123  120.623596  118.177032  112.660156  104.312653  94.120155  82.715309  70.766251  61.188126  55.799789 
 54.072495  59.156662  64.396301  73.163696  82.632080  90.625046  97.074852  101.145210  102.002136  100.363899  95.684532  88.618286  80.034531  70.503235  61.833328  56.981880  52.871452 
 } 
 B Channel
 {
 34.519688  37.888020  42.619324  49.688492  56.770462  62.570671  66.842133  69.589951  70.272087  68.738533  65.675003  60.919952  54.707031  47.888073  41.453228  37.544426  35.692345 
 36.421356  41.460938  49.177032  57.793282  65.864845  72.526718  77.507347  80.638908  81.376251  79.581879  75.927498  70.215157  63.265160  55.517029  47.199062  40.190468  36.775677 
 38.430988  46.443283  56.218750  65.896248  75.096565  82.834373  89.091721  93.006874  93.958122  91.605003  86.952034  80.105621  71.979530  63.300781  53.875153  44.705311  38.155731 
 41.218334  51.452499  62.323128  73.090935  83.440315  92.502815  100.225159  105.182190  106.250465  103.495468  97.643280  89.311409  79.898125  70.193909  59.785004  49.249062  40.469479 
 43.989479  55.482811  67.042343  78.619377  90.012032  100.491096  109.504532  115.014694  116.213913  113.078278  106.612190  97.170937  86.257813  75.350159  64.207497  52.955467  43.046513 
 45.827187  57.985939  70.142815  82.285622  94.331566  105.969528  115.593750  121.056412  122.119537  119.262192  112.653748  102.305466  90.481560  78.901405  67.169685  55.406403  44.712864 
 46.428696  59.020157  71.420311  83.741562  95.957497  107.801094  117.325943  122.665787  123.926712  121.015930  115.028122  104.542030  92.664528  80.828903  68.626564  56.278595  45.522137 
 45.951878  58.333122  70.501404  82.428284  94.300156  105.644997  114.822968  120.386093  121.665787  119.045471  113.276566  102.955780  91.078125  79.382660  67.542656  55.582809  45.020313 
 44.333645  55.934059  67.535004  78.869690  89.826408  99.795158  108.303909  113.889069  115.331100  112.647964  106.709534  97.566254  86.862343  76.145782  64.813751  53.372810  43.420727 
 41.824635  52.044846  62.746094  73.260468  82.868904  91.350311  98.594841  103.532967  104.954842  103.038284  97.829529  89.919685  80.696404  71.034378  60.400940  49.662186  40.935940 
 39.818542  47.451874  56.894066  66.262344  74.916252  82.361877  88.388596  92.338905  93.617813  92.046875  87.714996  81.152344  73.209221  64.375626  54.546097  45.217186  38.839687 
 38.231667  42.816250  49.678909  57.820938  65.671562  72.262810  77.437035  80.723122  81.877190  80.405624  76.964531  71.353439  64.466560  56.463440  47.822968  40.889687  37.356358 
 35.113750  38.816250  42.335781  48.586769  55.446152  61.225731  65.780571  68.513130  69.300522  68.264793  65.152245  60.445518  54.516556  47.540516  41.182758  37.625938  34.750103 
 } 


 White Balance Data with optical Center Data
 r_center_x =  611 r_center_y =  487 
 gr_center_x =  609 gr_center_y =  489 
 b_center_x =  637 b_center_y =  476 
 gb_center_x =  636 gb_center_y =  477 
 r/gr 0.616537 
 b/gr 0.663436 
 gb/gr 0.996185 
 r_oc_ave 115.626663 
 b_oc_ave 124.422226 
 gr_oc_ave 187.542221 
 gb_oc_ave 186.826660 

 [AWB]
 RGr =  0.616537 
 BGr =  0.663436 
 GbGr =  0.996185 
 r_oc_ave =  115.626663 
 b_oc_ave =  124.422226 
 gr_oc_ave =  187.542221 
 gb_oc_ave =  186.826660 