 LEFT LENS SHADING DATA
 RED Channel
 {
 27.196873  29.661041  33.099895  39.023018  45.319534  50.749687  54.912811  57.265366  58.236092  56.955887  54.081566  49.578026  43.905575  37.868752  32.195206  28.958336  27.247498 
 28.427708  32.371876  38.779064  46.457188  53.892654  60.334686  65.355316  68.673904  69.509216  67.771095  64.071564  58.587189  51.987030  44.807499  37.269375  31.177502  28.102081 
 29.893593  36.409218  44.901718  53.953751  62.492653  70.113281  76.406715  80.610939  81.767342  79.618126  74.831406  67.957497  60.123909  51.761406  43.100311  34.996719  29.091511 
 32.221302  40.856094  50.685471  60.755936  70.510155  79.664841  87.480782  92.822029  94.357658  91.612190  85.587029  76.970154  67.496559  58.069847  48.398125  39.054218  31.142761 
 34.646667  44.560001  55.199684  66.223595  77.438126  88.037498  97.376717  103.242035  105.010780  101.885315  95.019379  84.944221  73.960312  63.324066  52.718750  42.537342  33.417137 
 36.465832  47.142502  58.324066  70.051872  82.295624  94.165466  104.272659  110.345154  111.984688  108.955940  101.731247  90.788910  78.637032  66.990623  55.706718  45.017811  35.062813 
 37.128330  48.141251  59.728905  71.952499  84.364372  96.647346  106.904221  113.130630  114.699692  111.692032  104.849533  93.627502  81.054688  68.950623  57.163750  45.976875  35.832710 
 36.568127  47.426876  58.734688  70.557655  82.725937  94.493439  104.597343  111.005310  112.549057  109.662033  102.703125  91.514687  79.208748  67.460159  56.178123  45.387814  35.417397 
 35.016357  45.035938  55.797028  67.021248  78.260155  88.997032  98.212814  104.432343  106.062965  102.941872  95.920311  86.083748  75.038124  64.299843  53.678596  43.416248  33.974998 
 32.734894  41.492813  51.452187  61.647659  71.388283  80.668282  88.568436  93.943283  95.457657  92.933907  86.915939  78.451096  69.006561  59.452187  49.662971  40.038750  31.864998 
 30.686195  37.280155  46.026093  55.170937  63.915001  71.575310  78.064217  82.274216  83.623283  81.488747  76.544685  69.679062  61.720001  53.313904  44.470627  36.137344  29.999634 
 29.791771  33.497189  39.969532  47.768593  55.429375  61.915627  67.151093  70.532814  71.505623  69.902031  66.014687  60.474998  53.729065  46.297344  38.618439  32.437969  29.017761 
 28.301769  30.750103  33.862656  39.590054  45.967705  51.594376  56.108803  58.789474  59.450211  58.411407  55.349274  50.743332  45.016144  38.661301  33.015106  29.769424  27.724010 
 } 
 GR Channel
 {
 52.696144  57.472816  63.205521  72.424637  81.990265  90.194946  96.753693  100.239380  101.638123  99.746559  95.738434  89.168961  80.693855  71.197762  62.365257  57.200996  54.307655 
 55.460312  62.281563  72.440941  84.288597  95.571716  105.287659  112.792664  117.791870  119.210632  116.849060  111.592186  103.559372  93.569687  82.542969  70.775467  61.094528  55.957657 
 58.151817  68.939529  82.110313  95.841721  108.663910  120.312973  129.695786  136.044693  137.998749  134.892181  128.159851  117.899536  106.091408  93.403908  79.974060  67.107658  57.471191 
 61.943024  75.835938  90.857811  106.016090  120.876251  134.812195  146.538910  154.565781  157.030624  153.255310  144.841873  132.089844  117.787964  103.101410  88.290001  73.585625  60.704796 
 65.650047  81.568596  97.671722  114.375473  131.212967  147.355621  161.235474  170.161407  173.004379  168.834839  159.246567  144.470154  127.610474  111.240471  94.963753  79.015938  64.383858 
 68.773911  85.530785  102.523903  120.190155  138.570786  156.407181  171.483444  180.767975  183.230164  179.189850  169.439529  153.346252  134.871719  117.076096  99.685623  83.057190  67.068855 
 69.749893  87.021561  104.491249  122.809845  141.422180  159.982346  175.315933  184.535156  187.052811  183.190933  173.862808  157.629059  138.897812  120.281097  102.168121  84.545158  68.363701 
 68.808075  85.867035  103.102028  120.847809  139.090317  156.852341  172.181564  181.629837  184.101715  180.219849  170.890320  154.615158  135.943130  117.871872  100.580627  83.648750  67.766251 
 66.544006  82.267967  98.703751  115.617035  132.570313  148.871246  162.835785  172.047806  174.694534  170.625305  160.761871  146.196564  129.422974  112.913757  96.523903  80.347191  65.259270 
 62.629791  76.691872  92.028595  107.457657  122.481400  136.640472  148.512344  156.425156  158.857971  155.508743  146.967972  134.506088  119.991257  105.296097  90.199066  75.137810  61.971977 
 59.231567  70.092812  83.714218  97.877342  111.240784  122.965775  132.705933  139.093277  141.026413  138.016876  130.856400  120.723907  108.615471  95.708122  81.991409  68.728439  58.910515 
 57.042702  63.953125  74.213905  86.331093  98.001091  108.154533  116.091721  121.012344  122.609375  120.174225  114.613129  106.277657  96.180779  84.675003  72.726563  62.781876  57.065628 
 53.458130  59.023125  64.570358  73.492134  83.498383  91.807663  98.691513  102.952965  103.868538  102.170677  97.626869  90.948280  82.270988  72.601669  63.534477  58.302292  54.707710 
 } 
 GB Channel
 {
 53.569687  58.093025  63.973907  73.441818  83.106194  91.476875  97.976410  101.673119  103.078018  100.991768  96.731873  89.884010  81.161926  71.458015  62.587708  57.222191  54.288017 
 56.089684  62.820938  73.167030  85.253281  96.701408  106.534378  114.117035  119.094376  120.452194  117.803436  112.259369  104.029221  93.857971  82.678436  70.739372  60.903435  55.825943 
 58.550156  69.370781  82.877502  96.773438  109.859688  121.520309  131.001556  137.375931  139.197189  135.823120  128.800476  118.356567  106.329063  93.381561  79.771561  66.743752  57.087502 
 62.029060  76.216560  91.551407  107.006874  121.984375  136.017029  147.701096  155.900314  158.079849  154.039993  145.279373  132.305313  117.783600  102.927971  87.902344  72.951561  60.040314 
 65.681564  81.831566  98.159843  115.067505  132.164841  148.299057  162.162964  171.232025  173.864212  169.385315  159.548279  144.505783  127.464691  110.762657  94.417969  78.268906  63.528702 
 68.419685  85.520935  102.740623  120.547653  138.984222  156.837967  172.010468  181.047974  183.504379  179.440933  169.128128  152.976089  134.332962  116.393753  98.853752  82.113129  66.076454 
 69.298538  86.814377  104.572029  122.991089  141.591873  160.066711  175.216721  184.382813  186.819687  182.860474  173.338745  156.946091  137.966095  119.330154  101.086090  83.373436  67.100937 
 68.356041  85.528122  102.974846  120.730469  139.035004  156.749695  171.876556  181.230621  183.700943  179.655624  170.062027  153.743591  134.887497  116.768906  99.332970  82.414841  66.461296 
 65.742134  81.874847  98.376404  115.471558  132.342026  148.440155  162.362030  171.659378  174.086243  169.889847  159.777496  145.181091  128.446091  111.772499  95.422501  79.239998  64.234589 
 61.908699  76.305153  91.758125  107.385002  122.131088  136.170624  147.803589  155.820618  158.134995  154.645935  145.842651  133.350311  118.920151  104.259842  89.093597  74.025467  60.855263 
 58.910156  69.805779  83.508904  97.597969  110.854530  122.398438  131.967972  138.315628  140.160934  136.961868  129.694839  119.613754  107.662186  94.722031  81.043121  67.826721  58.029015 
 57.120575  63.742035  73.999687  86.128754  97.650467  107.523590  115.328903  120.391724  121.695618  119.258591  113.563126  105.183594  95.154373  83.835785  71.820313  61.996094  56.412140 
 53.895149  58.930573  64.289268  73.320000  83.307350  91.653389  98.306618  102.491089  103.352295  101.626305  97.106041  90.301720  81.441879  71.662239  62.713226  57.492973  53.963806 
 } 
 B Channel
 {
 35.468960  39.165623  43.547501  50.651924  57.669426  63.677452  68.252762  70.717194  71.629486  70.301506  67.589165  62.820107  56.516724  49.637497  43.028858  39.040779  37.593281 
 37.148956  42.233124  49.878754  58.696716  66.894218  73.816406  79.060471  82.295937  83.189064  81.465469  78.032501  72.508438  65.396095  57.396248  48.778435  41.702656  38.670364 
 38.573334  46.360001  56.168594  66.137810  75.332031  83.243279  89.477028  93.480469  94.692032  92.647812  88.353905  81.492653  73.291565  64.335312  54.749222  45.444843  39.289219 
 41.083332  51.196251  62.152031  72.997032  83.196251  92.495003  100.157501  105.339844  106.691254  104.186874  98.685623  90.227028  80.615936  70.627655  60.022659  49.562653  41.184536 
 43.684425  55.052971  66.727966  78.415001  89.832657  100.512657  109.655624  115.355469  117.036560  114.187973  107.879684  98.030785  86.876564  75.831879  64.548592  53.232498  43.741253 
 45.624218  57.628593  69.796562  81.967659  94.355156  105.962814  115.928436  121.735306  123.265472  120.612656  114.064056  103.440781  91.271408  79.317032  67.542656  55.901093  45.606720 
 46.314999  58.513748  70.941254  83.392967  95.693283  107.843285  117.758591  123.551559  125.316101  122.726410  116.469223  105.584061  93.365623  81.239059  69.106247  56.775627  46.288536 
 45.754841  57.572968  69.704216  81.826721  93.897499  105.501404  115.571869  121.565628  123.099533  120.743744  114.655777  104.164375  91.779686  79.791718  67.913437  56.233124  45.853546 
 43.723957  55.033127  66.584846  78.327034  89.684059  100.287971  109.529060  115.383286  117.034378  114.567505  108.120468  98.576096  87.545158  76.594063  65.338593  54.042191  44.343433 
 40.920937  51.029686  62.023590  72.922340  83.045158  92.343285  100.095627  105.042816  106.508125  104.503281  98.966873  90.985466  81.394531  71.505310  61.052032  50.429840  41.892551 
 38.658749  46.549999  56.336716  66.382965  75.559998  83.305779  89.660782  93.642502  94.857811  93.064377  88.594215  81.970467  73.918121  65.004532  55.334534  46.024532  39.620155 
 37.397812  42.332813  49.771095  58.446877  66.576096  73.454529  78.620316  81.866722  82.816719  81.398750  77.760468  72.388283  65.350159  57.334686  48.847031  41.771873  38.469372 
 35.239063  38.928642  42.917137  49.529373  56.660049  62.552238  67.274063  69.881927  70.689011  69.686661  66.659004  62.117653  56.005775  48.810112  42.362240  38.433125  36.467709 
 } 


 White Balance Data with optical Center Data
 r_center_x =  609 r_center_y =  491 
 gr_center_x =  629 gr_center_y =  491 
 b_center_x =  633 b_center_y =  494 
 gb_center_x =  627 gb_center_y =  491 
 r/gr 0.611607 
 b/gr 0.668697 
 gb/gr 0.996222 
 r_oc_ave 115.128891 
 b_oc_ave 125.875549 
 gr_oc_ave 188.240005 
 gb_oc_ave 187.528885 

 [AWB]
 RGr =  0.611607 
 BGr =  0.668697 
 GbGr =  0.996222 
 r_oc_ave =  115.128891 
 b_oc_ave =  125.875549 
 gr_oc_ave =  188.240005 
 gb_oc_ave =  187.528885 