 LEFT LENS SHADING DATA
 RED Channel
 {
 26.677341  29.026928  32.401772  38.450363  44.759586  50.392029  54.871353  57.479584  58.332962  56.908226  53.967651  49.498650  44.007133  37.856461  32.076145  28.675259  26.880676 
 28.426926  32.292969  38.608437  46.523907  53.962502  60.507660  65.790939  69.217499  70.208595  68.524063  64.778282  59.205315  52.629845  45.450626  37.906563  31.717968  28.494011 
 29.881771  36.432186  45.000938  54.075470  62.606873  70.372810  76.808441  81.171410  82.497185  80.312187  75.479218  68.642502  60.755783  52.549530  43.978592  35.807030  29.636406 
 32.073334  40.908749  50.731560  60.788750  70.584061  79.683441  87.599998  93.072968  94.670937  92.048126  86.098595  77.592659  68.264374  58.774529  49.218285  39.843594  31.907970 
 34.701355  44.535938  55.306717  66.348122  77.269066  87.753441  97.045937  103.106247  105.041405  102.127029  95.362343  85.356720  74.489532  63.961090  53.437187  43.351406  34.250778 
 36.561668  47.161251  58.316719  70.082184  81.918282  93.495003  103.404533  109.917816  111.647499  108.867500  101.769844  90.978752  78.900154  67.328438  56.291718  45.683907  35.918697 
 37.234219  48.213593  59.595154  71.771561  83.957809  95.729378  105.708435  112.270309  114.038589  111.212654  104.526093  93.548439  81.093597  69.179535  57.551872  46.548283  36.598072 
 36.558804  47.384842  58.509216  70.136719  81.980782  93.403748  103.192810  109.595314  111.444847  108.545937  101.954063  91.044060  78.932343  67.416092  56.446877  45.827656  36.029530 
 34.794323  44.914532  55.540154  66.527344  77.261406  87.766563  96.679062  102.788124  104.516403  101.748909  94.860001  85.218597  74.480621  63.977966  53.735779  43.726875  34.465206 
 32.500778  41.181408  51.082657  61.097031  70.505783  79.464531  87.187965  92.387657  93.876091  91.552032  85.666092  77.533905  68.225784  59.018906  49.487190  40.182343  32.205471 
 30.764271  36.978439  45.468906  54.566254  62.927185  70.366249  76.809059  81.157028  82.313126  80.227341  75.456253  68.830467  61.142967  52.891251  44.170937  36.073906  30.342449 
 29.843388  33.192345  39.318283  46.985939  54.505470  60.828278  66.235153  69.565155  70.551559  68.947655  65.175003  59.753593  53.242966  45.972031  38.409531  32.371094  29.264221 
 28.446720  30.627968  33.591824  39.202187  45.711094  50.998909  55.529533  58.144951  59.092812  58.082451  55.027916  50.504631  44.858597  38.450573  32.819736  29.820053  28.017136 
 } 
 GR Channel
 {
 51.271507  56.020256  61.554375  70.782555  80.632652  89.108902  95.962029  99.743126  101.128334  99.776512  95.310364  89.057343  80.587090  71.283592  62.303070  56.768700  53.262451 
 54.856094  61.622971  71.605621  83.788597  95.189529  105.324532  113.270157  118.583130  120.289993  117.927963  112.717651  104.671722  94.779999  83.704216  72.029533  62.037659  56.327446 
 57.539528  68.282654  81.525940  95.480003  108.625000  120.605316  130.490784  137.265320  139.460938  136.689529  129.803589  119.648285  107.706406  94.950470  81.563126  68.595779  58.630150 
 61.026146  75.011566  90.245003  105.516251  120.654526  134.782654  146.991257  155.495468  158.400314  155.051254  146.789063  133.954529  119.345932  104.568283  89.885002  75.255783  62.168495 
 64.900101  80.423439  96.826561  113.682816  130.551880  146.853745  161.314682  170.874069  174.005005  170.350464  160.802505  145.706253  128.753601  112.109848  96.028908  80.402191  65.935097 
 67.751305  84.216095  101.230156  119.166718  137.325317  155.390152  170.795319  180.794067  183.668747  179.960159  169.979065  154.077972  135.378433  117.473129  100.439217  84.060471  68.430260 
 68.657501  85.561249  102.871407  121.351563  140.139374  158.602966  174.194839  183.991089  186.650314  183.153900  174.150620  158.002808  139.027817  120.480942  102.567497  85.377655  69.674110 
 67.484268  84.295937  101.365936  118.955933  137.383118  155.334381  170.473434  180.089691  182.953598  179.580307  170.709213  154.593124  135.702820  117.672028  100.658279  84.111404  68.757454 
 64.917244  80.753281  96.993279  113.737183  130.615311  147.053131  160.983597  170.137192  173.269684  169.823593  160.367966  145.764221  128.896713  112.528122  96.536560  80.933128  66.201042 
 61.339066  74.934059  90.421562  105.929375  120.402344  134.509689  146.639221  154.792343  157.200943  154.420319  146.001724  133.955627  119.362183  104.947502  90.113281  75.537659  62.605782 
 58.449638  68.714844  82.102188  96.339066  109.194847  120.735153  130.760468  137.529373  139.615005  136.866714  130.053589  120.183289  108.373909  95.473747  81.977341  69.145622  59.453964 
 56.447289  62.775627  72.536247  84.643753  96.292343  106.226563  114.414063  119.555786  121.287811  119.134689  113.625000  105.679375  95.748749  84.535004  72.578278  62.956406  57.492867 
 53.219788  58.249374  63.400414  72.247505  82.160881  90.362396  97.053230  101.233490  102.931145  101.355110  97.056252  90.468536  81.960838  72.291252  63.459320  58.344948  54.993698 
 } 
 GB Channel
 {
 52.192139  56.772972  62.315773  71.898438  81.746094  90.312553  97.070992  100.934273  102.192192  100.503593  96.193275  89.517662  80.909058  71.450523  62.455315  56.968597  53.706932 
 55.699638  62.281097  72.475159  84.739685  96.226715  106.356094  114.269531  119.579681  121.082184  118.655472  113.253906  105.140778  95.110313  83.995941  72.204063  62.164215  56.567345 
 57.922653  69.009529  82.465782  96.558281  109.746559  121.657028  131.507034  138.021561  140.307343  137.420624  130.537338  120.136093  108.161873  95.283905  81.756409  68.603592  58.503799 
 61.534218  75.711090  91.110939  106.680779  121.821564  136.044846  148.090775  156.514999  159.276413  155.885315  147.311249  134.481400  119.900162  104.975159  89.871559  74.986877  61.981873 
 65.389946  81.050156  97.728592  114.724533  131.580933  147.807343  162.149536  171.544693  174.749695  171.140152  161.387192  146.248123  129.071564  112.333588  96.055939  80.145470  65.416924 
 68.050987  84.718285  101.852188  119.925308  138.225159  155.999222  171.125000  181.166565  184.040619  180.236725  170.220779  154.234222  135.628433  117.523132  100.223595  83.722656  67.930786 
 68.882919  86.007500  103.447342  121.968124  140.716568  158.822662  174.205307  183.714691  186.659851  183.009842  174.017654  157.925476  139.083908  120.373276  102.259216  84.882187  69.104691 
 67.680634  84.566872  101.801559  119.338287  137.565002  155.263443  170.185944  179.587341  182.585785  179.232498  170.251877  154.142654  135.532181  117.348129  100.152657  83.526405  68.156616 
 64.889267  80.889687  97.382034  114.015152  130.512497  146.682495  160.486252  169.532806  172.681412  169.145782  159.587189  145.046722  128.383118  112.012817  95.948128  80.201248  65.503746 
 61.324432  75.062965  90.515625  105.950935  120.237030  133.872192  145.669373  153.732498  156.250626  153.477341  145.119690  132.995789  118.592194  104.243439  89.421097  74.763283  61.967659 
 58.484787  68.690628  81.957184  95.986252  108.702660  119.934998  129.676086  136.265625  138.337814  135.617661  128.786087  119.027344  107.316719  94.755310  81.226875  68.445778  58.880569 
 56.425987  62.650780  72.303123  84.455780  95.754532  105.299530  113.455475  118.307968  120.146255  117.928757  112.427032  104.565781  94.763435  83.724220  71.889374  62.363281  57.061821 
 53.397240  58.128075  63.002708  71.862244  81.677658  89.635567  96.228584  100.276512  101.775414  100.166664  95.908905  89.453072  81.205521  71.400673  62.613960  57.672241  54.728065 
 } 
 B Channel
 {
 33.474216  36.656300  40.791512  47.692764  54.737503  60.916252  65.735100  68.322601  69.181198  67.999947  65.113914  60.718590  54.863441  48.178284  41.717655  37.613228  35.448647 
 36.136719  40.789845  47.972969  56.684219  64.864998  71.876251  77.248436  80.748436  81.697655  80.157654  76.735779  71.329216  64.570938  56.876404  48.513283  41.454063  37.851559 
 38.234428  45.564220  55.025154  64.949684  74.010780  82.061562  88.626404  92.949997  94.327499  92.485626  88.028282  81.349686  73.340782  64.659378  55.285934  46.233593  39.673386 
 40.692036  50.523903  61.217186  71.820938  82.042969  91.317032  99.380157  104.792816  106.705940  104.448280  98.875626  90.516090  81.021873  71.264061  61.027191  50.850784  42.396820 
 43.332241  54.239532  65.802658  77.271561  88.405624  99.049843  108.446091  114.633118  116.727341  114.262970  108.193436  98.387344  87.396095  76.389534  65.355469  54.635628  45.314373 
 45.027966  56.756096  68.563904  80.610779  92.563126  104.269684  114.283127  120.660461  122.759689  120.471100  114.209213  103.697815  91.550468  79.803749  68.209061  57.089996  47.050831 
 45.577705  57.631874  69.599220  81.846565  94.148438  106.095467  116.161713  122.599533  124.756256  122.479538  116.504684  105.736877  93.434685  81.481407  69.442810  57.844841  47.827141 
 44.846252  56.608749  68.447815  80.278748  92.206718  103.751404  113.643906  120.034683  122.055313  119.848434  113.976410  103.586876  91.405624  79.609062  68.139534  56.975159  47.192860 
 42.855785  54.141403  65.480782  76.813278  87.778908  98.303749  107.404373  113.447037  115.454224  113.176880  107.056091  97.750000  86.995781  76.256409  65.418282  54.730934  45.338856 
 40.375053  50.081093  60.782814  71.439529  81.065002  90.199219  97.937813  103.138435  104.714531  103.072502  97.781715  89.930313  80.667969  71.184532  60.956093  50.846252  42.673336 
 38.154118  45.558907  55.032188  64.671249  73.405472  81.062813  87.498436  91.788910  93.088593  91.570465  87.323906  80.936874  73.252502  64.618279  55.140160  46.209373  40.117290 
 36.614117  41.180157  48.133438  56.655785  64.581253  71.227341  76.639999  79.987656  81.136093  79.916565  76.499062  71.238907  64.571091  56.895622  48.459999  41.726406  38.601616 
 34.712448  38.439949  42.231354  48.696404  55.877914  61.563393  66.307083  69.059120  70.101723  69.319061  66.331558  61.974953  55.970894  49.055626  42.512081  38.870361  37.257866 
 } 


 White Balance Data with optical Center Data
 r_center_x =  645 r_center_y =  453 
 gr_center_x =  643 gr_center_y =  478 
 b_center_x =  636 b_center_y =  491 
 gb_center_x =  627 gb_center_y =  456 
 r/gr 0.611982 
 b/gr 0.668044 
 gb/gr 1.000902 
 r_oc_ave 114.546661 
 b_oc_ave 125.039993 
 gr_oc_ave 187.173340 
 gb_oc_ave 187.342224 

 [AWB]
 RGr =  0.611982 
 BGr =  0.668044 
 GbGr =  1.000902 
 r_oc_ave =  114.546661 
 b_oc_ave =  125.039993 
 gr_oc_ave =  187.173340 
 gb_oc_ave =  187.342224 