 LEFT LENS SHADING DATA
 RED Channel
 {
 27.595989  30.188488  33.596878  39.512398  45.833385  51.025414  55.291771  57.746727  58.184952  56.948227  53.990372  49.350311  43.866146  37.686146  31.990208  28.702240  26.865154 
 29.069324  32.919533  39.388126  47.141563  54.413597  60.735001  65.675934  68.868591  69.612656  67.836563  64.135155  58.564064  51.899063  44.665314  37.228127  31.084530  28.004742 
 30.392918  37.031250  45.660938  54.592812  62.885628  70.380470  76.579842  80.497971  81.644684  79.474060  74.664215  67.781715  59.852341  51.516563  42.948437  34.830311  29.018646 
 32.709843  41.575470  51.464066  61.388596  70.875000  79.691406  87.381721  92.463753  93.951096  91.176872  85.190002  76.689064  67.314842  57.906250  48.247185  38.909687  31.018436 
 35.278957  45.361874  56.083748  66.923904  77.667503  88.018593  96.926720  102.820313  104.355316  101.192345  94.358597  84.523125  73.561096  63.007034  52.510941  42.355625  33.186043 
 37.029373  47.863125  59.093750  70.622658  82.423904  93.841873  103.485466  109.650467  111.086563  108.038750  100.820938  90.049065  78.141403  66.421410  55.347969  44.776718  34.938595 
 37.814167  48.882500  60.378593  72.352028  84.448441  96.292030  106.188751  112.178284  113.665161  110.621094  103.945778  92.764374  80.342499  68.420937  56.762497  45.646873  35.588127 
 37.383957  48.189377  59.510628  71.098282  82.862030  94.184685  103.979691  110.063904  111.528908  108.369843  101.676872  90.721878  78.565155  66.926247  55.777191  45.055782  35.010155 
 35.728909  45.908279  56.575310  67.608910  78.372810  88.693748  97.606094  103.418594  104.957657  101.871407  95.084846  85.256874  74.421097  63.727814  53.262810  43.037186  33.712605 
 33.323330  42.212502  52.081566  62.182655  71.666252  80.463905  88.032341  93.019684  94.326248  91.859688  85.917969  77.583282  68.248123  58.776405  49.125778  39.663437  31.415104 
 31.330780  38.016407  46.724686  55.777191  64.197815  71.563278  77.677971  81.677811  82.669533  80.510468  75.715782  68.917191  61.122498  52.747658  43.992344  35.729843  29.424221 
 30.140781  34.156406  40.547344  48.445313  55.746559  62.078590  67.116875  70.152657  70.929688  69.220627  65.473747  59.916092  53.316719  45.930313  38.294376  31.955936  28.450935 
 28.526199  30.917866  34.457550  40.045315  46.472816  51.784218  56.029373  58.648285  59.223442  58.074791  55.020004  50.383385  44.678593  38.423645  32.470207  29.024689  27.001358 
 } 
 GR Channel
 {
 51.545830  56.761246  62.383331  71.544167  80.844841  89.220673  95.551308  99.454895  100.590828  98.686668  94.650208  87.877609  79.317612  69.933174  60.936096  55.899376  53.059792 
 54.654167  61.330002  71.480003  83.281250  94.465469  104.304222  111.923592  116.881561  118.288757  115.860001  110.589378  102.434685  92.405937  81.165466  69.517967  59.840622  54.648544 
 57.193909  67.900780  81.047188  94.714378  107.619690  119.183899  128.722809  134.970627  137.070786  134.098755  127.271408  116.989212  105.014374  92.057503  78.603592  65.811722  56.084846 
 60.869850  74.837967  89.817345  104.938904  119.574524  133.468597  145.415619  153.364212  156.007813  152.341095  143.827972  131.195007  116.715775  101.895782  86.874374  72.188751  59.151665 
 64.848755  80.561249  96.634216  113.167664  129.848129  145.913757  159.873749  169.104538  171.909225  167.874527  158.176712  143.450317  126.509842  109.970154  93.445465  77.552185  62.675514 
 67.741829  84.598282  101.434845  118.946091  137.004059  154.881882  170.044373  179.606873  182.057190  178.165161  168.111404  152.015930  133.697495  115.547653  98.176094  81.452812  65.391144 
 68.938232  85.947815  103.375000  121.412506  139.907501  158.390930  173.837967  183.353592  185.855942  182.069687  172.923904  156.409531  137.361557  118.803589  100.402191  82.864845  66.588806 
 68.055260  84.900467  102.032967  119.581406  137.573288  155.349213  170.657028  180.336563  182.919998  178.894684  169.719055  153.396561  134.573120  116.348755  98.743904  81.864998  65.925827 
 65.543434  81.400940  97.746719  114.462494  131.099533  147.313599  161.320160  170.625931  173.312500  169.449844  159.667496  144.943283  127.984375  111.168594  94.779999  78.657814  63.635315 
 61.710724  75.854065  90.946251  106.357498  121.078430  135.153122  147.036713  154.981873  157.324997  154.001724  145.346558  132.857193  118.214996  103.362816  88.228127  73.302811  59.986153 
 58.344063  69.339066  82.814377  96.757034  109.883438  121.397507  131.161407  137.508743  139.257813  136.385620  129.168747  118.996567  106.972969  93.802185  80.163597  67.013283  56.954742 
 56.038277  63.123909  73.375000  85.530159  96.905472  106.705315  114.537811  119.593445  120.909683  118.462036  112.812500  104.432343  94.387032  82.987968  70.984222  60.867813  55.232399 
 52.770363  57.852028  63.605003  72.566620  82.325264  90.781143  97.099892  101.324684  102.537605  100.680992  95.957497  89.220055  80.560158  70.745682  61.466515  56.061562  52.797401 
 } 
 GB Channel
 {
 52.903435  57.516777  63.168648  72.587761  82.095985  90.274841  96.511978  100.666824  101.550369  99.604118  95.089165  88.173439  79.536766  70.084740  60.880310  55.849533  53.037865 
 55.643852  62.244690  72.396561  84.515472  95.698280  105.504219  113.152817  117.968277  119.268906  116.593903  111.081253  102.712189  92.535934  81.173279  69.437813  59.668907  54.550781 
 57.923805  68.634842  82.160469  95.970154  108.814690  120.437973  129.860306  136.094528  137.956726  134.767975  127.678284  117.255310  105.086563  91.930000  78.331093  65.441406  55.704109 
 61.227287  75.528122  90.877190  106.302345  120.907974  134.752808  146.515320  154.402496  156.753754  152.901413  144.167496  131.327499  116.616562  101.647972  86.479530  71.602028  58.588486 
 65.153442  81.179688  97.616562  114.411880  131.121094  147.033432  160.746719  169.977341  172.667496  168.252350  158.262817  143.372498  126.421249  109.568123  92.911407  76.730621  61.929375 
 67.836349  84.979691  102.314842  119.881561  137.903595  155.607498  170.530151  179.829056  182.428436  178.212036  167.768600  151.631256  133.107193  114.880783  97.323753  80.448441  64.492180 
 68.871712  86.342346  103.985313  122.242661  140.500473  158.796097  173.966568  183.308899  185.756409  181.589539  172.184525  155.570007  136.548431  117.892654  99.371246  81.724373  65.581039 
 68.093391  85.136093  102.551872  120.143600  138.078278  155.633438  170.663757  180.013596  182.493591  178.260468  168.887650  152.408752  133.648590  115.349838  97.700783  80.668282  64.797241 
 65.496460  81.569374  98.060936  114.947495  131.565475  147.495789  161.218750  170.368744  172.978745  168.662506  158.786255  143.925156  126.880310  110.238747  93.711876  77.619377  62.488541 
 61.641563  75.989059  91.247658  106.697342  121.302338  135.087036  146.709381  154.490784  156.609528  153.029221  144.343903  131.838287  117.136871  102.393280  87.252029  72.273285  59.067238 
 58.519691  69.609688  83.120003  96.993279  110.041405  121.152496  130.566406  136.785004  138.284058  135.300781  128.057816  117.842651  105.918282  92.812187  79.214378  66.054535  56.061401 
 56.494850  63.339218  73.533905  85.580780  96.822189  106.446251  114.017349  118.891098  120.184845  117.559525  111.718437  103.448441  93.409065  82.114220  70.185310  60.182968  54.516930 
 53.381096  58.051094  63.750366  72.710571  82.522606  90.638329  97.102554  101.102135  102.061302  100.163902  95.338028  88.415108  79.850723  70.007347  60.879486  55.434006  52.149849 
 } 
 B Channel
 {
 35.540886  39.250053  43.530209  50.561302  57.483963  63.606148  67.994690  70.606140  71.231613  69.864738  67.055733  62.321877  56.210045  49.214165  42.498802  38.646664  37.204998 
 37.366722  42.312344  49.949371  58.778595  66.898125  73.726563  78.983437  82.111565  82.921410  81.272034  77.841560  72.125626  65.074844  57.072502  48.457344  41.337502  38.209583 
 38.743282  46.522655  56.387032  66.253281  75.181091  83.040779  89.379059  93.306564  94.436096  92.473122  88.032967  81.170311  72.997658  63.952034  54.360001  45.125469  38.817760 
 41.268646  51.352814  62.343903  73.145935  83.084686  92.320000  100.035004  105.118904  106.494377  104.094376  98.435783  90.017815  80.323441  70.262344  59.809532  49.326248  40.924587 
 43.956669  55.324997  67.068909  78.648438  89.838127  100.346718  109.369377  115.156555  116.790619  114.030319  107.654686  97.829376  86.721718  75.501404  64.204063  53.015938  43.272190 
 45.992809  57.954063  69.977814  82.079529  94.045311  105.653122  115.454224  121.483749  123.071243  120.535782  113.774368  103.183594  91.072502  79.058907  67.165466  55.558746  45.315418 
 46.683491  58.822029  70.966408  83.230934  95.451248  107.425934  117.452026  123.585938  125.121399  122.649689  116.571716  105.546410  93.025780  80.987030  68.597969  56.535469  46.048592 
 46.239635  58.057343  69.963280  81.877815  93.762810  105.361717  115.314529  121.383286  123.047806  120.542038  114.603439  103.845154  91.483124  79.417030  67.549530  55.826096  45.609634 
 44.116146  55.477814  67.012970  78.561874  89.678596  100.221565  109.318436  115.247971  116.899689  114.373444  107.925156  98.304535  87.200310  76.168907  64.903435  53.670311  43.884480 
 41.421513  51.521721  62.392189  73.136566  83.059219  92.217812  99.739532  104.832031  106.249687  104.149376  98.645157  90.562965  80.928436  70.932343  60.497498  49.963440  41.309689 
 39.147503  47.077499  56.910004  66.721252  75.589996  83.162498  89.282814  93.267342  94.314690  92.575623  88.052345  81.360626  73.398438  64.437653  54.780159  45.420311  38.981564 
 37.722553  42.757343  50.165939  58.862503  66.769997  73.372810  78.532501  81.467812  82.324844  80.807816  77.327187  71.828278  64.885002  56.870003  48.333595  41.116405  37.682449 
 35.345886  38.948383  43.313019  49.860001  57.001663  62.759895  67.035835  69.848648  70.431717  69.321144  66.340942  61.515991  55.461243  48.323334  41.736717  37.626614  35.762863 
 } 


 White Balance Data with optical Center Data
 r_center_x =  640 r_center_y =  498 
 gr_center_x =  646 gr_center_y =  497 
 b_center_x =  638 b_center_y =  504 
 gb_center_x =  646 gb_center_y =  507 
 r/gr 0.611516 
 b/gr 0.674413 
 gb/gr 0.999619 
 r_oc_ave 114.035553 
 b_oc_ave 125.764450 
 gr_oc_ave 186.479996 
 gb_oc_ave 186.408890 

 [AWB]
 RGr =  0.611516 
 BGr =  0.674413 
 GbGr =  0.999619 
 r_oc_ave =  114.035553 
 b_oc_ave =  125.764450 
 gr_oc_ave =  186.479996 
 gb_oc_ave =  186.408890 