 LEFT LENS SHADING DATA
 RED Channel
 {
 27.558540  29.906876  33.425884  39.460625  45.734112  50.992661  55.184998  57.662964  58.252548  56.923332  53.984474  49.603798  44.017082  38.064270  32.246044  28.827343  26.949429 
 29.500626  33.349377  39.814842  47.605625  54.913910  61.317032  66.312500  69.441093  70.322342  68.581253  64.910309  59.401093  52.786247  45.580936  38.080624  31.781719  28.466091 
 30.820313  37.634064  46.300938  55.290627  63.672188  71.211716  77.491096  81.611252  82.795937  80.557503  75.660309  68.872185  61.071877  52.753754  44.054531  35.755470  29.851925 
 33.212917  42.133751  52.181564  62.060310  71.686249  80.694221  88.385468  93.784531  95.344841  92.575310  86.363907  77.772346  68.533752  59.059998  49.373909  39.953438  31.880520 
 35.971878  45.948124  56.772659  67.817657  78.583435  89.100471  98.348122  104.242653  106.043747  102.679535  95.647972  85.535004  74.754684  64.193123  53.555466  43.335938  34.210102 
 37.916927  48.530472  59.740158  71.580467  83.379845  95.080315  105.206253  111.381409  112.898438  109.712967  102.257187  91.265472  79.309998  67.645935  56.394379  45.706093  35.822136 
 38.528748  49.517502  61.048126  73.208435  85.637810  97.605469  107.909843  113.949692  115.651718  112.454056  105.406563  94.141251  81.712341  69.557968  57.799690  46.600468  36.516926 
 37.908699  48.888908  60.206718  71.809685  83.778435  95.607033  105.557816  111.724686  113.426712  110.211250  103.131874  92.065781  79.900627  68.129219  56.761253  45.853592  36.083801 
 36.166981  46.499062  57.254372  68.182030  79.153435  89.817497  99.115471  104.900940  106.680313  103.531715  96.297813  86.510628  75.595467  64.868126  54.140938  43.856720  34.595261 
 33.700264  42.671719  52.716248  62.788284  72.359528  81.510468  89.351715  94.500938  95.905937  93.344376  87.206253  78.853439  69.431564  59.954376  50.064217  40.403595  32.326305 
 31.357449  38.285156  47.143436  56.375626  64.693748  72.222656  78.640160  82.973434  84.049843  81.788750  77.024376  70.199066  62.316719  53.717033  44.736561  36.361717  30.256096 
 30.061306  34.088593  40.788906  48.914688  56.318909  62.708122  67.897659  71.209999  72.137344  70.320313  66.460625  60.866722  54.100471  46.640625  38.837967  32.561562  29.044064 
 28.222973  31.000885  34.665367  40.819271  47.324951  52.583122  56.968277  59.636665  60.405891  59.127808  55.963959  51.340263  45.521095  39.012295  33.066513  29.680729  27.283649 
 } 
 GR Channel
 {
 52.017555  56.944641  62.842186  72.188339  81.541039  89.753326  96.115051  99.599739  101.047913  99.237289  95.528954  89.076042  80.968597  71.844528  62.668236  57.013382  53.406303 
 56.089226  62.867340  73.062187  84.917503  95.893127  105.573753  113.208588  118.115784  119.632507  117.533127  112.535629  104.750626  95.004219  84.118904  72.354065  62.296097  56.436722 
 58.726509  69.756721  83.001877  96.424530  108.987190  120.537338  129.979370  136.351410  138.512024  135.917496  129.381088  119.470306  107.911095  95.340622  81.989532  68.921562  58.982811 
 62.644119  76.697655  91.658279  106.434372  120.895462  134.622025  146.575775  154.594223  157.529068  154.094681  145.823288  133.427658  119.558746  105.142029  90.373436  75.624222  62.522346 
 66.769058  82.249062  98.379372  114.536087  130.863129  146.833130  161.152344  170.262650  173.405945  169.455475  159.982346  145.327347  128.950623  112.754379  96.723434  80.837189  66.270103 
 69.817703  86.096878  102.939529  120.231873  137.921570  155.561722  171.015152  180.557816  183.331100  179.541245  169.558746  153.860306  135.782806  118.037964  101.067810  84.542503  68.732498 
 70.744110  87.411407  104.559372  122.565475  140.805466  159.150467  174.473282  183.933594  186.835938  183.257034  174.181564  158.054840  139.638596  121.460632  103.430000  86.030312  69.934891 
 69.632034  86.430153  103.161095  120.562805  138.562027  156.361099  171.392029  180.736725  183.861725  180.080627  170.878906  155.157654  136.745468  118.881409  101.677971  84.895470  69.176506 
 66.876930  82.867966  98.937653  115.432816  131.953125  148.422501  162.382813  171.221252  174.360153  170.618118  160.865784  146.464996  130.070465  113.877182  97.631248  81.650467  66.742760 
 63.192711  77.324371  92.390472  107.636719  122.152039  136.199066  148.231400  155.938904  158.489380  155.588593  147.185150  134.859070  120.596100  106.274841  91.185310  76.204842  63.000885 
 59.478073  70.817032  84.380936  98.258125  110.995003  122.453430  132.132339  138.543442  140.707962  137.870468  131.139999  121.235001  109.567345  96.746719  83.021248  69.742500  59.572495 
 57.003700  64.298904  74.829529  87.155624  98.385628  108.032654  115.806244  120.658905  122.427963  120.241714  114.959381  106.835625  96.850784  85.507187  73.599998  63.456718  57.543175 
 53.499527  58.822441  64.957664  74.475204  84.488960  92.609108  99.011665  102.972450  104.262344  102.892349  98.137291  91.544373  82.940567  73.118019  63.851250  58.440262  54.289429 
 } 
 GB Channel
 {
 52.741669  57.433327  63.201347  72.749115  82.074013  90.326668  96.587395  100.107811  101.277191  99.454277  95.309792  88.793846  80.464745  71.243019  61.993279  56.346924  52.972343 
 56.618340  63.222504  73.573441  85.482658  96.539215  106.238747  113.666565  118.380310  119.807190  117.429688  112.329376  104.354691  94.520782  83.513435  71.741409  61.640472  55.915680 
 59.183800  70.134842  83.567032  97.041878  109.781403  121.220306  130.426407  136.607193  138.661713  135.806244  129.051712  118.990005  107.275467  94.654999  81.111092  68.110626  58.264374 
 62.949165  77.059998  92.294846  107.353439  121.788132  135.436096  147.155624  155.101563  157.630005  153.988907  145.562500  132.943588  118.943436  104.307655  89.428436  74.549065  61.637810 
 67.018280  82.742653  99.103279  115.554062  131.800003  147.609680  161.682037  170.547180  173.549850  169.571243  159.615158  144.729065  128.223755  111.882660  95.668594  79.729843  65.105881 
 69.780159  86.409531  103.421097  120.973907  138.703278  156.170944  171.291565  180.592972  183.169998  179.276413  168.948120  153.031723  134.838440  116.958588  99.758591  83.205315  67.380730 
 70.525940  87.622185  104.964844  123.156250  141.366257  159.485153  174.525787  183.736099  186.491714  182.511414  173.216095  156.964218  138.426086  120.021088  101.868439  84.581718  68.384422 
 69.467346  86.540466  103.474686  120.914368  138.859070  156.453125  171.194534  180.402969  183.330627  179.367966  169.782028  153.954849  135.453430  117.546097  100.201721  83.273125  67.710205 
 66.890671  83.004219  99.234222  115.681870  132.060944  148.343597  162.061096  170.687973  173.772339  169.765152  159.757507  145.304688  128.735001  112.500153  96.160156  80.214378  65.211044 
 63.084946  77.303909  92.535622  107.778908  122.168594  135.980942  147.805466  155.226563  157.768280  154.723434  146.072189  133.566879  119.309845  104.970627  89.811409  74.854691  61.718857 
 59.578125  70.796875  84.506721  98.332657  110.998749  122.203430  131.634064  137.902649  139.874222  137.005157  130.031097  120.119064  108.286095  95.489059  81.864685  68.589378  58.544792 
 57.184692  64.264687  74.892029  87.148590  98.324371  107.874062  115.372345  120.190933  121.785156  119.421875  113.854843  105.829376  95.722969  84.440468  72.579842  62.426720  56.699425 
 54.242599  59.068855  65.198067  74.737968  84.483543  92.671982  98.981720  102.666771  104.182861  102.532707  97.610886  90.784790  82.051094  72.155258  62.875046  57.475677  53.821922 
 } 
 B Channel
 {
 34.220623  37.362293  41.467705  48.114372  55.010216  60.774582  65.057709  67.362289  68.059013  66.814278  64.077492  59.764061  53.997505  47.490257  40.960205  36.938385  34.610054 
 37.152290  41.538124  48.776878  57.211876  64.980621  71.584999  76.639374  79.665627  80.391716  78.757187  75.471252  70.164063  63.574997  56.080467  47.878124  40.812344  37.220470 
 39.250988  46.589531  55.958908  65.308441  74.013596  81.732033  87.897659  91.742188  92.981873  90.931252  86.583122  79.977814  72.329376  63.859062  54.608124  45.619530  39.277657 
 42.027500  51.586250  62.162971  72.370468  81.980621  91.049843  98.663910  103.861565  105.458282  102.966408  97.269531  89.206566  80.046249  70.522972  60.420784  50.266563  41.916981 
 44.830727  55.657814  66.852501  77.937813  88.675629  98.999374  108.050003  113.741562  115.686096  112.870316  106.436249  96.836876  86.192970  75.617966  64.760628  53.970154  44.537033 
 46.701611  58.165154  69.774529  81.465622  93.107185  104.444847  114.303436  120.149368  121.751877  119.274536  112.569687  102.180626  90.539375  78.967812  67.531563  56.405312  46.349068 
 47.173336  59.055000  70.790627  82.788124  94.809372  106.581093  116.342972  122.149063  123.994370  121.356094  115.328278  104.611565  92.610466  80.803596  68.882500  57.156097  47.130463 
 46.353130  58.235626  69.857658  81.404686  93.175156  104.664063  114.235931  120.043900  121.888275  119.280319  113.324066  102.994377  90.970627  79.314377  67.704842  56.291252  46.360832 
 44.402660  55.720779  67.049377  78.116096  88.779846  99.302498  108.205780  113.733124  115.551712  113.170471  106.739220  97.526718  86.795624  76.013435  65.073441  54.054688  44.652187 
 41.604115  51.630157  62.372658  72.834846  82.335625  91.304062  98.894684  103.813904  105.299377  103.389221  98.019531  90.151566  80.833595  71.106720  60.746094  50.404999  42.055416 
 38.947601  46.917187  56.582184  66.257347  74.915154  82.308907  88.450783  92.657188  93.773903  92.016090  87.729218  81.330154  73.495468  64.756248  55.093750  45.880001  39.552086 
 37.143284  42.217655  49.761406  58.432030  66.271721  72.750465  77.838280  81.001251  81.972191  80.591408  77.012810  71.745628  64.906715  57.025154  48.494690  41.374844  38.075470 
 35.081612  38.645782  43.181614  50.042656  57.280670  62.901505  67.121819  69.694580  70.602600  69.644112  66.623230  61.956871  56.111092  48.812866  42.124683  38.245888  36.142555 
 } 


 White Balance Data with optical Center Data
 r_center_x =  645 r_center_y =  495 
 gr_center_x =  640 gr_center_y =  507 
 b_center_x =  646 b_center_y =  491 
 gb_center_x =  638 gb_center_y =  495 
 r/gr 0.618665 
 b/gr 0.662992 
 gb/gr 0.997843 
 r_oc_ave 115.995560 
 b_oc_ave 124.306671 
 gr_oc_ave 187.493332 
 gb_oc_ave 187.088882 

 [AWB]
 RGr =  0.618665 
 BGr =  0.662992 
 GbGr =  0.997843 
 r_oc_ave =  115.995560 
 b_oc_ave =  124.306671 
 gr_oc_ave =  187.493332 
 gb_oc_ave =  187.088882 