 LEFT LENS SHADING DATA
 RED Channel
 {
 29.830780  32.171616  36.010574  42.349426  48.811043  54.622185  58.643433  61.328804  61.932236  60.342186  57.007660  51.982613  46.040005  39.771408  33.724167  30.425884  28.652554 
 32.032028  35.850155  42.614532  50.826721  58.629372  65.315941  70.433441  73.653595  74.325783  72.402191  68.237030  62.129684  55.112503  47.485783  39.562500  33.214844  30.020466 
 33.545624  40.484375  49.387344  58.757965  67.654533  75.632187  82.057190  86.331253  87.337189  84.690941  79.503754  71.819534  63.432968  54.680779  45.549530  36.988125  30.943542 
 35.844788  45.349377  55.462814  65.761871  75.875465  85.447029  93.558128  99.059219  100.370155  97.086563  90.464844  81.012810  71.051720  61.000465  50.863129  41.116249  32.974171 
 38.390728  49.101563  60.205315  71.505783  82.908279  94.002342  103.656715  109.748123  111.338753  107.486717  99.873123  89.013283  77.314377  66.095314  55.044685  44.447811  35.069481 
 40.491302  51.619843  63.396561  75.279999  87.848282  100.057503  110.466095  116.801880  117.935623  114.363754  106.212341  94.506248  81.735779  69.517815  57.761566  46.664532  36.568489 
 41.310780  52.498909  64.611404  77.186249  89.652344  102.320625  112.719055  118.921249  120.347961  116.687027  109.144218  97.176559  83.897972  71.286095  59.092186  47.565468  37.237759 
 40.600937  51.744690  63.290939  75.578751  87.712341  99.535934  109.842499  116.142502  117.556244  113.966568  106.414375  94.540001  81.442657  69.545158  57.917969  46.750469  36.793594 
 38.811512  49.240471  60.192810  71.567970  82.752502  93.291092  102.479691  108.593903  110.012657  106.497658  98.837029  88.345314  76.885628  65.919220  55.065155  44.556564  35.309479 
 36.113121  45.309376  55.454376  65.716095  75.572342  84.493752  92.138596  97.261253  98.600624  95.601875  89.088905  80.257660  70.404533  60.831406  50.767342  41.189377  33.231045 
 34.060314  40.726563  49.567345  58.816254  67.468124  74.862816  81.084999  85.021408  85.995941  83.397812  78.239220  71.059219  62.925934  54.509689  45.389061  37.068127  31.464790 
 32.965992  36.558281  42.981407  50.926094  58.579842  64.815002  69.910156  72.955154  73.523750  71.576561  67.466408  61.599060  54.844688  47.375782  39.515469  33.387970  30.555676 
 31.318905  33.599739  36.664951  42.627552  49.045052  54.175835  58.507027  61.117447  61.372498  59.988235  56.702454  51.982399  46.050102  39.717239  33.886093  30.896927  29.096512 
 } 
 GR Channel
 {
 53.846092  59.056099  65.472809  75.270576  85.315880  93.854431  100.191154  104.264793  105.426353  103.547920  99.155098  92.261673  83.464890  73.906509  64.383385  58.906723  55.553802 
 58.241928  65.119217  75.766563  88.500778  100.133591  110.287971  118.064056  123.148132  124.568436  122.233749  117.030945  108.567497  98.282814  86.720467  74.319847  64.066093  58.391296 
 61.309273  72.449684  86.027344  100.180626  113.508911  125.475006  135.362503  141.914993  144.103287  140.933899  134.292969  123.716568  111.449684  98.245316  83.994843  70.449066  60.307396 
 65.249321  79.869530  94.947502  110.372498  125.619370  140.038284  152.637192  161.068756  163.863129  160.059998  151.442810  138.253433  123.335159  108.158592  92.537346  77.202034  63.926407 
 68.985046  85.441093  101.875778  118.468445  135.527969  152.354691  167.269379  177.036255  179.978119  175.663910  165.955780  150.650467  133.325623  116.232819  99.257187  82.521721  67.370262 
 71.867554  89.051094  106.445938  123.855621  142.361557  161.072342  177.272339  187.081558  189.723129  185.844055  175.567810  159.031723  140.211090  121.552338  103.418907  86.163597  69.690460 
 73.078232  90.201561  107.951561  126.301254  144.887344  164.279526  180.424850  190.356873  193.161407  189.350784  179.968597  163.170944  143.719528  124.664841  105.690315  87.501877  70.963120 
 71.836510  88.957970  106.161407  124.092651  142.267029  160.527969  176.624695  186.655945  189.653275  185.812195  176.459686  159.511566  140.092499  121.589371  103.700935  86.350784  70.180565 
 68.927498  85.212502  101.523438  118.445465  135.487503  151.946411  166.497971  176.295624  179.439850  175.484375  165.495316  150.387650  133.040161  116.168747  99.397659  82.880470  67.639420 
 64.868805  79.336090  94.839996  110.183441  125.178284  139.456100  151.642807  159.970001  162.653275  159.488754  150.809525  138.003906  123.245941  108.234375  92.622345  77.396248  64.197914 
 61.415886  72.509842  86.327347  100.220467  113.568283  125.308289  135.237030  141.719055  143.825317  141.166870  134.044846  123.721725  111.586716  98.326721  84.120468  70.742653  61.249115 
 59.040680  66.066719  76.496407  88.637970  100.279686  110.203751  118.159225  123.158432  124.591400  122.509537  117.062347  108.700623  98.406876  86.746559  74.424530  64.671562  59.666977 
 55.154427  60.645264  66.160782  75.794006  85.588860  93.672501  100.479424  104.530937  105.519112  103.958908  99.529633  92.791878  83.911453  73.827820  64.956413  60.179893  57.020317 
 } 
 GB Channel
 {
 54.442345  59.326096  65.759682  75.796768  85.570358  94.145309  100.300156  104.061401  105.180779  102.968803  98.254738  91.263855  82.473122  72.749481  63.247711  57.760941  54.648430 
 58.801094  65.557968  76.300934  88.880936  100.466408  110.392815  117.944534  122.713287  123.817657  121.347351  115.724533  107.153435  96.886871  85.360313  73.041878  62.854691  57.259689 
 61.786407  72.873283  86.721565  100.864998  114.022034  125.758591  135.267502  141.519379  143.258286  139.966400  133.061096  122.327972  110.020622  96.772346  82.620941  69.066559  59.164063 
 65.555725  80.327812  95.709846  111.107811  126.203430  140.345627  152.626556  160.753906  163.099380  158.973129  149.999069  136.693588  121.795151  106.558594  90.907028  75.675934  62.346352 
 69.267555  85.894844  102.564529  119.222504  136.148438  152.873276  167.397812  176.681717  179.257187  174.567505  164.525314  149.157349  131.647034  114.462494  97.369377  80.888908  65.760788 
 72.129372  89.441872  107.026566  124.539841  143.129059  161.429062  177.203125  186.647812  188.982498  184.727341  174.108749  157.411560  138.410782  119.842346  101.628754  84.390472  68.024422 
 73.524010  90.645470  108.521873  127.110306  145.619690  164.566879  180.311249  189.648743  192.299057  188.150940  178.370316  161.389999  141.907349  122.744217  103.728752  85.626877  69.251877 
 72.261360  89.512184  106.777969  124.824844  142.900940  160.746719  176.539368  186.130157  188.755463  184.530319  174.870789  157.916412  138.379379  119.967026  101.843437  84.490623  68.485626 
 69.451927  85.887970  102.277969  119.159378  136.104843  152.216400  166.429062  175.713440  178.577652  174.304062  163.987503  148.716568  131.431870  114.474533  97.710159  81.236092  66.057968 
 65.396255  79.946251  95.496246  110.733749  125.609070  139.627350  151.405945  159.372025  161.878128  158.343750  149.321243  136.431412  121.551880  106.585159  91.021095  75.867500  62.890419 
 62.049057  73.057816  86.963127  100.774063  113.874695  125.426254  135.083130  141.262024  143.170151  140.050156  132.763443  122.287033  110.091721  96.877655  82.692497  69.435623  60.147293 
 59.854576  66.546249  76.888435  89.048904  100.536720  110.142815  118.054382  122.799850  124.091248  121.702820  115.852966  107.481873  97.225624  85.479378  73.207031  63.594688  58.813438 
 56.171249  61.129585  66.675941  76.003281  85.856934  93.672813  100.442291  104.527550  105.325005  103.280312  98.847343  91.824371  82.793549  72.807289  63.866821  59.187187  56.336777 
 } 
 B Channel
 {
 35.773643  38.981144  43.604481  50.808495  58.013901  64.018127  68.320206  70.890785  71.688438  70.255882  67.192657  62.448387  56.410728  49.615204  42.876980  38.894375  36.870205 
 38.815311  43.549061  51.091560  60.085785  68.289528  75.240623  80.559372  83.708908  84.342186  82.791092  79.203278  73.451096  66.457809  58.453125  49.742813  42.631874  39.168541 
 41.007603  48.720940  58.447815  68.371719  77.575157  85.698906  92.207031  96.372658  97.400467  95.281097  90.840935  83.845154  75.488907  66.450310  56.593597  47.221718  40.902760 
 43.985310  53.899063  64.645470  75.466248  85.794998  95.454529  103.711876  109.057343  110.604378  107.839996  102.121719  93.371559  83.507187  73.264999  62.535622  51.970154  43.361614 
 46.835938  57.839691  69.350624  80.972031  92.492188  103.635941  113.276093  119.302032  121.160629  117.918274  111.498283  101.464531  89.994217  78.567032  66.997658  55.651878  45.988537 
 48.689316  60.418282  72.351715  84.433281  96.872032  109.289528  119.520630  125.727341  127.301712  124.473755  117.437973  106.549217  94.372345  82.100159  69.860626  58.121559  47.571980 
 49.360054  61.206093  73.294220  85.805000  98.347504  110.978439  121.361557  127.650787  129.341721  126.616882  120.124222  108.986565  96.452812  83.984375  71.260780  58.992340  48.512138 
 48.571724  60.509842  72.215469  84.258904  96.558281  108.545937  118.772339  125.116257  126.802185  124.113129  117.900620  106.871719  94.211876  82.147186  69.986565  58.134377  48.079376 
 46.570629  57.894379  69.267654  80.570000  91.979843  102.772659  112.126251  118.165314  120.000305  117.251099  110.712029  100.818436  89.642967  78.441719  67.075470  55.852814  46.252808 
 43.625366  53.782654  64.597031  75.047188  84.889999  94.397659  102.135941  107.359528  109.035934  106.889687  101.136093  92.739220  83.051559  73.144684  62.416718  52.002029  43.769741 
 41.155003  48.901253  58.582657  68.282188  77.139847  84.904060  91.375626  95.441254  96.602028  94.740158  90.238434  83.254372  75.304840  66.268906  56.458908  47.305313  41.629898 
 39.362034  44.198906  51.537346  60.107658  68.101715  74.742188  80.120155  83.299217  84.056717  82.653122  79.032188  73.481407  66.368904  58.341248  49.710625  43.077812  40.403233 
 37.132866  40.716618  44.759636  51.378693  58.328590  63.908440  68.557037  71.334427  71.889847  70.721046  67.865524  63.128693  56.867447  49.786255  43.268124  40.047813  38.692394 
 } 


 White Balance Data with optical Center Data
 r_center_x =  633 r_center_y =  494 
 gr_center_x =  640 gr_center_y =  520 
 b_center_x =  633 b_center_y =  489 
 gb_center_x =  637 gb_center_y =  480 
 r/gr 0.623623 
 b/gr 0.670500 
 gb/gr 0.996327 
 r_oc_ave 120.733337 
 b_oc_ave 129.808884 
 gr_oc_ave 193.600006 
 gb_oc_ave 192.888885 

 [AWB]
 RGr =  0.623623 
 BGr =  0.670500 
 GbGr =  0.996327 
 r_oc_ave =  120.733337 
 b_oc_ave =  129.808884 
 gr_oc_ave =  193.600006 
 gb_oc_ave =  192.888885 