 LEFT LENS SHADING DATA
 RED Channel
 {
 27.162659  29.414322  33.009636  38.953648  45.285885  50.907501  55.292397  57.674683  58.479324  57.177193  54.460678  49.729424  44.153336  38.020836  32.352863  29.152397  27.432812 
 29.053074  32.812031  39.319843  47.161564  54.616096  61.118752  66.240311  69.687187  70.567032  68.818436  65.182968  59.746719  52.966248  45.632500  38.060158  32.011562  28.940315 
 30.436405  37.127029  45.635624  54.685310  63.154060  70.803436  77.279999  81.708122  82.914375  80.627655  76.001404  69.188591  61.262657  52.875778  43.967030  35.751408  30.011616 
 32.708389  41.709843  51.399216  61.431404  71.094376  80.210472  88.157501  93.644531  95.319534  92.431252  86.424530  77.983284  68.587967  59.007813  49.234688  39.789219  31.881508 
 35.157921  45.283749  55.883438  66.707497  77.742035  88.278595  97.515160  103.880157  105.519218  102.472969  95.566719  85.610939  74.705467  64.070625  53.429375  43.199532  34.115154 
 36.699268  47.633438  58.867966  70.373749  82.350311  94.150627  104.125000  110.571716  112.257187  109.218750  102.020470  90.971718  78.967033  67.461090  56.220940  45.413437  35.568851 
 37.459324  48.472031  60.089844  72.073280  84.207344  96.321251  106.557190  112.776413  114.445938  111.600159  104.763123  93.423279  80.971252  69.038597  57.358910  46.199062  36.267395 
 37.217712  47.713123  58.940781  70.521095  82.332184  93.935158  104.026093  110.280312  111.965782  109.070313  102.072968  91.061249  78.840782  67.418907  56.231560  45.536407  35.634113 
 35.454739  45.399532  55.879372  66.888748  77.649841  88.096718  97.328278  103.354843  105.111565  102.146561  95.034691  85.294533  74.557190  63.966873  53.594063  43.377655  34.280365 
 33.029270  41.785938  51.417969  61.306564  70.812347  79.753593  87.413124  92.839844  94.257187  91.731873  85.629997  77.536095  68.270622  58.978905  49.300003  39.919533  32.046406 
 30.777187  37.468437  45.967186  54.818436  63.286720  70.777031  77.053596  81.166878  82.258438  80.232658  75.419373  68.726875  61.064064  52.732811  43.997501  35.930313  30.142395 
 29.619427  33.456718  39.779064  47.458126  54.913750  61.324684  66.295311  69.436096  70.269997  68.767967  64.987190  59.605469  53.025467  45.742188  38.204220  32.200783  29.207653 
 28.191093  30.499844  33.823647  39.616875  45.772923  51.025101  55.474480  57.920891  58.533333  57.470673  54.520096  50.055260  44.489426  38.325939  32.658592  29.684322  27.813908 
 } 
 GR Channel
 {
 51.103386  55.827553  61.755104  71.264061  81.049164  89.480728  95.791618  99.670982  100.961296  99.226357  95.141769  88.160110  79.480209  69.942184  60.805260  55.769897  52.426559 
 54.999634  61.624847  71.994690  84.262810  95.750000  105.702812  113.498901  118.442032  119.882339  117.459686  112.347183  104.157188  93.880623  82.578438  70.529221  60.685310  55.369064 
 57.785370  68.618904  82.033440  96.015778  108.930153  120.776245  130.450623  136.968903  138.817963  135.646561  129.148590  119.084061  106.911407  93.980316  80.011719  66.865471  57.360260 
 61.465309  75.694061  90.816406  105.892502  120.814850  134.804535  146.863586  155.094528  157.562027  153.801880  145.400467  132.854065  118.512970  103.640778  88.432030  73.395157  60.677025 
 65.295570  81.259529  97.487816  113.798279  130.625000  146.865158  161.103745  170.438126  173.115463  169.061249  159.431717  144.679688  128.013748  111.467812  95.005936  78.834999  64.122505 
 67.894630  84.996094  101.925629  119.310150  137.365463  155.496719  170.778275  180.382339  182.870468  178.913589  168.849213  152.564056  134.301880  116.550476  99.207344  82.332497  66.520828 
 68.984955  86.086403  103.621719  121.562347  139.943283  158.532501  174.131409  183.359375  185.906403  182.196564  172.757034  156.113754  137.556717  119.275787  101.175468  83.518753  67.722084 
 68.216148  84.710312  101.870003  119.184067  137.056717  154.983749  170.304840  179.649536  182.170944  178.520004  169.084534  152.922180  134.282654  116.748444  99.274529  82.468285  66.872238 
 65.495781  81.112656  97.121246  113.792816  130.281876  146.378433  160.428589  169.602341  172.417816  168.628601  158.741089  144.237808  127.683441  111.494217  95.210472  79.107498  64.391670 
 61.459419  75.484222  90.450623  105.520470  120.109528  133.818130  145.497345  153.664215  156.120621  152.849380  144.482971  132.335312  118.069214  103.669533  88.568123  73.556252  60.799576 
 57.871773  68.774689  82.130157  95.846878  108.730156  120.239212  129.584381  136.010941  137.898743  135.168442  128.334381  118.507507  106.794998  94.036247  80.311874  67.202972  57.784004 
 55.604691  62.373436  72.453903  84.403282  95.903435  105.626091  113.177658  117.857346  119.342651  117.282349  111.807503  103.880936  94.002502  82.761871  70.912811  61.208908  56.043282 
 52.703026  57.475937  62.825363  71.801819  81.517181  89.524223  96.374527  100.131302  101.158699  99.567963  95.292084  88.607597  80.168755  70.466881  61.635315  56.934532  53.416191 
 } 
 GB Channel
 {
 51.393333  55.968742  61.985466  71.656036  81.579895  90.017975  96.667603  100.501251  101.688332  99.773338  95.495468  88.437714  79.502708  69.838486  60.628853  55.551193  52.252449 
 55.277504  61.922501  72.327347  84.739372  96.280312  106.301094  113.994690  119.089996  120.452499  117.778748  112.482346  104.290627  93.833122  82.350784  70.172188  60.342659  55.262032 
 57.773125  68.753128  82.364220  96.438591  109.540939  121.229843  130.888748  137.350159  139.181564  135.864380  129.244995  119.122818  106.779373  93.697968  79.677345  66.442970  56.901093 
 61.383179  75.771721  91.193748  106.519379  121.460785  135.364212  147.380310  155.567032  157.965622  154.037033  145.465775  132.816254  118.333908  103.315002  87.903435  72.778908  59.957863 
 65.052971  81.291092  97.726563  114.353912  131.264526  147.421722  161.460938  171.025620  173.693588  169.405945  159.526718  144.629211  127.758591  111.137810  94.398285  78.053123  63.301872 
 67.489532  84.757660  102.002342  119.553589  137.675781  155.703125  170.915939  180.535309  183.085632  178.913284  168.657349  152.208435  133.952026  115.950775  98.496559  81.486252  65.651253 
 68.544746  85.750778  103.529060  121.706253  140.179062  158.638443  173.790161  183.060471  185.742661  181.858902  172.279526  155.477661  136.908279  118.467026  100.262810  82.520470  66.460258 
 67.680046  84.384842  101.689377  119.250626  137.111877  154.847961  169.960632  179.252029  181.881561  178.027191  168.358276  152.141876  133.576401  115.820786  98.336716  81.454529  65.668488 
 64.875153  80.842033  96.853279  113.660156  130.039536  146.024841  159.921402  169.070313  171.922653  167.932968  158.002350  143.387024  126.913589  110.640938  94.217812  78.060936  63.261772 
 61.001457  75.186874  90.064377  105.344528  119.768753  133.360626  144.835007  153.045151  155.354843  152.120621  143.535782  131.451569  117.230316  102.830315  87.618591  72.682190  59.855522 
 57.603493  68.508278  81.878281  95.492035  108.279846  119.633118  128.936401  135.319534  137.119217  134.314056  127.509842  117.509216  105.940002  93.125313  79.347343  66.327034  57.009323 
 55.699585  62.125000  72.265160  84.139374  95.556877  105.153435  112.584213  117.348434  118.809219  116.487183  110.999687  103.019684  93.160782  81.944534  70.116562  60.550781  55.626823 
 52.807495  57.334587  62.585358  71.677704  81.247284  89.353020  96.057350  99.690109  100.774849  99.183441  94.676353  87.813438  79.313911  69.819740  60.948227  56.200989  53.082237 
 } 
 B Channel
 {
 33.910522  37.002605  41.208649  47.868702  54.634377  60.505264  64.892494  67.450676  68.453651  67.203018  64.349113  59.620003  53.473595  46.666771  40.287704  36.592606  34.865524 
 36.663437  41.305939  48.474060  56.743904  64.643127  71.361717  76.533752  79.984222  80.870316  79.290939  75.853905  70.181252  63.176720  55.215935  46.864376  40.190937  37.050522 
 38.678905  46.225780  55.517815  64.986877  73.603279  81.329376  87.660469  91.852654  93.254997  91.346878  87.038597  80.283127  72.034531  63.001251  53.453278  44.562969  38.542343 
 41.400574  51.054535  61.585472  71.812035  81.462654  90.479218  98.287346  103.713440  105.412033  103.064842  97.631096  89.160309  79.605003  69.499222  59.109688  49.029999  40.857914 
 44.035259  54.877968  66.131561  77.149841  88.014687  98.278435  107.250778  113.488281  115.373123  112.818588  106.596405  96.943748  85.729065  74.701248  63.464844  52.615471  43.282341 
 45.640888  57.203590  68.870781  80.522659  92.130623  103.578125  113.184998  119.406250  121.197189  118.837967  112.462967  101.891090  89.865311  78.061409  66.179688  54.962967  44.973591 
 46.290371  57.925156  69.737343  81.688751  93.572189  105.239998  114.996399  120.841095  122.660782  120.529694  114.671722  103.891403  91.690315  79.710159  67.502815  55.731094  45.658798 
 45.801563  57.065315  68.534065  80.167656  91.735779  102.878754  112.419525  118.324692  120.138275  118.038132  112.259842  101.873596  89.736252  77.935623  66.141403  54.965157  45.012867 
 43.869114  54.622658  65.513908  76.669846  87.345154  97.503281  106.194534  111.860313  113.648285  111.378128  105.316406  96.104691  85.441872  74.602188  63.579842  52.805939  43.380520 
 41.104897  50.644066  60.832497  71.058441  80.632500  89.378593  96.543907  101.514061  102.832184  101.023750  95.800156  88.193748  79.040466  69.406250  59.071091  49.052185  40.873856 
 38.637192  45.970936  55.129845  64.433128  73.059059  80.498123  86.348595  90.101875  91.083908  89.489220  85.466721  79.202034  71.595779  62.898285  53.393440  44.656876  38.722290 
 36.855621  41.426876  48.392502  56.682816  64.378128  70.900780  75.672028  78.406250  79.196251  77.940628  74.620155  69.535622  62.929840  55.268280  46.923126  40.470314  37.449898 
 35.239376  38.300209  42.205414  48.536148  55.257286  60.805161  65.210152  67.480415  67.937920  66.883957  64.247444  59.871460  54.066307  47.398487  41.036877  37.769062  36.007393 
 } 


 White Balance Data with optical Center Data
 r_center_x =  636 r_center_y =  503 
 gr_center_x =  637 gr_center_y =  496 
 b_center_x =  633 b_center_y =  450 
 gb_center_x =  632 gb_center_y =  467 
 r/gr 0.614474 
 b/gr 0.659041 
 gb/gr 0.998191 
 r_oc_ave 114.715561 
 b_oc_ave 123.035553 
 gr_oc_ave 186.688889 
 gb_oc_ave 186.351105 

 [AWB]
 RGr =  0.614474 
 BGr =  0.659041 
 GbGr =  0.998191 
 r_oc_ave =  114.715561 
 b_oc_ave =  123.035553 
 gr_oc_ave =  186.688889 
 gb_oc_ave =  186.351105 