 LEFT LENS SHADING DATA
 RED Channel
 {
 28.513069  31.195152  34.834896  41.246250  47.796513  53.281982  57.576668  60.063385  60.815727  59.692444  56.852242  52.347191  46.765995  40.347393  34.291718  30.654842  28.586926 
 30.433075  34.485783  41.336563  49.446251  57.057968  63.652809  68.836250  72.066093  72.957809  71.327660  67.662033  62.148438  55.653282  48.266563  40.356094  33.816719  30.181511 
 31.619740  38.612030  47.677189  56.863747  65.647034  73.410782  79.904686  84.102028  85.218437  83.199532  78.442032  71.593597  63.922501  55.426407  46.506718  37.878281  31.625576 
 33.719528  42.975155  53.217972  63.502502  73.432190  82.762657  90.779373  96.208282  97.710472  94.890160  88.936562  80.552345  71.236877  61.627342  51.929535  42.116875  33.677288 
 35.928852  46.440937  57.496094  68.592033  79.877815  90.537346  100.054375  106.291878  108.055313  104.824066  98.072968  88.161560  77.148285  66.466873  55.911560  45.410313  36.238647 
 37.458801  48.624847  60.139221  72.052498  84.185623  95.928284  106.197968  112.800308  114.407806  111.313278  104.080467  93.429375  81.356407  69.685623  58.520470  47.675468  37.729012 
 37.873959  49.224373  61.160156  73.479530  85.766563  97.866562  108.152969  114.691254  116.582031  113.534851  106.690941  95.687965  83.239685  71.286095  59.551559  48.352814  38.178226 
 37.144268  48.235939  59.835938  71.719688  83.747658  95.170311  105.346565  111.949997  113.821869  110.672188  103.858284  93.178909  80.976250  69.414528  58.290314  47.420467  37.543179 
 35.541718  45.688595  56.635628  67.838127  78.839691  89.126877  98.243279  104.693748  106.657501  103.649689  96.506721  87.081718  76.376091  65.995316  55.469215  45.149845  35.771301 
 33.197342  41.889217  51.883438  62.230316  71.856720  80.806877  88.406876  93.733284  95.517654  93.249687  87.194847  79.232185  70.000313  60.833282  51.203903  41.524845  33.393387 
 31.208595  37.597969  46.225780  55.448906  64.197815  71.578751  77.951248  82.207970  83.555626  81.718285  77.022034  70.351410  62.564217  54.440315  45.686092  37.254532  31.195572 
 30.175209  33.665627  39.910000  47.894062  55.641716  62.147499  67.290627  70.637970  71.727814  70.282654  66.668907  61.029999  54.377968  47.293907  39.607033  33.340626  29.967289 
 28.484791  30.856876  33.929581  39.709480  46.246513  51.796249  56.286041  59.062767  59.814064  58.937866  56.091202  51.222923  45.544842  39.276615  33.596825  30.331459  28.196457 
 } 
 GR Channel
 {
 52.215889  57.396713  63.468964  73.169434  82.935783  91.144218  97.368797  101.167709  102.400108  100.656303  96.472496  89.995155  81.730629  72.116455  62.692192  56.883957  53.513962 
 56.112961  63.022346  73.763123  85.975471  97.450157  107.259842  114.824844  119.413132  120.775940  118.636093  113.423752  105.505783  95.719376  84.589378  72.619690  62.308128  56.283958 
 58.540260  69.775467  83.567970  97.594841  110.718124  122.315628  131.809219  137.861099  139.410629  136.679840  130.065781  120.042038  108.596252  95.785934  82.262344  68.912186  58.820518 
 61.911140  76.376564  92.088280  107.560158  122.470001  136.412506  148.229996  155.981094  158.221878  154.690628  146.567810  134.078125  120.001877  105.576561  90.561249  75.595940  62.470108 
 65.476929  81.720467  98.602654  115.413437  132.172974  148.354218  162.502182  171.476257  174.087036  170.024368  160.692657  146.001099  129.387024  113.197495  96.978905  80.992340  66.280464 
 67.834061  85.076561  102.608437  120.540314  138.690628  156.520935  172.037964  181.465317  183.792191  179.782806  169.936722  154.190475  135.835159  118.127182  101.015472  84.432503  68.792084 
 68.470001  85.901253  103.949997  122.468277  141.047501  159.656097  175.158905  184.666870  187.162338  183.226089  174.060471  157.703125  138.948746  120.891876  102.942184  85.547653  69.612450 
 67.359848  84.331718  102.065002  120.000778  138.163437  155.997650  171.200317  180.823914  183.547028  179.474838  170.267502  154.247345  135.654373  117.997025  100.859688  84.044685  68.508026 
 64.790001  80.561249  97.289841  114.427505  131.333130  147.562653  161.475159  170.782654  173.617493  169.700943  159.876724  145.446716  129.049225  112.915466  96.642342  80.730003  65.862503 
 60.953285  74.678909  90.141716  106.079063  121.043594  135.057037  146.932037  154.855469  157.455307  154.372345  145.812805  133.575470  119.496567  105.198753  90.069534  75.122498  62.052086 
 57.899170  68.212502  81.712967  95.994690  109.445778  121.151413  130.863434  137.285309  139.327820  136.710464  129.811874  119.761719  108.008125  95.272346  81.606094  68.388748  58.642502 
 55.864532  61.993904  71.872498  84.269684  96.295311  106.381874  114.443909  119.374695  120.996094  118.802505  113.289063  105.055939  95.116875  83.930779  72.007660  62.156563  56.519058 
 52.450363  57.156616  62.064171  71.170105  81.261559  89.831039  96.679955  100.918854  102.112549  100.506668  96.215309  89.320518  80.618958  71.070572  62.166618  57.082809  53.433640 
 } 
 GB Channel
 {
 51.663078  56.690987  62.713852  72.391556  82.149223  90.340164  96.726303  100.477600  101.640831  99.851456  95.653175  89.112549  80.834274  71.198799  61.750526  56.178856  52.674263 
 55.419319  62.273285  72.875938  85.096565  96.464844  106.149529  113.671097  118.240936  119.601257  117.276871  112.075470  104.211090  94.603439  83.526093  71.568436  61.402191  55.563438 
 57.650360  68.856407  82.551720  96.511566  109.548752  121.044693  130.405151  136.440628  138.076569  135.278748  128.764694  118.725006  107.358284  94.633438  81.052345  67.814217  57.783600 
 61.036980  75.509064  91.187653  106.508591  121.313904  135.082962  146.966873  154.635941  157.048752  153.331253  145.070313  132.585464  118.720306  104.237030  89.327187  74.414215  61.244423 
 64.193382  80.759842  97.655472  114.510315  131.186722  147.081558  161.135788  170.275314  173.021088  168.885788  159.326096  144.649216  128.132507  111.844063  95.637032  79.600311  64.815727 
 66.481979  84.056564  101.764847  119.528275  137.723755  155.303284  170.624847  180.168594  182.650787  178.660629  168.775467  152.978912  134.653900  116.967819  99.785004  83.152496  67.429169 
 67.187401  84.910309  103.079689  121.616089  140.164215  158.469528  173.852493  183.366409  185.895462  181.944382  172.862976  156.633118  137.812027  119.649994  101.730156  84.353752  68.308334 
 66.105103  83.297188  101.167816  119.175476  137.267349  154.895004  170.110474  179.800476  182.597656  178.546402  169.269058  153.270004  134.672501  117.041718  99.795158  83.033752  67.258751 
 63.806770  79.515938  96.517502  113.740311  130.627350  146.641876  160.602188  169.925476  172.902496  168.889374  159.067505  144.698593  128.194214  112.057968  95.750938  79.799843  64.847549 
 60.213692  74.000153  89.572029  105.446091  120.357651  134.284225  146.045471  154.151245  156.811874  153.546097  145.095001  132.940002  118.725159  104.477341  89.298279  74.330002  61.334999 
 57.435425  67.552498  81.148903  95.515160  108.881561  120.428131  130.158127  136.568909  138.814529  136.104370  129.217651  119.225784  107.354218  94.605156  80.852028  67.769379  58.022285 
 55.735367  61.580154  71.359375  83.820465  95.844215  105.937813  113.917038  119.000626  120.603745  118.432343  112.927658  104.560936  94.540779  83.442032  71.467499  61.657501  56.250420 
 52.619949  56.858284  61.736877  70.719017  80.966095  89.623642  96.517235  100.842705  102.095009  100.488800  96.139114  88.930527  80.226822  70.606827  61.783333  56.805000  53.283333 
 } 
 B Channel
 {
 34.882240  38.417240  42.937290  49.758080  56.735619  62.472343  66.681671  69.158440  69.990685  68.713547  66.152184  61.685005  56.009163  49.021667  42.274273  38.120106  36.058441 
 37.813492  42.670780  50.244377  58.828278  66.685623  73.307968  78.394997  81.287186  82.102966  80.621872  77.319687  72.116249  65.457497  57.730003  49.230934  42.189686  38.430939 
 39.647659  47.515781  57.208282  66.919533  75.685158  83.425468  89.642502  93.449219  94.407654  92.712814  88.372658  81.870155  74.279060  65.506248  56.005623  46.923126  40.336872 
 41.936043  52.288124  63.162971  73.676094  83.564842  92.664528  100.574997  105.550629  106.869843  104.512497  99.199532  91.030159  81.826874  72.097969  61.848747  51.685471  42.971928 
 44.161877  55.910622  67.590469  78.839066  89.818123  100.337502  109.504845  115.434525  117.125153  114.377502  108.294846  98.758125  87.917030  77.094063  65.991249  55.300316  45.621983 
 45.741245  57.951248  70.177811  82.095627  93.840157  105.382660  115.414368  121.649841  123.122345  120.396881  114.055161  103.920784  92.011406  80.166252  68.630157  57.653122  47.379795 
 46.129276  58.340935  70.844215  83.293747  95.280624  107.061722  117.077347  123.310318  124.911713  122.296402  116.265625  105.690468  93.620628  81.680779  69.767502  58.261566  47.988647 
 45.309582  57.102501  69.438278  81.528595  93.313591  104.568123  114.287033  120.596100  122.325470  119.676880  113.846725  103.526253  91.435310  79.810158  68.286247  57.279060  47.163643 
 43.713387  54.347343  66.156563  77.733749  88.733284  98.982033  107.811249  113.929062  115.742188  113.208908  106.843903  97.692345  87.084221  76.437500  65.519066  54.956566  45.402809 
 41.162811  50.385315  61.200470  72.082970  81.922340  90.832031  98.228752  103.316559  105.100937  103.229065  97.621559  89.863747  80.706879  71.299690  61.065468  51.042503  42.634579 
 38.952763  45.801720  55.240623  65.236565  74.300934  81.792816  87.968285  91.977028  93.319534  91.641876  87.239220  80.724220  73.071251  64.588280  55.175156  46.400158  40.068279 
 37.438854  41.413437  48.240158  57.075470  65.347343  72.068748  77.155937  80.229691  81.371246  80.028282  76.529060  71.065941  64.289528  56.797653  48.482346  41.868282  38.580990 
 35.028019  38.203434  41.634113  48.011505  55.401299  61.259583  65.781769  68.485100  69.200836  68.379745  65.551559  60.833435  54.924744  48.165367  41.809635  38.538906  36.589737 
 } 


 White Balance Data with optical Center Data
 r_center_x =  634 r_center_y =  450 
 gr_center_x =  618 gr_center_y =  476 
 b_center_x =  621 b_center_y =  471 
 gb_center_x =  625 gb_center_y =  478 
 r/gr 0.621600 
 b/gr 0.665840 
 gb/gr 0.992461 
 r_oc_ave 116.902222 
 b_oc_ave 125.222229 
 gr_oc_ave 188.066666 
 gb_oc_ave 186.648895 

 [AWB]
 RGr =  0.621600 
 BGr =  0.665840 
 GbGr =  0.992461 
 r_oc_ave =  116.902222 
 b_oc_ave =  125.222229 
 gr_oc_ave =  188.066666 
 gb_oc_ave =  186.648895 