 LEFT LENS SHADING DATA
 RED Channel
 {
 27.272915  29.903332  33.660728  39.703281  46.064789  51.588120  55.681046  58.403229  59.053589  57.585571  54.834221  50.196671  44.551197  38.337708  32.554634  29.273228  27.292812 
 28.927086  33.038750  39.786564  47.721405  55.105621  61.448128  66.616875  69.826561  70.640472  68.862030  65.149841  59.662498  53.095154  45.768124  38.178593  32.009064  28.552395 
 30.501720  37.423595  46.223282  55.465782  64.009842  71.497345  77.700310  81.934532  83.068283  80.710785  76.005157  69.181091  61.430313  53.066406  44.287186  36.028595  29.839634 
 33.014790  42.121876  52.182190  62.360626  72.053909  81.043747  88.776566  94.093903  95.506248  92.621719  86.588753  78.130157  68.914841  59.452499  49.758125  40.165157  31.937447 
 35.571667  45.898750  56.741562  67.841408  78.922028  89.352654  98.435936  104.411095  106.074371  102.842972  95.931404  85.985153  75.159218  64.634064  54.039215  43.722500  34.434166 
 37.436512  48.425468  59.873283  71.695160  83.735626  95.392815  105.347031  111.412498  113.023438  110.011566  102.536247  91.713593  79.820160  68.302345  57.068909  46.239532  36.005157 
 38.266560  49.416565  61.166878  73.388908  85.741722  97.705780  107.727966  113.903275  115.628601  112.582809  105.577660  94.509689  82.264847  70.312500  58.587814  47.267811  36.802399 
 37.699688  48.654686  60.238129  72.009377  84.056564  95.555939  105.499847  111.700310  113.321243  110.355934  103.420311  92.354691  80.371559  68.921562  57.702660  46.696877  36.388126 
 35.804585  46.278751  57.242500  68.467812  79.468437  90.004532  99.047340  105.050316  106.799377  103.673439  96.744217  86.951408  76.202187  65.781250  55.076561  44.654221  34.885258 
 33.271351  42.632187  52.834061  63.000153  72.780937  81.805153  89.477501  94.770309  96.212341  93.788284  87.694061  79.485313  70.192184  60.846718  50.959373  41.275002  32.931252 
 31.226826  38.310780  47.187500  56.470627  65.107658  72.633125  79.044220  83.382500  84.626717  82.483437  77.670471  70.890160  63.162346  54.727028  45.739220  37.242031  31.034325 
 30.154999  34.208752  40.829376  48.817184  56.552185  63.086716  68.322815  71.745316  72.657967  70.923904  67.071716  61.651566  55.046722  47.652813  39.804062  33.500626  29.981461 
 28.661251  30.966248  34.455624  40.554272  47.153027  52.731514  57.229065  60.023643  60.816513  59.630783  56.589844  51.991562  46.256512  39.768230  34.021145  30.781460  28.163128 
 } 
 GR Channel
 {
 51.994476  57.157402  63.348801  72.875259  82.388962  90.728439  96.727608  100.863960  101.896461  100.296509  95.912971  89.129066  80.668381  71.225212  62.111351  56.819588  53.194588 
 55.422394  62.574066  73.252342  85.237968  96.401878  106.007187  113.658432  118.444382  119.806870  117.415466  112.286087  104.252815  94.231094  82.963127  71.218437  61.391251  55.824165 
 58.404167  69.595001  83.180466  97.100937  109.880936  121.311096  130.789688  136.889999  138.695786  135.688751  128.963745  118.966248  107.060158  94.366722  80.832657  67.877815  57.763229 
 62.360413  76.690002  92.034531  107.409065  121.957962  135.692184  147.390320  155.134842  157.376404  153.644379  145.256088  132.744537  118.633118  104.147034  89.256874  74.481873  61.168121 
 66.320045  82.434845  98.871246  115.477341  132.082809  148.020157  161.615936  170.468597  172.991562  168.789688  159.201874  144.646088  128.167496  112.120468  95.812035  79.870941  64.976349 
 69.328705  86.273903  103.604218  121.123276  139.046875  156.666718  171.455933  180.347031  182.660782  178.776718  168.697342  152.985626  135.152496  117.581879  100.519218  83.814842  67.695053 
 70.495781  87.732658  105.426407  123.522812  141.841095  159.940002  174.960938  183.902344  186.304840  182.428436  173.315628  157.055313  138.875473  120.843277  102.981720  85.454376  68.915215 
 69.660889  86.551094  104.037659  121.522186  139.378906  156.878433  171.721558  180.599838  183.129837  179.308594  170.127182  154.164063  135.944214  118.387650  101.287498  84.440941  68.303436 
 66.740005  83.076248  99.732033  116.494370  133.038910  149.051559  162.544998  171.237976  173.789368  169.852341  160.217346  145.899689  129.666718  113.532501  97.325935  81.302658  66.087029 
 63.015465  77.574844  93.077812  108.390625  123.053757  136.790466  148.414536  155.975464  158.391724  155.187653  146.763275  134.574066  120.437805  106.125313  91.045624  76.082809  62.654068 
 59.462761  71.070465  84.710312  98.658752  111.647812  123.075470  132.534851  138.651566  140.826874  137.907349  131.052658  121.147339  109.492035  96.743752  83.013435  69.757187  59.563026 
 57.426727  64.516090  74.782341  87.045937  98.489685  108.345467  116.044998  120.958435  122.530624  120.234222  114.801086  106.776253  96.826721  85.593285  73.569221  63.593285  57.750572 
 54.099640  58.838387  64.535057  73.887604  83.853851  92.107765  98.794998  102.898857  104.218544  102.445679  98.075050  91.420837  82.798592  73.134323  64.068176  58.902237  54.215569 
 } 
 GB Channel
 {
 52.978386  57.980469  64.135834  73.909691  83.508911  91.976974  98.244896  102.243286  103.364326  101.306511  96.875732  89.868538  81.166771  71.355522  62.301514  57.041100  53.441093 
 56.108795  63.192345  74.091248  86.339691  97.669533  107.339066  115.115311  119.940155  121.233276  118.564224  113.197815  104.888123  94.655937  83.319687  71.222969  61.324219  55.691505 
 58.720413  70.118752  84.037498  98.168282  111.197029  122.599060  132.045471  138.215775  139.934692  136.671249  129.782654  119.479691  107.385628  94.456093  80.727654  67.583122  57.430626 
 62.550369  77.106407  92.852188  108.484062  123.272339  137.163910  148.620621  156.401718  158.572495  154.628754  145.917038  133.177963  118.997818  104.175156  88.921722  73.967499  60.597084 
 66.341461  82.758125  99.521721  116.340149  133.254059  149.107025  162.566406  171.354843  173.836716  169.489532  159.663284  144.928436  128.213120  111.869217  95.389374  79.273903  64.160782 
 69.096039  86.299377  103.911873  121.801880  139.913589  157.361252  171.916870  180.802963  183.059525  178.927658  168.594223  152.768280  134.779068  117.059219  99.674377  82.964844  66.550468 
 70.005524  87.579689  105.530937  123.872650  142.227188  160.154694  174.884842  183.751404  186.106873  182.141251  172.779068  156.399994  138.051559  119.878433  101.898438  84.283279  67.733078 
 69.043381  86.236092  103.988281  121.592026  139.517502  156.758743  171.229691  180.133438  182.446411  178.532654  169.321564  153.156876  134.919998  117.328125  100.139221  83.152496  67.088341 
 66.348808  82.749847  99.570160  116.355469  132.919693  148.647186  161.880157  170.432495  172.927338  168.912964  159.080154  144.729218  128.392029  112.315628  96.144066  80.079529  64.721405 
 62.563652  77.292816  92.849533  108.160004  122.634369  136.178589  147.325943  154.826401  157.213440  153.797653  145.276413  133.094376  119.092972  104.878441  89.790627  74.870003  61.427917 
 59.159477  70.739059  84.385002  98.208748  111.009064  122.204224  131.442657  137.467499  139.414841  136.524368  129.613434  119.610306  108.067345  95.464218  81.816719  68.631409  58.599113 
 57.306252  64.095001  74.470627  86.502815  97.857811  107.493126  115.151093  119.982651  121.425003  118.952194  113.474380  105.425003  95.594688  84.397034  72.419220  62.618591  56.866302 
 54.138336  58.692909  64.268120  73.532394  83.340729  91.556877  98.188385  102.229118  103.224998  101.705940  97.202286  90.447914  81.806358  72.115570  63.129845  58.007965  53.665466 
 } 
 B Channel
 {
 33.980782  37.774532  42.376560  49.396461  56.324898  62.425522  66.643440  69.091095  69.670570  68.484009  65.806931  61.207191  55.047867  48.158493  41.619633  37.529533  35.569946 
 36.057030  41.120155  48.756561  57.351875  65.190315  71.755936  76.765938  79.737968  80.567032  78.971718  75.584221  70.330940  63.416405  55.713280  47.339844  40.290157  36.677444 
 38.009163  46.028751  55.739059  65.422966  74.223595  81.764374  87.763283  91.613594  92.795784  90.849373  86.552185  79.904533  72.074219  63.464996  54.037971  44.785938  38.203022 
 40.764217  50.998596  61.824219  72.449219  82.189217  91.155937  98.562653  103.443283  104.912346  102.406876  96.847656  88.730156  79.561874  69.928596  59.751877  49.352501  40.652081 
 43.546822  54.905785  66.377029  77.734222  88.685623  98.914063  107.623436  113.248444  114.832184  111.972504  105.700157  96.271873  85.615311  75.033279  64.061409  53.013283  43.177238 
 45.515575  57.280785  69.244217  81.097343  92.776566  104.154999  113.682343  119.392654  120.721100  118.097961  111.373283  101.348122  89.824219  78.459999  67.009377  55.525314  44.920731 
 46.184849  58.210472  70.445160  82.435158  94.220467  105.928749  115.459686  121.092026  122.597351  119.983124  113.851257  103.497032  91.952499  80.358749  68.533440  56.628281  45.838902 
 45.501820  57.365784  69.506561  80.966721  92.542656  103.651878  113.082657  118.753601  120.176880  117.745941  111.953903  101.821877  90.211250  78.873283  67.505470  55.931717  45.560673 
 43.679688  55.103439  66.531403  77.670471  88.326408  98.364532  106.916405  112.292816  113.931412  111.511871  105.435158  96.453903  86.044060  75.738129  64.907188  53.879532  43.878490 
 41.168697  51.432655  62.100471  72.274216  81.730003  90.325310  97.462814  102.218437  103.691719  101.912659  96.674065  89.067345  80.130623  70.800629  60.667816  50.209061  41.547398 
 38.898438  46.788437  56.272499  65.638435  74.122971  81.280312  87.164528  91.102814  92.352188  90.824219  86.667343  80.428596  72.970779  64.593903  55.155159  45.832031  39.090988 
 37.282921  42.158749  49.349533  57.575157  65.376251  71.822502  76.782341  79.898750  80.887497  79.622971  76.252815  71.134216  64.570938  56.925781  48.522499  41.345779  37.794739 
 34.933754  38.072502  42.030575  48.403282  55.359161  61.017914  65.459221  68.271248  69.164169  68.038170  65.316566  60.878593  55.029686  48.365150  41.795834  38.038486  35.093906 
 } 


 White Balance Data with optical Center Data
 r_center_x =  648 r_center_y =  483 
 gr_center_x =  631 gr_center_y =  504 
 b_center_x =  622 b_center_y =  489 
 gb_center_x =  650 gb_center_y =  478 
 r/gr 0.620462 
 b/gr 0.658717 
 gb/gr 0.999049 
 r_oc_ave 115.982224 
 b_oc_ave 123.133331 
 gr_oc_ave 186.928894 
 gb_oc_ave 186.751114 

 [AWB]
 RGr =  0.620462 
 BGr =  0.658717 
 GbGr =  0.999049 
 r_oc_ave =  115.982224 
 b_oc_ave =  123.133331 
 gr_oc_ave =  186.928894 
 gb_oc_ave =  186.751114 