 LEFT LENS SHADING DATA
 RED Channel
 {
 27.039268  29.900105  33.794060  40.064060  46.507290  52.033905  56.297287  59.067863  59.998436  58.785622  55.945213  51.479477  45.774998  39.562759  33.641979  30.202759  28.240677 
 29.131771  33.437187  40.267811  48.212814  55.631874  62.177032  67.538124  70.907654  71.804688  70.285622  66.739372  61.330315  54.728752  47.417969  39.697811  33.282970  29.926094 
 30.775570  37.917030  46.692188  55.800316  64.255623  71.863907  78.317497  82.736877  84.017029  81.988129  77.415627  70.674217  62.945000  54.600937  45.731876  37.282345  31.087967 
 33.386772  42.438438  52.421875  62.426559  72.013123  81.093437  89.013123  94.407341  96.229218  93.551720  87.693283  79.382660  70.244530  60.854843  51.068596  41.519844  33.247135 
 36.052860  46.240158  56.850159  67.827499  78.697968  89.096565  98.287033  104.431404  106.312965  103.385941  96.656097  86.939842  76.262970  65.748436  55.166405  44.886406  35.407448 
 37.934269  48.760941  59.840622  71.365471  83.303909  94.722809  104.604378  110.849373  112.758118  109.824684  102.754532  92.144997  80.462654  69.103279  57.919220  47.183281  37.084324 
 38.364944  49.647659  61.035782  72.845627  84.939842  96.905312  106.805466  113.016098  114.828903  112.013901  105.300468  94.512184  82.449684  70.739220  59.160004  47.969845  37.585052 
 37.805569  48.639534  60.030159  71.342499  82.963127  94.280624  104.194374  110.432190  112.132187  109.237030  102.636871  92.072968  80.242035  68.950310  57.884216  47.037342  37.141300 
 36.113388  46.212345  56.871407  67.830467  78.479691  88.672340  97.662346  103.672653  105.437965  102.446877  95.674530  86.275467  75.900627  65.602654  55.199997  44.904064  35.523232 
 33.558125  42.526875  52.391090  62.518906  71.910782  80.652031  88.196877  93.330780  94.925003  92.418907  86.544373  78.662346  69.665154  60.514534  50.794220  41.355156  33.232449 
 31.353592  38.186718  46.905155  55.956093  64.508438  71.731094  77.916565  81.882813  83.188751  81.264999  76.537346  70.022499  62.474220  54.238129  45.461250  37.282345  31.368385 
 30.079426  34.074219  40.671562  48.487816  56.026405  62.415779  67.409531  70.419220  71.404533  69.921875  66.318748  60.844528  54.325157  47.105782  39.495155  33.439220  30.460674 
 28.707760  31.136509  34.696980  40.757809  47.043282  52.576820  56.845993  59.368591  60.102654  58.993126  55.868744  51.529739  45.761616  39.580574  33.979946  31.076092  29.159424 
 } 
 GR Channel
 {
 51.286613  56.196198  62.275208  71.977135  81.684059  90.183907  96.644005  100.664223  102.199211  100.539795  96.528282  89.720314  81.403702  71.888229  62.685471  57.202347  53.669426 
 54.951614  62.072655  72.789375  84.807343  96.229065  106.242035  114.250473  119.199844  120.924850  118.673126  113.782654  105.757813  95.758904  84.565315  72.519844  62.461716  56.752342 
 57.707497  69.081253  82.697029  96.676720  109.639534  121.385788  131.134537  137.730621  139.763275  137.088120  130.586563  120.752350  108.912186  96.023125  82.304375  69.080627  59.013123 
 61.796722  76.082344  91.363281  106.752502  121.516403  135.646255  147.587189  155.682343  158.517349  154.938126  146.943283  134.463745  120.401871  105.763596  90.605003  75.663284  62.563492 
 65.854271  81.729691  98.044060  114.776566  131.539841  147.568283  161.600937  170.722809  173.871567  169.955933  160.369537  145.887817  129.523911  113.301712  96.941406  80.880157  66.059532 
 68.726669  85.646248  102.609688  120.223587  138.321716  155.993744  171.134537  180.331558  183.157974  179.322342  169.640625  154.003754  135.990784  118.554214  101.373123  84.644218  68.691513 
 69.576462  86.940628  104.441559  122.147812  140.620789  159.271255  174.513275  183.374069  186.037033  182.473434  173.479996  157.762970  139.456558  121.544693  103.525314  85.942032  69.699326 
 68.642967  85.462341  102.802971  120.159378  137.960785  155.657349  170.810776  179.945618  182.347809  178.789368  169.967819  154.424377  136.335632  118.792191  101.586876  84.606407  68.720779 
 65.839378  81.769379  98.200470  115.035156  131.461243  147.275314  161.178284  170.384689  172.995789  169.110001  159.665619  145.673431  129.684845  113.637817  97.350624  81.147659  66.274117 
 62.049637  76.106094  91.387657  106.863129  121.585632  135.081558  146.610001  154.648743  157.319839  154.066879  145.783905  133.921570  119.938751  105.691406  90.601875  75.669846  62.629219 
 58.473961  69.491875  83.095314  97.015472  110.293282  121.504532  130.847183  137.263443  139.493744  136.917664  130.050629  120.252182  108.612343  95.920158  82.195778  69.157814  59.568222 
 56.312653  63.109528  73.414063  85.548439  97.080315  106.925316  114.588440  119.413589  121.074524  119.110779  113.728912  105.588127  95.656250  84.378128  72.514374  62.899376  57.857292 
 53.390160  58.223488  63.907402  73.130936  82.977402  91.415726  97.974274  102.130051  103.325989  101.649742  97.480782  90.707291  81.897499  72.055626  63.575203  58.833122  55.452713 
 } 
 GB Channel
 {
 51.823807  56.631302  62.924637  72.655151  82.566406  91.291245  97.935417  101.946251  103.256409  101.663490  97.321045  90.508331  81.734375  72.161400  62.783226  57.351044  53.924377 
 55.319214  62.538597  73.388596  85.707031  97.265778  107.267502  115.283752  120.358749  122.024536  119.723282  114.551880  106.367500  96.205627  84.813278  72.679062  62.379372  56.851044 
 57.990723  69.456566  83.267502  97.517502  110.569061  122.469223  132.052963  138.693130  140.821243  137.999847  131.272507  121.217194  109.279221  96.221405  82.273285  68.854378  58.915207 
 61.944893  76.406563  91.965622  107.628593  122.578278  136.597183  148.659378  156.844849  159.565308  155.823746  147.597504  134.936569  120.686401  105.791252  90.487190  75.258904  62.104950 
 65.737709  82.039375  98.533752  115.472809  132.406097  148.456100  162.455627  171.740158  174.915939  170.891098  161.046249  146.350632  129.691711  113.327026  96.697815  80.320465  65.354851 
 68.406563  85.784065  102.938591  120.616562  138.980942  156.559998  171.503601  180.784851  183.686874  179.715317  169.864212  154.084686  136.113434  118.381714  101.029686  84.072189  67.929680 
 69.078026  86.895935  104.584534  122.481094  140.984680  159.417969  174.511093  183.326096  186.159225  182.432190  173.375305  157.670471  139.244064  121.228745  103.021095  85.163284  68.880989 
 68.166924  85.332970  102.915314  120.343597  137.956726  155.537186  170.503754  179.587967  182.247498  178.515472  169.580780  154.143906  135.996246  118.334061  100.900627  83.802658  67.794533 
 65.450150  81.542030  98.136406  114.970932  131.336090  146.935471  160.670319  169.866562  172.554214  168.623276  159.094528  145.042191  129.126556  113.049225  96.646095  80.408592  65.484215 
 61.646042  75.815628  91.182655  106.772972  121.242493  134.718277  145.879532  154.000000  156.628433  153.361099  144.923279  133.063278  119.248901  104.967972  89.803436  74.850784  61.896828 
 58.109421  69.221718  82.838280  96.843285  109.836250  120.898132  129.954056  136.419846  138.565933  135.919525  129.062805  119.296402  107.843437  95.026093  81.430939  68.429535  58.986412 
 56.125053  62.827347  73.071404  85.211403  96.625000  106.295471  113.911880  118.696243  120.423126  118.355469  112.949844  104.800156  94.894531  83.586403  71.813126  62.355156  57.423698 
 53.305885  57.740883  63.659111  72.843277  82.653328  90.858589  97.331459  101.487923  102.586456  101.028175  96.624641  89.969528  81.327240  71.434944  63.023544  58.309532  55.069115 
 } 
 B Channel
 {
 34.167709  37.425625  41.665676  48.513954  55.338646  61.342186  65.853958  68.605522  69.598068  68.669739  65.942963  61.409737  55.556038  48.775253  42.246563  38.124584  36.013748 
 36.829372  41.754375  49.130470  57.543121  65.331566  72.060936  77.384377  80.738434  81.918282  80.557030  77.319847  72.014534  65.254372  57.471718  49.021561  41.863750  38.301250 
 38.898022  46.795937  56.214378  65.715782  74.309532  82.046562  88.452660  92.750778  94.162033  92.578590  88.377342  81.840157  73.991875  65.281876  55.715309  46.569843  40.100052 
 41.676823  51.667030  62.266090  72.546097  82.328438  91.484688  99.072029  104.453590  106.145157  104.123436  98.893753  90.840782  81.628128  71.896248  61.548904  51.213753  42.734581 
 44.287762  55.512970  66.694534  77.883438  88.782501  99.131561  108.167503  113.983276  115.945313  113.715469  107.746719  98.428284  87.725937  76.934845  65.738747  54.867500  45.467918 
 46.157291  57.928123  69.465782  81.129059  92.957184  104.379997  113.972656  119.899994  121.840622  119.634369  113.318130  103.323906  91.688126  80.122032  68.573906  57.373436  47.251354 
 46.544483  58.530312  70.435936  82.215622  94.150002  106.045158  115.778122  121.728439  123.674225  121.437195  115.449997  105.037971  93.433907  81.868752  69.869530  58.035156  47.779114 
 45.785099  57.415939  69.242966  80.686562  92.284843  103.539688  113.324219  119.208908  120.992188  118.591095  112.950470  103.033440  91.422966  80.028435  68.496246  57.061562  47.121143 
 43.756668  54.956253  66.127655  77.408752  88.099686  98.240311  107.121559  112.834686  114.608124  112.124695  106.104065  97.309532  87.090622  76.745628  65.776093  54.898285  45.338490 
 41.112186  50.999687  61.616096  72.045784  81.519218  90.399376  97.735001  102.635628  104.102966  102.249535  97.049065  89.546562  80.765160  71.487656  61.294998  51.097656  42.897034 
 38.409218  46.349842  55.879372  65.381096  74.179840  81.434532  87.491249  91.302971  92.595001  91.130310  86.959221  80.770157  73.339691  64.894531  55.541252  46.553749  40.529167 
 36.834476  41.645313  49.033752  57.473907  65.362343  71.931564  76.939842  79.948753  80.829689  79.695778  76.357498  71.205467  64.612816  57.021095  48.724686  42.076248  39.217499 
 35.284897  38.746143  43.085003  49.757027  56.900055  62.759056  67.130463  69.669579  70.397598  69.367653  66.625008  62.243591  56.197807  49.295883  43.071354  39.638748  37.994583 
 } 


 White Balance Data with optical Center Data
 r_center_x =  641 r_center_y =  472 
 gr_center_x =  646 gr_center_y =  491 
 b_center_x =  634 b_center_y =  505 
 gb_center_x =  636 gb_center_y =  483 
 r/gr 0.617858 
 b/gr 0.664929 
 gb/gr 1.000952 
 r_oc_ave 115.391113 
 b_oc_ave 124.182220 
 gr_oc_ave 186.759995 
 gb_oc_ave 186.937775 

 [AWB]
 RGr =  0.617858 
 BGr =  0.664929 
 GbGr =  1.000952 
 r_oc_ave =  115.391113 
 b_oc_ave =  124.182220 
 gr_oc_ave =  186.759995 
 gb_oc_ave =  186.937775 