 LEFT LENS SHADING DATA
 RED Channel
 {
 27.903175  30.384010  34.483597  40.871979  47.538177  53.161613  57.475204  59.872345  60.591667  59.281303  56.306099  51.681618  45.568024  39.084427  33.201092  29.663700  27.627865 
 29.744431  33.867970  40.992970  49.332809  57.045471  63.635155  68.789375  72.021721  72.793747  71.039841  67.341721  61.617653  54.739685  47.022968  39.034218  32.558907  29.177864 
 31.317032  38.348907  47.356407  56.861565  65.719063  73.580002  79.959373  84.180466  85.326874  83.067497  78.220001  71.080467  62.950157  54.290466  45.048283  36.430000  30.300419 
 33.678753  42.875000  53.067497  63.443123  73.528595  82.884842  90.799690  96.124847  97.694061  94.744217  88.637032  79.877815  70.220467  60.519066  50.417816  40.491093  32.170471 
 36.031410  46.475780  57.485939  68.676872  79.977814  90.887970  100.139847  106.000313  107.755310  104.505623  97.461403  87.320313  76.128128  65.364998  54.328438  43.715157  34.339531 
 37.724270  48.760941  60.250000  71.984062  84.285782  96.276878  106.370003  112.310318  113.848907  110.736404  103.409691  92.358749  80.095314  68.387810  56.996246  45.873280  35.724739 
 38.433800  49.476097  61.163124  73.342812  85.784218  97.877655  108.200783  114.220932  115.632034  112.718750  105.692032  94.538750  81.939529  70.013283  58.029846  46.526718  36.359009 
 37.895573  48.530785  59.840782  71.457184  83.126091  94.774689  104.709686  111.075157  112.853287  109.700623  102.891563  91.881096  79.636566  68.127502  56.719528  45.709686  35.648022 
 36.042343  46.059219  56.674217  67.529686  78.282654  88.630783  97.661720  103.610779  105.593124  102.495628  95.504372  85.773285  75.033127  64.553284  53.791405  43.377968  34.084431 
 33.500259  42.372971  52.084846  61.940468  71.234062  80.174843  87.604065  92.842812  94.510002  92.024689  85.956879  77.847809  68.544685  59.314217  49.454842  39.814377  31.920208 
 31.153122  37.848125  46.434689  55.375626  63.574684  70.940781  77.136719  81.227966  82.795937  80.478752  75.748436  69.019684  61.197815  52.899529  44.043438  35.833752  30.110832 
 29.967705  33.730625  40.056408  47.761562  55.010002  61.341873  66.532188  69.687347  70.665627  69.027657  65.178596  59.636566  52.970779  45.673439  38.136875  32.127655  29.039948 
 28.213123  30.602711  33.837868  39.547813  45.628334  50.831039  55.261772  57.957550  58.566452  57.530365  54.235474  49.666985  43.908905  37.766773  32.396873  29.347446  27.269115 
 } 
 GR Channel
 {
 51.943024  56.557190  63.209732  72.938957  82.687286  90.976151  97.294945  101.026772  102.443489  100.704376  96.840935  90.246147  81.579056  71.717232  62.563911  56.990730  53.497391 
 55.564270  62.548439  73.357033  85.843124  97.426872  107.241562  114.858902  119.854691  121.417038  119.240631  114.108444  106.175316  95.935310  84.364532  72.130783  62.095314  56.446976 
 58.258430  69.525940  83.087967  97.339531  110.661247  122.384842  131.861252  138.190155  140.449524  137.659531  131.022812  121.011093  108.994377  95.830780  81.700470  68.286560  58.446144 
 62.104271  76.348434  91.552345  107.114845  122.281723  136.471100  148.398911  156.445313  159.211411  155.700943  147.570007  135.025467  120.611252  105.749374  90.268753  74.775940  61.740936 
 65.768806  81.789841  98.107971  114.826874  131.944687  148.385620  162.368118  171.441254  174.496399  170.636871  161.360779  146.903442  130.099533  113.503128  96.716873  80.052345  65.203804 
 68.365463  85.142342  102.292816  119.785309  138.239059  156.572815  171.835938  180.928436  183.744064  179.945313  170.292496  154.704224  136.533127  118.648911  100.980934  83.640312  67.617813 
 69.338646  86.141563  103.675003  121.580933  140.179688  158.712341  174.434219  183.812805  186.279999  182.724838  173.858444  158.205002  139.595474  121.327972  102.792656  84.729378  68.506042 
 68.272812  84.745316  101.570625  118.957657  136.330154  154.202820  169.593445  179.529999  182.614532  178.894836  170.091873  154.541092  136.126251  118.298431  100.679535  83.564064  67.648232 
 65.465370  80.891403  96.737968  112.993286  129.383591  145.427032  159.617813  169.010620  172.552658  168.688126  159.465622  145.398590  128.989212  112.663284  96.140778  79.862503  64.977089 
 61.319687  75.093437  89.842499  104.665001  119.070465  132.985306  144.929688  153.132660  156.115005  153.110931  144.904373  132.929840  118.908279  104.447502  89.227654  74.268280  61.384735 
 57.852966  68.373596  81.415466  94.958908  107.492966  119.038284  128.901871  135.550781  138.251877  135.348282  128.769226  118.785004  107.223747  94.385155  80.715309  67.827499  58.495003 
 55.559639  61.949844  71.772812  83.438438  94.567497  104.384689  112.427658  117.646255  119.383118  117.232819  111.849220  103.843285  94.027031  82.888123  71.182816  61.866249  56.735001 
 52.198387  56.867966  62.034897  70.690941  79.943748  87.910103  94.913704  99.097084  100.145630  98.818642  94.361511  87.747238  79.245163  70.012291  61.696556  57.088753  53.817085 
 } 
 GB Channel
 {
 51.655678  56.204430  62.929642  72.711517  82.575157  90.694427  97.018700  100.749222  101.895622  100.032188  95.998650  89.142395  80.469582  70.515099  61.227448  55.819427  52.251923 
 55.291931  62.200470  73.032341  85.500465  97.027031  106.801720  114.257660  119.193588  120.465622  118.078430  112.852814  104.945313  94.565002  82.940941  70.657654  60.614220  55.179840 
 57.754272  69.054688  82.730621  97.099533  110.284378  121.889999  131.218277  137.468124  139.363281  136.328278  129.522964  119.488586  107.349533  94.192657  79.983749  66.660469  56.914841 
 61.369217  75.863594  91.294060  106.873123  122.061569  135.994537  147.676559  155.653595  158.050003  154.309525  145.913437  133.302658  118.815475  103.951874  88.431252  72.943596  60.085892 
 65.038124  81.258125  97.833595  114.709686  131.817032  148.127975  161.785461  170.588593  173.507507  169.316254  159.673279  145.182495  128.211090  111.598747  94.675934  78.120781  63.312241 
 67.642296  84.551872  101.872498  119.594376  138.046875  156.216400  171.229538  180.073746  182.677963  178.563126  168.696411  152.960007  134.665787  116.687347  98.850159  81.572502  65.603333 
 68.657501  85.503754  103.232658  121.528122  140.089996  158.476410  173.906723  182.929840  185.238129  181.544067  172.324692  156.520782  137.762192  119.314056  100.636406  82.702034  66.552246 
 67.705887  84.194847  101.216408  118.795471  136.366562  154.158127  169.155151  178.805161  181.660156  177.763748  168.629532  152.965149  134.421875  116.427811  98.592659  81.501877  65.637291 
 64.872864  80.508904  96.471565  113.039841  129.437195  145.484375  159.405151  168.555466  171.855774  167.856094  158.206726  144.015472  127.508591  110.981560  94.318596  78.044060  63.302399 
 61.128067  74.980782  89.837502  104.792503  119.204681  133.005157  144.804214  152.756561  155.735306  152.358124  143.851257  131.773911  117.554382  102.962502  87.683128  72.688438  59.994682 
 57.680672  68.351715  81.493126  95.114372  107.647346  119.197662  128.879837  135.332809  137.876404  134.755157  127.799377  117.718124  106.007965  93.105469  79.394218  66.493752  57.417915 
 55.790154  62.083282  71.904999  83.579376  94.793907  104.580467  112.629532  117.692963  119.246872  116.822662  111.198906  102.918907  92.913910  81.773125  70.062187  60.808594  55.888802 
 52.878906  57.038078  62.187080  70.877289  80.252861  88.323593  95.272240  99.338173  100.475204  98.802864  94.172447  87.291618  78.639946  69.370209  60.783859  56.366302  53.192970 
 } 
 B Channel
 {
 34.099998  37.350414  42.372654  49.573746  56.599327  62.258385  66.288490  68.801666  69.809692  68.779999  66.110878  61.468437  55.343285  48.153442  41.457397  37.437916  35.118332 
 36.667080  41.727501  49.597031  58.701248  66.797028  73.351097  78.138283  81.099998  82.270935  80.937500  77.718597  72.367188  65.326408  57.144684  48.335312  41.217499  37.654999 
 38.753696  46.640156  56.605003  66.731407  75.971718  83.557190  89.459221  93.206566  94.645470  93.047501  88.765472  82.230469  74.094528  65.109528  55.119690  45.800938  39.465103 
 41.410732  51.554062  62.583435  73.459061  83.821716  93.002968  100.538284  105.321716  106.900154  104.760941  99.489685  91.331718  81.792969  71.898750  61.181252  50.503441  41.892185 
 44.173801  55.254845  66.943283  78.613594  90.010780  100.833595  109.670624  115.024063  116.769684  114.356720  108.386871  98.874847  87.930939  76.940468  65.544060  54.187500  44.358749 
 46.156357  57.504684  69.479378  81.551094  93.987030  105.958748  115.816559  121.255630  122.529526  120.062653  113.926407  103.803436  91.850937  80.119843  68.243439  56.548904  46.079117 
 46.693386  58.206093  70.160934  82.554062  95.130783  107.155312  117.330627  122.938904  124.147659  121.502350  115.779221  105.460625  93.524841  81.739372  69.346878  57.282501  46.742920 
 45.949474  57.235313  68.658592  80.716095  92.471565  104.216721  114.040619  120.090149  121.586563  118.757187  113.309525  103.344215  91.518127  79.897499  68.074532  56.404221  46.284428 
 43.925365  54.668907  65.583435  76.736252  87.842499  98.488129  107.443748  113.189377  114.934845  112.114838  106.212341  97.214378  86.804222  76.246246  65.055000  53.881721  44.320675 
 41.104012  50.616722  60.932655  71.085785  80.814529  90.112343  97.692345  102.747185  104.414375  102.079529  96.848122  89.270309  80.289528  70.850784  60.412811  50.050781  41.924740 
 38.464478  45.949062  55.159531  64.521248  73.073280  81.020935  87.376091  91.382660  92.824532  90.836090  86.368752  80.105156  72.597809  64.048279  54.512497  45.537033  39.713909 
 36.900623  41.360626  48.281563  56.480782  64.342812  71.117813  76.593124  79.827660  80.688126  79.203438  75.505157  70.183441  63.621872  56.047501  47.735783  41.257500  38.340832 
 34.752289  37.854794  41.426563  47.741817  54.454475  60.206139  65.150215  67.884949  68.604378  67.688850  64.381615  59.733025  53.813126  47.238338  41.169319  38.047081  36.200001 
 } 


 White Balance Data with optical Center Data
 r_center_x =  612 r_center_y =  474 
 gr_center_x =  657 gr_center_y =  495 
 b_center_x =  634 b_center_y =  494 
 gb_center_x =  613 gb_center_y =  474 
 r/gr 0.619879 
 b/gr 0.666904 
 gb/gr 0.992943 
 r_oc_ave 115.942215 
 b_oc_ave 124.737778 
 gr_oc_ave 187.039993 
 gb_oc_ave 185.720001 

 [AWB]
 RGr =  0.619879 
 BGr =  0.666904 
 GbGr =  0.992943 
 r_oc_ave =  115.942215 
 b_oc_ave =  124.737778 
 gr_oc_ave =  187.039993 
 gb_oc_ave =  185.720001 