 LEFT LENS SHADING DATA
 RED Channel
 {
 26.330677  28.601929  31.998020  38.103958  44.287239  49.599586  53.722137  56.278275  56.986038  55.639534  52.939949  48.543076  43.040890  37.086563  31.553074  28.218960  26.530624 
 27.941513  31.947968  38.379688  45.979374  53.200783  59.747498  64.964844  68.342659  69.133125  67.395157  63.820160  58.283279  51.773590  44.651562  37.190781  31.233124  27.983959 
 29.420834  36.062500  44.623280  53.504532  61.824684  69.476563  75.848282  80.279846  81.473747  79.307655  74.480469  67.707657  59.878593  51.633278  43.041718  34.947189  29.031769 
 31.689114  40.522655  50.208435  60.132965  69.797501  78.971405  86.790466  92.340935  93.937187  91.215622  85.238907  76.664375  67.407814  57.857658  48.345314  39.008282  31.097240 
 34.067135  44.012344  54.723434  65.589691  76.529221  87.157188  96.358284  102.536873  104.295311  101.210159  94.483284  84.491875  73.540466  62.884377  52.302658  42.230938  33.322601 
 36.070469  46.472343  57.570938  69.261253  81.252502  92.968750  102.908905  109.284218  110.930626  107.924377  100.875938  90.077972  77.952034  66.284691  55.183128  44.536095  34.792553 
 36.680836  47.398750  58.879059  70.730316  82.963280  95.180000  105.251404  111.514687  113.248749  110.336563  103.610153  92.478439  80.039528  67.996094  56.409065  45.298283  35.332657 
 36.132240  46.697033  57.721565  69.195465  81.060471  92.483749  102.600311  108.975471  110.736092  107.819221  101.166252  90.193748  77.913284  66.405937  55.264999  44.605000  34.861668 
 34.387814  44.356564  54.790627  65.667191  76.461716  86.826408  96.077187  102.359528  103.994064  101.064377  94.183441  84.436249  73.669998  63.168282  52.759064  42.569218  33.544846 
 32.105419  40.702499  50.414841  60.272346  69.759689  78.757034  86.495781  91.790466  93.316872  90.890160  84.959373  76.817657  67.491249  58.154846  48.615784  39.306408  31.352448 
 30.073231  36.506561  44.982655  53.930466  62.371719  69.742188  76.002655  80.306404  81.437187  79.483749  74.804840  68.042030  60.253906  52.027191  43.355312  35.348595  29.677971 
 28.920525  32.652187  38.852501  46.475624  53.865623  60.230469  65.326096  68.574844  69.445625  67.964531  64.172813  58.858910  52.242966  45.026093  37.517811  31.705936  28.878021 
 27.820107  30.167187  33.426250  39.133961  45.417290  50.705261  55.070885  57.793381  58.506874  57.410576  54.264481  49.819946  44.200680  38.000885  32.491150  29.631355  27.696354 
 } 
 GR Channel
 {
 52.177498  56.665421  62.304115  71.839325  81.425102  89.682083  95.884430  99.633652  101.091980  99.006035  95.100365  88.611252  80.240730  71.080734  62.066299  56.694588  53.566254 
 55.326668  62.330002  72.682655  84.570778  95.865936  105.792503  113.574219  118.547806  119.421570  117.345627  112.200150  104.041252  94.210312  83.241562  71.573593  61.773750  56.209999 
 58.048386  69.098595  82.497345  96.276878  109.145782  120.870941  130.442657  137.004837  138.787659  135.570618  129.000000  118.817810  107.087029  94.355469  80.946564  68.112190  58.328438 
 61.642975  76.051094  91.214218  106.407188  121.277969  135.317963  147.128906  155.462036  157.878906  154.020309  145.425629  132.806717  118.702652  104.116722  89.207657  74.649063  61.910728 
 65.567757  81.476715  97.963905  114.439377  131.291870  147.479843  161.534058  170.650314  173.338913  169.339371  159.633743  144.847351  128.170319  111.880783  95.566406  79.720940  65.246353 
 68.445518  85.257187  102.332657  119.729218  138.085464  156.099060  171.225311  180.728287  183.169998  179.258438  169.408752  153.351410  134.887970  117.025162  99.929222  83.327347  67.700882 
 69.588333  86.663750  104.061409  122.012192  140.518280  159.272339  174.557968  184.066254  186.609528  182.744995  173.528442  157.408600  138.697968  120.116562  102.110153  84.587654  68.756203 
 68.824165  85.387497  102.334061  119.675629  137.740311  155.668747  170.941711  180.468445  183.075317  179.285934  170.094223  154.115005  135.263443  117.423279  100.212029  83.420311  67.739067 
 66.002548  81.894844  97.884377  114.441559  131.112183  147.346252  161.398590  170.650940  173.412811  169.613586  159.822968  145.239838  128.571869  112.157654  96.073128  80.145470  65.471512 
 62.332451  76.250153  91.246719  106.412971  120.987503  135.026093  146.818436  154.879059  157.411713  154.204529  145.748749  133.262344  118.942810  104.452660  89.607498  74.758591  61.962135 
 59.051353  69.614685  82.961250  96.716248  109.696404  121.155624  130.762497  137.272339  139.128128  136.437973  129.621719  119.525162  107.632347  94.889061  81.346405  68.379219  58.978180 
 56.674065  63.364059  73.332184  85.221565  96.686249  106.504059  114.173126  119.123749  120.655945  118.437653  112.991409  104.953903  94.950623  83.597191  71.860001  62.314529  57.390572 
 53.938644  58.987816  64.480522  73.564896  83.166252  91.481567  98.130211  102.367500  103.443848  101.805367  97.306618  90.583694  82.039795  72.369682  63.520424  58.718071  55.180992 
 } 
 GB Channel
 {
 52.948120  57.298546  62.940834  72.733963  82.677498  90.960312  97.442497  101.287605  102.489426  100.406456  96.061043  89.343437  80.680573  71.264427  62.060837  56.649742  53.662247 
 56.016876  63.083122  73.596252  85.623123  97.091248  107.047813  114.831253  119.819687  120.806717  118.409378  113.041870  104.659691  94.633278  83.451721  71.518753  61.653282  56.181412 
 58.591248  69.652496  83.361877  97.399216  110.388435  122.125931  131.762192  138.299530  140.000000  136.508743  129.703125  119.304062  107.245781  94.380623  80.759689  67.747032  58.070984 
 61.944328  76.549530  92.034843  107.503906  122.527039  136.546402  148.280624  156.735779  159.079376  155.059998  146.178436  133.161407  118.880157  104.047501  88.973907  74.046097  61.351303 
 65.662811  81.755310  98.643127  115.408600  132.336868  148.543747  162.649689  171.697342  174.535461  170.115463  160.211243  145.107193  128.202499  111.548752  95.154060  79.053436  64.568443 
 68.403023  85.428436  102.735313  120.577499  138.816254  156.732025  171.682190  181.213440  183.695938  179.665787  169.475784  153.346558  134.756561  116.679214  99.253906  82.558746  66.912910 
 69.360840  86.742500  104.448441  122.532654  141.105316  159.600311  174.645004  184.088913  186.627182  182.649994  173.365158  156.977188  138.210938  119.579056  101.308746  83.608284  67.774323 
 68.420837  85.372498  102.516876  120.080627  138.024689  155.829376  170.872971  180.269836  183.028275  178.965149  169.809372  153.490784  134.656403  116.749695  99.347809  82.517967  66.728180 
 65.870941  81.835938  97.927811  114.707031  131.237183  147.190781  161.169067  170.270935  173.112976  169.149994  159.199844  144.621246  127.807663  111.388596  95.268593  79.122658  64.537857 
 62.138023  76.220940  91.175003  106.457031  120.954376  134.902191  146.439377  154.350937  156.799057  153.506561  144.971405  132.458130  118.167664  103.639687  88.727654  73.835159  61.150368 
 58.941719  69.581093  82.939842  96.714218  109.504845  120.807816  130.209839  136.579376  138.537659  135.617188  128.751724  118.662964  106.748436  93.958122  80.538284  67.560623  58.242714 
 56.915314  63.291565  73.302658  85.166718  96.440781  106.163437  113.719376  118.621872  120.114838  117.733902  112.137024  104.098122  94.090469  82.921562  71.105469  61.619377  56.762291 
 54.242805  58.860313  64.324944  73.379005  82.995567  91.198021  97.596458  101.993965  102.917969  101.113289  96.475990  89.853546  81.329422  71.611565  63.051094  58.280624  54.797714 
 } 
 B Channel
 {
 34.429115  37.811199  41.975883  48.821045  55.629112  61.324425  65.704681  68.340836  69.065727  67.852341  65.280983  60.584373  54.755676  48.029427  41.599842  37.675888  35.854218 
 36.754116  41.572655  49.192345  57.816872  65.826408  72.556717  77.717186  80.945000  81.864059  80.319221  76.895782  71.454376  64.599220  56.690468  48.309219  41.322342  38.065472 
 38.508488  46.310780  55.993752  65.925003  74.957031  82.919685  89.249535  93.365471  94.620628  92.714378  88.336563  81.603127  73.574371  64.615936  55.005936  45.834843  39.623802 
 40.873230  51.024063  61.962029  72.700157  82.936249  92.433594  100.443283  105.774529  107.232971  104.856094  99.452972  91.021873  81.487968  71.395157  60.910156  50.440941  42.129269 
 43.281979  54.581566  66.320625  77.925156  89.329216  100.197189  109.621719  115.666092  117.491882  114.797348  108.642967  98.911095  87.772659  76.546722  65.188591  54.037811  44.599476 
 45.062393  56.901566  68.972809  81.195778  93.432030  105.347969  115.368286  121.505005  123.409531  121.112030  114.742661  104.233910  92.010315  79.984840  68.109528  56.456093  46.310890 
 45.570629  57.553123  69.871872  82.292191  94.681404  106.950310  117.023590  123.265778  125.115005  122.837189  116.972183  106.216095  93.889687  81.776405  69.495781  57.294373  47.027294 
 45.040680  56.604218  68.530312  80.559685  92.682816  104.524216  114.459839  120.674225  122.425308  120.264999  114.618744  104.087814  91.887497  79.922028  68.066719  56.463753  46.295418 
 43.311825  54.257034  65.490158  77.007347  88.260315  98.898125  108.233597  114.202347  116.038284  113.711090  107.734375  98.388596  87.453751  76.581566  65.366562  54.232811  44.620731 
 40.741146  50.361565  61.047188  71.561874  81.356407  90.781097  98.550316  103.782341  105.430000  103.484688  98.249374  90.424065  80.984375  71.275780  60.788437  50.475624  42.143124 
 38.352814  45.881561  55.316559  64.888748  73.843903  81.437965  87.861092  92.065155  93.455940  91.940468  87.750778  81.205154  73.268440  64.556091  54.921722  45.856876  39.977707 
 36.907394  41.635311  48.711090  57.142189  65.133125  71.900467  77.069221  80.387970  81.425468  80.206718  76.773903  71.555153  64.672028  56.738907  48.258591  41.560471  38.812759 
 35.463226  39.139893  43.408386  50.087189  57.288956  63.126930  67.721924  70.616089  71.436096  70.484848  67.495369  62.869118  56.776405  49.637863  43.236301  39.791927  38.100677 
 } 


 White Balance Data with optical Center Data
 r_center_x =  643 r_center_y =  476 
 gr_center_x =  623 gr_center_y =  494 
 b_center_x =  641 b_center_y =  457 
 gb_center_x =  623 gb_center_y =  452 
 r/gr 0.606452 
 b/gr 0.671165 
 gb/gr 1.001140 
 r_oc_ave 113.457779 
 b_oc_ave 125.564438 
 gr_oc_ave 187.084442 
 gb_oc_ave 187.297775 

 [AWB]
 RGr =  0.606452 
 BGr =  0.671165 
 GbGr =  1.001140 
 r_oc_ave =  113.457779 
 b_oc_ave =  125.564438 
 gr_oc_ave =  187.084442 
 gb_oc_ave =  187.297775 