 LEFT LENS SHADING DATA
 RED Channel
 {
 26.955257  29.286095  33.150417  39.180988  45.704060  51.273277  55.462662  58.193649  58.875671  57.517815  54.588074  49.952660  44.260204  38.201824  32.462032  29.157085  27.120419 
 28.733177  32.941719  39.473751  47.312031  54.851563  61.333908  66.619530  69.992813  70.922966  69.147812  65.418282  59.743279  53.071877  45.710781  38.083908  31.911251  28.558331 
 30.123699  37.151405  45.794064  54.781715  63.497185  71.192657  77.745941  82.127815  83.396095  80.996246  76.006874  68.932343  61.070465  52.814217  43.957500  35.720001  29.684170 
 32.603073  41.535782  51.514847  61.560310  71.333122  80.685471  88.754532  94.258751  95.590309  92.788910  86.576248  77.911095  68.377029  58.940002  49.206406  39.695782  31.775986 
 35.277344  45.234219  56.065002  67.021095  78.098907  88.877502  98.302811  104.449684  106.187187  102.800781  95.668434  85.524376  74.445160  63.684998  53.198753  42.936562  33.876564 
 36.965778  47.627655  58.779999  70.708122  82.919998  94.617813  104.874222  111.270622  112.761414  109.314690  101.898125  90.710625  78.584534  66.964691  55.814217  45.140938  35.304684 
 37.488438  48.534691  59.767029  72.083435  84.649529  96.731407  106.805466  113.077972  114.729065  111.474060  104.391251  92.995781  80.703751  68.625000  56.933907  45.861095  35.806301 
 36.676823  47.719532  58.680779  70.182190  82.494530  94.149841  104.113434  110.243752  111.932816  108.724373  101.610466  90.469063  78.265778  66.714531  55.616409  44.912033  35.308487 
 34.822712  45.115623  55.761253  66.481873  77.478592  88.096718  97.076874  102.766403  104.544846  101.290779  94.298592  84.437187  73.588753  63.210472  52.781876  42.636250  33.741249 
 32.378853  41.219688  51.180939  60.939064  70.361717  79.427032  87.147034  92.250778  93.397186  90.775154  84.780312  76.522186  67.400780  58.094528  48.440155  39.162186  31.540524 
 30.349377  36.926876  45.498905  54.364685  62.609688  69.953438  76.370468  80.528595  81.418747  79.295158  74.451874  67.746407  60.041718  51.786407  43.051876  35.244373  29.838959 
 29.212238  32.907032  39.144218  46.838436  54.094528  60.342499  65.485626  68.642029  69.494690  67.766716  63.959999  58.507347  51.940941  44.692188  37.287655  31.682030  28.802654 
 27.599323  30.073906  33.253178  38.868439  45.124741  50.312080  54.392296  57.001404  57.745522  56.551102  53.503754  48.987549  43.359688  37.390106  31.944530  29.191826  27.269325 
 } 
 GR Channel
 {
 52.240211  56.913956  63.298485  72.880203  82.870369  91.109528  97.599586  101.700005  102.851814  101.080627  96.799789  90.229218  81.649635  72.273178  63.090889  57.483902  53.585579 
 55.718124  63.121872  73.562035  85.634377  97.051407  106.845154  114.705002  119.821243  121.432037  119.020630  113.784378  105.736092  95.703590  84.499222  72.422340  62.410782  56.587234 
 58.559219  70.002342  83.449684  97.074219  110.030624  121.648590  131.548126  138.020935  140.187195  137.055161  130.265320  120.237350  108.527191  95.696564  81.936249  68.767029  58.759743 
 62.643280  76.930153  92.019218  107.010468  121.879837  135.927032  148.234680  156.232346  158.704376  155.258286  146.791245  134.204681  119.941101  105.312500  90.324844  75.338593  62.228798 
 66.653542  82.348122  98.686249  114.720779  131.488754  147.851089  162.332657  171.517349  174.499222  170.287506  160.590469  145.860306  129.183121  112.790314  96.608124  80.385628  65.691872 
 69.487038  85.893906  102.710159  120.078430  138.190781  156.249527  171.813904  181.326096  183.730942  179.529373  169.819382  153.606247  135.386414  117.668594  100.664841  83.811722  68.067764 
 70.067444  87.170158  104.035622  122.079224  140.696243  159.167496  174.553284  183.889221  186.516098  182.505005  173.429382  157.109375  138.867340  120.488907  102.471252  85.055000  68.875000 
 68.803383  85.762344  102.288437  119.372345  137.577820  155.397339  170.429688  179.868744  182.610779  178.829849  169.644058  153.570938  135.126877  117.467819  100.254845  83.593285  67.903069 
 65.864998  81.842499  97.975311  113.997650  130.466400  146.817184  160.723282  169.372971  172.546402  168.603439  159.048431  144.623596  128.169067  112.184692  96.062653  80.068596  65.317131 
 61.867661  75.805779  91.027809  105.803436  120.173126  134.008591  145.938126  153.777649  156.246399  153.049057  144.831253  132.635941  118.555161  104.259216  89.398438  74.541565  61.864899 
 58.438080  69.102028  82.463753  96.168594  108.739845  120.120163  129.760468  136.262970  138.153275  135.431870  128.601868  118.863129  107.151253  94.421410  80.841560  68.091721  58.951927 
 56.000732  62.759064  72.707970  84.660309  95.825783  105.296249  113.016724  118.039688  119.654846  117.442337  112.010941  104.136871  94.194847  83.023125  71.271408  62.115471  57.069847 
 52.647820  57.749062  63.179840  71.977394  81.610573  89.727501  95.944427  99.777603  101.110878  99.708809  95.284264  88.562714  80.237137  70.594376  62.022446  57.647758  53.732346 
 } 
 GB Channel
 {
 52.621254  57.320419  63.613388  73.381355  83.404221  91.679375  98.121925  102.315727  103.453117  101.534218  96.897652  90.106407  81.343903  71.881615  62.633804  57.022552  53.246300 
 56.193756  63.396248  73.987343  86.194687  97.629845  107.450623  115.161713  120.227814  121.814377  119.093597  113.709534  105.413284  95.362030  84.011406  71.913597  61.876091  56.142967 
 58.819847  70.297966  83.945625  97.656563  110.787033  122.296249  132.025787  138.471725  140.508118  137.164063  130.190475  119.921097  108.114220  95.209846  81.322502  68.065155  58.029533 
 62.720528  77.165939  92.563126  107.762032  122.709534  136.625000  148.675476  156.784058  159.231567  155.397659  146.668900  133.868591  119.446716  104.817497  89.648285  74.501877  61.331459 
 66.726303  82.667343  99.122345  115.667343  132.424850  148.701401  162.890320  172.104065  174.994370  170.493744  160.555939  145.521408  128.586868  112.026718  95.690468  79.369530  64.644318 
 69.466141  86.091560  103.169685  120.824692  138.997650  156.800156  172.250778  181.583588  184.079849  179.652649  169.491409  153.003601  134.747818  116.863586  99.595940  82.678909  66.859947 
 69.768860  87.268440  104.312965  122.559525  141.306091  159.724213  174.676254  183.978287  186.514694  182.300781  172.885468  156.355621  137.923126  119.535156  101.382965  83.804062  67.796150 
 68.585571  85.889534  102.633751  119.845932  137.977188  155.804840  170.539368  179.857819  182.490631  178.556564  169.006088  152.889526  134.212814  116.527039  99.154373  82.420784  66.802650 
 65.690681  81.972969  98.298126  114.315002  130.801559  147.020782  160.765778  169.282181  172.402344  168.258591  158.414841  143.875305  127.391556  111.333122  94.980156  78.918121  64.408119 
 61.744637  75.854843  91.350784  106.152809  120.426407  134.122818  145.799377  153.630157  155.981400  152.512497  144.190155  131.813599  117.756882  103.416878  88.386406  73.625778  61.003914 
 58.472656  69.264534  82.781250  96.356560  108.998436  120.066711  129.622498  136.029221  137.807816  134.869217  128.000778  118.060471  106.446091  93.662033  80.007965  67.335938  58.253853 
 56.142654  62.843285  72.853905  84.736404  95.876091  105.365158  112.935623  117.892502  119.360001  116.986877  111.466408  103.476875  93.538437  82.325783  70.606094  61.492035  56.678490 
 53.313072  57.880981  63.324120  72.204948  81.797966  89.808701  95.997292  99.872917  101.296669  99.609795  94.855782  88.101044  79.625526  70.074738  61.594223  57.252235  53.477654 
 } 
 B Channel
 {
 34.140835  37.169582  41.633541  48.425888  55.453903  61.376930  65.814171  68.480209  69.033638  67.849846  64.971771  60.304741  54.373024  47.708225  41.192085  37.168541  34.846874 
 36.679581  41.502499  48.853127  57.357346  65.295784  72.037971  77.290001  80.499374  81.416565  79.612968  76.183441  70.750778  64.014687  56.172813  47.695000  40.706875  37.092709 
 38.815678  46.506718  55.862968  65.326408  74.259064  82.040627  88.487968  92.703438  93.890938  91.713440  87.181091  80.554688  72.684532  64.036560  54.430000  45.291248  38.744583 
 41.759686  51.435936  61.962341  72.361092  82.312035  91.488594  99.456718  104.635002  106.054375  103.648903  98.028122  89.739372  80.253754  70.505470  60.192184  49.793434  41.385521 
 44.436302  55.381096  66.645157  77.657188  88.712967  99.367653  108.652344  114.482346  116.225159  113.295944  106.912346  97.276093  86.370003  75.495468  64.421875  53.292816  43.710728 
 46.106617  57.660156  69.244690  80.894684  92.908127  104.542656  114.497498  120.587341  122.113434  119.262817  112.838440  102.237503  90.409378  78.625778  67.085625  55.701874  45.563122 
 46.433392  58.338593  69.998436  82.132187  94.222969  106.273285  115.933289  121.870941  123.735306  121.055313  115.080780  104.240471  92.363594  80.404686  68.230621  56.369843  46.128387 
 45.488487  57.307030  68.878593  80.324219  92.173592  103.730316  113.376404  119.290939  121.000626  118.631714  112.634216  102.213440  90.151405  78.371246  66.710159  55.386719  45.362347 
 43.528591  54.532967  65.912659  76.773750  87.668434  98.145470  106.971092  112.485306  114.326401  111.962189  105.746719  96.406715  85.744064  74.957970  63.941093  52.864059  43.605728 
 40.641304  50.427345  60.989532  71.272346  80.815315  89.748283  97.245003  102.358749  103.714066  101.733910  96.472656  88.621719  79.506409  69.710159  59.301559  49.075935  41.130520 
 38.097607  45.712189  55.094376  64.587189  73.092812  80.538437  86.731720  90.867653  91.980156  90.204842  85.973122  79.559219  71.832970  63.104065  53.379684  44.597343  38.910885 
 36.467445  41.058907  48.099686  56.495155  64.212502  70.665154  75.699371  78.993752  79.942970  78.531250  75.088127  69.730934  62.929222  55.131096  46.821564  40.383438  37.567600 
 34.566200  37.835781  41.819271  48.262032  54.965004  60.654953  65.022705  67.337082  68.469849  67.345421  64.450623  59.797188  53.819016  47.088383  40.790730  37.579269  35.755520 
 } 


 White Balance Data with optical Center Data
 r_center_x =  651 r_center_y =  484 
 gr_center_x =  628 gr_center_y =  488 
 b_center_x =  644 b_center_y =  495 
 gb_center_x =  641 gb_center_y =  487 
 r/gr 0.615118 
 b/gr 0.663525 
 gb/gr 1.002018 
 r_oc_ave 115.155548 
 b_oc_ave 124.217773 
 gr_oc_ave 187.208893 
 gb_oc_ave 187.586670 

 [AWB]
 RGr =  0.615118 
 BGr =  0.663525 
 GbGr =  1.002018 
 r_oc_ave =  115.155548 
 b_oc_ave =  124.217773 
 gr_oc_ave =  187.208893 
 gb_oc_ave =  187.586670 