 LEFT LENS SHADING DATA
 RED Channel
 {
 27.271194  29.622448  33.096409  39.081459  45.260986  50.913597  54.856354  57.687454  58.386932  57.109062  53.921402  49.275528  43.785053  37.645622  32.133385  29.082027  27.131615 
 29.161613  32.993908  39.498280  47.104374  54.413284  60.854218  65.930939  69.390160  70.259216  68.419060  64.540779  58.844688  52.088593  44.948124  37.601093  31.700157  28.817028 
 30.843594  37.377968  45.863281  54.744377  63.008751  70.579842  76.924377  81.135780  82.336090  80.036720  75.162033  68.113747  60.188126  51.994217  43.491562  35.555313  29.836979 
 33.253124  42.030624  51.821251  61.629845  71.130310  80.015938  87.680779  93.169060  94.592812  91.642502  85.514061  76.847504  67.390472  58.187035  48.751404  39.543125  31.769379 
 35.770626  45.889374  56.446877  67.258751  77.894379  88.199219  97.144066  103.349060  105.049530  101.714844  94.619690  84.540154  73.610313  63.160782  52.874687  42.917343  34.108799 
 37.701511  48.472969  59.616875  71.058594  82.756248  94.230003  103.899689  110.212029  111.990311  108.622185  101.036720  89.970314  78.066093  66.572502  55.787346  45.310001  35.784584 
 38.596767  49.565941  60.970779  72.788284  84.935310  96.804222  106.693909  112.859680  114.523590  111.314842  104.137497  92.843903  80.232033  68.454842  56.961563  46.081718  36.359428 
 38.322811  48.775314  59.922966  71.360466  83.217499  94.502342  104.277969  110.649841  112.129532  109.030312  101.712189  90.474060  78.298592  66.972343  55.842972  45.314686  35.829689 
 36.353699  46.437656  56.916405  67.730934  78.501717  88.975159  97.811249  103.796875  105.340782  102.095627  94.813904  84.799377  74.072189  63.579529  53.211403  43.092186  34.193855 
 33.932083  42.771252  52.547340  62.360001  71.741875  80.586876  88.103592  93.234375  94.476715  91.789688  85.615311  77.227814  67.922028  58.766251  49.105469  39.737030  31.852657 
 31.653072  38.383282  46.978592  55.736404  64.060623  71.495003  77.593437  81.613281  82.578903  80.460785  75.441254  68.643906  60.953751  52.728752  44.012814  35.757969  29.764427 
 30.216721  34.149845  40.710155  48.381561  55.591408  62.010002  66.976715  70.114685  70.848122  69.168747  65.251404  59.674690  53.126877  45.917187  38.182812  31.939377  28.646458 
 28.459217  30.969215  34.565781  40.394482  46.663277  51.984161  56.267761  59.070107  59.317291  58.234169  55.059944  50.371353  44.600208  38.345940  32.688644  29.288540  27.218540 
 } 
 GR Channel
 {
 50.457344  55.526924  61.511040  70.883286  80.423126  88.826195  94.933647  99.075264  100.525047  98.731819  94.370575  87.860207  79.459953  70.412819  61.701881  56.491615  52.948700 
 54.628174  61.352966  71.588127  83.386406  94.581879  104.413910  112.096558  117.339218  119.231094  116.853287  111.643280  103.510628  93.531403  82.650314  71.000626  61.463905  56.146194 
 57.637917  68.277496  81.398750  94.948753  107.809685  119.415161  129.150467  135.684525  137.909531  135.194061  128.451248  118.227493  106.431404  93.850937  80.507813  67.760941  58.097183 
 61.446564  75.131561  89.950157  104.788437  119.622650  133.713745  145.648590  153.969528  156.869064  153.584213  145.252808  132.379059  118.080475  103.624222  88.760941  74.185936  61.533859 
 65.169327  80.843285  96.576874  112.791870  129.533127  146.048904  160.391724  169.888443  173.056870  169.203278  159.516098  144.684219  127.716095  111.349846  95.258591  79.534378  65.242294 
 67.918129  84.506874  101.124535  118.208908  136.321869  154.631256  170.478912  180.053909  183.122650  179.520935  169.368591  153.190475  134.603592  116.540314  99.585785  83.110779  67.853493 
 69.014534  85.748909  102.743904  120.300629  138.932343  157.980469  173.962494  183.741882  186.496719  183.227966  173.709686  157.298752  138.169998  119.698120  101.741562  84.445625  68.631042 
 68.301353  84.567184  101.363281  118.550629  136.731247  154.787659  170.631409  180.650162  183.183899  179.938904  170.517654  154.253906  135.400787  117.379837  100.051872  83.259216  67.810677 
 65.614113  81.220154  97.030472  113.649216  130.232346  146.645004  161.175934  170.758118  173.450150  169.767502  160.166565  145.626099  128.798904  112.276566  95.859840  79.840469  65.349846 
 62.000519  75.828438  90.570465  105.689529  120.473282  134.428909  146.558441  154.739532  157.254684  154.294525  146.044846  133.844681  119.376724  104.855782  89.526566  74.594063  61.676147 
 58.278748  69.379997  82.681404  96.195000  109.234528  120.824844  130.478119  136.948288  139.015472  136.327026  129.572815  119.831879  108.200623  95.370468  81.394218  68.249062  58.354897 
 55.673546  62.825623  73.183746  85.029686  96.228439  106.141251  114.036713  118.899368  120.428909  118.308899  113.074844  105.226250  95.389061  84.132187  72.100624  62.039063  56.294891 
 52.127289  57.416046  63.557503  72.560516  82.347183  90.307503  96.989014  100.976456  102.025780  100.596619  96.466721  89.848747  81.287399  71.783859  62.832291  57.377808  53.410309 
 } 
 GB Channel
 {
 51.291664  56.038750  62.036148  71.258224  80.788544  88.982704  94.897285  99.193596  100.541611  98.663643  94.257607  87.384529  79.098595  69.937965  61.162964  56.147141  52.684639 
 55.248749  61.937500  72.137810  84.059059  95.175629  104.830627  112.171875  117.271713  118.838913  116.434067  110.953438  102.843903  92.874222  82.143593  70.409843  60.948593  55.865059 
 58.183701  68.948906  82.181252  95.724998  108.527344  119.972183  129.335159  135.618439  137.630936  134.601868  127.823441  117.614532  105.828751  93.286873  79.855934  67.207497  57.706673 
 61.893700  75.916405  90.938751  105.876564  120.561249  134.456100  146.162659  154.234070  156.815308  153.238754  144.568283  131.714066  117.458908  102.953125  88.138748  73.513123  60.861877 
 65.684166  81.485001  97.627029  113.868118  130.517975  146.874069  160.743744  170.164993  173.037033  168.977661  158.977036  143.945313  127.012192  110.700310  94.484688  78.705002  64.275833 
 68.328438  85.068436  102.003128  119.275467  137.226089  155.154526  170.520462  180.056412  182.929214  179.022339  168.462341  152.296722  133.670471  115.801086  98.762970  82.199532  66.718079 
 69.461197  86.296410  103.588905  121.408432  139.744370  158.281403  173.790466  183.438431  185.986877  182.408905  172.771255  156.198120  137.194839  118.771408  100.689064  83.359840  67.555885 
 68.634422  85.027969  101.936249  119.225937  137.330475  155.136246  170.361404  180.113907  182.612350  179.071564  169.410156  153.001877  134.180466  116.297653  98.850471  82.137184  66.643860 
 65.714737  81.592033  97.512184  114.169846  130.676880  146.739838  160.910629  170.211243  172.816879  168.860779  159.047348  144.408432  127.671402  111.122658  94.789841  78.871719  64.304848 
 62.074371  76.206879  90.966560  105.991562  120.648911  134.441406  146.102188  154.207031  156.449692  153.184998  144.769379  132.504532  118.184845  103.717033  88.455002  73.548904  60.825783 
 58.526299  69.638596  82.984528  96.463127  109.213905  120.622971  130.074844  136.265930  138.122818  135.355621  128.406097  118.620316  107.074844  94.253128  80.423279  67.292816  57.650726 
 56.134689  62.969688  73.369843  85.148125  96.310158  105.819687  113.467819  118.161880  119.681091  117.359848  111.976875  104.065315  94.257187  83.200310  71.183281  61.269684  55.782600 
 52.805107  57.663849  63.546303  72.532707  82.122864  90.145943  96.659477  100.683952  101.498383  100.031296  95.679382  89.050728  80.463020  70.815727  61.917656  56.482605  52.854271 
 } 
 B Channel
 {
 33.241928  36.596096  40.960159  47.560574  54.433746  60.468071  64.739792  67.731720  68.315315  67.220573  64.244171  59.585159  53.544479  47.061512  40.889633  37.179638  35.112553 
 36.102345  40.794220  48.048279  56.500778  64.407501  71.178284  76.400627  79.931091  81.032814  79.285782  75.717499  70.183281  63.137810  55.501717  47.437344  40.792343  37.571720 
 38.244690  45.742188  55.099060  64.548126  73.447968  81.349686  87.692970  92.053436  93.502815  91.502502  86.995468  80.122032  72.070625  63.321404  54.057030  45.261250  39.241249 
 41.130260  50.679222  61.349373  71.636566  81.429535  90.759377  98.494843  104.072815  106.007034  103.661873  97.900780  89.468437  79.812347  70.009689  59.857033  49.834534  41.747654 
 43.879375  54.605621  65.853439  76.977341  87.987190  98.784065  107.953125  114.177505  116.411087  113.773285  107.361877  97.414841  86.251404  75.251251  64.196877  53.566559  44.456562 
 45.778385  57.068596  68.801094  80.453278  92.207809  104.030312  114.243912  120.417664  122.640930  120.233276  113.482971  102.825783  90.610313  78.652969  67.052971  56.037186  46.198856 
 46.565155  58.050781  69.792969  81.776253  93.881561  106.076408  116.196869  122.401871  124.517349  122.389694  116.161880  105.078903  92.554375  80.506874  68.346878  56.761566  46.706982 
 46.064838  57.202972  68.629845  80.411873  92.279221  103.760315  113.932190  120.071411  121.956100  120.049530  114.148743  103.420471  90.986092  78.961250  67.138596  55.982971  46.183178 
 43.946354  54.839691  65.672501  76.925468  87.999687  98.536247  107.652969  113.575470  115.393127  113.345779  107.196404  97.639374  86.565941  75.644531  64.396095  53.612968  44.349846 
 41.221615  50.951408  61.213280  71.436249  81.276253  90.371719  97.886406  103.040314  104.742500  102.914841  97.694847  89.811562  80.271721  70.576248  60.056091  49.831093  41.789219 
 38.561092  46.251720  55.521248  64.771721  73.549690  81.306404  87.481094  91.379997  92.660004  91.140312  86.930626  80.652969  72.861092  64.119064  54.413437  45.451561  39.222393 
 36.761929  41.574219  48.779373  57.044220  64.714066  71.497032  76.573441  79.687035  80.603905  79.331566  76.036720  70.819061  64.132813  56.332344  47.832970  41.022186  37.733440 
 34.655258  38.108593  42.254791  48.621925  55.518639  61.159325  65.815514  68.389328  68.957451  68.100311  65.434006  60.904900  55.142815  48.102554  41.604427  37.948853  35.955105 
 } 


 White Balance Data with optical Center Data
 r_center_x =  627 r_center_y =  459 
 gr_center_x =  617 gr_center_y =  496 
 b_center_x =  656 b_center_y =  474 
 gb_center_x =  655 gb_center_y =  474 
 r/gr 0.614264 
 b/gr 0.667705 
 gb/gr 0.996315 
 r_oc_ave 114.839996 
 b_oc_ave 124.831116 
 gr_oc_ave 186.955551 
 gb_oc_ave 186.266663 

 [AWB]
 RGr =  0.614264 
 BGr =  0.667705 
 GbGr =  0.996315 
 r_oc_ave =  114.839996 
 b_oc_ave =  124.831116 
 gr_oc_ave =  186.955551 
 gb_oc_ave =  186.266663 