 LEFT LENS SHADING DATA
 RED Channel
 {
 26.654373  29.016876  32.247395  37.976665  44.076824  49.551666  53.684631  56.226036  57.017548  55.719948  52.916565  48.546196  43.189011  37.400105  31.788177  28.506252  26.807499 
 28.514790  32.141876  38.345314  45.816250  52.908279  59.158752  64.249847  67.468124  68.381096  66.778908  63.311562  58.041405  51.759216  44.847187  37.446720  31.452499  28.289169 
 29.843334  36.332500  44.701561  53.367340  61.409378  68.785309  74.902969  79.069374  80.236877  78.272972  73.740311  67.114372  59.691406  51.750313  43.394375  35.419846  29.559635 
 32.432812  40.884064  50.496719  60.149841  69.300781  77.989059  85.562653  90.842812  92.390472  89.746094  84.205467  75.975624  67.095154  58.017189  48.727188  39.599533  31.645157 
 35.015781  44.667656  55.116249  65.633278  76.014061  86.040466  94.959686  101.054840  102.843903  99.841873  93.190781  83.672340  73.117035  63.077187  52.914215  43.033905  33.934948 
 37.041042  47.373123  58.207497  69.412346  80.851715  92.048126  101.785622  108.077187  109.748909  106.849846  99.671249  89.231873  77.805466  66.613434  55.770470  45.389999  35.573334 
 37.711147  48.466560  59.552971  71.139999  82.980316  94.673279  104.491875  110.704376  112.460785  109.629684  103.042191  92.064064  80.059532  68.545158  57.187813  46.321564  36.229477 
 36.950783  47.788906  58.820465  69.903595  81.457970  92.695938  102.326096  108.729691  110.404846  107.404999  100.863907  89.991249  78.366249  67.144218  56.193596  45.602188  35.881351 
 35.335728  45.394062  55.911560  66.535004  77.022812  87.290779  96.294685  102.387032  104.050316  101.001091  94.226250  84.649063  74.100784  63.853439  53.589066  43.556717  34.370678 
 32.952709  41.705624  51.506561  61.346878  70.560310  79.339378  87.021248  92.233749  93.587502  91.148903  85.248123  77.145470  68.092972  58.958748  49.492966  40.201096  32.041302 
 30.860207  37.419376  46.008751  55.021561  63.234840  70.545784  76.777031  81.093597  82.159531  80.033752  75.317497  68.657028  61.138908  52.986565  44.376877  36.108437  29.953022 
 29.773903  33.485783  39.830467  47.725468  55.117188  61.442497  66.552345  69.725784  70.755310  69.066719  65.227341  59.801720  53.411873  46.100155  38.523907  32.231720  28.783596 
 28.233906  30.646408  34.115261  40.148594  46.584270  52.030838  56.272552  58.890572  59.530731  58.495255  55.390465  50.776093  45.278542  38.908279  33.003700  29.522762  27.667759 
 } 
 GR Channel
 {
 50.547340  55.340256  60.780159  69.923958  79.547241  88.051201  94.552864  98.617134  99.843803  97.972504  93.929115  87.110100  79.078743  69.876976  60.896927  55.512131  52.166718 
 54.256088  60.850471  70.820778  82.764374  94.075783  104.045158  111.898903  116.949844  118.679840  116.367493  111.328903  103.193436  93.343750  82.292816  70.590469  60.772346  55.006302 
 56.736099  67.522972  80.780159  94.465469  107.408279  119.123749  128.847031  135.371872  137.444214  134.792816  128.174530  118.096878  106.357811  93.599998  80.173279  67.339066  57.292809 
 60.578743  74.408752  89.553284  104.902344  119.545151  133.514526  145.575775  153.869217  156.580154  153.078903  144.811874  132.302032  118.197189  103.658592  88.776093  74.035469  60.940262 
 64.725838  80.107498  96.582344  113.095306  129.628754  145.853287  160.050934  169.692505  172.754684  168.773438  159.347031  144.508286  127.757813  111.472656  95.348434  79.521721  64.729424 
 67.666199  84.088905  101.095001  118.568588  136.657806  154.552032  170.228287  180.183121  183.167343  179.276718  168.880310  152.679840  134.450775  116.664368  99.474373  82.950470  67.219017 
 68.678017  85.805939  103.110153  121.063599  139.686096  158.348755  174.058899  184.077652  186.854218  182.830154  173.464539  156.905945  138.030151  119.912811  101.901253  84.505470  68.206924 
 67.671150  84.657814  101.967659  119.281097  137.331100  155.512497  170.935944  180.699524  183.442184  179.674057  170.402969  154.054382  135.531876  117.618591  100.350624  83.445000  67.577080 
 65.128754  81.250000  97.769379  114.405472  131.050308  147.461411  161.735626  170.859375  173.784683  170.061874  160.361557  145.660782  128.872192  112.506561  96.253441  80.262970  65.154015 
 61.573441  75.570938  90.950783  106.514374  121.239838  135.135315  147.119690  155.211411  157.773285  154.696716  146.305618  133.892975  119.594849  104.904999  89.925629  74.968437  61.485519 
 58.319633  69.098595  82.759216  96.902969  109.941872  121.511566  130.978439  137.680161  139.779373  137.054535  130.174530  120.195938  108.435158  95.517815  81.745941  68.451874  58.126457 
 55.885361  62.711403  73.102341  85.464531  97.132034  107.006248  114.746567  119.782806  121.483902  119.291718  113.874374  105.816406  95.835625  84.338127  72.212967  61.995941  55.880104 
 52.769531  57.866615  63.819221  73.060989  83.177658  91.767082  98.244064  102.319893  103.609116  102.447762  97.838547  90.923698  82.345627  72.320618  62.925255  57.118019  53.357185 
 } 
 GB Channel
 {
 51.684586  56.074577  61.481613  70.842712  80.395103  88.967758  95.469124  99.474213  100.835365  98.891609  94.649849  87.884117  79.649483  70.220940  61.103851  55.853752  52.675003 
 55.184166  61.608749  71.705154  83.723122  95.103439  105.004219  112.793900  117.784851  119.318909  117.011414  111.845467  103.642654  93.754059  82.653435  70.780937  60.912498  55.313339 
 57.618385  68.294846  81.880936  95.701096  108.627815  120.177032  129.842499  136.300003  138.361877  135.571091  128.942505  118.740463  106.927032  94.008438  80.351250  67.348434  57.304276 
 61.358749  75.227501  90.694061  106.152496  120.764221  134.619537  146.508438  154.850937  157.408600  153.982651  145.574997  132.983749  118.709213  103.976563  88.946877  73.958908  60.774529 
 65.231415  80.945778  97.455780  114.196716  130.824371  146.754684  160.884842  170.450150  173.529526  169.451569  159.840622  144.960464  128.096405  111.770935  95.369377  79.343437  64.425934 
 68.063797  84.771095  101.846565  119.503433  137.460159  155.215775  170.514374  180.334381  183.275467  179.478287  168.838593  152.809998  134.633911  116.785309  99.422966  82.653908  66.693283 
 68.805672  86.350471  103.677658  121.663284  140.004379  158.404068  173.801254  183.700943  186.461243  182.508911  173.178131  156.602661  137.940628  119.827820  101.702660  84.021095  67.625885 
 67.647133  84.962341  102.317345  119.546097  137.439056  155.009369  170.244690  179.983444  182.711243  179.010941  169.811249  153.525467  135.239059  117.352493  99.925934  82.856873  66.896873 
 65.127182  81.234688  97.887497  114.452347  130.725784  146.811569  160.598282  169.729996  172.600006  168.960312  159.375305  144.819061  128.307495  111.949371  95.676247  79.615471  64.406921 
 61.512497  75.582497  90.905785  106.382965  120.705780  134.271088  145.843597  153.803589  156.190628  153.201721  144.941101  132.700623  118.647659  104.099060  89.093750  74.340935  60.914688 
 58.140930  68.940941  82.519844  96.448906  109.202972  120.236877  129.490005  135.964844  138.058594  135.260620  128.556244  118.818130  107.360626  94.587341  80.840157  67.666252  57.609161 
 55.903854  62.465935  72.738907  84.912971  96.322968  105.829216  113.316559  118.242813  119.872650  117.615463  112.307190  104.357498  94.651566  83.410156  71.441093  61.391403  55.527031 
 52.798019  57.519684  63.236618  72.443588  82.338593  90.568176  97.023651  101.024483  102.176201  100.896927  96.413849  89.752083  81.322395  71.484108  62.201721  56.483696  53.188698 
 } 
 B Channel
 {
 34.013958  37.203960  40.996094  47.684689  54.446724  60.472137  64.882866  67.624069  68.377556  67.133751  64.515572  60.023598  54.341042  47.751091  41.338543  37.454636  35.539219 
 36.750626  41.083126  48.150467  56.539688  64.424843  71.126091  76.482658  79.731560  80.623596  79.073753  75.788284  70.432968  63.853127  56.335472  48.095627  41.182343  37.717968 
 38.831924  45.845470  55.196564  64.597809  73.301247  81.076408  87.497498  91.755623  93.025002  91.228127  86.879997  80.300468  72.557190  64.016090  54.802032  45.902344  39.503387 
 41.594429  50.879219  61.355934  71.691559  81.332031  90.463440  98.331253  103.743439  105.518440  103.253281  97.797653  89.534691  80.379532  70.667656  60.552498  50.651878  42.174793 
 44.175365  54.791405  65.974060  76.986565  87.858284  98.297501  107.584221  113.765625  115.733597  113.195007  106.919220  97.362343  86.566872  75.879532  65.042343  54.366096  44.848804 
 45.962193  57.472191  68.916718  80.438278  92.230316  103.717972  113.757507  120.071243  121.996567  119.520630  112.976868  102.668121  90.891876  79.244377  67.821716  56.784065  46.684475 
 46.501923  58.355469  70.053596  81.828903  93.799377  105.820160  115.820786  122.065933  124.094223  121.864685  115.926712  105.042191  92.862343  81.132034  69.300316  57.703438  47.434689 
 45.771671  57.474998  69.212502  80.620316  92.224220  103.768593  113.515930  119.869370  121.824219  119.570160  113.795471  103.253441  91.354691  79.740623  68.115311  56.962189  46.898853 
 44.013752  55.137497  66.383751  77.395622  88.144531  98.541718  107.545158  113.651718  115.524063  113.177505  107.066872  97.772659  87.080627  76.393593  65.428909  54.806252  45.215000 
 41.358021  51.217186  61.783127  72.117966  81.671249  90.424843  98.128441  103.359062  104.944061  103.038910  97.859840  90.033440  80.977501  71.393127  61.193436  51.142815  42.576561 
 38.980522  46.597187  56.102814  65.673126  74.208435  81.606247  87.809372  91.963753  93.319061  91.642189  87.405937  81.132660  73.576874  65.004845  55.566254  46.496563  40.073227 
 37.298283  42.077656  49.351410  57.874222  65.668594  72.151566  77.303909  80.498436  81.533279  80.189217  76.777657  71.609375  65.090157  57.423752  48.981873  41.925938  38.485107 
 35.528282  39.204533  43.602863  50.309006  57.332138  63.117813  67.533279  70.075104  70.884743  69.967758  67.167862  62.736458  56.870789  49.886665  43.063541  39.110935  37.167191 
 } 


 White Balance Data with optical Center Data
 r_center_x =  647 r_center_y =  484 
 gr_center_x =  636 gr_center_y =  478 
 b_center_x =  647 b_center_y =  476 
 gb_center_x =  645 gb_center_y =  463 
 r/gr 0.600293 
 b/gr 0.661821 
 gb/gr 0.995958 
 r_oc_ave 112.871109 
 b_oc_ave 124.440002 
 gr_oc_ave 188.026672 
 gb_oc_ave 187.266663 

 [AWB]
 RGr =  0.600293 
 BGr =  0.661821 
 GbGr =  0.995958 
 r_oc_ave =  112.871109 
 b_oc_ave =  124.440002 
 gr_oc_ave =  188.026672 
 gb_oc_ave =  187.266663 