 LEFT LENS SHADING DATA
 RED Channel
 {
 27.301460  29.833546  33.202133  39.482136  45.909737  51.570000  55.875206  58.473274  59.134583  57.678230  54.739471  49.977402  44.308491  38.012291  31.933594  28.374424  26.577343 
 28.876873  33.038124  39.749844  47.694843  55.202034  61.778748  67.034378  70.381409  71.158752  69.347809  65.550316  59.857811  53.030785  45.629375  37.905468  31.387970  27.877762 
 30.320625  37.153126  46.049999  55.329689  63.961403  71.607033  77.927658  82.245316  83.452034  81.138123  76.257813  69.218437  61.240623  52.893593  43.861717  35.427658  29.150364 
 32.471092  41.634220  51.824219  62.007500  71.799377  80.933594  88.750778  94.252655  95.816406  93.023438  86.855316  78.208282  68.676407  59.059685  49.254219  39.663593  31.450050 
 34.935158  45.258282  56.157188  67.286560  78.396095  88.910622  98.263123  104.352501  106.222343  103.057343  96.128593  85.994690  74.864059  64.122185  53.406250  43.076405  33.857864 
 36.804581  47.661251  59.017815  70.867653  82.873596  94.503593  104.680000  111.013908  112.619843  109.683441  102.308128  91.351097  79.182816  67.476715  56.260002  45.374531  35.566406 
 37.233959  48.454376  60.084846  72.182190  84.481560  96.610153  106.727501  113.022186  114.743744  111.902496  105.000938  93.722504  81.210312  69.127815  57.405624  46.144844  36.192135 
 36.565002  47.433750  58.806564  70.472809  82.317810  93.829216  103.773125  110.154221  111.929222  109.041878  102.309219  91.191254  78.972031  67.274376  56.163124  45.451717  35.667763 
 34.723854  44.892189  55.573441  66.633278  77.447342  87.854378  96.907188  103.005157  104.838753  101.955154  95.114685  85.365623  74.553909  63.903908  53.452812  43.164375  34.083126 
 32.231979  41.072811  50.899689  60.880470  70.472031  79.441872  86.998436  92.227028  93.856247  91.468750  85.677971  77.551247  68.222969  58.790001  49.126091  39.731094  31.749218 
 30.139011  36.680470  45.211876  54.239998  62.791565  70.202499  76.466721  80.571404  81.789215  79.963280  75.290001  68.602501  60.933907  52.594215  43.831718  35.608437  29.649269 
 29.093285  32.756405  38.940781  46.669064  54.169373  60.626877  65.745468  68.988129  69.948128  68.469688  64.815468  59.334061  52.779533  45.496094  37.892967  31.721718  28.449429 
 27.827866  30.254532  33.529324  39.221146  45.776043  51.165627  55.523178  58.358543  59.120209  58.150932  55.150673  50.524063  44.806820  38.544636  32.891094  29.479427  27.698597 
 } 
 GR Channel
 {
 50.521149  55.677811  61.618385  71.131561  80.886047  89.471146  95.989326  100.141197  100.997391  99.356453  94.973755  88.114479  79.611618  70.115372  60.702286  54.823952  51.441460 
 53.951149  61.154060  71.772346  83.821564  95.316872  105.187813  112.908279  117.943909  119.467819  117.075623  111.988747  103.911560  93.710159  82.450157  70.410622  60.113129  53.968117 
 56.724007  67.781715  81.330940  95.425316  108.430939  120.044693  129.490784  135.794067  137.872192  135.148438  128.437653  118.433289  106.508438  93.725784  79.893127  66.646721  56.281921 
 60.189323  74.474533  89.960938  105.182343  120.041092  133.940933  145.775314  154.068909  156.539368  153.042664  144.762970  132.400162  118.126556  103.470154  88.256248  73.314217  60.164841 
 63.895676  79.864220  96.224373  112.859222  129.458755  145.682816  159.982193  169.267029  172.406403  168.455627  158.991714  144.257187  127.650467  111.208908  94.663750  78.539841  63.961716 
 66.787292  83.461876  100.388123  117.874847  135.850632  153.888275  169.504684  179.407181  182.289993  178.640930  168.722656  152.783432  134.302658  116.397812  99.039841  82.315002  66.630409 
 67.413277  84.565155  101.778908  119.785934  138.179214  156.883911  172.612030  182.663757  185.546402  181.946243  172.885941  156.667664  137.942337  119.346252  101.048126  83.515160  67.533691 
 66.401352  83.072189  100.029846  117.311096  135.365936  153.165314  168.647034  178.682816  181.773285  178.232819  169.212814  153.050781  134.403748  116.385788  99.101563  82.268906  66.680779 
 63.755211  79.429375  95.479843  112.030945  128.629379  144.806870  158.913132  168.381882  171.557663  168.125778  158.583130  144.255630  127.561096  111.112030  94.961876  78.838127  64.092705 
 59.806824  73.683281  88.611877  103.896248  118.536407  132.528595  144.343277  152.566254  155.275467  152.518600  144.291412  132.126877  117.815781  103.292816  88.265778  73.430153  60.473282 
 56.425110  67.082184  80.251564  93.954689  107.057030  118.610001  128.463593  134.983124  137.178131  134.725632  128.027969  118.091873  106.341248  93.547028  79.966408  66.899841  57.145050 
 54.270470  60.827347  70.701874  82.516403  94.036095  104.149216  112.104218  117.297028  119.120941  117.132813  111.843124  103.599998  93.670624  82.479843  70.661407  60.747658  55.285370 
 51.150887  56.546715  62.085205  71.055367  81.062134  89.414421  96.379005  100.765572  102.246765  100.862816  96.686874  89.947502  81.291466  71.459641  62.569527  57.019531  53.804115 
 } 
 GB Channel
 {
 51.970573  56.868065  62.669167  72.541870  82.405373  90.837502  97.323174  101.290108  102.009689  100.160942  95.622086  88.395630  79.745834  69.986145  60.523491  54.549896  51.051979 
 55.300987  62.443283  73.190002  85.400627  96.953903  106.892502  114.304214  119.250931  120.503433  117.840942  112.478745  104.041878  93.742500  82.309059  70.154533  59.754059  53.673645 
 57.848022  69.150940  83.047501  97.345467  110.407501  121.954529  131.244217  137.372971  139.122345  136.050308  128.999222  118.589691  106.678909  93.674843  79.599846  66.162659  55.788696 
 61.251144  76.034065  91.875313  107.466408  122.420319  136.118439  147.772034  155.808121  157.999695  154.055313  145.466721  132.735474  118.155945  103.320625  87.965782  72.771095  59.585464 
 64.972389  81.412811  98.328590  115.363281  132.067505  148.018280  162.058289  171.214066  173.999069  169.649841  159.616882  144.562027  127.685150  111.096252  94.352501  78.017654  63.295364 
 67.734375  85.013123  102.477028  120.224838  138.334534  155.960938  171.316254  180.817337  183.614838  179.517975  169.118439  152.851410  134.289368  116.081726  98.572502  81.567032  65.744316 
 68.331406  86.027031  103.702187  122.047180  140.470779  158.789368  174.101410  183.626724  186.481094  182.500305  172.971100  156.537964  137.583282  118.884369  100.359688  82.733749  66.790421 
 67.161713  84.408592  101.745628  119.420151  137.340622  154.956726  169.895309  179.680939  182.437973  178.543900  169.107971  152.822495  133.978745  115.865005  98.461250  81.461250  65.938751 
 64.338539  80.603127  97.021095  113.801559  130.255157  146.361252  159.927658  169.279846  172.064056  168.135620  158.384537  143.781555  127.193283  110.603127  94.276566  78.030472  63.538589 
 60.610886  74.738594  89.833748  105.200935  119.800781  133.471252  145.060623  153.001877  155.460159  152.350784  143.918900  131.678909  117.382965  102.752655  87.665466  72.696404  59.871201 
 57.349739  68.023285  81.297028  95.069061  108.077660  119.347183  128.958130  135.135620  136.917191  134.282349  127.398285  117.516098  105.744843  92.843597  79.290154  66.218903  56.608284 
 55.305992  61.709534  71.531097  83.459846  94.815628  104.593285  112.406250  117.311249  118.863586  116.610306  111.245316  102.937500  93.051559  81.916252  70.088280  60.213593  54.871307 
 52.640160  57.475159  62.867973  71.704636  81.718956  89.807648  96.524170  100.676247  101.817970  100.462814  95.819893  89.244591  80.568649  70.740837  61.964325  56.654633  53.507965 
 } 
 B Channel
 {
 34.743073  38.489738  43.084686  50.168488  57.005676  63.070625  67.413071  70.002701  70.649216  69.330627  66.525475  61.715675  55.688751  48.902138  41.997028  37.678596  35.547760 
 37.270988  42.430782  50.212189  59.107033  67.295471  74.105621  79.247032  82.570625  83.209846  81.604378  78.186096  72.655472  65.614998  57.643593  49.003906  41.579220  37.671509 
 39.153282  47.178905  57.104691  67.117035  76.361717  84.374062  90.688751  94.900627  95.958122  94.014687  89.636406  82.815155  74.635628  65.626091  55.766563  46.382500  39.497501 
 41.642132  52.037346  63.176247  74.003754  84.280785  93.774063  101.746872  107.119217  108.763596  106.444534  100.862503  92.319221  82.626251  72.494064  61.752029  51.208908  42.381611 
 44.184635  55.719841  67.488434  79.114059  90.695000  101.422653  111.006561  117.263443  119.127975  116.593903  110.309532  100.392342  89.067970  77.811874  66.280937  54.943436  45.292191 
 45.881458  57.980621  70.099998  82.280312  94.655624  106.602966  116.869690  123.337494  125.157349  122.847031  116.178909  105.509842  93.220467  81.072655  68.982658  57.481720  47.097340 
 46.238232  58.514061  70.837189  83.311722  95.853439  108.111092  118.529846  124.877502  126.821564  124.435471  118.387497  107.473907  95.010155  82.721405  70.166252  58.230156  47.995781 
 45.610992  57.362030  69.410156  81.469841  93.617340  105.503281  115.675781  122.254684  124.083282  121.851563  115.929993  105.293907  92.814529  80.779373  68.898285  57.379219  47.184841 
 43.681877  54.804375  66.221252  77.770157  88.932030  99.781250  109.054840  115.382339  117.352341  115.031097  108.820938  99.259529  88.353127  77.264999  65.982498  54.989372  45.320625 
 40.998592  50.879219  61.527344  72.207970  82.126091  91.432030  99.183441  104.497032  106.316719  104.513435  99.219063  91.326248  81.788597  71.987343  61.430313  51.209686  42.655941 
 38.669788  46.219376  55.730934  65.382034  74.328278  82.078278  88.451874  92.709999  94.058594  92.573906  88.321091  81.912346  74.053123  65.232811  55.589218  46.515469  40.228176 
 37.180573  41.962032  49.256409  57.849846  66.051094  72.897034  78.087029  81.411247  82.471405  81.234840  77.912498  72.545158  65.717499  57.744530  49.176872  42.187031  38.914322 
 35.484322  39.350990  43.859531  50.682129  58.146713  63.987244  68.825577  71.652496  72.636200  71.820053  68.820000  64.198692  58.079163  50.928909  44.188129  40.264740  38.611824 
 } 


 White Balance Data with optical Center Data
 r_center_x =  625 r_center_y =  487 
 gr_center_x =  627 gr_center_y =  486 
 b_center_x =  625 b_center_y =  496 
 gb_center_x =  657 gb_center_y =  483 
 r/gr 0.616856 
 b/gr 0.681746 
 gb/gr 1.003835 
 r_oc_ave 115.088882 
 b_oc_ave 127.195557 
 gr_oc_ave 186.573334 
 gb_oc_ave 187.288895 

 [AWB]
 RGr =  0.616856 
 BGr =  0.681746 
 GbGr =  1.003835 
 r_oc_ave =  115.088882 
 b_oc_ave =  127.195557 
 gr_oc_ave =  186.573334 
 gb_oc_ave =  187.288895 