 LEFT LENS SHADING DATA
 RED Channel
 {
 27.929531  30.443699  33.976616  39.814426  46.024738  51.577133  55.606773  58.210152  58.612450  57.423958  54.772293  50.231621  44.637966  38.382240  32.834583  29.574688  27.595936 
 29.577450  33.301407  39.633907  47.417969  54.829529  61.104843  66.212189  69.262032  70.063904  68.499374  64.910622  59.438904  52.752342  45.548283  38.044998  31.962189  28.550938 
 31.023540  37.536877  46.046562  55.073753  63.535004  70.811096  76.982498  81.140160  82.351875  80.217972  75.460938  68.723595  60.906876  52.690155  44.017033  35.833282  29.747238 
 33.410885  42.123592  52.062965  61.922501  71.637970  80.388908  87.978592  93.187500  94.670158  91.934685  85.907814  77.698906  68.578125  59.147812  49.554840  40.137032  31.900154 
 35.892708  46.081875  56.794998  67.572502  78.359062  88.508591  97.562347  103.447815  104.990158  101.945778  95.390472  85.705002  75.005470  64.289215  53.887657  43.631561  34.232815 
 37.740471  48.626091  59.807190  71.358284  83.077972  94.598282  104.344841  110.370155  111.781250  108.989845  102.033279  91.293747  79.407654  67.838593  56.783279  45.996250  35.869999 
 38.570938  49.583435  61.251404  73.223434  85.314064  97.186722  106.877190  112.953278  114.634689  111.731247  105.179222  94.009064  81.788597  69.770157  58.111092  46.890938  36.611774 
 37.973545  48.868126  60.317970  71.977188  83.748749  95.130936  104.746407  110.969528  112.623596  109.710625  102.985313  92.110466  79.999062  68.400780  57.208435  46.356094  36.310471 
 36.380836  46.645000  57.540154  68.463593  79.249374  89.678123  98.691559  104.565468  106.296875  103.044846  96.405312  86.811409  75.943748  65.432343  54.834221  44.488438  34.922188 
 34.080990  43.113281  53.108910  63.128593  72.753906  81.781876  89.531563  94.577347  95.964844  93.445938  87.540779  79.290466  70.077347  60.543594  50.847191  41.150467  32.731930 
 32.089897  38.840313  47.639061  56.799065  65.445465  73.162498  79.369217  83.361877  84.558128  82.403748  77.567184  70.906403  63.070938  54.615936  45.625469  37.170467  30.637344 
 30.757030  34.777657  41.436092  49.531563  57.161247  63.674690  68.697815  71.925156  72.904999  71.215309  67.380310  61.921097  55.116875  47.699219  39.732346  33.206718  29.433598 
 29.049114  31.735783  35.355053  41.556561  48.042923  53.519691  57.726143  60.494118  61.243752  60.089066  56.997810  52.331306  46.547295  40.030258  33.885883  30.287762  27.879429 
 } 
 GR Channel
 {
 52.394432  57.164009  62.829109  71.951408  81.594841  89.547028  95.821205  99.952080  100.884583  99.122345  95.114006  88.719894  80.072395  70.577812  61.963440  56.782494  53.500839 
 55.490669  61.919220  71.941406  83.877029  95.305466  104.845154  112.577652  117.453751  118.846252  116.660461  111.455467  103.269066  93.182816  82.024063  70.490936  60.824997  55.163338 
 58.128906  68.617035  81.826561  95.696877  108.896561  120.198593  129.624527  136.053757  137.972961  135.119690  128.279694  118.112808  106.045624  93.357185  80.004372  67.115158  57.043694 
 62.058067  75.723282  91.030624  106.338127  121.265152  134.816711  146.647659  154.575470  157.058289  153.370621  144.782806  132.471558  118.247192  103.676559  88.646408  73.817810  60.720734 
 65.921829  81.654533  98.151718  114.950623  131.383438  147.373901  161.356400  170.285156  172.838287  168.784378  159.349213  144.909683  128.364685  111.733597  95.404686  79.292343  64.329636 
 68.757347  85.541718  102.839691  120.493439  138.532654  156.318130  171.555786  180.714371  182.977966  179.252182  169.384689  153.456100  135.073441  117.124847  99.927032  83.051872  66.909378 
 69.679840  87.041718  104.898903  123.158752  141.569687  160.117035  175.058121  184.360474  186.937805  182.997818  174.213593  157.607025  138.921402  120.412338  102.116562  84.392967  68.276932 
 68.885155  85.923279  103.479378  121.267181  139.277649  156.999374  171.988434  181.452194  183.954681  180.208435  170.855469  154.537964  135.894531  117.893433  100.451248  83.583908  67.549118 
 66.391197  82.442657  99.250626  116.093597  132.874069  149.096558  162.975784  171.843597  174.729691  170.226410  160.602036  146.411713  129.437347  112.950470  96.670784  80.625313  65.341980 
 62.851250  77.007500  92.356247  107.963905  122.984528  137.065308  148.912964  156.766098  158.744370  155.296570  146.895782  134.471100  120.223907  105.420311  90.392967  75.307655  61.729111 
 59.565575  70.410782  84.140160  98.345314  111.806564  123.635941  133.176254  139.259369  141.059067  138.313904  131.287506  121.107971  109.150627  96.011566  82.139061  68.814064  58.363228 
 57.284431  64.090469  74.500626  86.962189  98.715622  108.879372  116.468597  121.344055  123.042343  120.752182  114.946716  106.875000  96.613434  84.989059  72.767967  62.405785  56.230156 
 54.109016  59.051506  65.056046  74.333855  84.323540  92.754372  99.310463  103.501564  104.615891  103.053024  98.468178  91.568329  82.940521  72.842812  63.282761  57.554321  53.660576 
 } 
 GB Channel
 {
 53.023125  57.903122  63.511513  72.705566  82.633492  90.936768  97.227028  101.355675  102.419319  100.498230  96.329117  89.443855  80.702705  70.984070  62.153229  56.846359  53.640938 
 56.185204  62.463127  72.712967  84.838280  96.470779  105.958435  113.780151  118.892975  120.204529  117.795319  112.401413  104.005936  93.630623  82.340309  70.499062  60.817184  55.212181 
 58.515099  69.068436  82.496872  96.675781  109.919998  121.329056  130.744995  137.273743  139.264221  136.175308  129.101563  118.805618  106.487656  93.481720  79.901566  66.803749  56.696243 
 61.972496  76.046249  91.600159  107.144066  122.242188  135.853745  147.635468  155.690475  158.121567  154.301086  145.613754  132.947495  118.536255  103.588753  88.396721  73.281097  60.090462 
 65.686874  81.771873  98.509064  115.469849  132.145309  148.058441  162.036880  170.970306  173.541870  169.344223  159.665314  145.005310  128.362503  111.462654  94.803436  78.495468  63.546516 
 68.247444  85.475159  103.014847  120.796097  138.852341  156.596100  171.564682  180.738586  183.282349  179.216248  169.154068  153.280319  134.737503  116.470306  99.080002  81.977814  65.771568 
 69.119583  86.620003  104.694374  123.144531  141.495316  159.797028  174.633591  183.806564  186.449524  182.567337  173.545319  156.815628  138.055618  119.529221  101.009689  83.184059  66.833229 
 68.225266  85.391716  103.027496  120.919693  138.834534  156.382507  171.287659  180.533432  183.246246  179.345474  169.882660  153.479370  134.869537  116.727966  99.220154  82.250626  66.098953 
 65.721664  81.802498  98.707970  115.498123  132.179214  148.218277  162.029694  170.838593  173.757187  169.138275  159.339218  145.081558  128.316559  111.826874  95.418434  79.328278  64.001823 
 62.172081  76.379997  91.873283  107.342659  122.175629  136.050156  147.739838  155.516876  157.462494  153.900162  145.382660  133.030319  118.852966  104.233749  89.142189  73.971718  60.477341 
 59.158493  69.849533  83.495941  97.568596  110.938126  122.484070  131.982819  137.848434  139.698120  136.774994  129.787506  119.616714  107.657654  94.827347  80.943748  67.618279  57.282242 
 56.841095  63.581718  73.932190  86.254219  97.867188  107.812035  115.273438  119.980164  121.764526  119.309845  113.509689  105.425781  95.199066  83.751251  71.597656  61.404373  55.236870 
 53.927757  58.650261  64.483025  73.666931  83.569695  91.808899  98.297607  102.499535  103.669739  101.811302  97.061775  90.431404  81.621979  71.627922  62.188698  56.606461  52.735207 
 } 
 B Channel
 {
 35.263542  39.129795  43.610363  50.618279  57.719948  63.636452  68.147499  70.794327  71.537605  70.487976  67.820366  63.219482  57.020943  50.078331  43.500469  39.390366  37.579117 
 37.126041  41.726875  49.117653  57.701408  65.746407  72.519379  77.660004  80.839531  81.915939  80.488594  77.351410  71.881561  64.915939  57.127502  48.637344  41.520157  38.038696 
 38.814114  46.278908  55.745316  65.481094  74.573441  82.297813  88.580154  92.826874  94.224220  92.495316  88.193123  81.583282  73.484375  64.655159  55.188438  45.918907  39.441612 
 41.281513  51.084221  61.967659  72.488907  82.714218  91.877190  99.716095  104.921722  106.622658  104.397186  98.960472  90.884842  81.486404  71.597656  61.197189  50.749062  42.051144 
 43.991459  54.978127  66.481094  77.951874  89.135628  99.813438  109.280624  115.212814  116.977036  114.433289  108.382500  98.889687  87.873436  76.808594  65.858749  54.497498  44.673752 
 45.616451  57.448128  69.385315  81.326248  93.477341  105.469215  115.536713  121.688751  123.398911  121.032349  114.418747  103.927498  91.992653  80.261406  68.712502  56.900314  46.461979 
 46.190777  58.193909  70.461563  82.868591  95.250313  107.631409  117.610931  123.710464  125.538757  123.075470  116.972504  106.260941  94.190155  82.204216  70.028595  57.773903  47.083279 
 45.571766  57.433441  69.593903  81.671410  93.790627  105.724686  115.621399  121.653122  123.394684  120.938431  115.102966  104.556877  92.432816  80.545471  68.788124  57.039063  46.567810 
 43.906979  55.164063  66.953590  78.455940  89.818909  100.508125  109.543121  115.329224  117.123596  114.503601  108.392189  99.135628  88.134529  77.289841  66.260780  54.973122  44.824375 
 41.312080  51.526253  62.561249  73.287498  83.307503  92.474533  100.140625  105.187653  106.621407  104.694061  99.306404  91.320778  81.931564  72.152809  61.816559  51.184219  42.338177 
 39.206303  47.181095  56.992340  66.817657  75.842033  83.690155  89.914841  93.763596  94.947655  93.191254  88.783440  82.353752  74.420158  65.680000  56.142342  46.619686  39.885101 
 37.807812  42.840313  50.345314  59.078125  67.254059  73.951721  78.901718  82.024689  82.989998  81.535622  77.963753  72.654373  65.822502  57.979218  49.422340  42.038593  38.070053 
 35.810730  39.429897  43.631981  50.382294  57.435310  63.023590  67.499008  70.139687  70.861252  69.853546  66.762497  62.500206  56.499168  49.355682  42.665886  38.456718  35.947971 
 } 


 White Balance Data with optical Center Data
 r_center_x =  630 r_center_y =  499 
 gr_center_x =  652 gr_center_y =  497 
 b_center_x =  640 b_center_y =  513 
 gb_center_x =  635 gb_center_y =  498 
 r/gr 0.613595 
 b/gr 0.670765 
 gb/gr 0.996920 
 r_oc_ave 115.102219 
 b_oc_ave 125.826660 
 gr_oc_ave 187.586670 
 gb_oc_ave 187.008896 

 [AWB]
 RGr =  0.613595 
 BGr =  0.670765 
 GbGr =  0.996920 
 r_oc_ave =  115.102219 
 b_oc_ave =  125.826660 
 gr_oc_ave =  187.586670 
 gb_oc_ave =  187.008896 