 LEFT LENS SHADING DATA
 RED Channel
 {
 27.647659  29.782242  33.391613  39.531300  45.822868  51.465103  55.605156  58.288597  58.886559  57.614586  54.651764  50.263649  44.684063  38.508125  32.936718  29.704636  27.776302 
 29.493904  33.187031  39.790157  47.554844  54.853905  61.224686  66.444534  69.945465  70.799065  69.042503  65.315941  59.901566  53.356560  46.165627  38.692345  32.588593  29.515049 
 31.051353  37.713436  46.188126  55.109840  63.337189  70.870468  77.296249  81.615311  82.915314  80.649376  75.742188  69.010155  61.350784  53.205467  44.592655  36.529373  30.690212 
 33.475311  42.332813  51.888596  61.588440  71.138596  80.221252  87.962341  93.442810  95.119064  92.275780  86.128281  77.717499  68.665939  59.509842  49.994530  40.595001  32.821667 
 35.988125  46.046875  56.483437  67.091560  77.950623  88.297813  97.551559  103.752815  105.500626  102.435623  95.249535  85.316093  74.633438  64.457497  54.123123  44.029064  35.028648 
 38.009792  48.603127  59.636406  70.800003  82.612968  94.163437  104.207497  110.562035  112.215622  109.163124  101.711563  90.838593  79.052345  67.866875  57.180000  46.484062  36.710316 
 38.785625  49.535622  60.950623  72.504684  84.394844  96.450783  106.572655  112.885315  114.475632  111.676094  104.632500  93.536407  81.298752  69.743126  58.479843  47.436092  37.362549 
 38.296352  48.784691  59.755310  71.134529  82.523903  93.967812  103.998283  110.385468  112.170151  109.138748  102.207970  91.224686  79.357658  68.250153  57.359062  46.729687  36.848019 
 36.459793  46.498123  56.805779  67.547501  78.056252  88.292656  97.385468  103.526718  105.257965  102.227814  95.269218  85.601250  75.283905  64.970627  54.728439  44.624218  35.382347 
 34.012970  42.823593  52.402031  62.141716  71.366096  80.143280  87.876717  93.055626  94.497345  91.964066  86.068436  78.066406  69.031563  59.897499  50.332970  40.978592  33.058804 
 31.609951  38.502655  47.037655  55.815628  63.961250  71.249847  77.583122  81.629532  82.828278  80.786407  75.941559  69.489998  61.878906  53.720467  44.981251  36.818748  31.029583 
 30.492447  34.298904  40.880314  48.480316  55.718285  62.021721  67.183594  70.297340  71.219215  69.530624  65.830627  60.397972  53.952499  46.747189  39.146408  33.107189  29.880936 
 29.033695  31.208282  34.819893  40.730728  47.055992  52.330261  56.713387  59.244217  59.914841  58.820206  55.687286  51.220673  45.612087  39.369686  33.649948  30.548019  28.296768 
 } 
 GR Channel
 {
 51.021820  55.606827  61.904221  71.526825  81.295723  89.975632  96.349007  100.423592  101.826775  100.125832  96.067184  89.481148  81.247597  71.458336  62.477234  56.951042  52.742706 
 54.735153  61.654533  72.167343  84.300781  95.816559  105.835625  113.724213  118.984222  120.593445  118.463745  113.198441  105.207809  95.335938  84.096252  72.123283  62.136871  56.396049 
 57.643181  68.670471  82.017189  95.760315  108.725311  120.585159  130.626724  137.290787  139.574997  136.764374  129.982193  120.054382  108.345314  95.539841  81.832970  68.665779  58.700150 
 61.782242  75.694534  90.514999  105.527969  120.552505  134.965469  147.221725  155.785782  158.556244  155.256256  146.736725  134.199844  120.033752  105.507187  90.460938  75.429688  62.401360 
 65.621872  81.344376  97.168121  113.459061  130.335938  147.048599  161.859848  171.673904  174.664688  170.916245  161.041412  146.292969  129.459686  113.087189  96.859528  80.707344  66.164223 
 68.686928  85.007965  101.691559  118.649368  136.953125  155.551559  171.581726  181.608749  184.617493  180.751404  170.675629  154.469681  135.969528  118.210159  101.230934  84.398125  68.479790 
 69.713341  86.183746  103.360779  120.814377  139.546570  158.657974  174.926254  184.870163  187.666092  184.363434  174.923279  158.557495  139.598907  121.242966  103.401405  85.902031  69.656403 
 68.980209  85.036873  101.724533  118.836868  136.828430  155.058289  171.183289  181.526718  184.304688  180.704224  171.345001  155.205154  136.617035  118.741562  101.569534  84.736252  68.899162 
 66.231094  81.721718  97.464218  113.870789  130.306564  146.756882  161.468277  171.357971  174.399841  170.657028  161.026871  146.508118  130.125473  113.734528  97.462814  81.526093  66.476715 
 62.172920  76.264999  91.037971  106.012497  120.582962  134.657974  146.794525  155.117340  158.072342  155.081100  146.586090  134.700150  120.462189  106.001877  90.820778  75.732033  62.636818 
 58.480469  69.714844  83.185783  96.665154  109.554222  121.061874  130.827820  137.408752  139.744843  137.304993  130.432495  120.790161  109.139847  96.337029  82.500465  69.184372  59.447708 
 56.201981  63.152809  73.755470  85.631248  96.970627  106.756248  114.694687  119.632339  121.413757  119.445938  114.120163  106.184372  96.294220  85.033440  72.974060  62.978127  57.171875 
 53.133224  58.059479  64.053177  73.395004  83.153954  91.262085  98.013847  101.971306  103.306664  101.906776  97.653275  90.978127  82.213173  72.503021  63.361565  58.001877  53.723122 
 } 
 GB Channel
 {
 51.630943  55.984688  62.196404  71.990204  81.626045  90.170517  96.493233  100.356987  101.657188  99.884796  95.771248  89.058548  80.641769  71.048752  62.054535  56.735153  52.874329 
 55.297607  62.087189  72.654533  84.838127  96.165627  106.013435  113.722809  118.815308  120.310944  117.888123  112.533752  104.646873  94.788437  83.540001  71.716408  61.822029  56.183075 
 58.136147  69.179062  82.642654  96.472969  109.308907  121.028748  130.651718  137.165939  139.285309  136.266876  129.387344  119.563599  107.849846  95.042503  81.369530  68.234375  58.478966 
 61.941139  76.167816  91.251091  106.438126  121.332031  135.321243  147.479218  155.888123  158.484848  154.924530  146.342972  133.668274  119.615005  105.008904  89.889687  74.837189  61.816772 
 65.854065  81.819061  97.967659  114.432663  131.255630  147.672180  162.071869  171.615936  174.643433  170.555313  160.603439  145.716721  128.841095  112.516098  96.206879  80.054375  65.382294 
 68.710625  85.329376  102.302658  119.501724  137.746246  155.876404  171.604843  181.478119  184.324844  180.243912  170.012192  153.842346  135.432495  117.568436  100.467812  83.697968  67.746925 
 69.746246  86.440002  103.890938  121.485153  140.035629  158.746719  174.552032  184.492188  187.195160  183.490784  174.029373  157.590622  138.849060  120.503754  102.533127  85.074532  68.857651 
 69.029427  85.356720  102.112656  119.297974  137.131882  155.124069  170.788589  180.786560  183.567810  179.882034  170.514526  154.315002  135.844681  117.982025  100.656876  83.990311  68.098648 
 66.359428  81.871719  97.644379  114.242035  130.497498  146.664368  160.844681  170.558746  173.507339  169.808121  159.910934  145.483124  129.152344  112.882507  96.699371  80.735466  65.755264 
 62.247604  76.455940  91.225471  106.212341  120.629211  134.279373  146.066101  154.218124  156.992340  153.854065  145.366409  133.495163  119.397964  105.091408  89.948906  74.937347  61.837135 
 58.670265  69.875465  83.196564  96.543282  109.342346  120.603287  130.033752  136.249222  138.540939  136.032349  129.239059  119.511566  107.998436  95.348122  81.558907  68.455002  58.794167 
 56.476669  63.196251  73.625778  85.472656  96.578590  106.104691  113.905472  118.643753  120.202499  118.184845  112.824066  104.967186  95.180939  84.008125  72.040314  62.282654  56.815788 
 53.395416  57.827911  63.828072  73.124947  82.647133  90.767189  97.273598  101.191246  102.556252  101.040886  96.648224  90.139694  81.397186  71.592293  62.607811  57.418282  53.574951 
 } 
 B Channel
 {
 33.796509  36.973175  41.379116  48.174530  55.143852  60.975983  65.433281  67.882652  68.756248  67.570778  64.799065  60.329895  54.487297  47.772655  41.456509  37.678226  35.179897 
 36.373592  41.220470  48.572655  57.007660  64.792191  71.495781  76.677658  80.034531  80.971252  79.566406  76.117813  70.784065  64.075623  56.339531  48.111717  41.242813  37.888229 
 38.534325  46.167030  55.557655  64.989998  73.673126  81.463280  87.888596  92.157341  93.529846  91.544685  87.157814  80.632500  72.777657  64.139847  54.763748  45.828438  39.604687 
 41.590626  50.999374  61.485939  71.677345  81.573593  90.883125  98.697815  104.214378  105.802498  103.595779  98.031876  89.793282  80.604378  70.820000  60.679062  50.475937  42.293438 
 44.328022  54.799690  65.860626  77.010002  88.021095  98.674217  107.993279  114.154068  116.134689  113.669846  107.233910  97.641563  86.716095  76.055939  65.054375  54.158127  44.889374 
 46.266094  57.272972  68.713753  80.247345  92.228127  103.977501  114.065155  120.396881  122.190155  119.854065  113.417816  102.971092  91.065781  79.374374  67.938278  56.774689  46.703857 
 46.960102  58.077187  69.681404  81.483749  93.642967  105.718903  115.966568  122.236099  124.196243  121.812195  115.796875  105.190468  93.001404  81.222031  69.232658  57.661095  47.537548 
 46.380207  57.269379  68.486252  80.018440  91.779060  103.339218  113.486404  119.778442  121.732651  119.482971  113.541412  103.116722  91.243439  79.607971  68.014221  56.876251  46.846252 
 44.422291  55.003128  65.583122  76.701408  87.572029  98.035782  107.193283  113.223434  115.047180  112.746094  106.647812  97.383904  86.857033  76.272034  65.317184  54.647972  45.224422 
 41.589947  51.153908  61.217499  71.193436  80.881248  90.006561  97.583908  102.677658  104.300468  102.477341  97.183281  89.596252  80.442657  71.034065  60.797653  50.660782  42.434322 
 39.045986  46.622032  55.787033  64.852188  73.551247  81.112030  87.317032  91.331406  92.549065  90.903595  86.725624  80.580940  72.927345  64.513596  55.007965  46.111095  40.255051 
 37.360104  41.998436  49.129059  57.304688  64.885315  71.473434  76.674690  79.768753  80.736717  79.361092  76.034843  70.967346  64.374374  56.740311  48.355316  41.737343  38.544216 
 35.570522  38.718437  42.893230  49.249268  56.184898  61.689278  66.264687  69.053749  69.775681  68.838387  65.932129  61.542969  55.727707  48.836563  42.354061  38.828804  36.609219 
 } 


 White Balance Data with optical Center Data
 r_center_x =  646 r_center_y =  493 
 gr_center_x =  649 gr_center_y =  468 
 b_center_x =  628 b_center_y =  494 
 gb_center_x =  630 gb_center_y =  494 
 r/gr 0.610157 
 b/gr 0.663116 
 gb/gr 0.999362 
 r_oc_ave 114.804443 
 b_oc_ave 124.768890 
 gr_oc_ave 188.155548 
 gb_oc_ave 188.035553 

 [AWB]
 RGr =  0.610157 
 BGr =  0.663116 
 GbGr =  0.999362 
 r_oc_ave =  114.804443 
 b_oc_ave =  124.768890 
 gr_oc_ave =  188.155548 
 gb_oc_ave =  188.035553 