 LEFT LENS SHADING DATA
 RED Channel
 {
 26.953541  29.177292  32.771095  38.523228  44.715885  50.197449  54.298965  57.098900  57.976768  56.643326  53.990364  49.522133  44.020107  37.942604  32.294167  28.846355  26.793438 
 28.726879  32.389374  38.817970  46.494064  53.838593  60.247658  65.368126  68.692032  69.648438  68.181252  64.650154  59.171097  52.664688  45.580936  38.057499  31.902187  28.414272 
 30.158176  36.541718  44.999062  53.971718  62.331718  69.785309  76.179062  80.603592  81.913124  79.817970  75.235153  68.550156  60.760002  52.606407  44.077969  35.904530  29.763905 
 32.558071  40.964531  50.693909  60.517654  70.206253  79.073593  86.960312  92.403282  94.086563  91.485153  85.613281  77.352188  68.160622  58.817970  49.301094  40.008438  31.888855 
 34.923748  44.661251  55.064377  65.948128  76.771561  87.073753  96.393440  102.608124  104.440468  101.447815  94.693909  85.065155  74.352188  63.925156  53.424217  43.272968  34.186096 
 36.552814  47.249062  58.114998  69.455940  81.458435  93.035156  103.085938  109.382034  111.257660  108.267029  101.212029  90.511093  78.644997  67.362343  56.332970  45.657345  35.810883 
 37.030933  48.010941  59.425629  71.116249  83.093597  95.122971  105.342812  111.654999  113.509689  110.646721  104.115784  93.099686  80.896721  69.059219  57.624535  46.525936  36.342190 
 36.525627  47.099377  58.394844  69.791405  81.318123  92.784843  102.942184  109.412498  111.129219  108.224060  101.706093  90.792343  78.863281  67.647186  56.464531  45.758595  35.944633 
 34.764221  44.698593  55.397659  66.322815  76.930153  87.086716  96.316719  102.558128  104.461403  101.216721  94.625000  85.164841  74.614998  64.287033  53.758278  43.676720  34.406929 
 32.434113  41.051407  50.908440  60.858437  70.320000  79.138123  86.713905  92.106247  93.705315  91.208435  85.532341  77.360939  68.332497  59.143280  49.600937  40.161564  32.094894 
 30.415417  36.846249  45.358749  54.268753  62.799690  70.232498  76.500000  80.652657  81.816254  80.035004  75.399376  68.934219  61.155312  53.037811  44.332657  36.133282  30.055573 
 29.179790  32.943127  39.229218  46.880783  54.435623  60.805626  65.821877  69.000465  70.029533  68.501877  64.970940  59.749062  53.145470  45.892502  38.392033  32.132343  28.802967 
 27.788956  30.133125  33.347347  39.043072  45.490627  50.883537  55.175629  57.778595  58.465569  57.440208  54.570518  50.285316  44.656094  38.443333  32.733070  29.423386  27.410889 
 } 
 GR Channel
 {
 51.999794  56.489792  62.446465  71.480309  81.351974  89.614166  96.129173  100.079582  101.494843  99.886711  96.047813  89.354683  80.999374  71.426872  62.313438  56.581413  52.842659 
 55.579788  62.090622  72.515625  84.522812  95.994064  105.881248  113.533752  118.562500  120.202972  118.174850  113.121567  105.088440  95.126877  84.003128  72.188438  61.922028  56.013908 
 58.248131  68.980621  82.493752  96.439690  109.436722  121.060623  130.568588  136.919846  139.201096  136.383438  129.988434  120.084686  108.119530  95.452187  82.014061  68.782814  58.449066 
 62.220833  75.986252  91.329376  106.537033  121.540161  135.341095  147.311874  155.413284  157.955002  154.542664  146.151871  133.756714  119.466248  105.004684  90.079529  75.354065  62.219902 
 66.070465  81.774841  98.119843  114.719849  131.529373  147.697342  161.756882  171.007507  173.758438  169.501877  159.811249  145.372498  128.819687  112.743744  96.702812  80.551094  65.697968 
 68.444473  85.687813  102.747498  120.151093  138.577194  156.444214  171.731400  180.864380  183.339691  179.229370  169.469849  153.553757  135.535461  118.110306  101.175934  84.509216  68.460266 
 69.378120  86.890625  104.697655  122.481094  140.904999  159.737976  175.080627  184.018280  186.655472  182.973907  174.099533  157.654068  139.149368  121.138123  103.425781  85.863907  69.551613 
 68.407127  85.421097  102.933441  120.548126  138.445465  156.083755  171.512344  180.794693  183.374847  179.640152  170.621246  154.510620  136.179535  118.634689  101.617500  84.707031  68.746826 
 65.585579  81.755783  98.510941  115.346252  132.012024  147.804062  161.689224  171.027191  173.930786  169.514526  160.033752  145.918274  129.403748  113.347504  97.213440  81.337029  66.147240 
 61.845726  76.022812  91.561096  107.118904  121.899368  135.595001  147.292343  155.244217  157.851257  154.593445  146.284225  133.962189  119.921570  105.664375  90.703590  75.716408  62.376198 
 58.569839  69.407967  83.077034  97.071877  110.345627  121.840775  131.388123  137.586090  139.670471  137.070007  130.372971  120.500305  108.695625  95.997032  82.291878  68.995941  58.833855 
 56.313118  62.985626  73.202187  85.321564  97.043282  107.007500  114.687805  119.617188  121.244370  119.133743  113.825317  105.950783  95.816406  84.565781  72.586876  62.389687  56.474274 
 53.035622  58.058540  63.609268  72.790314  82.827652  91.187500  97.919899  102.014687  103.153954  101.702919  97.262810  90.779739  82.204529  72.230995  63.093536  57.548439  54.027603 
 } 
 GB Channel
 {
 52.605370  57.011200  62.965782  72.490364  82.538544  90.881149  97.486664  101.696976  103.189842  101.376976  97.191353  90.328339  81.731354  72.042969  62.685257  56.977715  53.311882 
 56.084534  62.603905  73.221405  85.467659  97.054375  107.090309  114.901245  119.960312  121.699219  119.557816  114.382187  106.114998  95.907188  84.631096  72.587967  62.261871  56.256874 
 58.520523  69.412186  83.196564  97.290314  110.521408  122.107193  131.793594  138.468597  140.639847  137.790466  131.133911  121.087662  108.907188  96.064690  82.340309  68.865311  58.571976 
 62.275055  76.279846  91.917030  107.415939  122.562973  136.418442  148.499695  156.748444  159.422180  155.964066  147.300156  134.731400  120.321564  105.547340  90.330467  75.302658  61.956612 
 65.864319  81.992035  98.655472  115.584839  132.435623  148.522659  162.746246  172.189529  175.093277  170.681564  160.917969  146.355942  129.612183  113.181564  96.870003  80.393593  65.288391 
 68.247185  85.693436  103.034378  120.641098  139.065475  156.993118  172.247971  181.379837  184.182495  179.969681  170.041565  154.095932  136.063278  118.328278  101.175781  84.084999  67.820831 
 68.859840  86.760468  104.720314  122.764694  141.213287  159.684372  174.984528  184.054535  186.895782  183.216873  174.305313  157.970001  139.282806  121.007339  103.141090  85.326408  68.817032 
 67.911873  85.251877  102.960938  120.637497  138.454056  155.963745  171.194839  180.542343  183.382034  179.578125  170.612183  154.428757  136.051880  118.427963  101.137032  84.008904  68.083282 
 65.390411  81.503754  98.369843  115.220627  131.829681  147.529526  161.208588  170.630630  173.609848  169.256714  159.773743  145.573288  129.143600  113.094681  96.708595  80.590157  65.398285 
 61.544273  75.805939  91.404221  107.008904  121.575775  135.113586  146.621094  154.632660  157.216248  153.955475  145.695160  133.417969  119.482971  105.198906  90.152344  75.067497  61.693329 
 58.206978  69.091560  82.870628  96.874062  109.882347  121.159531  130.649994  136.837189  138.933441  136.405624  129.647034  119.815781  108.099060  95.494690  81.626251  68.463440  58.286774 
 56.214996  62.716248  72.926559  85.077347  96.616722  106.446877  114.144684  118.987808  120.677338  118.532806  113.216721  105.261093  95.209999  83.953278  71.903282  61.813126  56.098549 
 53.107918  57.900421  63.337814  72.423805  82.486099  90.789375  97.688019  101.593643  102.825890  101.164482  96.872757  90.245468  81.453339  71.635162  62.494324  57.188957  53.637291 
 } 
 B Channel
 {
 35.307968  38.229221  42.120262  48.731148  55.712555  61.615936  66.048645  68.851929  69.740204  68.848381  66.108963  61.699059  55.780884  49.013390  42.516773  38.370678  36.211926 
 37.770470  42.101093  49.411720  57.709061  65.582344  72.273438  77.502815  80.792969  82.053123  80.694847  77.646873  72.201561  65.364845  57.653595  49.310936  42.189220  38.479012 
 39.603695  47.011406  56.402191  65.948128  74.875313  82.345154  88.554062  92.809845  94.280785  92.674217  88.698280  82.221878  74.116409  65.463905  55.973595  46.837189  40.399689 
 42.232864  51.817657  62.533279  72.974533  82.997032  91.943283  99.662971  104.813126  106.581093  104.334846  99.208435  91.196091  81.873909  72.073906  61.764221  51.508125  43.041462 
 44.634480  55.686562  67.113281  78.504372  89.501564  99.920158  108.959373  114.692337  116.594528  114.116562  108.190628  98.871407  88.023285  77.191406  66.141876  55.134216  45.681927 
 46.246769  58.192184  69.957031  81.699371  93.789528  105.322029  115.179382  121.024368  122.836716  120.395782  114.023743  103.873123  92.019218  80.390160  68.917656  57.574066  47.428234 
 46.674011  58.762970  70.856094  82.856247  95.048752  107.020470  117.146713  122.981400  124.822189  122.237656  116.364212  105.862968  93.869530  82.085159  70.222343  58.374222  48.148598 
 45.981770  57.712189  69.720627  81.532501  93.214531  104.735779  114.824066  120.911087  122.389999  119.893280  114.140472  103.853439  91.979530  80.418747  68.955154  57.521873  47.513958 
 44.109684  55.148438  66.695778  78.105156  88.983597  99.403748  108.529373  114.353119  116.111725  113.210464  107.149376  98.062653  87.460938  77.014687  65.991722  55.205627  45.626038 
 41.349949  51.228905  62.023125  72.617188  82.443748  91.329063  98.894066  103.958122  105.464066  103.462341  98.141251  90.283440  81.225471  71.769066  61.622185  51.440002  43.079586 
 38.996616  46.510155  56.134689  65.781876  74.753441  82.235466  88.408905  92.331253  93.562965  92.007187  87.846878  81.482658  73.724060  65.282188  55.807655  46.718437  40.362602 
 37.430000  42.021252  49.218285  57.725937  65.834061  72.569534  77.498596  80.615623  81.628754  80.307030  76.973282  71.813126  65.010780  57.362656  48.974998  41.927032  38.560989 
 35.583752  39.267082  43.248070  49.856361  57.138229  63.038902  67.497551  70.077713  70.826668  69.890160  66.995567  62.742294  56.587654  49.530357  42.969582  39.035992  37.098492 
 } 


 White Balance Data with optical Center Data
 r_center_x =  649 r_center_y =  473 
 gr_center_x =  623 gr_center_y =  502 
 b_center_x =  637 b_center_y =  475 
 gb_center_x =  633 gb_center_y =  502 
 r/gr 0.609062 
 b/gr 0.669254 
 gb/gr 1.001116 
 r_oc_ave 114.048889 
 b_oc_ave 125.320007 
 gr_oc_ave 187.253326 
 gb_oc_ave 187.462219 

 [AWB]
 RGr =  0.609062 
 BGr =  0.669254 
 GbGr =  1.001116 
 r_oc_ave =  114.048889 
 b_oc_ave =  125.320007 
 gr_oc_ave =  187.253326 
 gb_oc_ave =  187.462219 