 LEFT LENS SHADING DATA
 RED Channel
 {
 27.063023  29.486771  33.341251  39.390308  45.871975  51.399483  55.592293  58.333275  59.117920  57.876045  55.008545  50.518333  44.890675  38.563854  32.776928  29.290001  27.106667 
 28.985519  32.818436  39.557499  47.619064  55.251564  61.750313  67.029373  70.360153  71.278748  69.636871  66.079376  60.393753  53.714218  46.374687  38.714218  32.299999  28.761669 
 30.519268  37.280937  45.946877  55.160782  63.923592  71.685936  78.245781  82.639374  83.817345  81.625938  76.922966  69.952660  61.966248  53.552345  44.711563  36.307968  30.093174 
 32.898594  41.745468  51.602028  61.777657  71.797501  81.065155  89.193436  94.685623  96.344063  93.417030  87.509529  78.976410  69.580467  59.870941  50.018906  40.408127  32.235210 
 35.438381  45.489845  56.242966  67.261093  78.471405  89.180939  98.723434  104.925468  106.654373  103.469215  96.684845  86.830002  75.751404  64.855469  54.214378  43.742813  34.485310 
 37.245987  47.977032  59.138748  70.859375  82.997971  94.842972  105.130157  111.620468  113.363129  110.332031  102.982498  92.117188  80.080780  68.142654  56.916405  45.970470  35.910259 
 37.680679  48.775467  60.295937  72.288124  84.585785  96.980156  107.307343  113.790787  115.818130  112.718597  105.890778  94.375626  82.168594  69.967499  58.114685  46.698437  36.490105 
 37.010208  47.831875  59.227188  70.884216  82.909218  94.650467  104.863281  111.325935  113.319534  110.087029  103.264374  91.976250  80.111717  68.386871  56.837814  45.867344  35.941719 
 35.392761  45.419220  56.230782  67.218285  78.253593  88.885155  98.159531  104.147972  106.180466  102.771095  95.704689  86.025940  75.367188  64.788597  54.065315  43.683750  34.397083 
 32.902294  41.686874  51.605934  61.628593  71.355621  80.377029  88.242966  93.499222  95.022186  92.464691  86.500778  78.021248  68.927658  59.595154  49.771873  40.193436  32.110104 
 30.706978  37.362812  46.024220  55.018593  63.609840  71.068596  77.537033  81.656563  82.970467  80.974220  76.180939  69.333595  61.599220  53.230782  44.397812  36.083595  30.150051 
 29.483593  33.356720  39.764999  47.463280  55.028595  61.459373  66.558907  69.766563  70.768280  69.197189  65.542191  60.009064  53.330467  46.034687  38.398594  32.247971  28.911091 
 27.876095  30.217758  33.619167  39.527241  45.749634  51.138962  55.508698  58.161148  58.928902  57.662605  54.740944  50.139473  44.518177  38.263435  32.549637  29.383179  27.261509 
 } 
 GR Channel
 {
 52.259163  56.663757  62.842033  72.238800  81.923180  90.103806  96.320313  100.260155  101.684532  100.030365  95.905731  89.596878  81.104012  71.666512  62.584373  56.686928  52.781929 
 55.917915  62.489998  72.983910  85.098595  96.367966  106.077347  113.791565  118.727036  120.168900  118.066406  113.162811  104.998123  95.164215  84.089218  72.263123  62.226715  56.241096 
 58.889633  69.488594  82.811874  96.361092  109.622498  121.273911  130.880783  137.265778  139.310944  136.425003  129.875626  119.921570  108.060471  95.429222  81.826248  68.593750  58.769585 
 62.681358  76.462189  91.345779  106.457657  121.422806  135.515625  147.613281  155.693436  158.319839  154.612503  146.339066  134.149689  119.854370  105.352966  90.176872  75.354378  62.329788 
 66.562706  82.080627  98.046875  114.487350  131.217346  147.508591  161.949844  171.237350  174.068130  170.050003  160.628281  146.305466  129.586090  113.134537  96.721718  80.775314  66.006149 
 69.314270  85.873436  102.588753  119.854370  137.967194  155.954376  171.667343  181.333130  184.103912  180.354843  170.188599  154.461411  136.236725  118.279526  101.131409  84.378754  68.494164 
 69.820213  86.990623  104.109062  121.890778  140.355164  159.111404  174.697495  184.502655  187.541870  183.857193  174.855942  158.243744  139.858597  121.280472  103.252502  85.691406  69.367867 
 68.831825  85.457031  102.384216  119.751251  137.751877  155.688278  171.283279  180.930466  184.126404  180.349533  171.298599  154.940781  136.825150  118.847809  101.196564  84.314064  68.518646 
 66.295883  81.832344  97.987343  114.339371  131.054688  147.474213  161.853912  171.038284  174.303131  170.091721  160.440308  146.202026  129.701569  113.539368  96.935310  80.868439  66.090111 
 62.210831  76.167503  91.153282  106.216873  121.022659  135.032349  147.138123  155.328598  158.067032  154.736404  146.410782  133.922501  119.815002  105.497810  90.426559  75.343124  62.311455 
 58.719009  69.645470  82.835472  96.422028  109.529533  121.204681  130.882965  137.331406  139.388596  136.924683  130.391098  120.201248  108.378906  95.596565  81.893127  68.742188  58.887184 
 56.575943  63.279686  73.300629  85.035622  96.404999  106.246094  114.074997  119.103592  120.960159  118.903122  113.578125  105.539215  95.394066  84.167969  72.273903  62.568596  57.025879 
 53.453445  58.140526  63.497292  72.404373  82.043755  90.200470  96.751663  101.041306  102.077034  100.627708  96.239784  89.784004  81.128647  71.587341  62.540359  57.718803  54.204636 
 } 
 GB Channel
 {
 51.747650  56.030571  62.386559  71.788017  81.474434  89.516403  95.711205  99.735107  101.027924  99.401093  95.279793  88.627655  80.310730  70.891403  61.748070  56.019112  52.229530 
 55.472244  61.807030  72.236565  84.410934  95.746719  105.324532  113.037659  117.802185  119.306244  117.047974  111.979378  103.937035  94.061562  83.012032  71.240784  61.216408  55.268692 
 58.024841  68.761719  82.072342  95.766716  108.859375  120.291412  129.733597  136.019226  138.085785  135.093903  128.538757  118.590775  106.812035  94.253441  80.705467  67.526405  57.652863 
 61.812607  75.658440  90.673439  105.737968  120.729065  134.472809  146.516724  154.549377  157.091721  153.221405  144.941879  132.791565  118.620789  104.041565  88.937653  74.074684  61.030106 
 65.504639  81.282341  97.351875  113.774536  130.506561  146.729996  160.920151  170.200623  172.985626  168.843445  159.257507  144.856400  128.279373  111.716248  95.385780  79.284691  64.665100 
 68.110260  85.044220  101.810310  119.248276  137.292343  155.076569  170.666718  180.233444  183.094055  179.131714  168.935623  153.098282  134.854065  116.929382  99.601097  82.867188  66.934273 
 68.797546  86.126091  103.498283  121.277817  139.746399  158.280319  173.799850  183.424530  186.437027  182.632965  173.515320  157.006561  138.540939  119.883286  101.754845  84.161873  67.958542 
 67.855782  84.625153  101.801094  119.176712  137.220154  154.943909  170.416870  180.040466  183.158432  179.271088  170.179535  153.825943  135.617661  117.540619  99.786873  82.942657  67.074951 
 65.433228  81.046562  97.453125  113.851715  130.613754  146.863434  161.110306  170.330780  173.533432  169.252808  159.568130  145.198441  128.679382  112.323288  95.711090  79.646561  64.795731 
 61.622498  75.504997  90.604378  105.715309  120.631409  134.492340  146.462662  154.620621  157.319214  154.020004  145.486725  133.038284  118.893433  104.403908  89.323441  74.194534  61.049736 
 58.332443  68.995155  82.394066  95.948280  109.074219  120.546875  130.248123  136.604843  138.875000  136.215775  129.486725  119.369064  107.477341  94.685310  80.949066  67.847504  58.090828 
 56.429268  62.830940  72.883125  84.674690  95.985626  105.763596  113.628601  118.717026  120.471558  118.360931  112.903900  104.743279  94.637344  83.391403  71.468903  61.774216  56.447342 
 53.623856  57.846352  63.131042  72.128021  81.798126  90.059639  96.688385  100.809738  102.129478  100.354683  95.847450  89.327240  80.535881  70.979111  61.845367  57.180679  53.753593 
 } 
 B Channel
 {
 34.120834  37.035416  41.514477  48.375778  55.324944  61.287239  65.604477  68.186981  68.986664  67.882500  65.223381  60.821304  54.885216  47.966152  41.301094  37.169842  34.803596 
 36.933334  41.389999  48.721565  57.398903  65.545158  72.282028  77.457809  80.664063  81.496246  80.035004  76.787346  71.346092  64.511871  56.739059  48.209221  41.201717  37.432762 
 38.857914  46.516251  55.821877  65.380157  74.545784  82.377190  88.732971  92.997658  94.048126  92.057503  87.930779  81.369064  73.298904  64.684372  55.058907  45.868595  39.346302 
 41.618645  51.405312  61.929375  72.224373  82.332657  91.633125  99.562347  104.892502  106.521561  103.884689  98.599373  90.599060  81.265160  71.466721  60.947655  50.599220  41.978596 
 44.421146  55.336563  66.552498  77.589691  88.656403  99.267502  108.739845  114.755630  116.633286  113.786407  107.601563  98.282814  87.472969  76.618591  65.387497  54.411247  44.689583 
 46.210941  57.722191  69.400780  81.008125  92.648590  104.414688  114.525620  120.916245  122.725159  120.213120  113.484070  103.258125  91.623749  79.825783  68.189217  56.771095  46.252132 
 46.703278  58.407654  70.299065  82.255310  94.136253  105.962654  116.121246  122.553131  124.678131  122.095474  116.145935  105.260941  93.506561  81.557343  69.460159  57.619690  46.957184 
 45.988907  57.317032  69.065628  80.750153  92.374222  103.672653  113.619995  119.952194  122.144058  119.647812  113.826874  103.403122  91.675934  79.964531  67.997345  56.683746  46.405834 
 44.157810  54.802811  65.954689  77.139221  87.979218  98.227966  107.292969  113.258911  115.313751  112.853592  106.559059  97.428749  86.989685  76.344376  65.137497  54.234528  44.578491 
 41.228542  50.785622  61.287659  71.525314  81.280159  90.006096  97.598595  102.849220  104.618752  102.673752  97.400627  89.497185  80.424690  70.900780  60.636566  50.437965  41.859844 
 38.678284  46.142654  55.422501  64.807503  73.616409  81.074219  87.165154  91.243126  92.637497  91.147499  87.010002  80.487190  72.714378  64.121872  54.568909  45.707344  39.426720 
 36.957706  41.589375  48.603279  56.827812  64.670624  71.244217  76.172966  79.377815  80.603127  79.390938  76.022812  70.712189  63.824684  56.117035  47.764061  41.232967  38.032345 
 34.878544  38.020206  41.851406  48.314476  54.995209  60.627762  64.985260  67.649902  68.630623  67.582611  64.815315  60.363434  54.278023  47.511402  41.105732  37.915260  36.183178 
 } 


 White Balance Data with optical Center Data
 r_center_x =  624 r_center_y =  483 
 gr_center_x =  642 gr_center_y =  473 
 b_center_x =  636 b_center_y =  495 
 gb_center_x =  643 gb_center_y =  505 
 r/gr 0.615591 
 b/gr 0.663931 
 gb/gr 0.991936 
 r_oc_ave 116.026672 
 b_oc_ave 125.137772 
 gr_oc_ave 188.479996 
 gb_oc_ave 186.960007 

 [AWB]
 RGr =  0.615591 
 BGr =  0.663931 
 GbGr =  0.991936 
 r_oc_ave =  116.026672 
 b_oc_ave =  125.137772 
 gr_oc_ave =  188.479996 
 gb_oc_ave =  186.960007 