 LEFT LENS SHADING DATA
 RED Channel
 {
 27.753490  30.033489  33.762451  39.841930  46.172241  51.797661  56.041245  58.744164  59.500725  58.193275  55.239220  50.689224  44.879528  38.592709  32.600571  29.383228  27.117809 
 29.558903  33.489532  40.126408  48.090469  55.648285  62.275780  67.526253  70.855003  71.644066  69.970154  66.304840  60.477341  53.733910  46.301876  38.628281  32.251564  28.840725 
 31.170002  37.978748  46.710155  55.812500  64.505623  72.227341  78.816254  83.148750  84.399063  81.980469  77.148438  70.130783  62.021408  53.607498  44.765312  36.363438  30.110523 
 33.669376  42.776875  52.700470  62.784218  72.737190  81.874222  89.970627  95.444374  96.879684  94.114059  87.707344  79.050629  69.607498  59.912186  50.116409  40.500000  32.305832 
 36.155571  46.650780  57.489059  68.511719  79.574532  90.303596  99.688751  105.868752  107.554840  104.318909  97.122971  86.925468  75.953438  65.037498  54.365471  43.946564  34.567394 
 38.034065  49.186562  60.644379  72.356407  84.464218  96.227028  106.270309  112.665161  114.465622  111.230621  103.638596  92.377815  80.225311  68.421097  57.125626  46.232811  36.103230 
 38.736980  50.091560  61.866409  74.080154  86.382034  98.289841  108.511871  114.992661  116.747192  113.797348  106.779221  94.942657  82.448593  70.220627  58.439064  47.128437  36.705936 
 38.349377  49.286873  60.824684  72.701096  84.631721  96.206093  106.113747  112.436722  114.214539  111.189842  104.250465  92.659531  80.457031  68.625778  57.233284  46.302032  36.199322 
 36.659374  46.895626  57.822968  69.079842  79.994843  90.408279  99.405785  105.419998  107.209686  103.979843  96.989372  86.965157  75.948441  65.214691  54.508904  44.204063  34.655727 
 34.219112  43.198906  53.260002  63.519379  73.213905  82.036095  89.630783  94.845314  96.271095  93.586876  87.455467  78.907654  69.575783  60.082184  50.308281  40.670311  32.348644 
 32.045208  38.898125  47.675938  56.682190  65.412346  72.972504  79.137970  82.976563  84.149689  81.970627  76.922340  70.134377  62.241562  53.908905  44.888905  36.500000  30.361252 
 30.629997  34.743752  41.347187  49.169846  56.759064  63.253593  68.348282  71.292503  72.044533  70.383438  66.359375  60.729530  54.070625  46.661407  38.822811  32.597500  29.119583 
 29.004585  31.503750  35.008438  40.955887  47.350311  52.830048  57.030571  59.607079  60.110153  58.968437  55.759377  51.038910  45.304375  38.987865  33.174896  29.727081  27.619167 
 } 
 GR Channel
 {
 52.000671  56.476921  62.496559  71.773018  81.427399  89.703331  96.286774  100.287392  101.695778  99.882294  96.098854  89.361191  80.885674  71.401611  62.300262  56.891144  53.055733 
 55.680679  62.335472  72.667816  84.712189  96.160309  106.099998  113.923431  118.967819  120.347656  118.323120  113.235931  105.123909  95.081718  84.001404  72.066719  61.937813  56.322815 
 58.585266  69.444221  82.569221  96.390625  109.410004  121.130157  130.935776  137.535934  139.703430  136.845154  130.138901  119.965317  108.132187  95.408592  81.733910  68.530937  58.523026 
 62.399429  76.549217  91.376404  106.508278  121.448914  135.536713  147.702972  155.912659  158.693436  155.038437  146.548126  134.065781  120.039536  105.296410  90.280159  75.172501  62.082504 
 66.223755  82.144997  98.330940  114.651093  131.264999  147.571411  161.912811  171.382660  174.263443  170.487656  160.742661  146.177505  129.713913  113.139069  96.836403  80.560471  65.933586 
 68.998222  85.992813  102.926559  120.034851  138.177658  156.145462  171.468903  181.187500  184.105164  180.349686  170.288757  154.223434  136.138123  118.230469  101.006874  84.087814  68.208641 
 70.143021  87.110939  104.581879  122.338120  140.522339  159.019684  174.554062  184.287033  187.340469  183.695313  174.795319  157.951096  139.204529  121.055466  103.113594  85.392029  69.253075 
 69.478905  85.864532  102.900627  120.375153  137.983597  155.762817  170.984528  180.667969  183.487350  180.000778  171.041565  154.686401  136.235626  118.435623  101.064377  84.056717  68.256935 
 66.771614  82.275154  98.524376  115.062027  131.621094  147.585464  161.567184  170.826874  173.855942  169.990463  160.536713  146.058121  129.467651  113.081406  96.765625  80.769531  65.841408 
 62.846611  76.888908  91.750778  106.783752  121.556412  135.286713  147.065933  155.095306  157.527039  154.402649  146.000626  133.862656  119.697189  105.236565  90.162971  75.227654  62.029533 
 59.405472  70.407341  83.646408  97.107185  110.117813  121.734070  131.020935  137.237503  139.330627  136.603287  129.732025  119.907028  108.277031  95.448906  81.685158  68.761566  58.808228 
 56.931877  63.949371  74.144379  85.903435  97.104218  106.856560  114.421875  119.127502  120.712967  118.553284  113.124069  105.225937  95.411407  84.219841  72.234528  62.347504  56.654999 
 53.847710  58.613129  64.383125  73.340103  82.896095  91.069061  97.433960  101.187500  102.216507  100.610161  96.511978  89.769272  81.515358  71.801300  62.710571  57.358742  53.809166 
 } 
 GB Channel
 {
 52.726303  57.027138  63.134377  72.581306  82.363121  90.610832  97.209587  101.133698  102.384743  100.334007  96.524582  89.498077  80.989944  71.433128  62.180252  56.840576  53.159737 
 56.282547  62.866096  73.235626  85.328590  96.926872  106.886253  114.524994  119.508911  120.854538  118.554214  113.357498  105.042030  95.020157  83.765625  71.819221  61.670784  56.087234 
 59.002609  69.754684  83.100784  97.007660  110.199684  121.790314  131.541412  137.992813  139.936249  136.889374  130.084686  119.822815  107.905624  95.021561  81.311249  68.059532  58.108078 
 62.680519  76.864685  91.946251  107.253593  122.312347  136.134842  148.256561  156.392975  158.905624  155.164368  146.477341  133.730316  119.676254  104.837189  89.617340  74.478905  61.402451 
 66.249161  82.368752  98.742813  115.342499  132.154526  148.285934  162.364685  171.709534  174.532974  170.334686  160.472351  145.621567  129.008743  112.466095  95.986877  79.630470  65.026093 
 68.813698  85.972656  103.221252  120.552505  138.642029  156.594849  171.700470  181.228439  183.998901  180.050156  169.707809  153.594681  135.386871  117.261566  99.912186  82.916252  67.033325 
 69.918182  86.979218  104.728905  122.681244  140.815781  159.092972  174.348587  183.946091  186.846558  183.182816  173.864059  157.137192  138.207657  119.970001  101.942657  84.221878  67.968544 
 69.195518  85.697189  102.904533  120.498901  138.166245  155.619843  170.601410  180.177032  183.062027  179.390320  170.252975  153.769379  135.277969  117.456726  99.988594  82.867500  67.106667 
 66.600891  82.297340  98.474533  115.162506  131.661407  147.439850  161.157654  170.417664  173.297180  169.269531  159.696411  145.108749  128.452194  112.032028  95.686249  79.692497  64.698753 
 62.699791  76.843124  91.802185  106.976715  121.564850  135.072495  146.583435  154.455002  156.862350  153.518600  145.168274  132.880310  118.753906  104.218903  89.157501  74.249847  61.156303 
 59.302551  70.406097  83.591873  97.087502  110.031563  121.479538  130.590317  136.656723  138.627502  135.706879  128.882965  119.023743  107.304062  94.552185  80.853127  67.883125  58.174789 
 57.132446  63.940155  74.091560  85.941093  97.059219  106.728592  114.169693  118.765625  120.227341  117.857819  112.358444  104.431404  94.623596  83.465935  71.507500  61.723122  56.252716 
 54.079948  58.744110  64.440315  73.392967  82.928596  91.132133  97.549271  101.228546  102.281723  100.505310  96.071358  89.364944  80.865883  71.236351  62.072502  56.854797  53.694794 
 } 
 B Channel
 {
 33.460938  36.433022  40.713490  47.332447  54.338753  60.313377  64.924271  67.543549  68.424950  67.271828  64.274536  59.757759  53.766769  47.089321  40.543648  36.744167  34.537498 
 35.939690  40.637188  47.842030  56.311409  64.209999  71.107346  76.384689  79.790627  80.755157  79.259529  75.901405  70.246719  63.372185  55.699532  47.341564  40.334999  36.910835 
 38.119949  45.630157  54.928909  64.390312  73.211403  81.023125  87.509689  91.841873  93.174530  91.348907  86.889687  80.096878  72.139534  63.552185  54.122345  45.036251  38.722916 
 40.801769  50.669685  61.108124  71.383751  81.152191  90.355621  98.272346  103.683128  105.413124  103.098747  97.521561  89.242813  79.932343  70.144218  59.845467  49.559532  41.193073 
 43.606304  54.447342  65.728592  76.824219  87.588753  97.969063  107.180000  113.223282  115.264526  112.843124  106.519379  97.033905  86.162811  75.272812  64.203125  53.235626  43.725208 
 45.429058  56.950310  68.571251  80.128906  91.765778  103.171410  112.923126  119.164841  121.278442  118.989685  112.479065  102.095154  90.295937  78.465935  66.847969  55.542343  45.346722 
 46.087025  57.692657  69.488281  81.355156  93.114845  104.576561  114.444061  120.761719  122.983597  120.935776  115.164993  104.176407  92.057343  80.272972  68.186409  56.418282  46.103909 
 45.540470  56.881096  68.407188  80.058441  91.479843  102.590309  112.086411  118.224533  120.337814  118.292038  112.817337  102.364372  90.327187  78.572189  66.706718  55.467186  45.453854 
 43.701511  54.434219  65.506248  76.725159  87.370003  97.429840  106.020782  111.848282  113.959061  111.697342  105.812035  96.634842  86.004997  75.166565  64.035004  53.282028  43.828075 
 41.027607  50.543434  60.941872  71.211090  80.792030  89.392654  96.621246  101.581406  103.252342  101.518280  96.449371  88.775780  79.615311  69.900940  59.563278  49.505310  41.147812 
 38.437344  46.051720  55.310783  64.575623  73.218903  80.599686  86.437187  90.245003  91.392967  90.016090  85.965935  79.752342  72.187813  63.471878  53.824066  44.999218  38.821091 
 36.652290  41.418125  48.590309  56.861092  64.547501  71.070778  75.862190  78.767502  79.625626  78.271408  75.080315  69.985939  63.464844  55.728592  47.252029  40.508438  37.348438 
 34.704792  37.943542  42.025311  48.523384  55.326248  60.998909  65.143440  67.548332  68.026451  67.079948  64.419891  60.095520  54.360054  47.474636  40.940571  37.398438  35.548855 
 } 


 White Balance Data with optical Center Data
 r_center_x =  643 r_center_y =  470 
 gr_center_x =  646 gr_center_y =  467 
 b_center_x =  663 b_center_y =  494 
 gb_center_x =  639 gb_center_y =  506 
 r/gr 0.623198 
 b/gr 0.656812 
 gb/gr 0.997704 
 r_oc_ave 117.008896 
 b_oc_ave 123.320007 
 gr_oc_ave 187.755554 
 gb_oc_ave 187.324448 

 [AWB]
 RGr =  0.623198 
 BGr =  0.656812 
 GbGr =  0.997704 
 r_oc_ave =  117.008896 
 b_oc_ave =  123.320007 
 gr_oc_ave =  187.755554 
 gb_oc_ave =  187.324448 