 LEFT LENS SHADING DATA
 RED Channel
 {
 27.686562  29.911560  33.562813  39.449219  45.616978  50.879005  54.847710  57.311516  57.928802  56.688591  53.645729  49.279068  43.727291  37.602238  32.069839  28.898960  27.256042 
 28.856148  32.652813  39.169064  46.867344  54.114059  60.420471  65.356873  68.450470  69.127342  67.394218  63.812813  58.175316  51.616875  44.520782  37.126720  31.091873  28.059795 
 30.144115  36.713905  45.274220  54.238129  62.621872  70.027809  76.202499  80.248123  81.328438  79.039688  74.357971  67.426720  59.519066  51.343597  42.822342  34.756092  28.982552 
 32.403385  41.132343  51.033279  60.912811  70.653908  79.466095  87.243279  92.355316  93.859222  90.979218  84.928909  76.417969  67.035934  57.653595  48.128441  38.841873  31.009373 
 34.886406  44.997032  55.592659  66.561562  77.471565  87.877655  97.004059  102.931564  104.485626  101.291092  94.283905  84.292191  73.318436  62.703125  52.359688  42.199375  33.301456 
 36.691822  47.544533  58.759842  70.344688  82.209373  93.906563  103.974220  110.149689  111.733437  108.502190  101.051094  90.005470  77.982185  66.302185  55.264061  44.631874  34.918541 
 37.366302  48.497345  60.083595  72.188591  84.262657  96.350937  106.553596  112.869537  114.460938  111.209221  104.311722  92.858910  80.373909  68.266876  56.588593  45.497658  35.489529 
 36.931770  47.792187  59.054688  70.747971  82.626091  94.279221  104.293282  110.623596  112.232651  108.984840  102.096565  90.780159  78.481560  66.828903  55.512497  44.826561  35.112400 
 35.256355  45.448437  56.115623  67.256874  78.138596  88.658127  97.929222  103.823753  105.611877  102.231094  95.256561  85.340157  74.219063  63.647499  53.071877  42.924530  33.836407 
 32.955002  41.906250  51.877342  61.977501  71.749535  80.540939  88.238907  93.435158  94.836876  92.229691  86.104530  77.638123  68.190628  58.777809  49.131409  39.621563  31.649483 
 31.102917  37.805000  46.513596  55.615784  64.169533  71.531563  77.747658  81.813278  83.012184  80.920624  76.043282  69.120781  61.213905  52.866409  44.046562  35.772030  29.643074 
 30.144371  33.934376  40.343594  48.199532  55.610779  62.010315  67.029686  70.261093  71.294685  69.727654  65.805626  60.105934  53.397972  46.012970  38.292187  32.009689  28.721771 
 28.386040  30.882294  34.207134  40.043491  46.498493  51.874901  55.986771  58.774216  59.483437  58.203278  55.026878  50.523018  44.773594  38.346096  32.567604  29.268436  27.410107 
 } 
 GR Channel
 {
 51.517456  56.417862  62.397446  71.581619  81.138123  89.254425  95.468285  99.262550  100.496826  98.639473  94.622757  87.904694  79.361565  69.971771  61.124535  55.971718  53.208382 
 54.573700  61.150154  71.455154  83.356407  94.643127  104.199219  111.913910  116.687347  118.147034  115.816559  110.564217  102.388435  92.367813  81.325935  69.572655  59.899841  54.760468 
 57.389275  67.809685  81.091873  94.821404  107.591248  118.948288  128.537964  134.716095  136.640625  133.759369  127.005463  117.020309  104.860466  92.264847  78.804062  65.863747  56.264168 
 60.968956  74.796875  89.789688  104.862816  119.494843  133.178589  145.118591  153.055618  155.511246  151.842651  143.432816  130.966873  116.725159  102.184845  87.249535  72.420471  59.516930 
 64.769066  80.671562  96.802498  113.258286  129.576096  145.587341  159.661255  168.830002  171.515320  167.596100  157.779846  143.220306  126.424850  110.078125  93.992035  77.794220  63.094017 
 67.749214  84.714844  101.610939  118.884537  136.634995  154.482651  169.832504  179.421570  182.020157  178.057037  167.941101  151.921875  133.522034  115.805466  98.720314  81.730621  65.737709 
 68.866608  86.201408  103.665154  121.565781  139.719223  158.062653  173.714844  183.477188  186.064850  181.989685  172.816711  156.214371  137.505310  119.069214  100.997345  83.095940  66.838852 
 68.018333  85.042503  102.095314  119.616089  137.369843  155.172180  170.552505  180.459381  183.056717  178.940475  169.798126  153.217346  134.530472  116.587814  99.046249  82.047340  66.192551 
 65.640160  81.497032  97.881874  114.492966  131.188904  147.399536  161.528748  170.507507  173.643127  169.002808  159.330627  144.876877  127.938126  111.497345  95.091721  78.971718  63.997345 
 61.831146  76.060310  91.415779  106.840469  121.553284  135.278442  147.073914  155.175934  157.413910  154.012192  145.541565  132.941254  118.640472  104.023750  88.858124  73.736877  60.496460 
 58.760628  69.688126  83.414063  97.372971  110.423126  121.887497  131.443756  137.738434  139.503754  136.632034  129.582031  119.612183  107.607658  94.676872  80.807190  67.409691  57.236351 
 56.581818  63.467033  73.824219  86.036720  97.569687  107.347191  115.031555  120.123596  121.627182  119.340775  113.753754  105.392502  95.206406  83.732658  71.535156  61.371094  55.627968 
 53.205986  58.135986  63.929840  73.304848  83.098434  91.538017  98.123650  102.251717  103.536766  101.791824  96.987495  90.108749  81.152451  71.102867  61.989952  56.609642  53.027962 
 } 
 GB Channel
 {
 52.937294  57.622292  63.549164  72.909477  82.719383  90.907082  97.138123  100.990623  102.036194  100.185463  95.781357  88.797653  80.012352  70.326195  61.250153  56.084587  53.472076 
 55.669792  62.153122  72.653748  84.852814  96.263123  105.995003  113.549377  118.398132  119.691406  116.971100  111.535934  103.005783  92.759216  81.483910  69.649529  59.818748  54.789581 
 57.897194  68.599686  82.202660  96.291092  109.265472  120.615463  130.118286  136.408279  138.072815  134.810318  127.929688  117.506256  105.235313  92.317497  78.652031  65.483437  55.889687 
 61.306358  75.492188  90.884842  106.344063  121.269684  134.889999  146.735306  154.677963  157.001556  152.905624  144.110306  131.401718  116.935944  102.050934  86.955627  71.883904  58.842033 
 65.022858  81.325157  97.796097  114.617661  131.155151  147.161713  161.012970  170.120941  172.694839  168.319061  158.153900  143.405472  126.422501  109.727814  93.327972  77.018753  62.203751 
 67.651352  85.112190  102.348907  119.992661  137.805466  155.528275  170.616714  179.991882  182.472961  178.173126  167.814056  151.528442  133.041412  115.064529  97.805153  80.773125  64.761871 
 68.543282  86.397659  104.165466  122.315475  140.444382  158.637970  173.900314  183.443436  185.952499  181.541245  172.058594  155.491562  136.668442  118.097656  99.891251  81.937653  65.628288 
 67.816612  85.176407  102.444221  120.106720  137.954681  155.432037  170.409225  180.037811  182.526413  178.222809  168.724380  152.279694  133.545471  115.441559  97.886253  80.833908  65.003281 
 65.377914  81.481247  98.124535  114.873901  131.390625  147.200470  161.019531  169.924683  172.677505  167.965775  158.118912  143.689850  126.795624  110.385941  93.929222  77.741562  62.887398 
 61.445885  75.878593  91.451248  106.940315  121.460632  134.847961  146.424850  154.061401  156.306870  152.711716  143.919373  131.524063  117.332504  102.807030  87.661873  72.551247  59.415413 
 58.418694  69.548904  83.370003  97.271408  110.072968  121.184692  130.407501  136.436722  138.205002  135.171570  128.081406  118.154694  106.324997  93.415466  79.600937  66.324684  56.120522 
 56.676460  63.325623  73.616249  85.818283  97.136093  106.687347  114.116089  118.983902  120.330475  117.915466  112.220154  103.895470  93.896873  82.618279  70.488129  60.410782  54.831406 
 53.302299  58.035210  63.725418  73.044746  82.790474  91.053383  97.509216  101.441200  102.516930  100.709846  95.768700  88.917755  80.036461  70.145988  60.973122  55.538902  52.178078 
 } 
 B Channel
 {
 36.325417  39.808331  44.235363  51.249268  58.276199  64.097603  68.482498  71.092545  71.711044  70.641823  67.737495  62.784531  56.672653  49.779427  43.070831  39.374321  38.024742 
 37.935417  42.771252  50.367653  59.212189  67.433907  74.245941  79.419998  82.616096  83.433128  81.813278  78.309998  72.615158  65.379532  57.407967  48.873749  41.870781  38.952656 
 39.288906  46.925781  56.702187  66.548904  75.729843  83.467033  89.858910  93.934219  95.037498  92.949844  88.529533  81.612816  73.316406  64.403282  54.795624  45.638596  39.597134 
 41.719479  51.616562  62.567032  73.303909  83.504059  92.751091  100.680779  105.764847  107.300934  104.736877  99.103752  90.719376  80.986717  70.884377  60.394997  49.944847  41.703800 
 44.338177  55.614220  67.277969  78.866722  90.136406  100.970314  110.348434  116.269226  118.019684  115.225632  108.770309  98.839691  87.380936  76.164215  64.871872  53.614998  44.250832 
 46.304741  58.218285  70.206718  82.324684  94.441872  106.467033  116.665466  122.939224  124.685944  122.017654  115.223129  104.388123  91.837654  79.732811  67.918121  56.287659  46.041199 
 46.890522  59.114685  71.393280  83.721405  96.066872  108.338593  118.823593  125.292664  127.192032  124.321869  118.077194  106.769379  94.202034  81.732971  69.339531  57.008591  46.722549 
 46.385525  58.160934  70.206566  82.273438  94.435158  106.433594  116.727814  123.160156  124.871246  122.121094  116.073914  104.934059  92.361252  80.147659  67.947655  56.300003  46.190414 
 44.551617  55.815155  67.387344  79.022972  90.301872  101.133904  110.585785  116.526413  118.472031  115.470627  109.060783  99.366249  87.934059  76.857185  65.406097  54.185158  44.718697 
 41.916981  52.125313  63.047813  73.927658  83.923439  93.089996  100.762032  106.004532  107.486252  105.268593  99.744217  91.402657  81.717659  71.779533  61.170471  50.616249  42.230831 
 39.760208  47.810623  57.568283  67.438438  76.271721  84.039841  90.153595  94.060158  95.293907  93.572342  89.144684  82.387184  74.205002  65.287498  55.529846  46.198437  39.886353 
 38.479740  43.427032  50.896408  59.513283  67.543594  74.212967  79.156876  82.272499  83.267654  81.905312  78.247498  72.729843  65.656715  57.605003  49.031097  41.839218  38.708176 
 35.968491  39.605988  43.847446  50.727661  57.649216  63.534012  67.894791  70.458748  70.952866  70.152809  67.045006  62.236717  56.174011  49.007919  42.302551  38.413593  36.572758 
 } 


 White Balance Data with optical Center Data
 r_center_x =  631 r_center_y =  500 
 gr_center_x =  630 gr_center_y =  499 
 b_center_x =  629 b_center_y =  488 
 gb_center_x =  620 gb_center_y =  490 
 r/gr 0.613913 
 b/gr 0.682268 
 gb/gr 0.998171 
 r_oc_ave 114.839996 
 b_oc_ave 127.626663 
 gr_oc_ave 187.062225 
 gb_oc_ave 186.720001 

 [AWB]
 RGr =  0.613913 
 BGr =  0.682268 
 GbGr =  0.998171 
 r_oc_ave =  114.839996 
 b_oc_ave =  127.626663 
 gr_oc_ave =  187.062225 
 gb_oc_ave =  186.720001 