 LEFT LENS SHADING DATA
 RED Channel
 {
 27.958855  30.139687  33.158436  38.887707  45.143124  50.650421  54.980888  57.521721  58.149681  57.040787  54.032501  49.771774  44.236095  38.325939  32.336929  28.849426  26.875263 
 29.834686  33.135937  39.240936  46.941875  54.338127  60.876251  65.961090  69.181091  70.070938  68.575157  65.029999  59.537186  53.010468  45.994686  38.272968  31.881718  28.425262 
 31.104324  37.235783  45.655781  54.654533  63.180153  70.648438  76.987656  81.305000  82.521873  80.481873  75.862343  69.090782  61.238594  53.093124  44.301563  35.891720  29.638592 
 33.114323  41.718281  51.456879  61.368126  71.022659  80.046722  87.824066  93.231873  95.050156  92.538284  86.567970  78.089378  68.730469  59.409378  49.722191  40.163124  31.957294 
 35.280731  45.364063  56.038750  66.899529  77.652496  88.108284  97.408127  103.649841  105.819534  102.940628  96.007187  85.958435  75.009216  64.478439  53.830780  43.458752  34.305416 
 37.377918  47.840000  59.156403  70.724220  82.411560  94.134842  104.327187  110.809372  112.772659  110.108437  102.704529  91.608437  79.522346  67.921562  56.604218  45.843750  35.830830 
 38.201096  48.915466  60.398590  72.687965  84.475159  96.642815  106.931564  113.481567  115.476868  112.799530  105.950310  94.370316  81.720001  69.738281  57.998596  46.666718  36.546925 
 37.664219  48.232346  59.559059  71.287971  83.070160  94.580467  104.754532  111.311096  113.351868  110.497032  103.572342  92.374687  79.851875  68.203438  56.905624  45.932499  35.930000 
 35.938232  45.941563  56.709686  67.655159  78.757187  89.203903  98.354843  104.683441  106.601875  103.698128  96.522186  86.668121  75.548752  64.976250  54.298279  43.870937  34.326355 
 33.625362  42.383907  52.245003  62.360466  71.951561  81.053123  88.691093  94.045311  95.731407  93.304840  87.172653  78.804222  69.267342  59.848282  50.006096  40.430470  32.059845 
 31.890572  38.108280  46.768906  55.763283  64.277191  71.872658  78.277809  82.442657  83.742966  81.681564  76.733284  69.804535  61.991409  53.705467  44.826874  36.256874  29.880623 
 30.912762  34.266720  40.568592  48.395309  55.765472  62.327499  67.588593  70.906097  71.823593  70.167656  66.298904  60.681091  53.930626  46.662342  38.840157  32.231876  28.519791 
 29.156094  31.507347  34.523804  40.401150  46.741089  52.189995  56.641304  59.353798  60.166725  58.918274  55.833275  51.133797  45.383541  38.973389  32.907032  29.201042  27.001041 
 } 
 GR Channel
 {
 50.480469  55.666718  61.238068  70.329842  79.966454  88.478340  95.046196  98.872818  100.361717  98.929955  95.033958  88.744484  80.705887  71.228386  61.823280  56.180885  52.674217 
 54.860886  61.143593  71.025780  83.151718  94.470627  104.452499  112.288910  117.302811  119.006088  117.156403  112.329376  104.686562  95.037346  84.166092  72.095154  61.684845  55.748383 
 57.517029  67.701408  80.909378  94.847969  107.806564  119.339844  128.934067  135.428436  137.813751  135.470779  129.320618  119.657501  108.098434  95.727188  81.951408  68.455627  58.008125 
 60.734108  74.726410  89.689064  104.834534  119.542343  133.387497  145.192337  153.552032  156.745621  153.756714  145.862350  133.840317  119.827820  105.606247  90.503441  75.441559  61.860725 
 64.557655  80.197029  96.473122  112.811096  129.101563  145.125000  159.390472  169.072495  172.781555  169.426086  160.251251  146.013901  129.688126  113.538910  96.994064  80.910469  65.751099 
 67.437912  83.952499  101.130623  118.356094  135.873123  153.618591  169.384995  179.265778  182.703278  179.743591  170.053589  154.402496  136.438904  118.742813  101.418747  84.633438  68.429276 
 68.562027  85.367653  102.772812  120.860626  138.445465  156.774841  172.702026  183.014847  186.325623  183.453430  174.662033  158.633911  140.042496  121.880005  103.752815  85.936562  69.475723 
 67.518074  84.284531  101.350937  118.709534  136.370621  153.788910  169.821091  180.017975  183.504837  180.343750  171.558441  155.755783  137.003433  119.304535  101.827347  84.722191  68.614685 
 64.970886  80.901093  97.156563  113.610153  130.307663  146.426880  160.626556  170.602814  174.067032  170.795624  161.533279  147.163757  130.401413  114.123276  97.727188  81.420471  65.962761 
 61.317970  75.291092  90.489220  105.822502  120.508591  134.720474  146.673752  154.950150  158.209686  155.505630  147.423126  135.304840  120.875153  106.334999  91.085938  75.823593  62.042557 
 58.290207  68.781876  82.389999  96.352966  109.239685  121.033752  130.938751  137.672501  140.189682  137.798752  131.142349  121.308594  109.526253  96.629997  82.745155  69.145157  58.410362 
 56.157135  62.681091  72.854065  85.022034  96.529060  106.510155  114.667191  119.806244  121.777039  119.961243  114.653275  106.671722  96.573280  85.341248  72.925781  62.403122  56.173538 
 52.606300  57.861717  63.354065  72.448906  82.541977  90.727036  97.675941  102.137505  103.405151  101.863747  97.627243  90.969002  82.195160  72.234169  62.860573  56.964790  53.443954 
 } 
 GB Channel
 {
 51.123070  56.041824  61.576820  70.721413  80.401825  89.119629  95.390678  99.319481  100.589951  98.985100  94.879631  88.437447  80.034637  70.818855  61.056305  55.455566  51.815994 
 55.403488  61.598282  71.459534  83.723282  94.978279  104.813591  112.552963  117.395309  118.928909  116.969681  111.913597  104.126404  94.367340  83.353439  71.187347  60.779533  55.005577 
 57.926773  68.135941  81.364845  95.379532  108.324997  119.761414  129.119537  135.430466  137.604370  134.940475  128.732971  119.005005  107.244843  94.697502  80.953438  67.333595  57.177963 
 61.133339  75.016251  90.198906  105.473434  120.162811  133.851715  145.492661  153.732346  156.630936  153.317337  145.283905  133.035309  118.918274  104.566872  89.361404  74.109222  60.688171 
 64.659630  80.569847  97.042656  113.332031  129.725464  145.674850  159.633591  169.088287  172.510941  168.961716  159.465622  145.168747  128.599213  112.209686  95.637657  79.391563  64.104477 
 67.670517  84.072189  101.512657  118.783432  136.299850  153.770935  169.271088  179.151718  182.323593  179.097961  169.204529  153.337189  135.278122  117.417038  99.868591  83.024216  66.725685 
 68.499268  85.562187  102.950470  121.149841  138.821411  156.824219  172.470779  182.361877  185.660156  182.452972  173.583282  157.268127  138.592819  120.408905  101.992035  84.247498  67.717918 
 67.523384  84.477341  101.458435  118.965622  136.616089  153.753128  169.380630  179.303284  182.720627  179.298431  170.319687  154.317657  135.650787  117.749695  100.142502  82.952660  66.845360 
 64.938644  80.956566  97.346878  113.832031  130.525467  146.392654  160.317505  169.926880  173.242035  169.749527  160.265320  145.945618  129.014694  112.632339  96.114372  79.799843  64.497139 
 61.384163  75.397499  90.820000  106.068909  120.548431  134.500473  146.242661  154.224213  157.307663  154.450775  146.168121  133.938751  119.568130  104.908752  89.687347  74.443909  60.722443 
 58.574844  68.955467  82.569687  96.457031  109.304222  120.827026  130.509537  137.091568  139.302338  136.780472  129.994843  120.029694  108.216408  95.374847  81.325623  67.854378  57.287292 
 56.620728  62.846565  72.945938  85.116409  96.553909  106.367340  114.364838  119.442657  121.273911  119.136246  113.641724  105.542816  95.475624  84.219063  71.870941  61.325157  55.455368 
 53.262817  58.041565  63.369270  72.542030  82.489525  90.748383  97.574219  101.800362  103.125359  101.623337  97.156502  90.260735  81.476456  71.486145  61.897606  56.132446  52.800781 
 } 
 B Channel
 {
 33.622189  37.008018  40.896976  47.434422  54.442863  60.496925  64.934326  67.420937  68.290672  67.423599  64.783279  60.473076  54.815102  48.211403  41.476040  37.290363  35.284115 
 36.677189  40.828438  47.744064  56.276718  64.290154  71.186722  76.522034  79.630936  80.585472  79.332970  76.186409  71.059532  64.479691  56.919533  48.489372  41.285156  37.779114 
 38.653282  45.531406  54.718597  64.414063  73.317970  81.220779  87.483437  91.653282  93.036873  91.361565  87.301407  80.979691  73.203903  64.816254  55.402191  46.118126  39.527706 
 41.129322  50.349533  60.856247  71.282188  81.247032  90.505783  98.222343  103.586403  105.525627  103.383438  98.193436  90.214996  81.129059  71.565628  61.287971  51.032028  42.398907 
 43.743023  54.238434  65.437187  76.647499  87.499535  98.103752  107.417343  113.649536  115.866882  113.563126  107.434532  98.094688  87.363594  76.712029  65.586563  54.754845  45.045467 
 45.577496  56.757500  68.373749  80.075470  91.774376  103.257034  113.466568  119.919846  122.069382  120.001404  113.481567  103.319687  91.630157  80.028908  68.397499  57.241409  47.029110 
 46.310574  57.657028  69.309685  81.501564  93.250778  105.070000  115.360626  121.907349  124.060776  121.982498  116.142807  105.561722  93.447189  81.731407  69.793434  57.996872  47.843124 
 45.567970  57.049843  68.633751  80.191406  91.843750  103.261093  113.303589  119.767181  122.041565  119.817505  114.097351  103.882660  91.742035  80.084534  68.509216  57.205627  47.146038 
 43.704845  54.689217  65.866875  76.936562  87.859375  98.287033  107.316406  113.629837  115.822495  113.589844  107.476097  98.252815  87.381096  76.813751  65.862503  54.948128  45.353539 
 41.056767  50.792191  61.375465  71.542816  81.279221  90.343437  98.049065  103.291718  105.185623  103.473434  98.332344  90.526253  81.181877  71.722809  61.466248  51.248123  42.784378 
 38.895992  46.224533  55.676720  65.159378  73.719688  81.344215  87.754684  92.017502  93.464378  91.984062  87.734840  81.384529  73.718437  65.164841  55.658440  46.575783  40.080574 
 37.382866  41.821407  48.934532  57.345940  65.086876  71.824219  77.141563  80.487968  81.548279  80.457031  77.023125  71.767815  65.010002  57.401093  48.973907  41.813908  38.353279 
 35.233700  38.650780  42.528908  48.985519  55.919792  61.569008  66.086563  69.056511  70.082245  69.169739  66.269371  61.804062  55.852081  48.872131  42.226196  38.304527  36.658695 
 } 


 White Balance Data with optical Center Data
 r_center_x =  615 r_center_y =  485 
 gr_center_x =  646 gr_center_y =  480 
 b_center_x =  668 b_center_y =  486 
 gb_center_x =  668 gb_center_y =  510 
 r/gr 0.618929 
 b/gr 0.665430 
 gb/gr 0.996577 
 r_oc_ave 115.706665 
 b_oc_ave 124.399994 
 gr_oc_ave 186.946671 
 gb_oc_ave 186.306671 

 [AWB]
 RGr =  0.618929 
 BGr =  0.665430 
 GbGr =  0.996577 
 r_oc_ave =  115.706665 
 b_oc_ave =  124.399994 
 gr_oc_ave =  186.946671 
 gb_oc_ave =  186.306671 