 LEFT LENS SHADING DATA
 RED Channel
 {
 26.442291  29.008121  32.573021  38.590836  44.784115  50.296455  54.447029  56.990051  57.874847  56.507973  53.689636  49.155991  43.713387  37.556976  32.044949  28.705780  27.216198 
 28.100628  32.033127  38.563438  46.373749  53.761406  60.130623  65.338905  68.659843  69.544220  68.016090  64.408592  59.024529  52.364845  45.074062  37.648907  31.566406  28.619949 
 29.406143  36.136562  44.707188  53.692657  62.180000  69.789528  76.138596  80.553596  81.778908  79.732658  75.181091  68.407814  60.526718  52.156563  43.475311  35.357033  29.653492 
 31.787762  40.544220  50.320313  60.317497  69.995003  79.086563  87.027031  92.466873  94.162498  91.635941  85.830467  77.307503  67.978592  58.394531  48.802185  39.445782  31.630989 
 34.124218  44.123592  54.647499  65.585312  76.646721  87.171249  96.560471  102.796722  104.632965  101.795937  95.129059  85.193748  74.251251  63.454376  52.884529  42.710938  33.859272 
 35.901146  46.455311  57.601715  69.200157  81.267654  93.107811  103.230621  109.612343  111.337654  108.504997  101.442184  90.711876  78.664688  66.998596  55.759689  45.109219  35.403179 
 36.573284  47.378906  58.750938  70.769066  83.159065  95.411247  105.779221  112.078903  113.788284  111.056717  104.550156  93.427811  80.964996  68.894531  57.218124  46.018906  36.100780 
 35.896404  46.712032  57.858597  69.415939  81.398750  93.220467  103.383438  109.725624  111.605782  108.744530  102.269066  91.234222  79.066872  67.333748  56.174377  45.428280  35.664742 
 34.499481  44.395313  54.972969  65.975937  77.060936  87.678284  97.024063  103.322815  105.107033  102.202347  95.514999  85.775154  74.947815  64.181252  53.625000  43.450157  34.308281 
 32.070732  40.810314  50.611404  60.629219  70.356873  79.505936  87.429375  92.902969  94.619843  92.395782  86.480782  78.158127  68.845154  59.245781  49.533905  40.111561  32.136982 
 29.927395  36.679062  45.339218  54.457184  62.977188  70.602341  77.106407  81.486717  82.914375  80.971718  76.249687  69.528595  61.805466  53.401405  44.487968  36.204063  30.235729 
 29.032551  32.928593  39.505314  47.447189  54.996872  61.552185  66.857971  70.179222  71.293594  69.871094  66.107811  60.644531  54.082809  46.723751  39.007030  32.661720  29.440258 
 27.873802  30.193802  33.964066  40.000935  46.599380  52.072601  56.515259  59.242340  60.003799  59.059631  56.108643  51.646400  45.952396  39.549999  33.679321  30.342762  28.696926 
 } 
 GR Channel
 {
 51.917290  56.411461  62.208755  71.437241  80.991669  89.384644  95.781563  99.646973  100.700623  98.585411  94.341141  87.542183  79.226822  69.963799  61.372086  56.036140  53.176979 
 55.006874  61.703125  71.911247  83.920784  95.158752  105.016090  112.882813  117.796570  119.085632  116.672501  111.371559  103.203438  93.134529  81.944847  70.447502  60.854065  55.631142 
 57.319115  68.257660  81.573280  95.421875  108.448128  120.128754  129.705933  136.039215  137.945786  135.039368  128.225937  118.074066  105.890472  93.147812  79.730316  66.942345  57.417137 
 61.093330  75.091248  90.312653  105.552811  120.483276  134.431717  146.336716  154.436401  157.167038  153.591400  144.924377  132.046722  117.641556  102.863434  88.064377  73.379372  60.706039 
 64.978386  80.777344  97.027496  113.796875  130.542343  146.891098  160.956100  170.112183  173.069839  169.015778  159.494843  144.309692  127.433289  110.796875  94.519531  78.622032  64.295578 
 67.839790  84.581879  101.757813  119.428909  137.568436  155.883118  171.101410  180.574066  183.087967  179.226089  169.037659  152.856094  134.255936  116.149368  98.988129  82.416878  66.847702 
 68.843437  85.965935  103.370781  121.617493  140.279221  159.176880  174.517029  183.992813  186.746246  183.006256  173.737656  157.107819  138.078903  119.498444  101.421722  84.007500  68.022919 
 67.909637  84.691093  101.786095  119.453278  137.761414  155.551559  171.011566  180.581406  183.317184  179.450623  170.374374  153.958130  135.018280  116.783752  99.572342  82.836250  67.419586 
 65.456718  81.227341  97.533592  114.296570  131.272659  147.425934  161.475159  170.841248  173.787338  169.827972  159.998749  145.262024  128.342026  111.682503  95.534218  79.629845  65.080467 
 61.577286  75.504372  90.566872  105.984528  120.930618  135.124695  147.247971  155.239532  157.995163  154.904221  146.134216  133.561874  118.886093  104.195465  89.190468  74.461563  61.591141 
 58.249840  69.212967  82.647812  96.494377  109.628754  121.322662  131.158127  137.904221  140.007034  137.292343  130.305161  120.071869  108.029846  95.152809  81.493439  68.371559  58.601143 
 56.370216  63.123123  73.632034  85.780312  97.437035  107.466721  115.386719  120.376099  121.968124  119.916245  114.268906  106.145309  96.028435  84.739220  72.789063  62.752190  57.257187 
 53.725624  58.481461  64.540993  74.052399  83.984329  92.609848  99.177765  103.024223  104.246872  102.784164  98.633286  91.922813  83.283859  73.374008  64.134483  58.745102  55.255096 
 } 
 GB Channel
 {
 52.466042  56.775627  62.561928  72.016304  81.865517  90.349167  96.804482  100.711143  101.947342  99.739632  95.341408  88.326714  79.666771  70.222870  61.482033  56.153496  53.439735 
 55.376869  62.049377  72.439217  84.647346  96.079689  105.987503  113.945313  119.021561  120.270462  117.783600  112.223282  103.881096  93.654686  82.218903  70.567657  60.803284  55.820580 
 57.377342  68.446716  82.046875  96.130310  109.237968  121.185944  130.737183  137.219376  139.072342  136.024994  129.060776  118.683121  106.486092  93.250626  79.763283  66.729691  57.252602 
 60.876663  75.235001  90.586563  106.225784  121.239380  135.265152  147.193588  155.669373  158.275620  154.490005  145.793274  132.615936  118.048599  102.976875  87.891090  72.948441  60.310936 
 64.507034  80.701408  97.208908  114.211090  131.082657  147.489380  161.629684  170.927338  173.917816  169.803589  159.911087  144.592346  127.577652  110.682816  94.151566  78.003441  63.668442 
 67.175201  84.241875  101.631874  119.406876  137.738129  155.909225  171.236404  180.645462  183.384216  179.415939  169.127350  152.779846  134.178757  115.801559  98.538597  81.693909  66.112450 
 68.255417  85.483749  103.129372  121.404999  140.048904  158.764069  174.117493  183.567184  186.444382  182.565155  173.269058  156.627975  137.505936  118.763901  100.606720  83.035469  67.085266 
 67.316299  84.138596  101.398903  119.188751  137.329529  155.011246  170.220154  179.823441  182.672348  178.755936  169.594681  153.200470  134.268906  115.988907  98.657501  81.777191  66.319267 
 64.726143  80.540314  96.964691  113.787659  130.588593  146.535309  160.592972  169.869995  172.781876  168.767807  158.922653  144.335007  127.342194  110.797653  94.596252  78.582184  64.050529 
 60.970734  74.941559  89.920937  105.408127  120.188751  134.157028  145.897507  154.050934  156.694214  153.519531  144.814850  132.141403  117.832504  103.103279  88.231247  73.502815  60.711563 
 57.658600  68.539215  81.982658  95.735779  108.603439  120.167496  129.743118  136.330154  138.401245  135.553284  128.648911  118.554840  106.800934  94.002342  80.418434  67.429222  57.699005 
 55.956352  62.660934  72.993752  85.076561  96.441406  106.241249  113.943756  118.763123  120.392349  118.005936  112.639374  104.587341  94.665627  83.604843  71.780937  61.894531  56.576408 
 53.289688  57.993851  63.862915  73.240723  83.210365  91.454170  97.727081  101.697716  102.728386  101.430107  97.197716  90.571297  82.099792  72.330055  63.231354  57.839325  54.590996 
 } 
 B Channel
 {
 34.870834  37.950836  42.194740  48.962761  56.000153  61.906975  66.355362  68.955727  69.741302  68.520523  65.451355  60.832657  54.657707  47.890423  41.562138  37.655781  36.130783 
 36.900002  41.807499  49.243279  58.010468  66.084534  72.955315  78.086403  81.379059  82.252342  80.694687  77.184685  71.600784  64.545624  56.434998  48.116096  41.157658  38.190781 
 38.452293  46.379375  56.132965  66.178436  75.379997  83.427185  89.740936  93.908592  95.204842  93.220001  88.818436  81.873749  73.546097  64.484840  54.833282  45.628593  39.743385 
 40.847500  51.076248  62.010628  73.051720  83.387184  92.974060  100.908905  106.237190  107.900002  105.547340  99.993752  91.415314  81.634377  71.307190  60.724060  50.256248  42.120831 
 43.624065  54.911560  66.559685  78.342812  89.971565  100.884529  110.302345  116.397339  118.259216  115.742813  109.401878  99.405785  88.002029  76.567184  65.092972  53.904999  44.551666 
 45.713383  57.603592  69.693283  81.813278  94.361252  106.391876  116.520309  122.626251  124.533905  121.912964  115.282806  104.512970  92.201408  79.917191  68.024216  56.388283  46.335152 
 46.389950  58.466408  70.715469  83.211403  95.926407  108.281563  118.588593  124.880463  126.646561  124.112183  117.923599  106.768593  94.238747  81.709373  69.458282  57.312035  46.961407 
 45.713486  57.567032  69.699997  81.864685  94.245316  106.209686  116.345779  122.550308  124.248901  121.564529  115.596725  104.859840  92.200783  80.056877  68.117340  56.486252  46.449581 
 43.848698  55.140160  66.743591  78.378281  89.927658  100.859222  110.006248  116.109528  117.838593  115.301086  108.815315  99.146721  87.902191  76.764534  65.399376  54.288910  44.849529 
 41.370575  51.379532  62.175629  73.026718  83.208595  92.506721  100.407501  105.568596  107.151718  105.114845  99.518753  91.337502  81.750313  71.703751  61.137657  50.727814  42.299896 
 39.230366  47.072655  56.880623  66.776093  75.921097  83.861092  90.298752  94.512032  95.713593  94.029060  89.580467  82.837029  74.856407  65.793747  55.953903  46.676250  40.443336 
 38.006924  43.036720  50.671722  59.574066  67.835312  74.755623  80.128281  83.393280  84.457657  83.065155  79.425316  73.840469  66.832809  58.865623  50.166252  42.908279  39.726822 
 36.122761  39.659843  44.165676  51.082397  58.418648  64.366882  68.909325  71.764740  72.599113  71.503288  68.618645  64.089012  57.912819  50.626038  43.892918  39.988907  38.300571 
 } 


 White Balance Data with optical Center Data
 r_center_x =  613 r_center_y =  488 
 gr_center_x =  634 gr_center_y =  484 
 b_center_x =  637 b_center_y =  501 
 gb_center_x =  637 gb_center_y =  484 
 r/gr 0.608285 
 b/gr 0.678793 
 gb/gr 0.996139 
 r_oc_ave 114.146667 
 b_oc_ave 127.377777 
 gr_oc_ave 187.653336 
 gb_oc_ave 186.928894 

 [AWB]
 RGr =  0.608285 
 BGr =  0.678793 
 GbGr =  0.996139 
 r_oc_ave =  114.146667 
 b_oc_ave =  127.377777 
 gr_oc_ave =  187.653336 
 gb_oc_ave =  186.928894 