 LEFT LENS SHADING DATA
 RED Channel
 {
 27.492500  30.125835  33.847134  39.896511  46.220207  51.743805  55.831818  58.535156  59.186401  57.854378  55.033699  50.433746  44.974113  38.769272  33.017242  29.810833  27.919998 
 29.108749  33.035000  39.613594  47.471718  54.806877  61.154846  66.309532  69.552032  70.428284  68.688126  65.087654  59.718750  53.092659  45.895939  38.330780  32.347500  28.899582 
 30.513695  37.313908  45.973751  54.970314  63.359062  70.862343  77.206093  81.402496  82.532501  80.331406  75.684372  68.951408  61.196564  52.976097  44.259689  36.129063  30.056564 
 32.942711  41.863125  51.674065  61.623749  71.265160  80.341248  88.113434  93.336563  94.788124  92.207184  86.229378  77.750938  68.530312  59.217499  49.556717  40.179218  32.067345 
 35.526718  45.602345  56.237968  67.035309  77.953278  88.347191  97.490158  103.443909  105.316559  102.217659  95.334373  85.443748  74.736717  64.195778  53.681717  43.553123  34.288960 
 37.419529  48.101410  59.238129  70.789528  82.666718  94.190628  104.068596  110.354065  112.141251  109.027496  101.676247  90.949997  79.116562  67.554375  56.516876  45.850937  35.891354 
 37.998699  49.048904  60.514999  72.392029  84.448753  96.339066  106.484222  112.791245  114.462814  111.554535  104.819061  93.569374  81.231094  69.418434  57.891403  46.774063  36.532810 
 37.499580  48.245003  59.598907  71.097343  82.792343  94.241562  104.226250  110.453590  112.111725  109.195938  102.415314  91.312347  79.304840  67.845940  56.799843  46.083126  36.135628 
 35.872498  45.986252  56.602501  67.439690  78.269684  88.784218  97.778122  103.676094  105.446404  102.445778  95.541718  85.804222  75.031715  64.560623  54.265160  44.080311  34.731144 
 33.568333  42.308750  52.026405  62.132347  71.695000  80.656403  88.009377  93.250938  94.746246  92.376717  86.302185  78.161560  68.922813  59.698128  50.135155  40.671562  32.452812 
 31.331924  38.062969  46.744843  55.853279  64.276718  71.561562  77.676247  81.884842  83.077812  81.052032  76.192810  69.552498  61.879997  53.611252  44.926720  36.741718  30.569008 
 30.028698  34.150158  40.717812  48.530785  55.820313  62.086250  67.215469  70.398590  71.337814  69.665627  66.003754  60.500626  54.038284  46.814999  39.187344  32.988125  29.520626 
 28.685783  31.243282  34.732811  40.594322  46.847393  52.242081  56.556511  59.024223  59.659477  58.463959  55.552086  51.194374  45.592239  39.239166  33.567970  30.301041  27.883125 
 } 
 GR Channel
 {
 51.650101  56.788857  62.727142  72.323853  82.010986  90.575310  96.907448  100.652397  102.135475  100.229118  96.159172  89.341347  81.039330  71.458748  62.514320  57.232811  53.501152 
 54.928856  61.754684  72.207344  84.398438  95.740784  105.609062  113.313904  117.890320  119.598587  117.312653  112.184998  104.214691  94.265778  83.063751  71.260780  61.506561  55.576141 
 57.463959  68.648125  82.131561  96.144997  109.104218  120.822968  130.070465  136.276413  138.276245  135.358749  128.881714  118.947342  107.153595  94.360313  80.670471  67.635468  57.513588 
 61.451569  75.684059  90.986092  106.290001  121.091095  135.200317  146.793442  154.691879  157.354843  153.890320  145.459061  132.862183  118.686249  104.116096  89.216095  74.134064  60.861565 
 65.524590  81.434998  97.779686  114.301712  131.010941  147.373276  161.260941  170.128433  173.108749  169.310776  159.606247  144.956100  128.272507  112.015778  95.645157  79.482185  64.529694 
 68.526665  85.290001  102.396561  119.884537  138.161880  156.061722  171.245941  180.381561  183.152649  179.526566  169.307190  153.404221  135.120789  117.191559  99.866562  83.205467  67.159424 
 69.516830  86.682030  104.184219  122.167816  140.660629  159.173904  174.959061  184.175934  186.580475  182.994064  173.977341  157.379211  138.599213  120.254379  102.201721  84.634377  68.373543 
 68.581406  85.538284  102.838753  120.425308  138.335007  156.169373  171.633286  181.122025  183.423904  179.646255  170.502029  154.070465  135.423431  117.652649  100.353592  83.501877  67.399376 
 65.923019  82.003441  98.435623  115.103287  131.873901  148.234375  162.266724  171.425476  173.995468  169.907501  160.121094  145.240936  128.556717  112.329681  96.167969  80.302345  65.155045 
 62.141609  76.347656  91.486877  106.980469  121.770157  135.756088  147.438751  155.331253  157.903122  154.550003  145.500000  133.242661  118.876877  104.559532  89.673752  74.911247  61.406250 
 58.475044  69.747345  83.569534  97.630470  110.633438  121.929062  131.347031  137.684845  139.774368  136.886871  129.651245  119.627029  107.648750  94.939377  81.457497  68.335625  58.303955 
 56.402191  63.580940  74.093597  86.335785  97.650002  107.348747  115.116257  119.838745  121.357193  118.941101  113.502350  105.239998  95.320160  84.112343  72.061096  62.168434  56.380936 
 53.608017  58.572182  64.380058  73.439735  83.328751  91.479584  97.904991  101.636253  102.716354  101.050468  96.745880  90.229164  81.765358  71.903389  62.797142  57.385109  53.573029 
 } 
 GB Channel
 {
 52.410728  57.301567  63.473541  73.178902  83.071609  91.756615  98.124474  101.829842  103.099220  101.164948  96.909279  89.808800  81.273491  71.618393  62.551506  57.194633  53.522133 
 55.445732  62.265312  72.825623  85.329529  96.806404  106.732658  114.339066  119.050476  120.614838  117.970154  112.690933  104.534843  94.397034  83.003593  71.085472  61.308594  55.553383 
 57.766144  68.947815  82.810783  97.059059  110.056717  121.897812  131.091248  137.273743  139.313431  136.168442  129.377975  119.132187  107.246872  94.220940  80.452660  67.292969  57.175262 
 61.388596  75.990471  91.618126  107.151878  122.151093  136.345779  147.782028  155.551880  158.088287  154.480164  145.739380  132.880005  118.568756  103.908440  88.843903  73.592033  60.294739 
 65.331985  81.610313  98.242500  115.092972  132.039993  148.389069  161.955307  170.890930  173.937195  169.766556  159.777039  144.853592  128.142502  111.720627  95.086250  78.776253  63.690002 
 68.112915  85.224998  102.517502  120.241257  138.769226  156.555786  171.413757  180.586868  183.335159  179.477661  168.989059  152.969055  134.656723  116.584534  99.130783  82.253441  66.030937 
 68.913696  86.467659  104.223434  122.467499  140.877502  159.349060  174.709381  183.745316  186.171249  182.548752  173.286713  156.676254  137.714996  119.258118  101.222031  83.538437  67.023849 
 68.043068  85.330780  102.768280  120.355942  138.230316  155.890930  171.175934  180.470779  182.730942  178.881714  169.535156  153.085159  134.399841  116.493118  99.171562  82.257187  66.098434 
 65.358536  81.698128  98.256721  114.946091  131.541245  147.663132  161.534378  170.532028  173.036713  168.774536  158.909683  143.987976  127.465317  111.175316  95.025467  79.021721  63.912346 
 61.627083  75.989998  91.172188  106.751564  121.424850  135.034225  146.513596  154.142349  156.616882  153.280777  144.171722  131.876251  117.650314  103.355156  88.532814  73.662971  60.334015 
 58.222710  69.315628  83.198753  97.124222  110.006248  121.035461  130.280151  136.524689  138.423752  135.376099  128.169998  118.154068  106.372658  93.739220  80.318748  67.235153  57.362869 
 56.164215  63.216095  73.703438  85.866875  96.994377  106.522659  114.083908  118.691711  120.048431  117.624374  112.161087  103.904060  94.029686  83.008125  71.069687  61.191872  55.656464 
 53.802132  58.273384  63.914276  73.044373  82.800621  90.837029  97.317863  101.086937  101.822197  100.212296  95.641716  89.124481  80.663849  70.850624  61.819687  56.617714  52.915207 
 } 
 B Channel
 {
 34.746979  38.388229  43.113747  50.190788  57.319893  63.550835  68.029274  71.033493  71.951088  70.556305  67.968430  63.122765  57.085724  50.042130  43.369892  39.315002  37.194584 
 36.361561  41.299061  48.823753  57.598907  65.695313  72.421249  77.855934  81.180779  82.196716  80.676094  77.235939  71.799217  64.891563  57.014847  48.636566  41.576248  38.047916 
 38.161148  46.019062  55.722504  65.625000  74.691872  82.666565  89.145157  93.353127  94.409065  92.596252  88.259377  81.587341  73.722656  64.800316  55.234688  45.909374  39.516876 
 40.930729  50.999062  61.946091  72.666718  82.818436  92.239059  100.133278  105.314217  106.827812  104.547813  99.092346  90.708595  81.298904  71.521408  61.068123  50.422188  41.820518 
 43.664112  54.943909  66.505310  77.976410  89.340157  100.058907  109.203751  115.266556  117.076874  114.394379  108.147812  98.512344  87.624374  76.609528  65.337654  54.062653  44.187450 
 45.527920  57.430000  69.417343  81.387810  93.684372  105.445778  115.142502  121.375473  123.185776  120.668121  114.059692  103.565781  91.707344  79.796249  68.098747  56.303436  45.786358 
 46.249271  58.217186  70.349686  82.667191  94.980003  107.065781  117.027191  123.166565  125.064377  122.727188  116.617966  105.665466  93.418594  81.560936  69.424065  57.164375  46.464790 
 45.571407  57.445778  69.550934  81.431717  93.273903  104.857811  114.642807  120.865463  122.756714  120.412338  114.301880  103.642815  91.595314  79.580002  67.928749  56.245155  45.805367 
 43.814114  55.081406  66.609840  78.039841  89.098747  99.552345  108.639061  114.443130  116.321716  113.789215  107.341560  97.862968  86.943596  76.150002  65.136406  54.057030  44.170994 
 41.170628  51.260628  61.938438  72.561409  82.393440  91.476875  98.941559  103.872971  105.214844  103.163124  97.607346  89.654686  80.465309  70.821877  60.676247  50.268440  41.659687 
 38.836040  46.769375  56.486717  66.087814  74.971252  82.377502  88.418121  92.325935  93.260941  91.515625  87.058594  80.540779  72.883904  64.328125  54.980621  45.845936  39.527191 
 37.450310  42.411564  49.943596  58.522186  66.151718  72.539063  77.494377  80.410309  81.154221  79.651405  76.301407  70.900780  64.370628  56.760628  48.509689  41.521252  38.160835 
 35.567814  39.073231  43.131298  49.704277  56.344429  61.904060  66.105621  68.373650  69.099014  68.039108  65.229530  60.958488  55.126877  48.317291  42.085102  38.308331  36.025417 
 } 


 White Balance Data with optical Center Data
 r_center_x =  627 r_center_y =  470 
 gr_center_x =  638 gr_center_y =  487 
 b_center_x =  634 b_center_y =  507 
 gb_center_x =  619 gb_center_y =  493 
 r/gr 0.613223 
 b/gr 0.669461 
 gb/gr 0.998718 
 r_oc_ave 114.759995 
 b_oc_ave 125.284439 
 gr_oc_ave 187.142227 
 gb_oc_ave 186.902222 

 [AWB]
 RGr =  0.613223 
 BGr =  0.669461 
 GbGr =  0.998718 
 r_oc_ave =  114.759995 
 b_oc_ave =  125.284439 
 gr_oc_ave =  187.142227 
 gb_oc_ave =  186.902222 