 LEFT LENS SHADING DATA
 RED Channel
 {
 28.074326  30.470158  34.330158  40.569637  47.119534  52.558960  56.708649  59.083443  59.853912  58.442497  55.508179  50.945618  45.492393  39.265781  33.455780  30.103802  28.214222 
 30.105156  34.047031  40.873280  48.921097  56.401405  62.823128  67.666565  71.012184  71.697029  69.987503  66.255470  60.714378  54.220314  47.120155  39.383907  33.097343  29.768383 
 31.661251  38.586250  47.412968  56.553596  65.040154  72.680313  78.790939  82.826874  83.928123  81.634529  76.965782  70.135941  62.368439  54.300781  45.517654  37.207970  31.097343 
 34.299271  43.333439  53.327972  63.299690  72.962814  81.939690  89.456718  94.663124  96.165779  93.454842  87.463753  78.969063  69.796097  60.525780  50.972031  41.460938  33.448437 
 36.960781  47.216408  57.982811  68.804840  79.736717  89.938904  98.964378  105.097031  106.670158  103.545937  96.566093  86.735313  76.053436  65.732346  55.287033  45.094532  35.882240 
 38.841511  49.892967  61.159378  72.589531  84.398903  95.908905  105.764534  112.071869  113.500153  110.494843  103.088127  92.312347  80.690941  69.250000  58.238281  47.541561  37.566978 
 39.481300  50.894844  62.480003  74.320160  86.413124  98.420784  108.426559  114.626556  116.222809  113.200150  106.438438  95.129372  83.092186  71.274216  59.631561  48.531403  38.391617 
 39.251091  50.099220  61.632660  73.028435  84.840935  96.299217  106.200935  112.403595  113.999527  110.959534  104.078438  93.129372  81.071091  69.739059  58.669533  47.814064  37.936146 
 37.564789  47.783127  58.650627  69.672340  80.402657  90.755936  99.821091  105.854691  107.411407  104.344376  97.396721  87.673279  76.958908  66.484062  56.170158  45.861095  36.341301 
 34.973492  44.114532  54.155159  64.342812  73.770309  82.692970  90.267815  95.423439  96.853439  94.383751  88.366875  80.180153  71.035156  61.719215  51.982971  42.381874  34.026455 
 32.771824  39.810780  48.657654  57.827187  66.489220  73.771248  80.055153  84.143906  85.250778  83.148590  78.280785  71.634064  63.983124  55.587029  46.702499  38.240158  31.987446 
 31.449951  35.546406  42.305939  50.328438  57.958748  64.427185  69.455467  72.654533  73.496094  71.910469  68.187035  62.589531  55.912498  48.515312  40.649063  34.263283  30.830574 
 29.833698  32.272449  36.073437  42.138020  48.690002  54.205528  58.524010  61.129745  61.867973  60.734840  57.641403  53.104736  47.274578  40.840733  34.816982  31.323071  29.308071 
 } 
 GR Channel
 {
 52.024483  56.478233  62.538956  72.335159  81.939789  90.249634  96.599174  100.252869  101.434898  99.549110  95.252342  88.541512  80.269897  71.061043  62.069321  56.878128  53.570206 
 55.733643  62.379059  73.026878  85.163284  96.546875  106.314842  113.836243  118.787659  119.916565  117.530151  112.390472  104.461716  94.600311  83.535622  71.784531  61.971878  56.411453 
 58.746140  69.659065  83.148285  96.987503  109.957657  121.620941  130.843445  136.976410  138.777496  135.920944  129.265472  119.391876  107.568748  94.999687  81.550316  68.574684  58.681351 
 62.684380  76.863129  91.975784  107.202499  121.955780  135.796249  147.354538  155.232025  157.632034  154.089218  145.759369  133.511246  119.326248  104.944374  90.073128  75.208282  62.476830 
 66.699738  82.614532  98.915466  115.336868  132.009842  147.875153  161.685150  170.766098  173.494843  169.535934  160.040466  145.595932  129.084839  112.921249  96.712654  80.903282  66.347656 
 69.742188  86.669685  103.466248  120.740936  138.789841  156.387344  171.469223  180.944534  183.381409  179.698120  169.626251  153.860153  135.938126  118.299850  101.370941  84.783440  69.004684 
 70.698280  87.903908  105.295311  123.056717  141.447968  159.979843  175.331100  184.669220  187.197968  183.346558  174.324524  157.871399  139.538589  121.565155  103.581406  86.117966  70.287346 
 70.187805  86.704063  103.981720  121.261566  139.112976  156.859528  172.054688  181.475006  183.977661  180.217499  171.016403  154.944534  136.521255  118.956406  101.833908  85.007813  69.224480 
 67.363281  83.211403  99.631721  116.372650  132.751251  148.912964  162.835464  171.862976  174.502350  170.820160  161.097183  146.583282  130.230469  114.063431  97.824219  81.803436  66.718018 
 63.421249  77.709999  92.912811  108.368439  122.880630  136.816559  148.570160  156.391403  158.882339  155.822815  147.406876  135.151093  121.028900  106.603127  91.486565  76.472504  63.210838 
 59.983231  71.091560  84.755623  98.715935  111.963753  123.249374  132.905624  139.174683  141.039215  138.284378  131.538589  121.643127  109.953751  97.055153  83.216721  69.973122  59.848953 
 57.448692  64.576408  74.975311  87.237503  98.910309  108.853127  116.515778  121.422653  122.804382  120.633591  115.260162  107.255783  97.062500  85.734375  73.626564  63.607971  57.802345 
 54.197037  59.304108  65.167397  74.505836  84.521149  92.864380  99.588905  103.567032  104.548546  103.053810  98.769951  92.018906  83.060417  73.190620  63.928650  58.551094  54.984009 
 } 
 GB Channel
 {
 52.443542  56.656036  62.841042  72.695267  82.484528  90.764267  97.070412  100.762505  101.908913  99.850731  95.441933  88.791870  80.261719  70.819733  61.773071  56.649063  53.313225 
 56.003960  62.589378  73.353127  85.614220  97.073906  106.885941  114.276245  119.250000  120.345779  117.799057  112.587967  104.333122  94.466095  83.275780  71.453278  61.620316  56.224899 
 58.757866  69.866409  83.427345  97.571716  110.510315  122.079056  131.268600  137.301407  138.938431  135.949844  129.340775  119.240005  107.325470  94.682816  81.046249  67.964218  58.149849 
 62.484528  76.908905  92.382813  107.726097  122.616562  136.347961  147.761566  155.487503  157.916412  154.182190  145.694687  133.292816  118.996399  104.394997  89.466560  74.509377  61.736458 
 66.495262  82.591721  99.253754  115.809845  132.486252  148.136719  161.858597  170.861877  173.629684  169.494843  159.770309  145.154373  128.567184  112.359222  95.934372  79.906250  65.444580 
 69.155777  86.490158  103.622185  120.988586  138.862183  156.385468  171.302811  180.733597  183.119217  179.228912  169.044220  153.178589  135.086243  117.469681  100.338905  83.652969  67.767754 
 70.079483  87.524063  105.233437  123.003906  141.392349  159.616882  174.550476  183.869537  186.423904  182.592026  173.225006  156.822342  138.503128  120.449219  102.372032  84.938751  68.830414 
 69.481613  86.238907  103.673439  121.048279  138.969376  156.311401  171.098282  180.446243  182.929840  179.133286  169.813599  153.718903  135.295151  117.746872  100.515938  83.732033  67.799324 
 66.850311  82.726563  99.164528  115.855942  132.250626  148.026245  161.680161  170.666565  173.355774  169.492035  159.717346  145.233749  128.853119  112.773590  96.587814  80.529373  65.476875 
 62.891457  77.108124  92.407654  107.836876  122.277817  135.841568  147.334686  155.033752  157.524536  154.324997  145.772964  133.647964  119.558289  105.157188  90.163910  75.187035  61.916405 
 59.558182  70.621719  84.251877  98.072502  111.205315  122.308899  131.646561  137.850632  139.581879  136.837814  129.958435  120.217194  108.536095  95.672653  81.928284  68.807343  58.844215 
 57.299736  64.127029  74.576096  86.687965  98.269684  107.971878  115.424530  120.211090  121.622192  119.359375  113.905624  105.811409  95.757813  84.549843  72.506561  62.552971  57.148590 
 54.211830  58.813072  64.555885  73.954842  83.902191  92.263962  98.630577  102.770470  103.710106  102.210205  97.585625  90.711617  81.878639  72.108803  62.956978  57.727341  54.454010 
 } 
 B Channel
 {
 34.277290  37.304794  41.642498  48.603020  55.427605  61.192818  65.437286  67.781090  68.478333  67.028961  64.335320  59.820473  54.174843  47.599377  41.183540  37.391563  35.644894 
 36.844376  41.605625  49.019997  57.475937  65.303436  71.901566  76.866875  79.902969  80.583748  78.924377  75.535309  70.107346  63.577972  56.109375  47.850624  41.090313  37.758232 
 38.977135  46.766094  56.095001  65.521561  74.269684  81.949371  88.043282  91.906715  92.908752  90.788597  86.509842  79.908592  72.282814  63.906715  54.631874  45.764999  39.536667 
 41.926197  51.715157  62.325470  72.438278  82.047653  91.028908  98.581093  103.555466  104.974998  102.705627  97.121872  89.051407  79.875626  70.425781  60.489685  50.540466  42.277760 
 44.804218  55.632347  66.932655  77.800468  88.493752  98.703751  107.582344  113.545944  115.123444  112.548126  106.195000  96.663124  86.045784  75.491562  64.794685  54.310158  44.988277 
 46.824421  58.234222  69.701874  81.137032  92.615623  103.874062  113.547806  119.683594  121.233276  118.734222  112.150787  101.805779  90.241875  78.752815  67.602341  56.763908  46.721195 
 47.406406  59.095779  70.775002  82.457031  94.292503  105.966248  115.666245  121.786560  123.466568  121.008743  114.977661  104.227188  92.415001  80.812187  69.040154  57.702660  47.681614 
 46.971195  58.203903  69.834999  81.244843  92.704216  103.922966  113.478745  119.580002  121.285156  118.910461  112.938904  102.676720  90.630157  79.162498  67.861404  56.998749  46.942921 
 45.188282  55.823906  66.883125  77.993591  88.678749  98.730934  107.416718  113.199371  114.999527  112.656723  106.386406  97.109528  86.480156  75.948441  65.245155  54.806717  45.308178 
 42.263699  51.987656  62.386719  72.735313  82.221252  90.832184  98.140472  103.033440  104.674377  102.915939  97.526878  89.755470  80.565628  71.150627  60.987503  51.157188  42.711353 
 39.763336  47.432499  56.868591  66.290314  75.002655  82.267502  88.157028  92.000153  93.187187  91.688126  87.375778  81.104378  73.339844  64.742188  55.320778  46.622971  40.296093 
 37.830471  42.698593  50.007965  58.427658  66.327972  72.828903  77.635628  80.627968  81.492340  80.309845  76.892029  71.673752  64.936096  57.214996  48.784531  42.037968  38.854431 
 35.857136  39.212139  43.410263  50.184120  57.059425  62.864120  67.013123  69.498596  70.203392  69.563805  66.645569  62.198746  56.105469  49.099586  42.553493  38.848595  37.016510 
 } 


 White Balance Data with optical Center Data
 r_center_x =  631 r_center_y =  497 
 gr_center_x =  618 gr_center_y =  491 
 b_center_x =  632 b_center_y =  493 
 gb_center_x =  617 gb_center_y =  491 
 r/gr 0.620297 
 b/gr 0.659718 
 gb/gr 0.994682 
 r_oc_ave 116.648895 
 b_oc_ave 124.062225 
 gr_oc_ave 188.053329 
 gb_oc_ave 187.053329 

 [AWB]
 RGr =  0.620297 
 BGr =  0.659718 
 GbGr =  0.994682 
 r_oc_ave =  116.648895 
 b_oc_ave =  124.062225 
 gr_oc_ave =  188.053329 
 gb_oc_ave =  187.053329 