 LEFT LENS SHADING DATA
 RED Channel
 {
 28.623280  30.855778  34.448803  40.607292  46.924065  52.481819  56.670837  58.929115  59.633018  58.280884  55.445152  50.843437  45.087658  38.838020  32.925987  29.586819  27.812656 
 30.514114  34.177658  40.814842  48.743126  56.265312  62.700783  67.771248  70.976410  71.783440  70.116096  66.440781  60.885941  54.070778  46.593437  38.827030  32.482033  29.119740 
 31.761509  38.476719  47.229530  56.528908  65.024376  72.737343  78.987968  83.110626  84.282814  82.161095  77.345779  70.366409  62.351563  53.807190  44.877342  36.497814  30.269478 
 34.045731  42.976563  52.930779  63.210472  73.030159  82.142654  89.967972  95.290779  96.664063  93.979378  87.909843  79.320625  69.818748  60.150467  50.309219  40.630783  32.474323 
 36.382866  46.757656  57.579689  68.692497  79.827347  90.350624  99.530624  105.407654  107.156715  104.072189  96.999535  86.978592  75.925316  65.168747  54.402657  43.938438  34.715107 
 38.295937  49.157188  60.534531  72.357658  84.360313  96.192345  106.096878  112.187195  113.661880  110.652496  103.326561  92.373436  80.301094  68.502029  57.122032  46.162498  36.249168 
 38.987499  50.023750  61.836876  74.021408  86.211090  98.460938  108.581253  114.483444  116.082184  113.225784  106.292343  95.089996  82.493591  70.323593  58.424065  46.999062  36.953648 
 38.615314  49.277809  60.732185  72.535004  84.415627  96.071251  106.112503  112.213287  113.789688  110.780937  104.055313  92.782967  80.526718  68.740936  57.332497  46.265312  36.367393 
 36.869377  46.958126  57.663284  68.842812  79.886871  90.260780  99.501717  105.454376  107.000000  103.895622  96.962654  86.961090  76.147812  65.383278  54.676872  44.187031  34.864323 
 34.407555  43.236095  53.052032  63.289688  72.997185  81.998596  89.565155  94.777969  96.001564  93.616249  87.525467  79.203751  69.768906  60.236404  50.371719  40.755314  32.657394 
 32.268284  38.932655  47.479687  56.551720  65.123596  72.685471  78.924843  83.053749  84.092812  82.072342  77.054062  70.291878  62.496872  53.999374  45.105156  36.825939  30.683022 
 31.138596  34.881718  41.214218  48.958748  56.444687  62.924377  68.164841  71.136566  72.105156  70.483284  66.571716  60.957809  54.316559  46.891720  39.190781  33.057968  29.747345 
 29.246925  31.709843  35.010258  40.786671  47.068851  52.361046  56.852135  59.422813  60.034943  58.991402  55.696098  51.143654  45.443233  39.049843  33.429321  30.214428  28.201511 
 } 
 GR Channel
 {
 52.480682  57.233589  63.251358  72.563911  81.996246  90.315994  96.430161  100.089684  101.576714  99.944946  95.959328  89.498436  81.032608  71.597816  62.578384  57.153542  54.061462 
 56.483589  63.072968  73.375938  85.442032  96.562500  106.248283  113.748276  118.564682  120.141098  118.185150  113.192032  105.337189  95.383438  84.216560  72.283592  62.228127  56.765205 
 59.277245  69.929535  83.224373  97.188126  109.982811  121.390930  130.831406  137.064529  139.331406  136.723434  130.162506  120.211563  108.412498  95.532501  81.826721  68.753128  58.763542 
 62.884682  77.020935  91.965157  107.165466  121.919846  135.716248  147.692657  155.727188  158.334213  155.109680  146.929535  134.541870  120.145935  105.609222  90.411247  75.375626  62.345627 
 66.685463  82.553596  98.602501  115.213593  131.972656  148.009995  162.135162  171.223434  174.109680  170.410309  161.203903  146.561401  129.971405  113.531097  97.026405  80.794220  66.086090 
 69.389900  86.179062  103.262970  120.700470  138.767502  156.722656  171.924683  181.222809  183.866089  180.416565  170.739532  154.898911  136.872818  118.863281  101.354218  84.382813  68.540314 
 70.524948  87.461403  104.974846  122.955475  141.165787  159.996567  175.357498  184.360474  187.295319  183.848282  175.207336  159.222656  140.585938  122.053909  103.608437  85.868279  69.552238 
 69.789375  86.279373  103.383751  120.901413  138.711716  156.511414  172.000626  181.400787  184.189377  180.594223  171.952347  156.063751  137.464844  119.445786  101.784691  84.648438  68.837608 
 67.042862  82.676407  98.790314  115.628906  132.269531  148.419220  162.782028  171.967972  174.776413  171.060944  161.399689  147.145935  130.662338  114.154068  97.730934  81.460938  66.404266 
 63.291771  77.162186  92.001251  107.429062  122.242493  136.153442  148.190628  156.198746  158.572815  155.677505  147.414841  135.224060  120.971100  106.468437  91.084534  75.974220  62.866928 
 59.801254  70.483749  83.743439  97.601875  110.680000  122.326401  131.924057  138.460632  140.608444  137.974686  131.322037  121.244690  109.567497  96.631721  82.809998  69.608597  59.715889 
 57.463280  64.070160  74.140625  86.180313  97.417969  107.310783  115.424530  120.179840  122.042191  119.996567  114.744843  106.556717  96.544533  85.278595  73.317810  63.504997  58.014160 
 53.711609  58.754944  64.225212  73.122810  82.580261  90.882233  97.596825  101.697548  102.943436  101.471977  97.203804  90.559013  82.044739  72.402550  63.749481  58.822502  55.605835 
 } 
 GB Channel
 {
 52.575523  57.057602  62.997086  72.461975  82.044060  90.259842  96.239479  99.935211  101.055206  99.205620  95.292503  88.710785  80.067871  70.652451  61.485786  55.969681  52.906349 
 56.367607  62.813438  73.165001  85.256561  96.416565  106.031715  113.445313  118.206879  119.601868  117.223129  112.160004  104.277657  94.212654  82.952660  71.020157  61.015938  55.654274 
 58.818901  69.530785  82.936409  96.914375  109.677345  120.989380  130.416092  136.491257  138.374069  135.547974  128.907349  118.933441  107.072189  94.080940  80.377968  67.249847  57.388390 
 62.467758  76.444221  91.635315  107.006874  121.750473  135.405319  147.142349  155.086090  157.477036  153.874695  145.537811  133.042969  118.683289  103.974220  88.745781  73.680626  60.738541 
 66.084015  82.041718  98.472343  114.968597  131.634216  147.568283  161.464539  170.527496  173.231247  169.351868  159.791565  145.050629  128.329056  111.816254  95.166718  78.944221  64.127762 
 68.752235  85.645782  102.832657  120.386414  138.269058  156.184692  171.160629  180.299530  182.936722  179.123123  169.113434  153.227661  135.101563  117.020935  99.355934  82.494690  66.545525 
 69.804787  86.851875  104.496246  122.519379  140.793900  159.417664  174.419998  183.456879  186.270309  182.473907  173.574371  157.520309  138.637650  120.035934  101.523125  83.828903  67.562035 
 69.287292  85.604378  102.806252  120.441559  138.279373  155.966873  171.156403  180.412659  183.186874  179.347504  170.375000  154.346100  135.725937  117.505630  99.767029  82.662033  66.790573 
 66.538536  82.346878  98.352341  115.246567  131.916718  147.865311  162.045944  171.249069  173.789993  169.892807  160.085938  145.663132  129.202652  112.575470  95.965622  79.654846  64.571716 
 62.766502  76.749222  91.682968  107.137810  122.055939  135.770309  147.647964  155.560944  157.873596  154.742966  146.202194  133.842026  119.583435  104.850784  89.514374  74.451721  61.250267 
 59.529999  70.230003  83.587814  97.464218  110.436562  121.944687  131.430618  137.864212  139.910629  137.158600  130.308441  120.156876  108.285156  95.308746  81.562187  68.284218  58.458595 
 57.598022  63.905937  74.072342  86.040001  97.343903  107.108124  115.122192  119.802811  121.593124  119.436096  114.013748  105.637184  95.476097  84.196091  72.228439  62.455315  57.149063 
 54.304688  58.827194  64.132973  73.062088  82.734123  90.957298  97.711769  101.847816  102.936455  101.436302  96.738754  90.073860  81.435051  71.687973  62.790520  57.951981  54.909897 
 } 
 B Channel
 {
 34.189270  37.257187  41.594532  48.270363  55.135994  60.787971  65.051247  67.615730  68.705414  67.514740  64.871399  60.118744  54.073021  47.255211  40.716614  36.800415  34.997913 
 36.939686  41.477188  48.755157  57.252655  65.103279  71.773590  76.721252  79.896561  81.028748  79.832031  76.499535  71.035004  63.902191  55.963127  47.520157  40.623749  37.245834 
 38.943954  46.441875  55.872658  65.602501  74.330627  81.925003  88.080154  92.062035  93.633278  92.117813  87.845627  81.051094  72.783279  63.886719  54.305000  45.296719  38.884842 
 41.630833  51.231247  62.033905  72.524689  82.362968  91.330627  99.039688  104.186249  106.047340  104.092186  98.778748  90.488907  80.805939  70.748283  60.263748  49.928909  41.481197 
 44.448177  55.224220  66.647499  77.978439  88.925156  99.273125  108.320000  114.074524  116.030777  113.854691  107.862503  98.320625  87.194534  76.110626  64.655472  53.605621  44.046459 
 46.327137  57.618591  69.586250  81.395309  93.301247  104.656563  114.430161  120.112976  122.085464  119.880157  113.825623  103.542030  91.612503  79.497185  67.487816  56.072655  45.757450 
 46.794216  58.422340  70.459686  82.824684  94.775940  106.698280  116.320786  122.080933  124.058121  121.812805  116.271881  105.908905  93.757187  81.517654  68.953590  56.871872  46.648544 
 46.289635  57.596092  69.362816  81.304222  93.147346  104.537498  114.188599  120.002975  121.757034  119.461243  114.054062  104.046249  91.894997  79.911720  67.807655  56.080627  46.010620 
 44.409271  55.208435  66.331879  77.786407  88.986404  99.235626  108.053596  113.771561  115.344223  112.974533  107.078590  97.982498  87.527657  76.584061  65.249374  54.005157  44.479534 
 41.571819  51.245781  61.597809  72.191254  82.225311  91.212189  98.569687  103.431252  104.754997  102.913124  97.755936  90.260155  80.932968  71.346878  60.751251  50.328438  42.006355 
 39.170052  46.461094  55.819687  65.337814  74.316719  81.989059  88.012810  91.956253  93.027031  91.359840  87.347809  80.941872  73.383125  64.715782  55.115784  45.891407  39.776199 
 37.557606  41.983437  49.102654  57.449066  65.322029  72.089531  77.315315  80.135628  81.116875  79.820465  76.446091  71.079063  64.529373  56.842186  48.404373  41.666248  38.571671 
 35.188854  38.556355  42.343285  48.720306  55.467659  61.288071  65.804062  68.338539  68.889374  67.912346  64.975471  60.439056  54.727707  48.188438  41.840626  38.365417  36.719582 
 } 


 White Balance Data with optical Center Data
 r_center_x =  641 r_center_y =  499 
 gr_center_x =  640 gr_center_y =  488 
 b_center_x =  649 b_center_y =  480 
 gb_center_x =  637 gb_center_y =  461 
 r/gr 0.619472 
 b/gr 0.662063 
 gb/gr 0.994395 
 r_oc_ave 116.422226 
 b_oc_ave 124.426666 
 gr_oc_ave 187.937775 
 gb_oc_ave 186.884445 

 [AWB]
 RGr =  0.619472 
 BGr =  0.662063 
 GbGr =  0.994395 
 r_oc_ave =  116.422226 
 b_oc_ave =  124.426666 
 gr_oc_ave =  187.937775 
 gb_oc_ave =  186.884445 