 LEFT LENS SHADING DATA
 RED Channel
 {
 28.108643  30.504894  34.341927  40.605000  46.886044  51.956039  56.129944  58.344841  58.986771  57.617813  54.637863  49.969627  44.327450  38.102657  32.588959  29.414742  27.557236 
 29.313229  33.416561  40.194218  47.965000  55.224373  61.470627  66.378906  69.460472  70.073441  68.335312  64.460159  58.764847  52.110153  44.993282  37.566875  31.618282  28.545990 
 30.997917  37.737499  46.355312  55.257660  63.749847  71.103752  77.268280  81.297653  82.210312  79.838127  74.855003  67.945313  60.086403  51.850159  43.309689  35.283905  29.547031 
 33.546982  42.332813  52.176720  62.002815  71.757965  80.614685  88.246719  93.298439  94.598434  91.440315  85.298592  76.759842  67.367188  57.966248  48.436874  39.219532  31.380157 
 36.092762  46.240467  56.858749  67.690002  78.557655  88.915001  97.959846  103.615471  105.042191  101.605316  94.472031  84.468597  73.570313  62.921410  52.558746  42.514217  33.457344 
 37.917500  48.802498  59.930779  71.390778  83.207184  94.781876  104.578278  110.503754  111.888123  108.498283  100.886093  89.818283  77.811096  66.362030  55.376404  44.788124  35.029793 
 38.638126  49.660622  61.101250  72.977966  85.057968  96.878281  106.875465  112.836090  114.339996  111.072815  104.021721  92.547813  80.138123  68.257187  56.723282  45.634533  35.613075 
 37.981773  48.840935  59.933441  71.534843  83.340782  94.877502  104.549690  110.626091  112.001404  108.674377  101.769684  90.350784  78.153908  66.671875  55.599998  44.889687  35.286770 
 36.380730  46.514061  57.128906  68.029846  78.844063  88.986565  97.957344  103.670471  105.187187  101.662033  94.733597  84.846405  74.014687  63.532967  53.117966  43.040470  33.827759 
 33.790314  42.817814  52.678596  62.630310  72.043747  80.763123  88.186249  93.100471  94.315468  91.529221  85.450157  77.249222  67.932030  58.640938  49.130936  39.774376  31.723125 
 31.660519  38.510937  47.292656  56.157501  64.445625  71.606560  77.618126  81.423126  82.466095  80.190941  75.403122  68.723122  61.078903  52.757500  43.951561  35.822033  29.900158 
 30.461666  34.566250  41.048595  48.750313  55.975471  62.200783  66.990936  70.016090  70.819061  69.149216  65.224220  59.804535  53.147812  45.917030  38.346405  32.286407  28.979950 
 28.702084  31.188751  34.730053  40.560726  46.856098  52.089737  56.159691  58.514221  59.339478  57.969009  54.852341  50.489738  44.675732  38.522655  32.832867  29.756195  27.602032 
 } 
 GR Channel
 {
 52.186981  56.828232  63.354370  72.626091  82.280945  90.294006  96.596405  100.422340  101.549431  99.463753  95.323021  88.481560  79.865150  70.490471  61.590210  56.467453  53.692444 
 54.966980  61.996559  72.643127  84.529221  95.605934  105.197968  112.637024  117.487976  118.894226  116.395004  111.065941  102.759064  92.608284  81.589844  69.914375  60.325157  55.219116 
 57.796875  68.850624  82.251251  95.738594  108.663437  119.848907  129.363907  135.600632  137.441254  134.289536  127.410309  117.135315  105.150627  92.520935  78.993126  66.190002  56.646248 
 61.987808  75.870316  91.051094  105.760315  120.500305  134.059998  146.005630  153.865463  156.314377  152.399994  143.682816  131.115936  116.811249  102.131096  87.313904  72.530312  59.794067 
 65.861618  81.835159  97.951096  114.103912  130.580933  146.357025  160.454681  169.576874  172.247025  167.897186  158.134537  143.390152  126.629532  110.053284  93.918907  77.845467  63.332764 
 68.946922  85.832970  102.725471  119.943283  137.589218  155.198593  170.603745  180.072495  182.566254  178.315475  168.040161  151.790619  133.336411  115.452820  98.435310  81.662971  65.527756 
 69.918648  87.095314  104.439217  122.150467  140.305786  158.555313  174.012024  183.711868  186.318588  182.214691  172.732025  155.887192  137.096558  118.697968  100.628906  82.908592  66.560471 
 69.026199  85.991409  102.828751  120.103745  137.957031  155.667343  170.869370  180.344681  183.024994  178.950623  169.560471  152.820618  134.105316  116.070786  98.719841  81.719841  65.800049 
 66.304115  82.298904  98.540154  115.177658  131.617340  147.414536  161.521713  170.573746  173.328903  168.738434  159.043594  144.337036  127.467499  111.068748  94.729691  78.585159  63.685356 
 62.321190  76.647659  91.793282  106.936409  121.611252  135.152496  146.878754  154.619370  156.876404  153.204681  144.468124  132.171722  118.055618  103.430153  88.275940  73.361092  60.145058 
 58.728851  70.088440  83.741875  97.407654  110.159065  121.494217  130.930161  136.913589  138.611252  135.713745  128.660782  118.649216  106.909531  94.041565  80.139221  67.088593  57.358803 
 56.440308  63.602814  74.058441  85.981720  97.271095  106.777344  114.426254  119.197037  120.662964  118.395782  112.727036  104.621872  94.397972  83.155159  71.049217  61.278122  55.773125 
 52.988228  58.065308  64.020103  73.235680  82.750465  90.947136  97.508339  101.496407  102.730263  100.734322  96.015984  89.401878  80.700256  70.809525  61.878174  56.901466  53.270622 
 } 
 GB Channel
 {
 53.219063  57.803230  64.318390  73.835724  83.540993  91.683121  98.014893  101.732445  102.754845  100.489166  95.950935  88.653122  79.927032  70.369690  61.516510  56.334633  53.497963 
 55.663231  62.742813  73.548592  85.705315  96.914528  106.530624  114.002808  118.701401  119.889221  117.097504  111.549690  102.935623  92.617653  81.404686  69.669220  59.991096  54.930885 
 58.180420  69.536247  83.207184  96.872345  109.874847  121.182816  130.680313  136.821243  138.514221  135.028595  127.707657  117.176559  105.009064  92.020622  78.595314  65.627190  56.095940 
 62.102402  76.484062  92.019218  106.997810  121.910782  135.460785  147.406250  155.074524  157.176407  152.904526  143.933594  130.949219  116.538437  101.723434  86.625000  71.811562  59.029480 
 65.975945  82.368439  98.828125  115.401718  131.939056  147.712189  161.670471  170.579224  172.999222  168.156876  157.996872  142.980469  125.973587  109.248436  93.028122  76.921722  62.324425 
 68.878540  86.143127  103.245781  120.742493  138.661407  156.176086  171.368118  180.518433  182.836868  178.310150  167.510941  151.125473  132.564377  114.505936  97.272972  80.433128  64.460205 
 69.669067  87.285309  104.913597  122.946869  141.123123  159.170776  174.425934  183.778442  186.259995  181.785782  172.097031  154.938126  136.024689  117.595627  99.434532  81.695778  65.284317 
 68.870728  86.075310  103.285309  120.757187  138.677811  155.950623  171.166092  180.290161  182.739685  178.422348  168.772507  151.861404  133.024536  114.944839  97.512184  80.473434  64.648445 
 66.213593  82.455467  98.954216  115.654068  132.104996  147.773438  161.546875  170.425629  173.016098  168.142654  158.080154  143.247192  126.393433  109.956718  93.567970  77.416405  62.504944 
 62.258171  76.809219  92.231407  107.480156  121.985153  135.438431  146.750473  154.321716  156.401566  152.447037  143.606567  131.136719  116.983444  102.379684  87.181091  72.284843  59.107140 
 58.888176  70.177971  84.011253  97.763283  110.309998  121.526245  130.683746  136.442184  138.038757  134.824844  127.689850  117.654068  105.866562  93.030472  79.167343  66.135941  56.529274 
 56.829323  63.895782  74.304535  86.191719  97.369690  106.846092  114.299225  118.824692  120.189850  117.669693  111.872658  103.660782  93.457344  82.222504  70.173592  60.482033  55.111824 
 53.572235  58.360573  64.259315  73.384842  83.057610  91.170059  97.581093  101.323441  102.518799  100.380516  95.482033  88.680161  79.934639  70.072502  61.210884  56.248909  52.918488 
 } 
 B Channel
 {
 36.261303  39.622135  44.410885  51.462090  58.461929  64.344215  68.574326  71.144272  71.682503  70.498383  67.511978  62.648125  56.500107  49.497246  43.113384  39.292812  37.936977 
 37.634632  42.651093  50.432343  59.156250  67.190468  73.871094  78.999535  82.100937  82.860001  81.131096  77.560310  71.793121  64.688438  56.828278  48.476097  41.604061  38.559479 
 39.244946  47.058907  56.716248  66.382965  75.426247  83.062187  89.313904  93.337654  94.299065  92.183594  87.557816  80.623436  72.486092  63.715469  54.282028  45.199688  39.347191 
 42.032452  51.862656  62.660156  73.117340  83.200157  92.236404  100.144684  105.036873  106.324532  103.643906  97.990471  89.528122  80.007965  69.953903  59.740471  49.362968  41.256096 
 44.722294  55.884377  67.325623  78.633125  89.790314  100.228127  109.356247  115.104843  116.667664  113.663589  107.318909  97.524063  86.415314  75.283905  64.146873  53.018280  43.775990 
 46.591564  58.450310  70.183128  81.882187  93.880157  105.593903  115.455154  121.429382  122.969528  120.203278  113.467499  102.802032  90.587814  78.499062  66.929222  55.414215  45.286510 
 47.231819  59.137032  71.043434  83.013748  95.300934  107.183281  117.342972  123.455627  125.114532  122.475784  116.271713  105.045158  92.581093  80.559219  68.366722  56.296410  45.951611 
 46.549587  58.233749  70.058594  81.633751  93.651718  105.414215  115.166718  121.246094  122.953430  120.185623  114.249069  103.324684  90.891251  78.896408  67.052658  55.372810  45.385731 
 44.658699  55.826408  67.209534  78.553909  89.664215  100.108749  109.160156  114.923279  116.563126  113.620941  107.448128  97.763908  86.658127  75.674065  64.506561  53.343750  43.879166 
 41.866566  52.059059  62.835472  73.276718  82.981094  91.929062  99.441254  104.379684  105.773590  103.441872  97.919220  89.792030  80.389847  70.524376  60.234375  49.786560  41.391148 
 39.664219  47.582344  57.344688  66.839996  75.440781  82.805779  88.859840  92.625938  93.629219  91.770309  87.377655  80.922966  73.071404  64.173439  54.539375  45.506561  39.360729 
 38.129272  43.209686  50.666718  59.064377  66.755470  73.119843  78.047653  80.972191  81.900314  80.330467  76.797028  71.418747  64.508278  56.687035  48.227654  41.365158  38.198696 
 35.768436  39.404270  43.627346  50.258537  57.166931  62.672554  66.979111  69.350517  70.084061  68.852348  65.923073  61.444168  55.355995  48.408905  41.971199  38.360363  36.406616 
 } 


 White Balance Data with optical Center Data
 r_center_x =  633 r_center_y =  478 
 gr_center_x =  633 gr_center_y =  498 
 b_center_x =  634 b_center_y =  502 
 gb_center_x =  631 gb_center_y =  481 
 r/gr 0.611994 
 b/gr 0.670352 
 gb/gr 0.997917 
 r_oc_ave 114.888885 
 b_oc_ave 125.844452 
 gr_oc_ave 187.728882 
 gb_oc_ave 187.337784 

 [AWB]
 RGr =  0.611994 
 BGr =  0.670352 
 GbGr =  0.997917 
 r_oc_ave =  114.888885 
 b_oc_ave =  125.844452 
 gr_oc_ave =  187.728882 
 gb_oc_ave =  187.337784 