 LEFT LENS SHADING DATA
 RED Channel
 {
 27.025364  29.400780  33.149944  39.116199  45.600155  50.862190  55.058853  57.689842  58.346359  56.961769  53.978645  49.471977  43.635365  37.599163  31.968960  28.823803  27.067970 
 28.421196  32.261406  38.808907  46.672657  54.103279  60.483437  65.605934  68.737968  69.719688  67.863434  64.120316  58.495316  51.820160  44.601250  37.129375  31.141094  27.920052 
 29.822395  36.439064  45.026562  54.024529  62.663284  70.113747  76.398285  80.719215  81.932968  79.608124  74.746719  67.741409  59.770470  51.440628  42.781094  34.776093  29.021301 
 32.263752  40.855000  50.714531  60.755310  70.614532  79.669685  87.481407  92.801407  94.307816  91.428284  85.253441  76.697655  67.290627  57.782341  48.031250  38.767345  30.939632 
 34.638908  44.618282  55.338440  66.236877  77.409065  87.975937  97.196251  103.246094  104.730621  101.497498  94.572815  84.569221  73.550003  62.775467  52.317032  42.136250  33.008335 
 36.397503  47.096249  58.255470  69.887810  82.019531  93.839066  103.890938  110.030472  111.609688  108.456253  101.082657  90.031715  77.926407  66.260002  55.135628  44.401562  34.557396 
 37.084167  47.952499  59.492653  71.581879  83.874062  96.176720  106.272034  112.444382  113.947662  110.927971  104.039215  92.618126  80.291252  68.084061  56.487343  45.261875  35.093124 
 36.570210  47.209373  58.419846  70.087502  82.031097  93.789841  103.795158  109.995468  111.533752  108.442032  101.581253  90.447189  78.282188  66.754684  55.411873  44.677032  34.806408 
 34.841148  44.855312  55.522659  66.410004  77.419220  88.055779  97.206718  103.112968  104.827499  101.523125  94.641251  84.905159  74.020157  63.428596  52.864059  42.668282  33.375988 
 32.390156  41.143280  51.028435  61.003754  70.674530  79.756096  87.483910  92.623283  94.105621  91.516876  85.527191  77.244843  67.931252  58.417030  48.680313  39.212189  31.353851 
 30.183960  36.908127  45.541874  54.576248  63.129372  70.726563  77.003441  81.093750  82.264374  80.139061  75.299690  68.557816  60.733910  52.324371  43.460625  35.401562  29.459480 
 29.071457  33.033127  39.462345  47.212345  54.750938  61.135628  66.211716  69.442810  70.374535  68.799377  64.817032  59.369377  52.705780  45.383438  37.797813  31.739063  28.498230 
 27.799789  30.140625  33.409637  39.174217  45.407188  50.968124  55.197762  57.869476  58.565994  57.333534  54.294327  49.766045  44.155575  37.970104  32.344479  29.189060  27.197815 
 } 
 GR Channel
 {
 52.808228  57.516144  63.697815  72.999428  82.775940  91.078697  97.226044  101.156982  102.276772  100.515053  96.401299  89.681511  81.144005  71.635727  62.720627  57.561981  54.432816 
 55.704895  62.360313  72.730316  84.826721  96.217186  105.896408  113.669373  118.500305  120.078430  117.761093  112.456100  104.329216  94.151718  83.022812  71.214378  61.529060  56.000732 
 58.310677  69.100471  82.415627  96.108437  109.329842  120.649689  130.375473  136.815781  138.891876  135.847031  129.051712  118.781555  106.710625  93.923439  80.437035  67.472343  57.774643 
 62.416771  76.039688  91.083435  106.231407  121.193588  135.075943  147.089218  155.192337  157.563904  153.929382  145.316406  132.757187  118.441559  103.830154  88.777191  73.990158  61.054115 
 66.167030  81.876404  98.000153  114.460632  131.255005  147.625626  161.587341  170.781555  173.383438  169.285934  159.675308  145.099380  128.150162  111.676094  95.391716  79.374847  64.483803 
 68.921776  85.709686  102.555779  119.943909  138.140778  156.230774  171.604691  180.672180  183.330933  179.332504  169.334534  153.379684  134.943756  117.042191  99.873596  83.002190  67.052185 
 69.879219  87.046097  104.464844  122.328430  140.808121  159.445160  174.667191  184.148911  186.761719  182.810776  173.829681  157.411560  138.663437  120.204376  102.062347  84.334373  68.078964 
 69.086876  85.795624  102.800468  120.207336  138.229065  156.153748  171.378433  180.757507  183.259369  179.467026  170.405945  154.145157  135.576401  117.692657  100.100624  83.267654  67.500778 
 66.389580  82.136253  98.348282  114.867813  131.654221  147.872971  161.895462  170.901093  173.731567  169.387497  159.888123  145.652344  128.895462  112.576096  96.201721  80.072029  65.031830 
 62.293381  76.326096  91.536247  106.696716  121.422806  135.566101  147.375778  155.307190  157.785461  154.358902  145.865158  133.624069  119.418594  104.709534  89.626564  74.623283  61.698486 
 58.676514  69.787971  83.232185  97.063438  110.176720  121.815628  131.500626  137.761246  139.629379  136.802963  129.898911  120.053284  108.184372  95.121559  81.265472  68.274063  58.521980 
 56.617294  63.429375  73.772186  85.797028  97.212967  107.088127  114.804688  119.918900  121.388748  119.009689  113.396881  105.418747  95.424217  84.017189  72.059685  62.343597  56.788383 
 53.781876  58.452293  63.985527  73.210991  82.769844  91.251877  97.774689  101.822037  102.972496  101.238022  96.666870  90.031670  81.525681  71.980103  62.963440  58.040466  54.173798 
 } 
 GB Channel
 {
 53.470421  58.284584  64.417870  73.872818  83.859482  92.308907  98.781044  102.661827  103.743385  101.860001  97.347916  90.391510  81.440048  71.797501  62.602966  57.435204  54.264793 
 56.230835  62.936249  73.568909  85.829063  97.404060  107.159531  114.808121  119.797028  121.293594  118.676254  113.078751  104.635468  94.393593  83.010002  71.061096  61.278122  55.918129 
 58.732819  69.624062  83.269379  97.122345  110.459846  121.863281  131.491714  138.033432  140.034683  136.791718  129.578278  119.106400  106.728279  93.693748  79.952972  67.022812  57.335312 
 62.450157  76.467033  91.826096  107.177185  122.402344  136.268280  148.309067  156.412964  158.717499  154.819382  145.765320  132.935471  118.295944  103.487503  88.179375  73.253754  60.295006 
 66.011246  82.180000  98.560783  115.370316  132.216873  148.478912  162.500778  171.661407  174.272964  169.729691  159.732346  144.807495  127.857651  111.074997  94.581253  78.299530  63.503075 
 68.661980  85.869064  103.022659  120.521408  138.867035  156.723434  171.888275  181.071411  183.731400  179.469849  168.994064  152.769531  134.175308  116.107819  98.793907  81.796562  65.889893 
 69.478020  86.988434  104.619843  122.690002  141.164215  159.763123  174.724213  184.020309  186.546097  182.437973  173.086243  156.331879  137.639999  118.999527  100.688278  82.936096  66.749214 
 68.529213  85.494843  102.723282  120.326721  138.365311  156.076874  171.118439  180.435623  182.877350  178.874069  169.501404  153.142975  134.495621  116.422028  98.802658  81.880470  66.083176 
 65.787758  81.754219  98.207809  114.805161  131.495316  147.674850  161.554214  170.341873  173.160004  168.595474  158.869217  144.606567  127.744843  111.383591  94.931404  78.777969  63.921097 
 61.782913  76.056252  91.385315  106.705627  121.387817  135.215469  146.802811  154.577972  156.922974  153.317963  144.741882  132.394226  118.249847  103.547813  88.425934  73.415627  60.567291 
 58.293182  69.531715  83.087341  96.955467  109.920311  121.369370  130.876724  137.024063  138.767349  135.709686  128.785629  118.724060  106.953590  93.996094  80.149689  67.243591  57.588806 
 56.417397  63.277809  73.559059  85.689217  96.968437  106.620155  114.261566  119.097031  120.648438  118.108124  112.358124  104.293434  94.340782  83.038750  71.059998  61.395309  55.999474 
 53.842392  58.350311  63.874481  73.060257  82.537598  90.885361  97.439476  101.442650  102.427605  100.690620  95.864380  89.165108  80.703079  71.035416  62.090416  57.183647  53.617393 
 } 
 B Channel
 {
 35.562550  39.167969  43.825836  51.078125  58.433128  64.618019  68.880882  71.791718  72.531876  71.108131  68.350677  63.547600  57.029160  50.033745  43.279423  39.364376  37.730206 
 37.405468  42.387344  50.201248  59.213127  67.515625  74.512184  79.912346  83.194847  84.208122  82.659378  79.136719  73.373436  66.118752  58.012497  49.296722  42.146873  38.783958 
 38.885780  46.617657  56.530159  66.494530  75.866249  83.723434  90.237816  94.475159  95.758438  93.921249  89.358437  82.473907  74.114845  64.937653  55.262970  45.854687  39.503021 
 41.418282  51.337654  62.357346  73.082344  83.572342  92.973282  100.832184  106.069687  107.538124  105.119530  99.504684  91.154846  81.472504  71.344528  60.724533  50.059685  41.541355 
 44.046822  55.244530  66.908440  78.556252  89.976250  100.928596  110.247498  116.128601  117.768433  115.032181  108.740623  98.945938  87.671097  76.452034  65.092972  53.626877  43.859375 
 45.781666  57.720001  69.793594  81.904999  94.212029  106.211403  116.178284  122.173431  123.864380  121.268433  114.559219  103.905937  91.673752  79.706093  67.951874  55.988747  45.567921 
 46.480106  58.503441  70.757187  83.121872  95.455780  107.787346  117.772034  123.782501  125.563751  123.025314  116.880783  105.857033  93.718437  81.589066  69.250313  56.807816  46.238644 
 45.853275  57.581406  69.562653  81.445465  93.489532  105.419220  115.258743  121.403900  123.028122  120.688126  114.740005  104.088753  91.919533  79.910782  68.000313  56.143906  45.858700 
 43.803802  55.028595  66.404686  77.755623  89.112503  99.823441  109.083435  114.956253  116.685471  114.030624  107.889374  98.660622  87.556717  76.700935  65.360939  54.032028  44.265991 
 41.021721  50.863594  61.750313  72.438751  82.374374  91.665314  99.447815  104.441093  105.988129  104.003754  98.674843  90.680000  81.405312  71.437187  60.841408  50.166405  41.798698 
 38.427967  46.368595  56.087189  65.908127  74.883591  82.612968  88.895782  92.907501  94.092499  92.431404  88.159065  81.696091  73.690468  64.812965  55.087029  45.784061  39.565311 
 37.138023  42.092186  49.474373  58.071404  66.070625  72.834846  77.863747  81.044060  82.122345  80.683746  77.236717  71.888435  65.045311  56.965309  48.479843  41.491249  38.213337 
 35.212605  38.620937  42.585625  49.234947  56.153122  62.131302  66.550827  69.226151  69.873802  69.000420  66.139427  61.588440  55.583649  48.516151  42.074635  38.387501  36.476250 
 } 


 White Balance Data with optical Center Data
 r_center_x =  633 r_center_y =  483 
 gr_center_x =  625 gr_center_y =  476 
 b_center_x =  621 b_center_y =  503 
 gb_center_x =  633 gb_center_y =  504 
 r/gr 0.609898 
 b/gr 0.672355 
 gb/gr 0.999170 
 r_oc_ave 114.360001 
 b_oc_ave 126.071106 
 gr_oc_ave 187.506668 
 gb_oc_ave 187.351105 

 [AWB]
 RGr =  0.609898 
 BGr =  0.672355 
 GbGr =  0.999170 
 r_oc_ave =  114.360001 
 b_oc_ave =  126.071106 
 gr_oc_ave =  187.506668 
 gb_oc_ave =  187.351105 