 LEFT LENS SHADING DATA
 RED Channel
 {
 27.336823  29.684322  33.243958  39.151878  45.324116  50.634010  54.819946  57.011711  57.636513  56.357452  53.446815  48.704582  43.292133  37.308334  31.613075  28.505257  26.555679 
 29.229740  32.927032  39.489376  47.270626  54.572655  60.916718  65.826408  69.043594  69.699219  67.937653  64.365784  58.589996  52.088593  44.908749  37.304531  31.257969  28.228180 
 30.674427  37.169220  45.871876  54.808594  63.244377  70.800629  77.068909  81.154373  82.170158  79.834534  75.029060  68.019066  60.109062  51.873123  43.163593  35.067345  29.229637 
 32.992188  41.643436  51.457970  61.476875  71.139687  80.248436  88.022659  93.319221  94.667969  91.658592  85.483124  76.786095  67.447968  58.016090  48.326248  39.041874  31.196045 
 35.258228  45.329063  55.803123  66.778435  78.014374  88.403595  97.529060  103.622032  105.057503  101.729065  94.555466  84.471718  73.520309  62.777969  52.309219  42.192501  33.340416 
 36.948437  47.718437  58.766563  70.465309  82.509216  94.209534  104.066093  110.308746  111.625778  108.428749  100.867966  89.753906  77.766251  66.021721  54.932816  44.494999  34.727921 
 37.469532  48.502655  59.931252  71.904221  84.323441  96.385780  106.318909  112.437500  113.881256  110.941093  103.747032  92.316093  79.794846  67.833122  56.144997  45.197655  35.310783 
 37.001041  47.563126  58.844376  70.414841  82.335159  93.864685  103.820313  109.900002  111.470467  108.433281  101.261871  90.084061  77.725311  66.199371  55.055779  44.482033  34.899738 
 35.299686  45.238438  55.751564  66.799530  77.634064  88.070000  97.099060  102.971252  104.491249  101.347969  94.289841  84.415627  73.404373  62.964066  52.412033  42.361252  33.402500 
 32.862602  41.567188  51.311722  61.368904  70.701874  79.628281  87.150940  92.482185  93.736252  91.016090  84.908752  76.604843  67.194534  57.946091  48.179062  39.005157  31.245365 
 30.808331  37.337502  45.834217  54.687347  63.167191  70.453125  76.623123  80.831253  81.880936  79.654846  74.797340  68.103279  60.230156  51.898903  43.102345  35.176094  29.450886 
 29.753593  33.427967  39.628906  47.267189  54.658279  60.969215  65.792503  69.131248  69.762032  68.194061  64.408905  59.011093  52.290154  44.982189  37.382969  31.505783  28.335571 
 28.090675  30.497761  33.619949  39.218853  45.415573  50.691101  54.879578  57.525833  58.189316  56.909889  54.025780  49.501717  43.752033  37.405102  31.834007  28.791824  26.853073 
 } 
 GR Channel
 {
 51.837082  56.801247  62.966202  72.376717  81.960312  90.088181  96.442604  99.865211  100.965317  99.371254  95.501350  88.798798  80.659111  71.404221  62.394058  56.969170  53.512505 
 55.874580  62.738747  73.270157  85.234840  96.306564  105.990471  113.594681  118.561874  119.775314  117.582504  112.775940  104.403595  94.985153  83.978592  72.055313  62.252502  56.580833 
 59.004478  69.664063  83.091095  96.812187  109.498749  120.931717  130.532181  136.876251  138.848434  136.051559  129.501724  119.441711  107.599220  95.230316  81.701408  68.676720  58.702759 
 62.710938  76.670937  91.586403  106.706566  121.332657  135.201721  147.147339  155.458755  157.924225  154.342026  145.956253  133.457962  119.133911  104.796875  89.952660  75.202499  62.176254 
 66.508858  82.169685  98.206566  114.604691  131.392029  147.372345  161.442032  170.970932  173.592819  169.789215  160.195618  145.625931  128.869217  112.575775  96.368752  80.474220  65.858589 
 69.202606  85.967186  102.632965  119.899841  137.896255  155.933594  171.091400  180.815781  183.371094  179.807190  169.820786  153.993744  135.611099  117.723587  100.650314  84.103439  68.280106 
 69.970726  87.151566  104.261719  121.984680  140.412506  159.090942  174.367188  184.303757  186.916245  183.397339  174.352036  157.864532  139.233902  120.808594  102.867966  85.400627  69.274376 
 69.181976  85.665314  102.755310  119.827347  137.732651  155.592194  171.004532  180.546402  183.519058  179.922501  170.867966  154.534531  135.986099  118.133286  101.005623  84.239059  68.325729 
 66.549896  82.220314  98.275627  114.823120  131.144226  147.476257  161.599838  170.975159  174.035156  170.077347  160.663437  145.928284  129.249374  112.937027  96.655785  80.813438  65.952194 
 62.655830  76.580002  91.578903  106.825470  121.177185  135.151413  147.069687  155.268280  158.036560  154.727036  146.302505  133.981567  119.666565  105.183128  89.953278  75.300934  62.139275 
 59.117195  70.007187  83.313904  96.930626  109.915779  121.353912  131.054993  137.564850  139.785934  136.945938  130.372971  120.417496  108.503593  95.599998  81.672501  68.858437  59.087189 
 56.841248  63.696251  73.614998  85.570465  96.992653  106.841873  114.509064  119.703278  121.268280  119.116882  113.923904  105.893906  95.835785  84.372658  72.336563  62.699684  57.279694 
 53.395416  58.409996  63.775421  72.766510  82.372864  90.696877  97.198647  101.218903  102.541405  101.059792  96.789116  90.318283  81.683907  71.704941  62.810722  57.859688  54.326767 
 } 
 GB Channel
 {
 52.154213  56.813385  63.139221  72.594170  82.148338  90.288383  96.521660  100.076141  100.953804  99.418755  95.284264  88.352394  80.095268  70.660156  61.653435  56.429276  53.056778 
 56.020882  62.899841  73.409843  85.383751  96.473747  106.007347  113.486252  118.296570  119.451096  117.161255  112.137192  103.660309  94.104218  83.117035  71.197189  61.404686  55.813019 
 58.835938  69.700935  83.200623  96.965622  109.780624  121.099213  130.409531  136.636566  138.385315  135.433121  128.706253  118.613907  106.692184  94.228439  80.725159  67.652191  57.795105 
 62.596558  76.767815  91.823280  107.038910  121.717499  135.319534  147.045944  155.231720  157.531250  153.887970  145.121246  132.535004  118.174057  103.753906  88.860626  74.107811  61.017395 
 66.182396  82.265312  98.462189  114.960159  131.760315  147.533905  161.420776  170.747650  173.407654  169.241089  159.279526  144.576096  127.746872  111.399063  95.128593  79.189690  64.564270 
 68.732605  85.815941  102.722809  120.159378  138.244217  155.918900  170.879532  180.407181  182.872971  179.075623  168.915466  152.987808  134.488907  116.391403  99.283440  82.766876  66.811882 
 69.609421  86.879219  104.251091  122.070007  140.425476  158.939224  174.101089  183.531403  186.289368  182.525314  173.127182  156.632339  137.950150  119.389374  101.406876  83.964691  67.662605 
 68.895782  85.478905  102.718903  119.992813  137.885788  155.437805  170.730942  180.108276  182.935776  179.132034  169.797028  153.389221  134.772812  116.783905  99.622032  82.835472  66.915672 
 66.258652  81.956566  98.184372  114.913910  131.280319  147.383438  161.378754  170.705627  173.515152  169.433289  159.725311  144.951248  128.239685  111.760155  95.514687  79.591248  64.642082 
 62.514633  76.417343  91.421410  106.781876  121.195160  135.009995  146.784058  154.949219  157.457336  154.102493  145.562500  133.018433  118.701721  104.157188  88.911407  74.198753  61.082916 
 59.206352  70.009689  83.280937  97.021721  109.941406  121.273590  130.715469  137.240158  139.339218  136.414536  129.596878  119.500931  107.651878  94.728127  80.743904  67.893753  58.252083 
 57.104950  63.680153  73.647812  85.704842  96.884216  106.705780  114.303284  119.464691  120.876556  118.714996  113.415314  105.265472  95.168434  83.621246  71.544846  61.925781  56.597656 
 53.750778  58.586197  63.799889  72.837555  82.539429  90.778076  97.308075  101.430939  102.892395  101.127502  96.467400  89.964844  81.207611  71.201256  62.314629  57.145569  53.921410 
 } 
 B Channel
 {
 34.288906  37.415573  41.769321  48.588852  55.557243  61.394897  65.783180  68.364639  68.706985  67.672134  64.976089  60.382912  54.482346  47.739170  41.205414  37.464218  35.422134 
 36.982239  41.660782  48.969528  57.625938  65.553284  72.294060  77.506721  80.888596  81.391563  79.783592  76.376717  70.971252  64.286720  56.516251  48.002502  41.123592  37.724220 
 38.951927  46.615467  55.999374  65.681564  74.549530  82.490623  88.862190  93.143906  94.176407  92.067970  87.640312  81.025154  73.057030  64.342972  54.865936  45.728592  39.323383 
 41.606823  51.524529  62.043594  72.505936  82.564064  91.925003  99.716408  105.299377  106.865623  104.122971  98.332344  90.204376  80.840622  71.029999  60.683441  50.400467  41.858597 
 44.363544  55.385628  66.619217  77.879372  89.117813  99.822655  109.009216  115.238907  117.083755  114.202820  107.542343  97.850937  87.086250  76.073441  64.893593  53.959686  44.495937 
 46.211357  57.749687  69.445160  81.210159  93.109840  105.108284  115.065781  121.283432  123.279068  120.612350  113.689682  103.026093  91.228279  79.376564  67.652031  56.445000  46.141666 
 46.715679  58.449219  70.426247  82.499687  94.611877  106.873436  116.968597  123.138596  125.260315  122.645782  116.239838  105.257965  93.096565  81.119843  68.947029  57.222809  46.877399 
 46.291668  57.343750  69.282188  81.034378  92.823280  104.418434  114.442810  120.526871  122.527191  120.364380  114.101868  103.346565  91.043434  79.330467  67.674065  56.376251  46.260418 
 44.317760  54.964218  66.158905  77.514687  88.474060  99.012497  108.072968  114.219681  116.202499  113.915161  107.426407  97.757500  86.666565  76.037971  64.873749  54.064842  44.750053 
 41.453693  50.991409  61.384529  72.024216  81.604691  90.707657  98.330002  103.622185  105.355003  103.609062  98.022659  89.794846  80.357658  70.674690  60.346718  50.256409  42.120777 
 38.980782  46.358906  55.587341  65.081718  74.035469  81.632660  87.798752  92.091408  93.414063  91.768906  87.482346  80.839066  72.853905  64.123909  54.594688  45.858280  39.963074 
 37.414371  41.860626  48.789528  57.091873  65.085785  71.870003  76.870468  80.362968  81.300934  80.029221  76.644218  71.242035  64.359688  56.361565  47.984375  41.509533  38.669739 
 35.149792  38.266041  41.990574  48.392288  55.078911  60.952919  65.531509  68.211090  69.113853  68.175674  65.329849  60.933075  54.875519  47.790318  41.407291  38.317654  36.759323 
 } 


 White Balance Data with optical Center Data
 r_center_x =  653 r_center_y =  482 
 gr_center_x =  659 gr_center_y =  490 
 b_center_x =  640 b_center_y =  472 
 gb_center_x =  645 gb_center_y =  478 
 r/gr 0.609227 
 b/gr 0.669453 
 gb/gr 0.997016 
 r_oc_ave 114.328888 
 b_oc_ave 125.631104 
 gr_oc_ave 187.662216 
 gb_oc_ave 187.102219 

 [AWB]
 RGr =  0.609227 
 BGr =  0.669453 
 GbGr =  0.997016 
 r_oc_ave =  114.328888 
 b_oc_ave =  125.631104 
 gr_oc_ave =  187.662216 
 gb_oc_ave =  187.102219 