 LEFT LENS SHADING DATA
 RED Channel
 {
 25.667446  27.785362  31.561352  37.706825  44.076252  49.594688  53.955521  56.741196  57.522865  56.558273  53.720833  49.452240  43.609325  37.492710  31.864220  28.671669  26.645832 
 27.364113  31.167656  37.857189  45.850780  53.322502  59.707184  65.099686  68.792656  69.630157  68.185158  64.828751  59.383278  52.675781  45.275623  37.773594  31.680000  28.279167 
 28.896667  35.503750  44.153126  53.419998  61.943909  69.630623  76.126251  80.723595  82.153908  80.098282  75.688438  68.975471  61.094528  52.739372  43.871407  35.698750  29.561665 
 31.250935  40.038437  49.717972  59.927658  69.722031  78.942184  86.860313  92.685471  94.331879  91.941406  86.259842  77.878906  68.622345  59.098282  49.349220  39.870468  31.754013 
 33.743382  43.607346  54.285782  65.107498  76.342659  86.871407  96.215935  102.678749  104.628128  101.989845  95.390938  85.480934  74.837814  64.356247  53.604218  43.332813  34.018646 
 35.483646  46.052811  57.176720  68.629219  80.907341  92.790939  102.759842  109.207184  111.195160  108.713127  101.757034  90.984688  79.231094  67.833435  56.430466  45.627655  35.645782 
 36.122238  46.993282  58.401878  70.388283  82.708908  94.970940  105.245003  111.769218  113.565933  111.083748  104.899841  93.675156  81.382965  69.589531  57.786407  46.526093  36.415054 
 35.631512  46.299217  57.478752  69.143906  80.986877  92.714844  102.881561  109.532654  111.274216  108.607185  102.450470  91.345627  79.368279  67.966873  56.668594  45.705002  35.916248 
 34.121979  44.192814  54.770309  65.721878  76.659691  87.274216  96.561562  102.897186  104.653435  102.036407  95.512657  85.715622  74.972969  64.508278  53.874847  43.674530  34.444736 
 31.719898  40.657814  50.455780  60.544533  70.021095  79.008438  86.980316  92.510628  94.123283  91.937035  86.303284  78.061409  68.649689  59.375000  49.602814  40.180782  32.048073 
 29.406303  36.458595  45.132813  54.264999  62.639847  70.095467  76.582657  81.023125  82.315781  80.586090  75.920624  69.247810  61.460472  53.072029  44.331875  36.077656  30.206612 
 28.198227  32.382813  39.099686  46.966721  54.381721  60.783592  66.020782  69.429222  70.523438  69.099998  65.436874  59.962814  53.318123  46.054531  38.453594  32.224533  29.056824 
 26.838230  29.036560  32.900524  38.994427  45.414845  50.816307  55.099739  57.782761  58.656349  57.741257  54.800621  50.232811  44.678959  38.399742  32.488384  29.293488  27.323490 
 } 
 GR Channel
 {
 51.367340  55.671509  61.837601  71.356773  81.114166  89.732239  96.017029  100.134323  101.349380  99.780472  95.608543  89.366096  80.795158  71.419220  62.530930  57.174271  53.199272 
 54.720253  61.545471  72.172188  84.348434  95.707497  105.144531  113.156403  118.467026  119.868118  117.852341  113.071869  105.291718  95.362030  84.243591  72.330940  62.509689  56.530937 
 57.738228  68.584061  81.975471  96.041878  108.985313  120.563278  130.131714  136.667969  138.833588  136.139847  129.975937  120.301880  108.699371  95.988281  82.283279  69.143440  59.072601 
 61.754738  75.663284  90.475311  105.837814  120.693588  134.875000  146.599060  154.911255  157.716248  154.544998  146.455627  134.277969  120.434998  106.069847  90.993126  75.995941  62.830101 
 65.789070  81.304062  97.379997  113.633911  130.656555  146.872345  160.984680  170.489212  173.504532  169.992340  160.702026  146.057663  130.032654  114.173599  97.821404  81.648285  66.657654 
 68.604271  85.063438  101.805000  118.992661  137.390320  155.462036  170.935150  180.548752  183.537506  180.157806  170.336868  154.452652  136.790466  119.437973  102.153595  85.264061  69.272392 
 69.637444  86.478905  103.628441  121.509995  139.976089  158.816559  174.450317  184.144226  187.045319  183.753433  175.105469  158.729218  140.587662  122.634537  104.607658  86.714066  70.518639 
 68.793175  85.461716  102.270935  119.671722  137.593277  155.437653  171.210159  181.138275  183.902344  180.503433  171.779526  155.786255  137.627502  120.113281  102.800781  85.603439  69.792191 
 66.339378  82.214378  98.363747  114.803436  131.445938  147.749847  162.177963  171.766098  174.559525  171.119370  161.824692  147.437027  130.941879  114.806091  98.596092  82.354218  67.214844 
 62.680107  76.880936  91.919060  107.217972  121.785004  135.714218  147.960464  156.327194  158.965942  155.985626  148.019836  135.852188  121.473587  107.117035  91.981247  76.970154  63.451202 
 58.956924  70.370468  83.983284  97.935310  110.865471  122.266724  132.157974  138.904846  141.035629  138.619843  131.830154  121.980316  110.195000  97.237343  83.505936  70.330467  60.177338 
 56.712814  63.865311  74.616096  86.873749  98.300468  108.039215  115.994064  121.079681  122.860001  120.746719  115.579849  107.445313  97.567657  86.130157  74.090622  63.955627  58.205627 
 53.726570  58.230309  64.578384  74.230003  84.108177  92.314850  98.739891  102.977608  104.297501  102.830673  98.567551  92.056145  83.379524  73.476196  64.184792  58.701874  55.358124 
 } 
 GB Channel
 {
 51.014267  55.335098  61.440826  71.018074  80.802864  89.248436  95.654533  99.756462  100.944588  99.438591  95.502449  88.993332  80.318283  70.788383  61.952866  56.610840  52.639587 
 54.312599  60.984688  71.538750  83.833282  95.225159  104.685936  112.663910  118.115631  119.447495  117.304214  112.483902  104.758751  94.765160  83.637344  71.766403  61.926247  56.005417 
 57.018280  67.885155  81.224846  95.453590  108.386871  119.891556  129.544220  136.098907  138.198441  135.448441  129.364838  119.633743  108.082031  95.271873  81.522186  68.474533  58.356407 
 60.959320  74.899529  89.747185  105.209686  120.186096  134.297028  145.918594  154.336243  157.040619  153.834534  145.695007  133.530319  119.812653  105.312035  90.209221  75.177185  61.909691 
 64.854584  80.432503  96.664215  113.066559  130.145157  146.219055  160.134537  169.618286  172.863281  169.198441  159.875778  145.263596  129.247345  113.324219  96.922813  80.754372  65.693123 
 67.345573  84.094528  100.878906  118.263275  136.776413  154.667816  169.931244  179.683289  182.760788  179.316101  169.457336  153.628128  135.922180  118.562195  101.197189  84.251564  68.164894 
 68.430008  85.443748  102.729065  120.650787  139.105164  157.934692  173.309692  183.085785  185.975937  182.742493  173.951721  157.734375  139.585464  121.618286  103.561409  85.703278  69.428902 
 67.444275  84.449684  101.385468  118.639221  136.696411  154.675476  170.057190  180.155472  182.834213  179.567337  170.712967  154.788437  136.691879  119.182190  101.881248  84.577812  68.620728 
 65.135048  81.177345  97.493904  114.005005  130.544373  146.840317  161.183121  170.645157  173.450150  170.105316  160.752502  146.558594  130.025314  113.909851  97.648750  81.395935  66.264275 
 61.477448  75.950157  91.087814  106.345467  120.862503  134.776245  146.905624  155.153275  157.885468  155.024841  146.980774  134.835632  120.548126  106.239998  91.092812  76.028908  62.562447 
 58.037865  69.546410  83.206566  97.090622  110.002342  121.266251  131.036407  137.875153  140.021088  137.479218  130.915314  121.002502  109.324371  96.423904  82.782814  69.696404  59.445786 
 56.086563  63.121559  73.874535  86.140472  97.425781  107.128906  114.999374  120.248444  121.948593  119.968124  114.719055  106.641090  96.707031  85.461716  73.489998  63.329689  57.634277 
 53.467812  57.701569  64.005569  73.531502  83.408073  91.707863  98.108131  102.381348  103.854637  102.449791  98.095314  91.266304  82.884735  72.866096  63.519165  58.243439  54.921768 
 } 
 B Channel
 {
 33.805157  36.772655  41.270573  48.189423  55.219055  61.056046  65.389946  67.947189  68.668434  67.765099  65.220833  60.753693  54.631462  47.895153  41.317970  37.497288  35.054790 
 36.433491  41.082031  48.514534  57.271721  65.296562  71.561874  76.692657  80.040939  80.922188  79.568436  76.388748  71.325157  64.544373  56.678284  48.349846  41.548126  37.754791 
 38.615211  46.239376  55.449997  65.281876  74.102654  81.750626  87.711563  91.773750  93.189529  91.417816  87.493126  81.157814  73.449684  64.728752  55.356094  46.409687  39.715519 
 41.464214  51.334846  61.388596  71.799530  81.746246  90.851410  98.382813  103.693909  105.353592  103.275154  98.030937  90.041405  81.137810  71.509377  61.276878  51.234688  42.413021 
 44.218647  55.219063  66.091095  76.805779  87.927032  98.455467  107.379532  113.436401  115.400162  113.009995  106.931091  97.401253  87.049377  76.685783  65.678436  55.034378  45.196041 
 46.025677  57.612968  68.889221  79.973122  91.950470  103.608910  113.421875  119.698746  121.496094  119.268753  112.921249  102.572815  91.117188  79.813904  68.365158  57.372345  46.893799 
 46.788227  58.434059  70.003441  81.399063  93.197968  105.369217  115.416092  121.707504  123.511566  121.303909  115.539536  104.859528  93.117653  81.652344  69.822189  58.236092  47.771297 
 46.214527  57.718903  69.134529  80.210312  91.662659  103.115158  113.075470  119.474213  121.162186  118.946869  113.331100  103.107185  91.279533  80.022972  68.640938  57.467499  47.042084 
 44.493488  55.434532  66.407814  77.134689  87.636871  97.899376  107.058907  113.091873  114.829529  112.637650  106.716248  97.522186  86.990936  76.603439  65.833908  55.316406  45.335781 
 41.885315  51.707809  62.089531  72.190468  81.251877  90.044220  97.782028  103.032967  104.534378  102.769379  97.671562  90.001251  80.973122  71.530159  61.404533  51.501404  42.694946 
 39.170052  47.186092  56.611565  65.959061  74.287659  81.445313  87.575310  91.816559  93.045158  91.482811  87.371719  81.226410  73.637032  64.957344  55.606560  46.880470  40.329842 
 37.546612  42.448906  49.993904  58.469528  65.989845  72.228279  77.265472  80.520622  81.463593  80.241722  76.966560  71.794220  65.183128  57.409065  49.025940  42.258282  38.793072 
 35.565365  38.439949  42.930782  49.819740  56.651306  62.220581  66.396919  69.043121  69.940887  68.992340  66.243233  61.775261  55.857292  48.829056  42.244267  38.681824  36.871407 
 } 


 White Balance Data with optical Center Data
 r_center_x =  647 r_center_y =  482 
 gr_center_x =  656 gr_center_y =  492 
 b_center_x =  656 b_center_y =  497 
 gb_center_x =  666 gb_center_y =  486 
 r/gr 0.605919 
 b/gr 0.660471 
 gb/gr 0.994696 
 r_oc_ave 113.737778 
 b_oc_ave 123.977783 
 gr_oc_ave 187.711105 
 gb_oc_ave 186.715561 

 [AWB]
 RGr =  0.605919 
 BGr =  0.660471 
 GbGr =  0.994696 
 r_oc_ave =  113.737778 
 b_oc_ave =  123.977783 
 gr_oc_ave =  187.711105 
 gb_oc_ave =  186.715561 