 LEFT LENS SHADING DATA
 RED Channel
 {
 28.060261  30.368595  33.919376  40.055470  46.513802  52.206100  56.730576  59.417816  60.107399  58.748909  56.015259  51.490990  45.860832  39.729321  33.828384  30.079323  28.096409 
 29.846092  33.769218  40.290627  48.219841  55.829842  62.486717  67.810783  71.447815  72.347809  70.730782  67.069221  61.535782  54.792503  47.558281  39.793594  33.355782  29.692238 
 31.226616  38.077656  46.767502  55.866562  64.568596  72.463280  79.077660  83.720940  85.046249  82.852814  78.136406  71.210625  63.149216  54.807968  45.877968  37.476250  31.172916 
 33.550003  42.575001  52.587502  62.658440  72.649841  81.946404  90.168434  95.912659  97.708595  95.023438  88.868279  80.236877  70.862968  61.151718  51.200470  41.612030  33.364323 
 36.084270  46.184689  57.195778  68.169685  79.358124  90.229218  99.886406  106.353127  108.340469  105.419220  98.274063  88.059998  77.076561  66.286720  55.342812  45.010468  35.741512 
 37.922657  48.644531  60.048279  71.986092  84.133591  96.121094  106.586876  113.256714  115.201874  112.315475  104.900467  93.772186  81.486404  69.691559  58.349533  47.473907  37.159531 
 38.544582  49.586250  61.179062  73.517189  86.112816  98.431717  108.972343  115.750626  117.601563  114.717651  107.827187  96.323906  83.639999  71.470940  59.590622  48.234375  37.895206 
 37.937290  48.805626  60.137184  71.906563  84.254372  96.122345  106.339691  113.037811  114.909058  111.978592  105.065781  93.682190  81.307816  69.542656  58.363747  47.490002  37.334579 
 36.177345  46.315468  57.075470  68.149841  79.397972  90.189690  99.543747  105.831718  107.623436  104.825470  97.767967  87.753441  76.880470  66.173126  55.585159  45.266251  35.779163 
 33.663280  42.506405  52.575935  62.651093  72.367813  81.790466  89.646095  94.895935  96.496246  94.131561  88.130470  79.847191  70.485001  60.966873  51.211403  41.668438  33.379684 
 31.592865  38.188908  46.976250  56.102654  64.598434  72.348747  78.837814  83.169373  84.292030  82.285469  77.581093  70.835785  63.027969  54.690781  45.807343  37.444218  31.328590 
 30.636719  34.313595  40.637657  48.591873  56.136253  62.667816  67.889847  71.260780  72.164063  70.584061  66.917503  61.371872  54.827660  47.490467  39.738281  33.498436  30.141773 
 29.034634  31.565884  34.796612  40.564377  47.034996  52.409477  56.886711  59.566406  60.406151  59.164482  56.114166  51.681046  46.088280  39.816513  34.088074  30.661770  28.598019 
 } 
 GR Channel
 {
 53.633125  58.233124  64.193024  73.715462  83.717812  92.275261  98.875465  102.986351  104.241249  102.563805  98.687492  92.114685  83.811195  74.387291  64.970207  58.859169  55.313744 
 57.128960  64.013123  74.398438  86.684845  98.155312  108.116722  116.058594  121.435944  123.036255  120.837341  115.928757  108.120941  98.216408  87.146873  75.023125  64.701248  58.492081 
 59.918640  70.956566  84.423439  98.197502  111.436722  123.129059  133.040787  139.739838  142.057037  139.251556  132.781250  122.934998  111.231094  98.494217  84.816093  71.545311  60.974060 
 63.515785  77.811409  93.117966  108.309845  123.144684  137.297806  149.590149  158.041245  160.972961  157.741257  149.377655  136.901718  122.887650  108.356720  93.292191  78.199371  64.845207 
 67.473541  83.295624  99.772812  116.151566  132.975006  149.362350  163.911713  173.482651  176.878433  173.160156  163.831558  149.178284  132.460464  116.265152  99.731094  83.645935  68.544685 
 70.501877  87.098122  104.204216  121.850784  139.899063  157.968903  173.625153  183.685623  186.696564  183.156403  173.525467  157.587036  139.226868  121.498596  104.286095  87.465622  71.211464 
 71.451874  88.458122  105.780937  123.944214  142.586411  161.095627  176.859070  186.885788  189.991882  186.567505  177.757660  161.532806  142.631561  124.424683  106.457031  88.800781  72.405151 
 70.351669  87.142502  104.146095  121.631882  139.986252  157.868591  173.243591  183.324844  186.328125  182.902344  174.018127  157.809067  139.131882  121.354691  104.247345  87.430153  71.289948 
 67.565521  83.330940  99.680313  116.085785  133.061874  149.523132  163.632034  173.130936  176.310776  172.714539  163.280151  148.710464  132.262817  116.110626  99.955315  83.832970  68.579849 
 63.326881  77.465622  92.814217  108.096252  122.731247  136.910629  148.923752  157.048126  159.814850  156.908600  148.899216  136.791718  122.666718  108.286095  93.314690  78.171097  64.743385 
 60.004112  71.008904  84.536560  98.564217  111.557503  123.174225  133.038757  139.563431  141.548431  139.149994  132.598587  122.875000  111.208595  98.460159  84.790939  71.379532  61.205574 
 57.901505  64.624222  74.896248  87.024841  98.588905  108.495003  116.349533  121.421722  123.019684  121.041870  115.898743  108.025780  98.164688  86.912971  74.896408  64.814217  58.977760 
 54.710258  59.815262  65.262497  74.451721  84.339539  92.754166  99.107651  103.267761  104.596771  103.079796  98.876251  92.354736  83.978020  74.147346  65.079948  59.672760  56.176094 
 } 
 GB Channel
 {
 54.205566  58.610565  64.691093  74.473022  84.481247  93.014008  99.707390  103.803078  104.986931  103.097404  99.113960  92.433952  83.654480  74.184319  64.493332  58.427811  54.992393 
 57.767654  64.530785  74.984222  87.402191  98.921249  108.820465  116.775314  122.073288  123.616714  121.219055  116.075623  107.969376  97.982811  86.723282  74.506248  64.147812  58.046982 
 60.154839  71.334221  85.098122  99.015160  112.184372  123.850006  133.519531  140.269684  142.472961  139.440933  132.762497  122.701248  110.864059  98.010780  84.137032  70.793907  60.372452 
 63.740990  78.144531  93.734375  109.103752  124.058121  138.234222  150.376404  158.725464  161.636093  158.077347  149.492661  136.797348  122.527817  107.796722  92.437347  77.280159  63.832443 
 67.534996  83.669998  100.398750  117.065933  134.029846  150.383911  164.704376  174.205627  177.440155  173.584686  163.737656  148.820313  131.838287  115.475937  98.830002  82.573441  67.373024 
 70.339264  87.284691  104.577347  122.363434  140.567184  158.633118  174.020157  183.993439  187.012650  183.237183  173.206726  156.972504  138.585938  120.587036  103.162498  86.275154  69.954956 
 71.245987  88.594528  106.026566  124.362183  143.153595  161.444839  176.983749  186.813751  189.970779  186.324371  177.239532  160.706100  141.587494  123.357498  105.122498  87.499062  71.007393 
 70.126305  87.191093  104.243591  121.882034  140.237976  157.918594  173.166870  183.016098  186.093597  182.489212  173.338913  156.895782  138.185776  120.188751  103.071877  86.154686  70.012604 
 67.245415  83.330002  99.717972  116.252808  133.238281  149.478119  163.357346  172.787186  175.993744  172.154068  162.578751  147.929214  131.344528  115.186722  98.817970  82.721565  67.502396 
 63.151978  77.466560  92.964218  108.263283  122.755936  136.753601  148.601089  156.604218  159.256561  156.320007  148.068588  135.826096  121.733276  107.226250  92.217659  77.077812  63.649063 
 60.013695  70.823906  84.474686  98.577972  111.449371  122.941101  132.575317  139.012344  140.927185  138.487030  131.734375  121.959534  110.340782  97.579529  83.863129  70.440002  60.265831 
 58.053123  64.593124  74.912498  87.024689  98.470001  108.259842  116.089066  121.072968  122.598129  120.520782  115.239212  107.209534  97.355782  86.124222  74.065315  63.952499  58.430000 
 55.229790  59.883125  65.244583  74.459267  84.428749  92.647964  99.155724  103.334015  104.567284  102.858490  98.374840  91.854736  83.239746  73.581924  64.371140  59.141251  55.669998 
 } 
 B Channel
 {
 35.115051  37.963802  42.049530  49.089943  55.973335  62.037704  66.560516  69.193230  69.961304  68.847549  66.197342  61.859062  56.032867  49.448494  42.481613  38.178856  36.196770 
 37.688385  42.184845  49.332657  57.876404  65.918747  72.749374  77.993439  81.484062  82.344841  80.884842  77.752968  72.479065  65.818909  58.065781  49.502655  42.264687  38.515522 
 39.833694  47.071407  56.501877  65.997658  74.938904  82.800468  89.149216  93.544060  94.874374  93.026093  88.903908  82.399529  74.664375  65.889999  56.370941  47.119530  40.459324 
 42.396976  51.927811  62.589844  72.977966  82.826248  92.159218  100.037971  105.527344  107.381409  105.005936  99.599060  91.430153  82.345314  72.500626  62.105003  51.784065  43.124062 
 44.991146  55.821564  67.169533  78.339844  89.318436  99.899689  109.339378  115.358749  117.427032  114.957031  108.715622  99.204689  88.362190  77.615158  66.327499  55.432343  45.927135 
 46.752705  58.393127  70.074844  81.892342  93.684845  105.276718  115.244995  121.629684  123.479691  121.154373  114.711868  104.310310  92.483437  80.802658  69.243591  57.912346  47.667973 
 47.280884  59.118591  70.929222  83.043594  95.206093  107.061562  117.099060  123.398590  125.420624  123.097961  117.219528  106.397346  94.295937  82.590469  70.533905  58.745316  48.308235 
 46.553852  58.204689  69.898125  81.512657  93.381096  104.967033  114.716873  121.005630  122.926086  120.630783  114.962341  104.430626  92.436722  80.707184  69.211876  57.817184  47.715103 
 44.497707  55.641876  66.912186  78.085938  89.019066  99.605782  108.562347  114.425476  116.216400  114.148743  108.053123  98.705627  88.038437  77.350471  66.389687  55.508904  45.911198 
 41.609844  51.435471  62.239685  72.672966  82.182968  91.356873  99.027031  103.988747  105.519066  103.836090  98.659378  90.913597  81.778435  72.099846  61.775780  51.556091  43.033386 
 39.175472  46.791092  56.330315  65.966408  74.675316  82.188751  88.604378  92.671875  93.820160  92.235001  88.079376  81.722656  74.085312  65.403122  55.940002  46.870937  40.680523 
 37.544533  42.278908  49.482033  57.964066  65.829689  72.461090  77.661873  80.902031  81.825623  80.436409  77.196404  71.913750  65.292030  57.493126  49.063438  42.156719  39.089012 
 35.532864  39.241199  43.165989  49.743233  56.635513  62.441719  66.964371  69.425156  70.366035  69.245773  66.358276  62.230003  56.271408  49.276459  42.765938  39.069847  37.511093 
 } 


 White Balance Data with optical Center Data
 r_center_x =  644 r_center_y =  462 
 gr_center_x =  643 gr_center_y =  478 
 b_center_x =  655 b_center_y =  512 
 gb_center_x =  636 gb_center_y =  488 
 r/gr 0.618697 
 b/gr 0.659700 
 gb/gr 1.000280 
 r_oc_ave 117.893326 
 b_oc_ave 125.706665 
 gr_oc_ave 190.551117 
 gb_oc_ave 190.604446 

 [AWB]
 RGr =  0.618697 
 BGr =  0.659700 
 GbGr =  1.000280 
 r_oc_ave =  117.893326 
 b_oc_ave =  125.706665 
 gr_oc_ave =  190.551117 
 gb_oc_ave =  190.604446 