 LEFT LENS SHADING DATA
 RED Channel
 {
 27.105782  29.506615  33.360832  39.491405  45.579269  50.751816  54.862869  57.452660  58.245781  56.905151  54.150360  49.908440  44.227081  38.218071  32.594738  29.287659  27.544739 
 28.472031  32.710155  39.372501  47.085781  54.192184  60.452034  65.325157  68.492035  69.350159  67.748283  64.296410  58.845940  52.406250  45.385780  37.913280  31.923283  28.672241 
 30.123383  37.076096  45.735157  54.494690  62.698906  70.031715  76.163750  80.332497  81.450157  79.408905  74.852654  68.062035  60.512497  52.437347  43.917030  35.856407  29.837864 
 32.826561  41.657814  51.435936  61.070160  70.464691  79.216248  86.881721  92.078438  93.611717  90.993126  85.149376  76.986717  67.957497  58.705467  49.292656  39.974842  32.056305 
 35.307861  45.477657  55.888908  66.489372  77.112968  87.385315  96.469528  102.357033  104.089066  101.154060  94.247810  84.712502  74.142189  63.827347  53.553123  43.406563  34.382809 
 37.224895  48.014061  58.897659  70.183594  81.901718  93.322968  103.019997  109.269218  110.908440  107.853279  100.818909  90.228439  78.676094  67.444221  56.392342  45.886093  35.907135 
 37.990887  48.861092  60.208282  71.961090  83.988594  95.607811  105.503593  111.795624  113.510315  110.625465  103.958122  92.957657  81.139221  69.484062  57.977028  46.920780  36.677238 
 37.424686  48.099686  59.367340  70.782654  82.333748  93.684845  103.425629  109.665939  111.492813  108.452034  101.793907  91.095154  79.350784  68.035622  57.035004  46.289063  36.289063 
 35.632607  45.843437  56.614685  67.343437  78.098595  88.298126  97.252968  103.226563  104.964066  102.001717  95.254219  85.840782  75.381874  65.039375  54.643593  44.346561  34.910313 
 33.383957  42.286877  52.249535  62.213905  71.785622  80.488747  88.053596  93.273750  94.840309  92.348282  86.587814  78.507813  69.579216  60.280159  50.563904  41.083126  32.764374 
 31.344791  38.220627  46.954533  55.929688  64.407501  71.848907  78.118439  82.290314  83.502968  81.525002  76.793594  70.231407  62.618752  54.347031  45.422344  37.138905  31.086201 
 30.329113  34.227657  40.676563  48.609528  56.097191  62.486717  67.594841  70.992653  71.968285  70.390312  66.669846  61.363907  54.737816  47.303593  39.662655  33.527344  30.215054 
 28.854111  31.139950  34.541145  40.436825  46.952183  52.476929  56.919220  59.447861  60.455566  59.354477  56.293800  51.779533  46.057812  39.617134  33.926617  30.929218  28.550884 
 } 
 GR Channel
 {
 51.724373  56.278961  62.584534  72.038597  81.521355  89.418282  95.818542  99.856827  101.063744  98.995361  95.049789  88.496819  79.941406  70.606247  61.487289  56.418953  53.345215 
 54.421036  61.599373  72.130157  84.167969  95.123436  104.677658  112.328125  117.405777  118.764999  116.346405  111.279373  103.158279  93.183281  82.114998  70.403122  60.729378  55.323547 
 57.443703  68.621407  82.109062  95.811722  108.501564  119.854370  129.446091  135.837036  137.770462  134.964539  128.357819  118.067963  106.161873  93.483597  79.929062  67.043907  57.226616 
 61.640366  75.727654  90.886093  105.898750  120.583588  134.370163  146.204849  154.125931  156.569382  153.091873  144.818588  132.332184  118.009995  103.325783  88.367188  73.610626  60.610207 
 65.526718  81.451096  97.723907  114.033752  130.670151  146.776566  160.729370  169.818436  172.509369  168.532501  158.862503  144.397659  127.851257  111.334534  95.103439  79.120003  64.443336 
 68.398384  85.389847  102.210938  119.608276  137.630783  155.409531  170.458435  179.799850  182.261566  178.227188  168.458435  152.552505  134.545319  116.931412  99.688278  83.011406  67.059113 
 69.715263  86.709221  104.049065  122.098129  140.599686  158.871399  174.063904  183.348129  186.067963  182.164993  173.141098  156.705627  138.426559  120.265930  102.019997  84.518593  68.089638 
 68.897911  85.581253  102.786247  120.362183  138.210159  155.973434  170.993286  180.382813  183.122192  179.023911  169.861099  153.739380  135.341400  117.626877  100.259064  83.440781  67.259323 
 65.916306  82.189842  98.738129  115.280151  131.918442  147.897186  161.696716  170.641556  173.469055  169.510620  159.845779  145.644836  129.186401  112.857651  96.415001  80.200783  65.013069 
 62.261246  76.647499  92.089378  107.334534  122.079849  135.724060  147.246872  155.198441  157.712494  154.469055  146.240311  134.172653  120.067657  105.502029  90.125000  75.065628  61.935623 
 59.063797  70.173592  83.750000  97.640160  110.612030  122.092026  131.710632  138.029068  139.996246  137.428436  130.645004  120.787338  108.892654  95.888596  81.875313  68.703438  58.940933 
 56.959114  63.808907  73.963905  86.129059  97.500313  107.357811  115.210312  120.193436  121.894226  119.673752  114.197815  106.268593  96.187500  84.576721  72.480782  62.838593  57.263802 
 53.726196  58.620789  64.214539  73.251564  83.120308  91.676987  98.146561  102.139267  103.552757  101.947914  97.779480  90.824219  82.003334  72.104012  63.073494  58.157555  53.903801 
 } 
 GB Channel
 {
 52.649529  57.027031  63.331825  73.076515  82.560570  90.608910  97.129890  101.119324  102.314842  100.180832  95.940308  89.154846  80.329018  70.941978  61.730309  56.518700  53.512444 
 55.071198  62.171410  72.887032  85.186722  96.275780  105.964531  113.690308  118.704529  120.119217  117.550003  112.200317  103.831718  93.620468  82.359062  70.490311  60.765160  55.469109 
 57.658646  69.080315  82.880936  96.855316  109.714378  121.203751  130.728287  137.262970  139.077820  135.936249  129.007965  118.650162  106.571404  93.622345  79.822968  66.806091  57.178383 
 61.566879  75.991875  91.579529  106.975784  121.874527  135.654221  147.438431  155.417038  157.767502  154.005783  145.325623  132.690002  118.266724  103.391716  88.147659  73.244843  60.194633 
 65.325203  81.639374  98.262657  114.915466  131.745316  147.753433  161.663589  170.586868  173.320007  169.113434  159.177658  144.455627  127.729065  111.080627  94.707657  78.533279  63.724739 
 67.987350  85.331718  102.562500  120.179993  138.292816  155.910004  170.834213  180.035782  182.501099  178.409851  168.299850  152.283432  134.118912  116.335007  98.968903  82.125938  66.010521 
 69.189888  86.449066  104.112968  122.377182  140.802505  158.872498  173.749069  183.067032  185.679688  181.634995  172.330307  155.906555  137.562027  119.309525  101.068748  83.427498  66.754585 
 68.150055  85.146095  102.564529  120.354996  138.129684  155.618439  170.375778  179.633286  182.365631  178.180618  168.764847  152.665619  134.387344  116.509064  99.137657  82.265160  66.109528 
 65.264793  81.744377  98.388283  114.953125  131.421097  147.082504  160.682816  169.580154  172.343445  168.264069  158.527344  144.323593  127.896408  111.567497  95.242035  78.982185  63.886353 
 61.650520  76.179688  91.668434  106.867813  121.547348  134.794846  146.178131  153.862503  156.427505  152.930939  144.611725  132.527496  118.733124  104.110779  88.776405  73.831253  60.747505 
 58.446243  69.711250  83.217499  96.994217  109.768906  120.972351  130.333130  136.545151  138.347351  135.621246  128.862976  119.079529  107.378128  94.568436  80.614059  67.598434  58.021355 
 56.758698  63.278908  73.504532  85.465782  96.799217  106.437347  114.096252  118.946716  120.437195  118.186569  112.698914  104.795624  94.708282  83.321404  71.362816  61.796097  56.372971 
 53.532028  57.908279  63.523079  72.673904  82.350677  90.757545  97.145836  101.116516  102.515930  100.781143  96.300362  89.478546  80.708900  71.002441  62.074059  57.260880  53.158798 
 } 
 B Channel
 {
 34.581665  38.082916  42.781872  49.753853  56.705521  62.205414  66.585526  69.110474  69.898491  68.528801  66.091362  61.569893  55.398758  48.566559  41.998230  37.987499  36.476665 
 36.212917  41.317501  48.870628  57.394684  65.072189  71.599998  76.477188  79.734840  80.600784  79.108597  75.738434  70.306564  63.568748  55.820313  47.447811  40.540001  37.374168 
 38.306980  46.236561  55.846405  65.393593  74.124535  81.662186  87.813126  91.905937  93.113434  91.268280  86.911247  80.127190  72.279221  63.574997  54.218285  44.965782  38.823490 
 41.255989  51.184532  61.808907  72.269379  81.847191  90.964996  98.584686  103.779060  105.217659  102.961250  97.443436  89.213593  79.931404  70.139061  59.953903  49.604530  41.233074 
 43.836876  55.026878  66.356407  77.442345  88.237030  98.679062  107.873436  113.802963  115.414215  112.801086  106.414688  96.904533  86.132500  75.320938  64.353592  53.260155  43.927029 
 45.707134  57.563591  69.216721  80.745468  92.503128  104.020622  113.782028  119.720627  121.252975  118.676559  112.224533  101.829063  90.133278  78.662033  67.118126  55.733284  45.478909 
 46.513805  58.373596  70.325470  82.181252  94.210625  105.960472  115.647507  121.737808  123.349686  120.699219  114.835785  104.095314  92.306564  80.644844  68.565468  56.638123  46.207714 
 45.923698  57.603905  69.326561  80.903748  92.554375  103.967812  113.528748  119.331100  121.085464  118.594681  112.812805  102.543434  90.671249  79.035622  67.453590  55.988907  45.677029 
 44.207603  55.328438  66.679688  77.599373  88.447815  98.534065  107.180153  112.835938  114.658279  112.163757  106.072655  97.080940  86.617813  75.927811  64.947502  53.839691  44.088436 
 41.585308  51.580315  62.210312  72.415314  82.004219  90.477188  97.797653  102.698128  104.374687  102.497658  97.285782  89.501404  80.542816  71.009377  60.678436  50.302658  41.774532 
 39.245419  47.048752  56.580467  65.997658  74.415779  81.682343  87.672340  91.577034  93.037659  91.393127  87.245781  80.965157  73.121719  64.597809  54.995781  45.840939  39.655518 
 37.631199  42.386406  49.628128  57.939217  65.550003  72.072655  77.131096  80.350471  81.438278  80.112030  76.695160  71.493126  64.735626  56.847969  48.537033  41.642967  38.251514 
 35.274532  38.562862  42.571041  48.980682  55.815834  61.538284  66.024628  68.668182  69.598076  68.647240  65.837440  61.196457  55.168121  48.235672  41.842239  38.219429  35.688179 
 } 


 White Balance Data with optical Center Data
 r_center_x =  627 r_center_y =  469 
 gr_center_x =  625 gr_center_y =  498 
 b_center_x =  629 b_center_y =  499 
 gb_center_x =  634 gb_center_y =  495 
 r/gr 0.609271 
 b/gr 0.662758 
 gb/gr 0.998002 
 r_oc_ave 113.857773 
 b_oc_ave 123.853333 
 gr_oc_ave 186.875549 
 gb_oc_ave 186.502228 

 [AWB]
 RGr =  0.609271 
 BGr =  0.662758 
 GbGr =  0.998002 
 r_oc_ave =  113.857773 
 b_oc_ave =  123.853333 
 gr_oc_ave =  186.875549 
 gb_oc_ave =  186.502228 