 LEFT LENS SHADING DATA
 RED Channel
 {
 28.086563  30.456978  34.287605  40.363800  46.501556  51.765472  55.882080  58.259895  58.834221  57.457657  54.638130  50.149063  44.656513  38.631615  32.941044  29.421509  27.139843 
 29.672394  33.762814  40.370937  48.187347  55.449066  61.714844  66.558746  69.520309  70.342346  68.588280  64.936874  59.462814  53.016716  45.836407  38.510624  32.295467  28.667343 
 31.338905  38.168282  46.806252  55.765312  64.095314  71.404533  77.485626  81.454689  82.683128  80.481407  75.724846  68.889847  61.123749  53.031563  44.501095  36.308594  29.898388 
 33.975468  42.743595  52.627190  62.557655  72.017029  80.869690  88.532501  93.637497  95.069061  92.251717  86.327660  77.934685  68.711876  59.363747  49.867188  40.485001  32.153748 
 36.561039  46.548126  57.241249  68.117813  78.783752  89.094063  98.278908  103.998596  105.770470  102.622185  95.663597  85.814529  75.075935  64.497032  54.147812  43.854218  34.580261 
 38.434689  49.155937  60.406876  71.944847  83.666252  95.087189  104.922028  111.103439  112.788132  109.612503  102.359222  91.408440  79.529533  68.038437  57.083908  46.374687  36.119270 
 38.976460  50.153122  61.804375  73.578751  85.594215  97.452347  107.441406  113.756256  115.380783  112.251404  105.599373  94.196251  82.076408  70.106094  58.498283  47.324844  36.996304 
 38.479164  49.492500  60.785782  72.315315  83.965309  95.286247  105.269379  111.386406  113.062027  109.997658  103.308594  92.234840  80.097031  68.688126  57.517189  46.712345  36.602970 
 36.879581  47.200001  57.955627  68.821877  79.494377  89.755310  98.808281  104.772812  106.503593  103.296249  96.476410  86.914688  76.058128  65.495468  55.012184  44.838593  35.247971 
 34.462444  43.560158  53.549217  63.370781  72.948753  81.689842  89.289063  94.424217  95.944534  93.505157  87.567184  79.285934  70.075935  60.670784  51.033440  41.480938  33.113853 
 32.499844  39.275467  48.015312  57.034531  65.498749  72.893280  79.106560  83.189377  84.439690  82.487190  77.597343  70.812500  63.046562  54.694534  45.859219  37.544064  31.214062 
 31.286095  35.240467  41.709843  49.587029  57.041092  63.448280  68.586876  71.814529  72.823128  71.159531  67.271561  61.757347  55.108124  47.673126  40.017967  33.724533  30.015156 
 29.684010  32.104431  35.557137  41.424324  47.850468  53.311409  57.668541  60.363487  61.093124  59.764328  56.597816  52.108795  46.392712  39.961456  34.214012  30.909321  28.670155 
 } 
 GR Channel
 {
 53.923386  58.611717  64.872604  74.415474  84.203545  92.379265  98.513390  102.140625  102.925262  101.090828  96.743172  90.274055  81.931152  72.267235  63.004059  57.258018  53.737183 
 57.216301  64.064842  74.828438  87.081093  98.270622  107.727188  115.053589  119.611877  120.985474  118.506256  113.257965  105.167816  95.344063  84.218285  72.381561  62.210938  55.983856 
 60.170937  71.350937  85.030785  98.740784  111.519066  122.572342  131.871246  137.870468  139.769226  136.662033  129.906097  120.010788  108.223122  95.567032  82.176720  68.822342  58.238388 
 64.334641  78.568596  93.934059  108.993904  123.347809  136.759995  148.343903  155.944687  158.317963  154.570313  146.229538  133.849838  119.884369  105.398750  90.549690  75.506096  61.890465 
 68.480621  84.516876  100.864059  117.181091  133.228592  148.829376  162.544373  171.072189  173.625153  169.651245  160.164063  145.934845  129.352966  113.177185  97.093285  80.882187  65.663017 
 71.426407  88.418282  105.522186  122.634369  140.091721  157.270935  171.907028  180.874069  183.302963  179.436722  169.645630  153.787811  135.887970  118.424530  101.546249  84.721565  68.197815 
 72.485992  89.835785  107.466248  124.953430  142.660934  160.575317  175.269531  184.448746  186.872025  182.928131  174.182190  157.885788  139.613754  121.532181  103.880470  86.131096  69.435883 
 71.462036  88.753906  105.959534  123.003433  140.426559  157.419998  172.052338  181.154373  183.582031  179.627350  170.782181  154.650787  136.471878  119.174530  101.991249  85.095779  68.649330 
 68.920525  85.219688  101.670311  117.840317  133.847656  149.241409  162.582809  171.309067  173.835464  169.669525  160.197189  146.109222  129.979065  113.900940  97.798904  81.910004  66.380829 
 64.839577  79.533752  94.847809  109.683441  123.938278  137.007965  148.371719  155.850159  158.145630  155.077972  146.609528  134.314850  120.593277  106.495155  91.636093  76.556404  62.754532 
 61.599846  72.775467  86.326561  99.872658  112.600311  123.666565  132.817963  138.896088  140.612503  138.023132  131.150162  121.220932  109.703125  96.996407  83.317970  69.993439  59.478432 
 59.149529  66.147659  76.407654  88.393127  99.712189  109.247498  116.776093  121.459213  123.007339  120.753754  115.106720  107.193436  97.290001  85.926247  73.936249  63.703903  57.339531 
 55.649948  60.504951  66.100777  75.520622  85.371773  93.448334  100.090462  104.063179  105.096718  103.252502  98.519012  92.036766  83.195831  73.415833  64.254585  58.742447  54.487869 
 } 
 GB Channel
 {
 54.677292  59.099785  65.487762  75.532768  85.265472  93.591362  100.003700  103.592186  104.479691  102.375313  98.133018  91.188179  82.757187  72.751297  63.510941  57.638077  53.911407 
 57.460625  64.563126  75.444221  87.914215  99.402344  108.957184  116.522659  121.115936  122.408432  119.842819  114.493439  106.101715  96.012184  84.731094  72.570938  62.243279  56.118073 
 60.112244  71.540779  85.500000  99.678436  112.529694  123.763748  133.178589  139.236725  141.162186  137.858597  130.958588  120.740463  108.740311  95.885941  82.207970  68.595940  58.010101 
 64.030418  78.574997  94.303123  109.683441  124.216721  137.733902  149.460785  157.053436  159.380463  155.534851  146.982346  134.470001  120.285309  105.617500  90.358910  75.081093  61.317551 
 67.892090  84.306252  100.992966  117.535782  133.837967  149.457962  163.126877  171.737503  174.504379  170.235626  160.630005  146.141098  129.466568  113.023438  96.612503  80.101410  64.677864 
 70.539223  87.958595  105.321716  122.590317  140.126877  157.308121  171.914536  180.889847  183.481247  179.418594  169.466721  153.552032  135.514847  117.892654  100.744377  83.619530  66.863068 
 71.294067  89.129059  106.960312  124.625473  142.247971  159.932037  174.613434  183.755005  186.215942  182.313278  173.447968  157.159378  138.827194  120.592026  102.724060  84.829689  67.823853 
 70.428070  87.863281  105.195000  122.320313  139.635162  156.522659  170.952499  179.989059  182.432816  178.433289  169.597961  153.514526  135.368286  117.877808  100.737030  83.595001  67.220421 
 67.971878  84.340622  100.831093  116.957184  132.790939  147.855316  161.089066  169.793747  172.425629  168.046249  158.803436  144.627350  128.554062  112.679840  96.381874  80.398903  64.846199 
 64.067291  78.604378  93.880157  108.573906  122.514694  135.437653  146.560471  154.046402  156.257187  153.122650  144.760620  132.570313  119.053757  104.959846  90.096718  75.120155  61.272446 
 60.861145  71.879059  85.311096  98.650467  111.136093  121.986877  130.908432  136.754379  138.585938  135.936722  129.187973  119.457809  107.945938  95.464378  81.889221  68.680939  58.164268 
 58.616508  65.205467  75.387184  87.267654  98.381721  107.824371  115.093124  119.816559  121.269058  118.930313  113.398438  105.575935  95.687965  84.469215  72.622185  62.470314  56.293648 
 55.204849  59.534843  65.138016  74.434952  84.191086  92.198967  98.628548  102.489479  103.659065  101.738228  97.055519  90.546768  81.988174  72.145264  63.026360  57.651138  53.485725 
 } 
 B Channel
 {
 35.210468  38.744633  43.381927  50.343178  57.362183  62.878174  67.138596  69.391098  69.988068  68.579582  65.775154  61.476509  55.603600  48.955826  42.327656  38.200108  36.217602 
 37.180470  42.228592  49.851715  58.556717  66.340935  72.819221  77.561722  80.402969  81.278282  79.595001  76.104530  70.752968  64.169220  56.555000  48.369530  41.157188  37.564274 
 39.219376  47.143124  56.786873  66.539688  75.281250  82.490471  88.657654  92.410782  93.567810  91.482498  87.158905  80.636719  72.855156  64.338593  55.159691  45.782032  39.088905 
 42.022186  52.100937  62.971405  73.337029  82.854218  91.591095  99.135780  103.996719  105.370003  103.109222  97.782188  89.760941  80.517967  70.946564  60.845940  50.393753  41.621250 
 44.779743  56.009529  67.489220  78.597656  89.162033  99.263596  108.162811  113.685944  115.323914  112.898743  106.892189  97.589531  86.683746  75.979378  65.082970  53.970314  44.331978 
 46.683697  58.597656  70.402031  81.816093  93.194687  104.420624  113.761246  119.662338  121.448914  119.092499  112.835938  102.373749  90.717499  79.185936  67.881248  56.280624  45.850204 
 47.211456  59.488129  71.480621  82.988907  94.481407  106.009377  115.579849  121.687347  123.542038  121.101868  115.406097  104.628441  92.785309  80.990623  69.197029  57.257034  46.561405 
 46.885468  58.711090  70.230782  81.499222  92.854691  103.851410  113.282028  119.266876  121.176407  118.900940  113.310776  102.893440  91.085159  79.515472  68.027031  56.496407  46.103695 
 45.231148  56.309059  67.343124  78.087967  88.443123  98.269218  107.020935  112.790466  114.907181  112.200943  106.216873  97.201408  86.676247  76.153282  65.313904  54.378906  44.433697 
 42.613331  52.377502  62.686562  72.533905  81.701408  90.156250  97.583595  102.689690  104.398125  102.586250  97.271095  89.413437  80.570000  71.230156  61.088753  50.812965  41.914009 
 40.319740  47.717030  56.876877  65.870468  74.244217  81.500938  87.574844  91.690628  93.079529  91.448128  87.281563  80.902191  73.199684  64.787498  55.488907  46.209217  39.561928 
 38.408440  42.953438  49.855156  57.935783  65.567032  72.113434  77.206879  80.523438  81.595627  80.205467  76.743126  71.506248  64.825623  57.106720  48.857971  41.735783  37.853073 
 35.852184  38.880104  42.552029  49.131821  55.942238  61.598022  66.287712  68.953438  69.533958  68.423180  65.580620  61.257500  55.329376  48.426514  41.979008  38.070988  35.453072 
 } 


 White Balance Data with optical Center Data
 r_center_x =  637 r_center_y =  491 
 gr_center_x =  646 gr_center_y =  492 
 b_center_x =  625 b_center_y =  491 
 gb_center_x =  633 gb_center_y =  471 
 r/gr 0.617039 
 b/gr 0.660051 
 gb/gr 0.996566 
 r_oc_ave 115.786667 
 b_oc_ave 123.857773 
 gr_oc_ave 187.648895 
 gb_oc_ave 187.004440 

 [AWB]
 RGr =  0.617039 
 BGr =  0.660051 
 GbGr =  0.996566 
 r_oc_ave =  115.786667 
 b_oc_ave =  123.857773 
 gr_oc_ave =  187.648895 
 gb_oc_ave =  187.004440 