 LEFT LENS SHADING DATA
 RED Channel
 {
 27.574116  30.059113  33.551613  39.517918  46.018383  51.601089  55.927711  58.425308  59.047966  57.897133  54.867134  50.195045  44.464638  38.248905  32.446404  29.086666  27.145832 
 29.278278  33.377655  39.937656  47.590000  55.029846  61.560471  66.825623  70.084061  71.037346  69.297340  65.644844  59.838593  53.158592  45.887032  38.184532  31.982498  28.618748 
 30.465466  37.302345  46.094845  55.016563  63.394997  71.108437  77.676247  82.078438  83.213905  81.022034  76.137810  69.166252  61.283127  52.911720  44.122971  35.844845  29.827969 
 32.932449  41.483906  51.513123  61.513748  71.220627  80.165779  88.290627  93.714218  95.230934  92.442497  86.320465  77.762032  68.504059  59.032967  49.295624  39.836250  31.945000 
 35.258076  44.998280  55.588440  66.661095  77.631096  87.989220  97.286407  103.574844  105.297653  102.126404  95.142029  85.261406  74.477814  63.740936  53.324844  43.065311  33.936562 
 36.750362  47.260155  58.119843  69.801407  81.853905  93.455467  103.315155  109.545311  111.282814  108.308281  101.125153  90.331253  78.469688  66.982658  55.844688  45.187187  35.380104 
 37.224739  47.984531  59.135315  70.885941  83.160782  95.190628  105.019379  111.153435  112.824371  110.046249  103.581718  92.454689  80.399216  68.444374  56.901718  45.767345  35.875053 
 36.347450  46.976406  57.979218  69.204529  80.806252  92.459373  102.193436  108.280937  109.890938  107.012970  100.586403  89.871094  78.050629  66.677498  55.567970  44.818127  35.300209 
 34.522190  44.404686  54.970001  65.526093  75.995781  86.222191  95.290627  101.176407  102.762810  99.669533  93.261719  83.997032  73.568909  63.258591  52.794846  42.719376  33.747707 
 32.177135  40.642345  50.378906  60.087967  69.260628  77.801094  85.429840  90.564529  92.037346  89.621872  83.960625  76.050781  67.291565  58.095627  48.581406  39.255783  31.578075 
 30.178596  36.344219  44.826096  53.599060  61.757813  68.871094  75.016876  79.016563  80.282188  78.419998  73.717346  67.325623  59.894218  51.816872  43.192657  35.165314  29.809479 
 29.022915  32.503750  38.496876  46.062500  53.220467  59.424530  64.283440  67.381409  68.427185  67.097969  63.373436  57.981560  51.733437  44.674217  37.338593  31.701717  28.949844 
 27.315414  29.802502  32.790623  38.242085  44.472759  49.653076  53.805527  56.214943  56.930107  55.806923  52.996353  48.686981  43.074688  37.209431  31.994633  29.496929  27.636929 
 } 
 GR Channel
 {
 52.649635  57.074631  62.884315  72.169174  82.005371  90.590988  97.069901  101.191513  102.471664  100.460518  96.182549  89.196198  80.526512  70.797447  61.720787  56.268387  52.762550 
 55.824631  62.518593  72.894531  84.848747  96.278908  106.494530  114.491562  119.565475  120.988754  118.540939  113.161087  104.680153  94.419220  83.013908  71.071404  61.142342  55.577553 
 58.088333  69.008751  82.609062  96.357971  109.427971  121.409378  131.485474  138.091095  139.958908  136.958755  129.872971  119.477814  107.174377  94.135941  80.444847  67.335938  57.508430 
 61.808334  75.480003  90.978752  106.406403  121.460785  135.494064  148.046875  156.320007  158.701248  154.839691  146.142502  133.378433  118.782806  103.934998  88.680779  73.787033  60.946404 
 65.410728  80.834061  97.312965  114.372498  131.427658  147.747192  162.010162  171.606247  174.259995  170.145782  160.111557  145.250000  128.378433  111.664841  95.184532  78.994843  64.411308 
 68.046303  84.437347  101.288437  119.279999  137.956406  156.153442  171.385468  180.830154  183.532806  179.597656  169.256088  153.037811  134.603745  116.700150  99.261093  82.409218  66.649429 
 68.624321  85.524529  102.692657  120.964539  139.930939  158.802963  174.158600  183.272186  185.858444  182.145309  173.288132  156.522812  137.865631  119.313751  101.114685  83.441872  67.612709 
 67.397507  83.974998  100.895157  118.398911  136.622650  154.896713  170.110931  179.261246  181.637650  177.957031  169.115936  152.943756  134.374847  116.402817  98.913284  81.961876  66.415207 
 64.486977  80.131561  96.415001  112.906723  129.432037  145.805466  159.968903  169.099686  171.559067  167.298752  158.033127  143.834534  127.364380  110.943596  94.392029  78.446877  64.096870 
 60.611877  74.294373  89.407341  104.614845  119.109375  132.807816  144.714996  152.840149  155.265152  151.877182  143.609222  131.355316  117.302811  102.916718  87.841095  73.049530  60.725578 
 57.465988  67.688278  80.952187  94.734840  107.504532  118.749069  128.370316  134.800308  136.777817  134.177505  127.226868  117.244217  105.714378  92.879219  79.303436  66.710472  57.714844 
 55.271614  61.562653  71.165154  82.978439  94.292030  103.824997  111.227814  116.279068  117.994064  115.946716  110.305466  102.282654  92.450935  81.336090  69.874687  60.891876  56.071045 
 52.029114  56.887451  61.862450  70.565514  80.231400  88.254997  94.608223  98.234901  99.504898  97.782349  93.645676  86.953278  78.493439  69.320465  61.152603  56.842293  53.395210 
 } 
 GB Channel
 {
 53.262863  57.654945  63.486458  72.976822  83.084328  91.538330  98.447762  102.364220  103.452187  101.638435  96.885986  89.826454  81.099007  71.070572  61.856461  56.354378  53.107704 
 56.359940  62.998909  73.530624  85.635780  97.284531  107.541252  115.634216  120.709839  122.122192  119.610931  114.048279  105.290627  94.826721  83.227028  71.091873  61.166878  55.671875 
 58.366043  69.350624  83.175629  97.154846  110.459846  122.363586  132.650787  139.307037  141.212814  138.022812  130.832962  120.139221  107.616722  94.401718  80.427185  67.245155  57.439529 
 61.863121  75.840622  91.561249  107.305779  122.586090  136.642029  149.245316  157.744537  160.063904  156.085312  147.076096  133.956726  119.269684  104.220627  88.588753  73.471092  60.669220 
 65.530151  81.175781  97.996246  115.237976  132.536087  148.893280  163.153275  172.884216  175.581879  171.183289  160.951874  145.841873  128.656723  111.735466  94.997810  78.570625  63.899788 
 67.960571  84.710785  101.815155  119.994537  138.829376  156.997650  172.187805  181.710938  184.587967  180.414841  169.867661  153.540161  134.984848  116.647812  99.035309  81.957184  66.299278 
 68.474319  85.754532  103.190781  121.557190  140.554062  159.413284  174.707809  183.865311  186.641556  182.703751  173.548752  156.724060  137.959534  119.185318  100.709061  82.886566  66.881981 
 67.190315  84.194061  101.309998  118.920944  137.159683  155.214371  170.600159  179.827347  182.291412  178.446243  169.311249  153.048752  134.357651  116.285782  98.483749  81.434845  65.837975 
 64.393280  80.338905  96.770309  113.344223  129.864059  146.121094  160.242493  169.405319  172.040619  167.577972  158.326721  143.929993  127.244370  110.745316  94.133278  78.094376  63.491875 
 60.816460  74.530624  89.888748  105.034843  119.508286  133.042496  144.854691  153.052032  155.524689  152.001556  143.502975  131.287811  117.247192  102.606560  87.476715  72.638908  60.455368 
 57.768280  67.903908  81.272659  95.085785  107.855469  118.903748  128.429062  134.884689  136.914215  134.241089  127.090469  117.145157  105.433907  92.567345  78.983284  66.306877  57.643951 
 55.720055  61.712341  71.373596  83.285004  94.496246  103.966721  111.517815  116.535782  118.206879  116.019836  110.302658  102.132965  92.236092  81.152031  69.606407  60.729378  56.032715 
 52.797554  57.215881  62.105049  70.800415  80.457497  88.511925  94.672813  98.615578  99.828125  98.140472  93.599533  86.877350  78.298386  69.088913  61.024948  56.887283  53.781044 
 } 
 B Channel
 {
 35.831196  38.736198  42.689217  49.372650  56.410362  62.528648  67.327972  70.186356  70.925468  69.601097  66.786667  61.937759  55.796196  48.619278  41.954533  37.960884  35.796303 
 38.221195  42.953907  50.287346  58.649529  66.506409  73.317810  78.929840  82.465935  83.562347  82.022972  78.337502  72.491722  65.446404  57.407188  48.778908  41.643593  38.144634 
 39.760525  47.693436  57.425156  66.984375  75.807503  83.671562  90.213905  94.720940  96.308746  94.318748  89.677498  82.706253  74.340469  65.283905  55.596878  46.320313  39.873646 
 42.418018  52.332184  63.431404  74.015472  84.122498  93.222809  101.227654  106.747345  108.461090  106.294533  100.542503  92.017502  82.230469  72.070465  61.407341  51.032654  42.573284 
 45.097031  56.115158  67.677032  79.367500  90.632965  101.365471  110.473434  116.523743  118.382187  116.028748  109.573753  99.873123  88.523590  77.161247  65.826248  54.669846  45.142971 
 46.772030  58.490158  70.204216  82.366875  94.726563  106.626564  116.487183  122.397507  124.002502  121.588913  115.251251  104.575310  92.497658  80.395470  68.467033  56.930779  46.723911 
 47.106564  59.114059  71.007660  83.316559  95.760468  108.130623  117.999527  123.805786  125.361557  122.896088  117.223755  106.327972  94.309219  81.993591  69.680313  57.589691  47.231770 
 46.115681  58.035469  69.823753  81.609688  93.574219  105.513435  115.256714  121.224060  122.623444  120.109848  114.515472  104.118279  92.075935  80.179375  68.147499  56.548439  46.511349 
 44.017704  55.251877  66.695313  78.008125  88.929222  99.376717  108.690628  114.334534  116.004532  113.084686  107.081253  97.999687  87.418747  76.593903  65.255470  54.207657  44.685780 
 41.296356  51.055939  62.003441  72.435158  82.139999  91.059372  98.597031  103.843750  105.240311  103.100311  97.684059  89.844841  80.833748  71.204216  60.680313  50.371559  42.280312 
 38.924686  46.265938  55.936096  65.581253  74.368752  81.863594  87.953438  91.862190  93.181877  91.522659  87.102814  80.656715  72.915627  64.214691  54.653435  45.787033  40.041409 
 37.220783  41.702656  48.796722  57.396408  65.207184  71.754845  76.755783  79.832031  80.857346  79.595779  76.172028  70.582809  63.866722  56.139999  47.859062  41.511093  38.767136 
 35.353279  39.127861  43.059010  49.477036  56.535522  62.330048  66.619316  69.236824  69.924217  68.832237  65.884331  61.302811  55.096924  48.322090  42.281563  39.339218  37.426300 
 } 


 White Balance Data with optical Center Data
 r_center_x =  641 r_center_y =  474 
 gr_center_x =  644 gr_center_y =  454 
 b_center_x =  645 b_center_y =  472 
 gb_center_x =  616 gb_center_y =  468 
 r/gr 0.606874 
 b/gr 0.675067 
 gb/gr 1.004073 
 r_oc_ave 113.240005 
 b_oc_ave 125.964447 
 gr_oc_ave 186.595551 
 gb_oc_ave 187.355560 

 [AWB]
 RGr =  0.606874 
 BGr =  0.675067 
 GbGr =  1.004073 
 r_oc_ave =  113.240005 
 b_oc_ave =  125.964447 
 gr_oc_ave =  186.595551 
 gb_oc_ave =  187.355560 