 LEFT LENS SHADING DATA
 RED Channel
 {
 26.162552  28.441299  31.743698  37.517185  43.597965  48.933228  53.023438  55.352966  56.140312  54.984947  52.225578  47.761662  42.445362  36.406822  30.877449  27.690990  25.796406 
 27.652138  31.267345  37.578907  45.068436  52.218597  58.410309  63.359688  66.564842  67.370316  65.812653  62.329529  56.986252  50.616409  43.529530  36.197655  30.283279  27.003071 
 28.965313  35.375313  43.683594  52.591248  60.827034  68.123283  74.282501  78.436249  79.643906  77.602654  73.015625  66.320778  58.667969  50.672501  42.120312  34.120625  28.167709 
 31.271198  39.885155  49.480782  59.329376  68.749847  77.545158  85.074371  90.396721  92.002815  89.449532  83.634689  75.301720  66.250778  56.962502  47.479374  38.308594  30.301300 
 33.836094  43.654221  54.155785  64.909218  75.481873  85.763908  94.812347  100.804535  102.684219  99.734840  93.087814  83.297653  72.598434  62.271561  51.855469  41.822968  32.666508 
 35.736771  46.348438  57.402496  68.770309  80.557816  92.013596  101.755936  108.030624  109.739220  106.838905  99.667343  89.076248  77.314842  65.896873  54.896248  44.410782  34.378490 
 36.472607  47.505936  58.893593  70.665627  82.792816  94.630936  104.519379  110.821404  112.627502  109.734375  103.040314  92.039375  79.807190  68.124062  56.492813  45.425625  35.182709 
 36.138592  46.909218  58.036720  69.663597  81.464691  92.728127  102.483749  108.888596  110.547501  107.582184  100.934845  90.160156  78.169060  66.772659  55.687653  44.897186  34.815521 
 34.729271  44.654686  55.510468  66.526405  77.357346  87.569061  96.504684  102.717499  104.363281  101.406563  94.490784  84.862503  74.240623  63.684219  53.201561  42.972187  33.502186 
 32.404690  41.319687  51.316093  61.486717  70.988594  79.822968  87.472969  92.640160  94.189690  91.783592  85.864845  77.620316  68.300316  58.955780  49.155785  39.717499  31.408337 
 30.619324  37.373280  46.131405  55.139374  63.719688  71.200623  77.478592  81.591721  82.779999  80.752655  75.989685  69.233437  61.434685  53.073906  44.207657  35.801876  29.566460 
 29.785675  33.684219  40.002655  47.888439  55.454063  61.929062  67.042969  70.232658  71.222809  69.719376  65.899063  60.363281  53.627190  46.222187  38.517654  32.192970  28.626507 
 28.512760  30.897343  34.111195  39.835938  46.473644  51.790306  56.228600  59.038284  59.738647  58.605629  55.587814  51.063904  45.210106  38.733021  32.830364  29.332760  27.147343 
 } 
 GR Channel
 {
 50.706772  55.282188  60.768593  69.891571  79.428955  87.776253  94.144737  97.998383  99.416191  97.880989  93.792870  87.254265  78.713280  69.378960  60.594215  55.256775  51.907188 
 53.660515  60.159691  70.154221  81.996559  93.365623  103.122498  110.599533  115.932343  117.523911  115.292038  110.156403  102.193436  92.267654  81.045624  69.339844  59.713440  54.115517 
 56.252235  66.734528  79.851563  93.602501  106.814842  118.362350  127.921402  134.624847  136.804382  134.019058  127.349533  117.259064  105.273285  92.422966  78.899376  66.102966  56.081093 
 59.902550  73.653595  88.600784  104.010002  118.860306  132.970932  144.817963  153.190933  156.081100  152.658279  144.304993  131.639069  117.254837  102.447502  87.493591  72.812035  59.723495 
 63.771820  79.400780  95.577187  112.192505  128.956253  145.332184  159.572968  168.975632  172.169998  168.415939  159.058289  144.029068  127.216095  110.775154  94.388435  78.396408  63.568283 
 66.670319  83.344063  100.441872  117.903748  136.182037  154.465622  169.779221  179.543121  182.358902  178.736725  168.787506  152.673126  134.282654  116.392349  99.010628  82.362343  66.168800 
 67.766510  84.984222  102.351097  120.638443  139.294998  158.059372  173.762497  183.357025  186.019226  182.418274  173.189682  156.853592  138.079056  119.808121  101.468437  83.829689  67.359688 
 67.214790  83.844376  101.078278  118.782806  137.272964  154.952652  170.442810  180.328430  183.048126  179.059525  169.877808  153.799225  135.113281  117.287811  99.807343  82.784378  66.588120 
 64.979897  80.604065  97.172501  114.174683  130.958755  147.264374  161.389221  170.670151  173.590622  169.737350  159.930313  145.460785  128.738281  112.254684  95.773438  79.629997  64.344589 
 61.258484  75.273285  90.679222  106.337029  121.109222  135.081253  147.109528  155.028275  157.479996  154.542191  146.262024  133.809692  119.286087  104.617500  89.327660  74.458595  60.934639 
 58.165833  69.186249  82.809372  96.773438  109.960312  121.613281  131.293121  137.714691  139.720001  137.086243  130.346878  120.242340  108.219528  95.142654  81.240936  68.130470  57.812759 
 56.199844  63.126717  73.228279  85.376091  97.031876  106.950310  114.957336  119.802811  121.445618  119.419693  114.064224  105.792030  95.597656  84.069221  71.982185  61.949844  55.808388 
 53.091927  58.105682  63.762650  72.575058  82.642288  91.000320  97.460884  101.692398  103.138542  101.553429  97.299004  90.500992  81.713280  71.956093  62.692604  57.237968  53.164223 
 } 
 GB Channel
 {
 51.859848  56.046097  61.784012  71.015572  80.595779  89.156616  95.222504  99.244377  100.349007  98.793488  94.547554  87.768440  79.082710  69.521202  60.583435  55.379166  52.140419 
 54.324425  60.837967  71.000465  83.047028  94.550156  104.398903  111.989998  117.125626  118.579224  116.199524  110.901093  102.633438  92.484375  81.136406  69.344688  59.581253  54.122086 
 56.596039  67.308128  80.696716  94.821716  108.016876  119.700470  129.123749  135.780945  137.770309  134.748123  128.051407  117.706558  105.529373  92.422188  78.762032  65.753281  55.705986 
 60.133751  74.160004  89.432503  105.155312  120.192032  134.117813  145.938599  154.308441  157.082809  153.575150  145.010468  131.938126  117.489380  102.421562  87.203278  72.267502  59.029167 
 63.809586  79.757500  96.307030  113.254211  130.139694  146.455307  160.478745  169.824371  172.891403  169.038437  159.210007  144.103592  127.205002  110.454216  93.718124  77.550934  62.662193 
 66.570366  83.508904  100.893440  118.613754  136.993744  155.024216  170.225006  179.773911  182.422180  178.701569  168.520004  152.272507  133.858124  115.786087  98.172653  81.322655  65.022034 
 67.563019  84.925934  102.586563  120.957184  139.603912  158.125000  173.553589  183.050629  185.662659  181.871719  172.484222  156.075943  137.349213  118.934525  100.391563  82.688438  66.120934 
 66.990891  83.723595  101.066559  119.073593  137.334061  154.779694  169.844528  179.574371  182.298279  178.080933  168.837814  152.596558  134.111099  116.129532  98.532967  81.480156  65.353287 
 64.524948  80.342659  96.968750  114.077026  130.680313  146.619690  160.404221  169.619064  172.332504  168.541870  158.504059  144.004211  127.336411  110.943283  94.404221  78.279533  63.092651 
 60.834320  75.045784  90.437187  106.037033  120.589691  134.285934  145.759995  153.503601  156.039993  152.906876  144.473129  132.204529  117.807190  103.142189  87.922966  73.109688  59.846771 
 57.900421  68.838753  82.446091  96.172813  109.111092  120.448441  129.843903  136.054840  137.956726  135.295319  128.465775  118.432968  106.627502  93.610626  79.877029  66.833595  56.858803 
 56.088440  62.770935  72.786247  84.742966  96.146408  105.893906  113.496399  118.263123  119.834061  117.729218  112.280624  104.074844  94.036720  82.707497  70.701096  60.824684  54.875107 
 52.927185  57.795525  63.217087  72.210678  82.024117  90.086617  96.596199  100.456879  101.708229  100.301933  95.859383  89.147545  80.445259  70.614578  61.577553  56.057190  52.299271 
 } 
 B Channel
 {
 33.971928  37.383595  41.764008  48.543800  55.506927  61.603172  66.255730  68.771622  69.668800  68.462341  65.610359  61.098442  55.124840  48.323128  41.763435  37.698696  35.750362 
 35.626511  40.366718  47.639217  56.168594  64.104218  70.956718  76.147812  79.446404  80.201096  78.801720  75.468903  70.277191  63.436722  55.575623  47.233437  40.168907  36.637447 
 37.492550  45.031094  54.527031  64.284691  73.332657  81.184219  87.499847  91.636871  92.839218  91.038437  86.842499  80.270157  72.299377  63.483284  53.944847  44.686249  38.215836 
 40.017452  49.937653  60.612656  71.387184  81.401878  90.631561  98.467186  103.663597  105.329842  103.257034  97.951721  89.590935  80.131409  70.161560  59.846092  49.255936  40.688854 
 42.599689  53.843437  65.274063  76.798279  87.957970  98.556252  107.665001  113.641556  115.699066  113.262970  107.220940  97.373123  86.470940  75.477966  64.305000  53.223122  43.457710 
 44.589008  56.514221  68.382034  80.332970  92.459061  104.052811  113.925781  120.235779  122.082657  119.649368  113.074066  102.610001  90.730621  79.035004  67.419060  55.889061  45.346149 
 45.442921  57.555000  69.723282  82.036560  94.267029  106.132187  115.998749  122.284225  124.171249  121.713120  115.604691  104.840935  92.723595  81.091095  68.976563  56.917030  46.194324 
 44.986462  56.860626  68.941093  80.907814  92.741409  104.042969  113.884064  120.050003  121.847031  119.190475  113.355469  103.076408  91.242813  79.604218  67.980782  56.295784  45.789326 
 43.377132  54.771095  66.321716  77.837029  88.774216  99.112343  108.063278  113.732971  115.430939  112.873596  106.683907  97.685471  87.086403  76.530312  65.441254  54.145622  44.137707 
 40.940937  51.203438  62.073441  72.611717  82.391876  91.246094  98.670624  103.509689  104.920158  103.066406  97.891876  90.147186  81.024841  71.550629  61.165939  50.608437  41.635521 
 38.988075  46.822033  56.459221  66.145935  74.902969  82.313591  88.290779  92.276405  93.480156  91.844063  87.654999  81.355156  73.713753  65.096718  55.475471  46.107033  39.241825 
 37.515518  42.448437  49.754997  58.088593  66.003128  72.607185  77.598282  80.683441  81.688278  80.518753  77.196251  71.918121  65.225937  57.390472  48.840469  41.645470  37.797344 
 35.153854  38.814270  42.761665  49.179634  56.216873  61.891357  66.314323  68.916351  69.948906  68.932503  66.318329  61.816460  55.851768  48.829010  42.183178  38.148174  35.504845 
 } 


 White Balance Data with optical Center Data
 r_center_x =  645 r_center_y =  471 
 gr_center_x =  644 gr_center_y =  472 
 b_center_x =  624 b_center_y =  496 
 gb_center_x =  633 gb_center_y =  465 
 r/gr 0.604240 
 b/gr 0.666532 
 gb/gr 0.997288 
 r_oc_ave 112.866669 
 b_oc_ave 124.502228 
 gr_oc_ave 186.791107 
 gb_oc_ave 186.284439 

 [AWB]
 RGr =  0.604240 
 BGr =  0.666532 
 GbGr =  0.997288 
 r_oc_ave =  112.866669 
 b_oc_ave =  124.502228 
 gr_oc_ave =  186.791107 
 gb_oc_ave =  186.284439 