 LEFT LENS SHADING DATA
 RED Channel
 {
 28.430573  30.761410  34.588020  40.830204  47.415882  53.044426  57.621399  60.140366  60.659584  59.272133  56.238182  51.475983  45.538700  39.100101  33.256092  29.866562  27.814476 
 30.315155  34.065781  40.875938  49.126877  56.872345  63.696716  69.030785  72.428909  73.175003  71.234840  67.290466  61.464531  54.432655  46.822189  38.946720  32.659061  29.189476 
 31.799633  38.427345  47.368282  56.896873  65.843597  73.877342  80.591873  84.848282  85.884842  83.360626  78.281250  70.939690  62.687653  54.065781  44.852970  36.532501  30.253330 
 34.066978  43.130314  53.263908  63.698906  73.960785  83.573441  91.585785  97.131409  98.561096  95.542656  88.903595  79.887810  70.111092  60.361717  50.238907  40.515938  32.310936 
 36.294949  46.761406  57.821564  69.116249  80.800316  91.747032  101.171875  107.391251  109.044060  105.506096  98.054375  87.634529  76.225471  65.238281  54.255470  43.778439  34.524273 
 38.022503  49.186249  60.816559  72.762032  85.232658  97.368904  107.515938  113.764069  115.221558  111.978592  104.296875  92.830627  80.296722  68.419685  56.882965  45.883282  35.835571 
 38.615524  49.832184  61.904686  74.214378  86.913284  99.298279  109.553123  115.701569  117.229065  114.135941  106.951874  95.136566  82.199219  69.938751  57.857033  46.542656  36.334114 
 38.068752  48.828751  60.611404  72.559059  84.717499  96.634377  106.737343  113.007339  114.438751  111.293594  104.152809  92.463127  79.872032  68.049217  56.606720  45.750938  35.724689 
 36.300312  46.437813  57.318283  68.713593  79.757813  90.432655  99.606720  105.574532  107.175934  103.955467  96.699219  86.451874  75.268280  64.445160  53.693596  43.384689  34.346771 
 33.866043  42.718124  52.669533  62.911247  72.711876  81.777031  89.452347  94.690628  96.076561  93.352188  87.119377  78.527969  68.815155  59.188278  49.336563  39.896095  31.845882 
 31.773075  38.343281  46.967968  56.077034  64.695465  72.235626  78.499062  82.705940  83.741722  81.607498  76.495003  69.622345  61.507034  52.912033  43.972500  35.764687  29.988018 
 30.695934  34.358437  40.588123  48.369530  55.822029  62.400002  67.454216  70.560623  71.470314  69.811722  65.789841  60.146561  53.332031  45.711250  38.031719  31.993439  28.824268 
 28.852184  31.325523  34.406040  40.029324  46.408901  51.612076  56.154434  58.540627  59.258644  58.153587  54.902138  50.165726  44.330990  37.932915  32.343594  29.183853  26.966354 
 } 
 GR Channel
 {
 53.117760  57.984848  64.245827  73.937508  83.728645  92.124588  98.519997  102.307030  103.487709  101.683701  97.513382  90.964432  82.321770  72.737236  63.572136  58.058022  54.265938 
 57.189842  63.864220  74.471252  86.856247  98.280312  108.293747  115.997498  121.148911  122.393127  119.888901  114.768600  106.644218  96.492188  85.125778  73.071091  63.054688  57.360939 
 59.984741  70.873283  84.410309  98.508278  111.643280  123.440475  133.207962  139.616714  141.524841  138.229691  131.590942  121.416718  109.381561  96.506721  82.529686  69.306091  59.231300 
 63.827087  77.927498  93.239059  108.576248  123.599533  137.749695  149.646881  157.883118  160.400467  156.472961  147.949371  135.173599  120.873276  106.230156  90.977341  75.794998  62.662918 
 67.492027  83.516403  99.918594  116.559219  133.580627  149.823288  163.800476  172.919693  175.799683  171.500153  161.816101  147.263901  130.395462  113.904526  97.422653  81.144684  66.329277 
 70.151978  87.110313  104.282341  121.711563  139.836563  157.951096  172.944382  182.205002  184.717651  180.905945  170.965775  155.153122  136.855774  118.924225  101.614685  84.645935  68.737190 
 70.914902  88.111565  105.807503  123.681870  142.139221  160.592651  175.877502  184.972504  187.487976  183.770004  174.891556  158.630936  140.006409  121.519836  103.323280  85.699997  69.457085 
 70.087234  86.605782  103.916878  121.179993  139.081100  156.764999  172.073593  181.294846  183.814682  180.088593  171.107819  155.039688  136.399216  118.471405  101.289528  84.505157  68.535362 
 67.238335  82.942497  99.176247  115.789215  132.192184  148.325943  162.271561  171.435944  174.152496  170.189224  160.530945  146.217026  129.464844  113.086090  96.896095  80.887344  66.092972 
 63.403748  77.258751  92.152191  107.482185  121.913757  135.601410  147.507339  155.358749  158.196243  154.810623  146.413132  134.287033  119.909683  105.155472  90.116722  75.377342  62.355469 
 59.947968  70.586090  83.832344  97.429688  110.332497  121.733902  131.324524  137.722656  139.855621  137.054993  130.134216  120.496719  108.530624  95.370941  81.717812  68.813278  59.130989 
 57.767136  64.231094  74.070625  85.802971  97.026566  106.899216  114.607819  119.533752  121.084381  119.114380  113.543747  105.693436  95.583748  84.153435  72.169060  62.611092  57.324219 
 54.011307  58.979225  64.088959  72.659424  82.386978  90.367348  97.021553  100.863747  102.005623  100.573540  96.248756  89.718437  81.005836  71.375519  62.606560  57.639221  54.189636 
 } 
 GB Channel
 {
 53.091408  57.698074  64.071930  73.809685  83.536560  92.017448  98.526459  102.177391  103.262398  101.249275  96.986778  90.073959  81.471771  71.678963  62.509171  56.977081  53.251671 
 56.969742  63.565781  74.225471  86.659691  98.110313  108.036407  115.739380  120.684067  121.781555  119.135941  113.674683  105.448128  95.357185  83.974373  71.952499  61.974998  56.322502 
 59.654167  70.533752  84.183281  98.313591  111.433907  123.176712  132.769836  139.025620  140.655777  137.260162  130.309845  120.088593  108.013435  95.078125  81.105003  68.007965  57.989014 
 63.189537  77.500153  92.960625  108.311096  123.428909  137.402817  149.167191  157.158432  159.454224  155.467026  146.507187  133.603912  119.371399  104.658127  89.401093  74.287346  61.210052 
 66.814590  82.879997  99.502655  116.285309  133.194534  149.423752  163.139374  172.381256  174.969849  170.423279  160.537338  145.599213  128.820465  112.216095  95.614998  79.405159  64.571198 
 69.342453  86.448906  103.768906  121.364212  139.594849  157.505463  172.262024  181.426712  183.945007  179.747650  169.579056  153.558594  135.112656  117.178284  99.811562  82.852654  66.816612 
 70.129166  87.370003  105.286247  123.366714  141.814850  160.154526  175.217819  184.080627  186.730621  182.622345  173.494995  156.927032  138.343597  119.659531  101.530159  83.951096  67.607132 
 69.341873  85.971878  103.410782  120.884689  138.742493  156.347656  171.529694  180.646255  183.037338  179.024368  169.883743  153.591873  134.803589  116.843903  99.545784  82.801720  66.791092 
 66.738953  82.400627  98.727501  115.600464  132.010620  148.134369  161.840149  170.929688  173.544373  169.344055  159.562500  144.990936  128.169525  111.638123  95.333435  79.368904  64.474953 
 62.867554  76.868591  91.846405  107.266090  121.788437  135.488129  147.197342  155.065628  157.585632  154.225937  145.469055  133.175629  118.609222  103.820938  88.787033  74.016090  61.007973 
 59.573807  70.254845  83.509216  97.275940  110.214844  121.552963  131.040466  137.345779  139.307037  136.490463  129.252502  119.448593  107.383438  94.194687  80.571251  67.657967  57.998596 
 57.796883  64.124374  73.984528  85.700623  97.069847  106.839218  114.537811  119.468277  120.831253  118.706253  113.023743  104.935310  94.629997  83.149841  71.243279  61.693283  56.540993 
 54.406876  59.074791  64.153496  72.846039  82.334221  90.506096  97.216148  101.166824  102.257500  100.780830  96.055420  89.262398  80.387085  70.596718  61.838074  56.951820  53.519737 
 } 
 B Channel
 {
 34.326252  37.522083  41.941769  49.019585  56.268440  62.216042  66.873329  69.419685  70.139374  68.670631  65.865784  61.106300  55.003075  48.133797  41.519215  37.576408  35.277657 
 37.179169  41.808750  49.297188  58.097504  66.364685  73.453125  78.751251  82.072189  82.825623  81.093124  77.341408  71.809845  64.722031  56.804840  48.326096  41.257030  37.662655 
 39.201874  46.814377  56.334686  66.303596  75.511253  83.727188  90.269379  94.408905  95.603905  93.324066  88.678596  81.716873  73.555466  64.557503  54.915627  45.735939  39.296772 
 41.945625  51.739372  62.696877  73.168594  83.461876  93.128906  101.042503  106.456253  107.948128  105.406563  99.467033  90.823753  81.314529  71.279846  60.838753  50.381561  41.699894 
 44.456356  55.539688  67.141090  78.645470  89.924690  100.782028  109.971718  116.112976  117.970306  115.006256  108.463127  98.589378  87.406403  76.391876  65.125778  54.033440  44.348438 
 46.178799  57.893593  69.990158  81.878281  93.929375  105.651093  115.600784  121.810318  123.550476  120.934845  114.210938  103.488281  91.315155  79.464691  67.781097  56.321251  45.857914 
 46.804066  58.534065  70.707970  83.026718  95.084846  107.102501  117.042816  123.131714  125.195465  122.592346  116.415787  105.350471  93.139847  80.966095  68.844376  56.971565  46.605732 
 46.192139  57.468597  69.390160  81.320625  93.028908  104.550156  114.256256  120.472961  122.389374  120.026093  114.090942  103.370781  91.006561  78.981873  67.376717  56.152344  45.940472 
 44.125050  54.929840  66.272346  77.697342  88.589996  98.869530  107.788437  113.669693  115.578278  113.353745  107.060936  97.632347  86.541718  75.487816  64.451408  53.650940  44.115520 
 41.386669  51.107498  61.497032  72.118752  81.774216  90.667656  97.965469  102.992340  104.760468  103.029060  97.665627  89.811249  80.208435  70.232498  59.856720  49.861092  41.506306 
 38.993332  46.387501  55.620468  65.013123  73.869064  81.414063  87.435783  91.466560  92.878906  91.312187  86.994377  80.603127  72.607346  63.558907  53.994690  45.159218  39.269428 
 37.338020  41.828438  48.726410  56.905624  64.758751  71.442497  76.468285  79.495468  80.466408  79.433907  76.015625  70.722809  63.723434  55.788437  47.359531  40.727657  37.884533 
 34.873020  38.334270  42.037029  48.042709  54.771667  60.407089  64.959320  67.369431  68.173279  67.349953  64.586456  60.049896  54.015938  47.066349  40.772240  37.514114  35.776611 
 } 


 White Balance Data with optical Center Data
 r_center_x =  626 r_center_y =  475 
 gr_center_x =  629 gr_center_y =  488 
 b_center_x =  642 b_center_y =  477 
 gb_center_x =  637 gb_center_y =  458 
 r/gr 0.624604 
 b/gr 0.667761 
 gb/gr 0.995417 
 r_oc_ave 117.520004 
 b_oc_ave 125.639999 
 gr_oc_ave 188.151108 
 gb_oc_ave 187.288895 

 [AWB]
 RGr =  0.624604 
 BGr =  0.667761 
 GbGr =  0.995417 
 r_oc_ave =  117.520004 
 b_oc_ave =  125.639999 
 gr_oc_ave =  188.151108 
 gb_oc_ave =  187.288895 