 LEFT LENS SHADING DATA
 RED Channel
 {
 28.082497  30.310001  34.276302  40.407398  46.742290  52.301147  56.502029  59.058548  59.748283  58.360992  55.393951  50.876770  45.265415  38.882446  33.033699  29.478386  27.641304 
 30.045830  33.747501  40.528595  48.435310  55.991875  62.405312  67.522659  70.770622  71.695160  69.792030  66.025627  60.340935  53.753754  46.440155  38.710155  32.421093  29.045052 
 31.742500  38.314999  46.915314  56.006561  64.577812  72.080627  78.480782  82.689529  83.925781  81.592659  76.592033  69.595940  61.651405  53.422028  44.729843  36.407970  30.383175 
 34.323387  43.099842  52.894379  62.637810  72.463753  81.423126  89.282814  94.602966  95.977966  93.177032  86.844841  78.287346  68.986877  59.556252  49.948906  40.545155  32.584949 
 36.902344  46.934219  57.595154  68.319847  79.149216  89.619530  98.683281  104.729843  106.265778  102.959373  95.853592  85.870941  75.007813  64.449371  54.101715  43.910938  34.777603 
 38.781300  49.494843  60.794060  72.051247  83.933594  95.426247  105.242340  111.305000  112.864532  109.642029  102.215622  91.206879  79.251564  67.933441  56.938278  46.328281  36.509323 
 39.349270  50.359688  62.082809  73.917969  85.667191  97.562653  107.425156  113.651093  115.124069  111.936249  104.907341  93.663437  81.493439  69.669060  58.139374  47.102657  37.215363 
 38.593956  49.573128  60.770935  72.308594  83.947968  95.073906  104.836250  111.047813  112.540939  109.359375  102.441559  91.368126  79.432655  68.139847  57.016403  46.326561  36.581978 
 36.620621  47.036877  57.827034  68.601715  79.299690  89.289841  98.134529  104.009842  105.792969  102.222031  95.491249  85.709061  75.098434  64.932190  54.365784  44.234062  34.922813 
 33.814587  43.217499  53.218437  63.071716  72.526718  81.139061  88.546249  93.598122  94.845627  92.264534  86.239220  78.132347  69.009529  59.825623  50.142342  40.646873  32.659794 
 31.890003  38.741249  47.598595  56.473907  64.829529  72.180000  78.169533  81.958122  83.092499  80.971878  76.102814  69.524376  61.904373  53.702347  44.866405  36.560158  30.821613 
 30.897758  34.611717  41.167187  48.972343  56.248909  62.602341  67.625000  70.673904  71.445938  69.935310  65.964066  60.500778  53.912186  46.611095  38.815468  32.763748  29.832081 
 29.328594  31.625679  35.005520  40.962551  47.296619  52.575462  56.910004  59.449944  60.042610  58.683228  55.611137  51.196823  45.290939  38.997131  33.280678  30.352917  28.368748 
 } 
 GR Channel
 {
 51.939323  56.253899  62.638489  72.034691  81.755516  90.090515  96.322807  100.519424  101.650993  99.914116  95.767815  89.347343  80.792084  71.167503  62.093857  56.574638  53.034637 
 55.740578  62.099533  72.664528  84.753441  96.354691  106.092186  113.866562  118.927963  120.588287  118.256409  113.096558  104.696716  94.758751  83.471252  71.663437  61.623596  55.933800 
 58.692245  69.277031  82.398750  96.224998  109.565941  121.300781  131.057663  137.479065  139.626556  136.699997  129.776093  119.566879  107.523125  94.812187  81.243126  68.178123  58.147293 
 62.775627  76.521873  91.209534  106.139221  121.307190  135.366562  147.647964  155.855164  158.428757  154.586243  145.985306  133.530319  119.095001  104.534378  89.599533  74.728592  61.771309 
 66.637085  82.214996  98.115936  114.402649  131.143600  147.495789  161.792816  171.227661  173.796722  169.620468  159.912964  145.311722  128.609070  112.190933  96.184845  80.053909  65.319115 
 69.170105  85.878441  102.632187  119.638748  137.726868  155.658752  171.420944  180.647812  183.305313  179.413132  169.344528  153.345306  135.147339  117.423279  100.295471  83.695465  67.949013 
 70.061928  86.886719  104.478752  122.212341  140.266876  158.883911  174.474380  184.067184  186.539841  182.637344  173.479538  157.262192  138.744537  120.439529  102.350159  84.817184  69.009689 
 68.916611  85.651405  102.645157  120.062805  137.920944  155.577194  170.713745  180.450775  183.131561  179.255157  170.193756  154.071716  135.715149  118.070313  100.528748  83.653435  67.895935 
 65.883331  81.970001  98.285622  114.898438  131.583908  147.331558  161.184692  170.271713  173.240463  168.913589  159.589371  145.532181  129.105621  112.909683  96.411407  80.353752  65.405838 
 61.555519  76.165939  91.563591  106.753593  121.448746  135.087036  146.708130  154.505630  157.075943  153.933746  145.722961  133.668900  119.637497  105.154686  90.019218  74.932503  61.913742 
 58.375732  69.387810  83.355316  97.043907  109.996559  121.673904  130.996719  137.025162  139.052963  136.301254  129.715775  120.081726  108.293907  95.426559  81.570938  68.418594  58.958389 
 56.388390  63.024841  73.459846  85.567497  96.910156  106.813751  114.564056  119.355774  120.831726  118.703751  113.440475  105.461876  95.321404  83.989220  71.894844  62.154533  57.219742 
 53.185051  58.097969  63.742966  73.021667  82.750366  90.804169  97.366982  101.420158  102.555260  100.815834  96.396095  89.658539  80.965782  71.321503  62.499214  57.904320  54.594322 
 } 
 GB Channel
 {
 52.533752  56.644997  63.111923  72.595100  82.263855  90.413277  96.730309  100.680573  101.895882  99.853127  95.607552  89.102180  80.364738  70.530731  61.511765  55.991508  52.564842 
 56.112083  62.501251  73.091721  85.213440  96.784691  106.467659  114.116562  119.022034  120.552338  118.031876  112.656097  104.244690  94.210785  82.951561  71.078438  61.170471  55.545677 
 58.862968  69.728592  82.943123  96.755157  110.125778  121.682037  131.155624  137.612030  139.527191  136.438278  129.293442  119.020935  106.894218  94.159691  80.606873  67.486565  57.626144 
 63.050049  76.819847  91.831093  106.802498  122.007813  135.909058  148.132507  156.101410  158.362030  154.482819  145.521088  133.022339  118.441879  103.883278  88.991409  73.977188  60.942184 
 66.768806  82.672340  98.685158  115.196869  131.769226  147.932968  162.149689  171.420151  173.866562  169.425003  159.510468  144.705627  127.931564  111.431404  95.348747  79.131096  64.451714 
 69.554893  86.171562  103.212029  120.302505  138.344681  156.066879  171.377975  180.503906  183.144684  178.937653  168.653900  152.492340  134.237503  116.470154  99.418747  82.639534  66.830994 
 70.149734  87.100784  104.808128  122.739838  140.684372  158.963120  174.202972  183.544373  186.000931  181.955780  172.495163  156.210007  137.827026  119.433121  101.274063  83.740936  67.723854 
 68.742401  85.910309  102.903908  120.498444  138.163284  155.513901  170.280777  179.898285  182.434372  178.199692  168.937195  152.914368  134.738281  116.975784  99.429062  82.479218  66.780678 
 65.543388  82.086090  98.492813  115.077972  131.632813  147.198593  160.758911  169.631088  172.546722  167.909225  158.509995  144.298599  128.027649  111.835472  95.336090  79.273903  64.493698 
 61.431145  76.202812  91.787186  106.864532  121.456253  134.872971  146.048431  153.870468  156.207336  152.884369  144.556091  132.448120  118.407349  104.022346  88.925316  73.908440  61.021355 
 58.361038  69.343124  83.232498  96.966095  109.827660  121.171722  130.125153  136.101868  138.104538  135.284531  128.505310  118.833908  107.128593  94.266251  80.535782  67.518753  58.080002 
 56.506042  62.976875  73.359375  85.364059  96.632187  106.309372  113.920471  118.654221  120.023132  117.788437  112.244064  104.383125  94.205315  82.983124  70.942970  61.417191  56.543022 
 53.414375  57.995621  63.558960  72.894478  82.400932  90.466042  97.054420  101.054428  102.059792  100.255516  95.609482  88.737709  80.116142  70.434792  61.654427  57.140518  53.929268 
 } 
 B Channel
 {
 34.055626  36.946041  41.640522  48.512604  55.442863  61.149734  65.268234  67.931770  68.696823  67.460892  64.864532  60.402809  54.529274  47.693752  41.193851  37.179008  35.148594 
 36.675625  41.193127  48.747185  57.340935  65.270157  71.849533  76.765312  79.880936  80.840782  79.288597  75.996407  70.569061  63.830940  56.172501  47.837189  40.836720  37.372761 
 38.915157  46.334530  55.767654  65.262970  74.154373  81.769844  88.094528  92.035622  93.202499  91.291405  86.906876  80.240471  72.366096  63.798126  54.508904  45.489220  39.177345 
 42.123753  51.367500  61.817810  71.963905  81.987816  91.074997  98.906097  103.912346  105.350311  102.945778  97.312965  89.144218  79.837189  70.266251  60.165154  50.117340  41.708801 
 45.188282  55.362656  66.347031  77.411407  88.398590  98.940468  108.062347  113.783600  115.372192  112.576248  106.267342  96.890472  86.028122  75.317032  64.492035  53.647034  44.305988 
 46.909534  57.970154  69.229530  80.665154  92.559059  104.072815  113.973755  119.734375  121.408752  118.581406  112.151566  101.825623  90.049690  78.602028  67.190002  56.111404  46.179947 
 47.165421  58.830002  70.401878  82.184685  93.943283  105.862816  115.673431  121.579529  123.239685  120.560944  114.407974  103.849686  91.983437  80.363129  68.467659  56.798752  46.807499 
 45.931870  57.878128  69.295937  80.603279  92.291252  103.596565  113.029068  119.037033  120.656723  117.993286  112.180466  102.046249  90.195938  78.850311  67.134842  56.006096  46.195469 
 43.740101  55.209686  66.442810  77.293747  88.124847  98.224533  106.931877  112.443130  114.209839  111.251091  105.351715  96.358749  85.845940  75.465782  64.450935  53.792969  44.443176 
 40.700108  50.888435  61.832184  71.911720  81.417656  90.069221  97.494690  102.189690  103.557190  101.576248  96.294373  88.739845  79.724846  70.257813  60.099846  50.030159  41.896614 
 38.375050  46.117344  55.948128  65.308746  73.742966  81.225937  87.178749  90.825157  92.001404  90.283279  86.132500  79.941093  72.257034  63.791405  54.357971  45.454689  39.730938 
 36.918644  41.414063  48.811409  57.414215  65.019997  71.447968  76.462029  79.495468  80.301407  78.973907  75.546410  70.301720  63.658440  56.041718  47.634998  41.011093  38.367970 
 35.059479  38.286976  42.182446  49.126518  55.881256  61.456093  65.890991  68.463181  69.187027  68.132866  65.079529  60.577759  54.629684  48.093178  41.525414  38.346722  36.734634 
 } 


 White Balance Data with optical Center Data
 r_center_x =  627 r_center_y =  493 
 gr_center_x =  640 gr_center_y =  491 
 b_center_x =  649 b_center_y =  484 
 gb_center_x =  653 gb_center_y =  481 
 r/gr 0.617514 
 b/gr 0.660445 
 gb/gr 0.997127 
 r_oc_ave 115.582230 
 b_oc_ave 123.617783 
 gr_oc_ave 187.173340 
 gb_oc_ave 186.635559 

 [AWB]
 RGr =  0.617514 
 BGr =  0.660445 
 GbGr =  0.997127 
 r_oc_ave =  115.582230 
 b_oc_ave =  123.617783 
 gr_oc_ave =  187.173340 
 gb_oc_ave =  186.635559 