 LEFT LENS SHADING DATA
 RED Channel
 {
 27.066509  29.738594  33.847965  39.932034  46.285103  51.800522  55.851410  58.375725  59.166298  57.827812  55.025261  50.456566  45.013386  38.821461  33.044842  29.602554  27.753387 
 28.913177  33.235470  39.981094  47.960155  55.357185  61.747185  66.927032  70.144066  71.111092  69.432816  65.830467  60.287811  53.663597  46.416874  38.706718  32.524845  29.250050 
 30.606663  37.532501  46.278439  55.435310  63.891251  71.472031  77.951096  82.161247  83.335159  81.218285  76.484062  69.598595  61.794533  53.492653  44.703125  36.491562  30.367813 
 33.137028  42.052658  52.047340  62.118439  71.740936  80.899689  88.702660  94.159691  95.623123  93.015778  87.124222  78.545311  69.253441  59.729378  50.001877  40.561562  32.491146 
 35.560051  45.693592  56.442970  67.465622  78.603439  89.092812  98.216408  104.242500  106.081718  103.001251  96.177032  86.328903  75.433594  64.744530  54.097656  43.893906  34.734951 
 37.241459  48.075623  59.423126  71.071404  83.034218  94.791565  104.668747  110.927811  112.479691  109.609222  102.465782  91.753441  79.869064  68.296722  57.059219  46.266563  36.296562 
 37.962605  48.988434  60.587341  72.558746  84.792816  96.892189  106.942970  113.090942  114.742493  111.733910  105.195313  94.310783  82.167816  70.142815  58.358749  47.147655  36.961617 
 37.360157  48.159531  59.427345  71.044533  82.970001  94.412346  104.486565  110.755470  112.324524  109.435158  102.911873  92.052811  80.159378  68.593750  57.355934  46.507813  36.455730 
 35.611145  45.794064  56.460938  67.466873  78.375313  88.901253  98.020470  104.106407  105.644684  102.762657  96.105621  86.573593  75.985001  65.348282  54.813751  44.462658  35.133282 
 33.168591  42.159218  51.997810  62.093124  71.684998  80.820465  88.413910  93.683907  95.191093  92.839378  87.065002  78.989998  69.760468  60.252655  50.457184  40.859375  32.815624 
 31.122814  37.945313  46.681252  55.740623  64.374847  71.886566  78.177185  82.394531  83.681091  81.630936  77.010002  70.390938  62.658592  54.236092  45.434532  36.985626  31.094376 
 30.054947  34.085155  40.667343  48.605469  56.217812  62.740311  67.993591  71.250000  72.203278  70.661407  67.062347  61.596718  55.021873  47.552189  39.782814  33.604061  30.433647 
 28.698280  31.470779  35.016720  41.044010  47.616982  53.220726  57.758797  60.416664  61.214325  60.100365  57.101715  52.550674  46.838127  40.376770  34.586143  31.429062  29.481148 
 } 
 GR Channel
 {
 52.319168  56.986252  63.149841  72.640472  82.144173  90.471977  96.572350  100.622917  101.392761  99.429482  95.246567  88.763283  80.298225  71.095161  61.999580  56.604378  53.596870 
 55.795830  62.639999  73.229218  85.336090  96.643753  106.430313  114.137970  118.907501  120.265472  117.641556  112.365311  104.190155  94.199066  83.064529  71.370003  61.601875  56.171036 
 58.528648  69.411560  82.995468  96.979691  109.988747  121.563278  131.079681  137.477814  139.346725  136.237350  129.241882  118.917038  106.896408  94.080315  80.623436  67.841095  57.993805 
 62.364014  76.471718  91.811249  107.215935  122.190308  135.961411  147.824844  155.920471  158.271713  154.483749  145.931091  132.992661  118.589691  103.870941  88.976250  74.256248  61.462494 
 66.196465  82.138123  98.670624  115.510468  132.347656  148.470627  162.310623  171.263123  173.992340  169.777191  160.043274  145.124069  128.297974  111.662811  95.400002  79.453590  65.142555 
 69.032349  85.937965  103.127968  120.900787  139.175934  157.139221  172.057343  181.102188  183.600006  179.510315  169.630157  153.386566  135.117813  117.178909  99.919060  83.220467  67.394844 
 70.027924  87.238747  104.976875  123.135468  141.696869  160.293594  175.271561  184.220779  186.779526  182.964691  173.601868  157.380630  138.864838  120.315155  102.114685  84.604843  68.646721 
 69.066246  85.981247  103.198128  120.805466  138.994537  156.506882  171.530319  180.783600  183.124847  179.310623  170.118912  153.970627  135.443436  117.465469  100.320160  83.474373  67.867714 
 66.496872  82.306877  98.591408  115.302811  132.145157  148.198593  162.049530  171.054840  173.373444  169.397034  159.857025  145.304382  128.844528  112.486099  96.282814  80.205780  65.542656 
 62.347710  76.463127  91.577499  106.857498  121.750473  135.869217  147.535629  155.323593  157.583130  154.421570  145.846558  133.665314  119.395309  104.681564  89.650940  74.799217  61.982346 
 58.943695  70.011406  83.435471  97.232033  110.330467  121.893600  131.511871  137.894836  139.843597  137.029694  130.090775  120.258591  108.351250  95.436562  81.797653  68.728279  59.213486 
 57.272713  64.004372  74.213127  86.309685  97.887497  107.904060  115.799683  120.560776  121.952499  119.766251  114.457336  106.302032  96.287186  84.896561  72.979843  63.221252  57.950836 
 54.392708  59.393959  65.177292  74.569687  84.420418  92.841141  99.485107  103.371819  104.554581  102.989578  98.687965  92.039330  83.245102  73.456154  64.373390  59.459587  55.934578 
 } 
 GB Channel
 {
 52.716202  57.398277  63.634995  73.182137  82.971092  91.408287  97.733437  101.714638  102.826241  100.642761  96.296768  89.424637  80.864845  71.288696  62.201973  56.869736  53.927658 
 55.906609  62.893906  73.588753  85.999847  97.456718  107.345154  115.233444  120.149841  121.568756  118.885468  113.357193  104.951096  94.745468  83.387657  71.441559  61.634529  56.345985 
 58.269012  69.455467  83.288750  97.526093  110.644531  122.415314  132.054840  138.599213  140.504211  137.273743  130.187805  119.619690  107.391403  94.372345  80.698593  67.649841  57.851295 
 61.788597  76.271721  91.887032  107.577812  122.757339  136.718124  148.628128  156.868286  159.460312  155.520309  146.707504  133.568756  118.967819  103.972969  88.855156  73.827972  61.018593 
 65.649223  81.653595  98.532341  115.545319  132.599686  148.893906  162.805618  171.899536  174.634842  170.404694  160.507507  145.408752  128.341095  111.539688  94.987816  78.816719  64.298592 
 68.146355  85.304688  102.747185  120.651871  138.974533  156.949219  171.871399  181.195938  183.815002  179.751404  169.622025  153.306717  134.936874  116.808899  99.343750  82.408752  66.587090 
 69.006462  86.390625  104.287811  122.677338  141.220001  159.725159  174.686874  183.802338  186.468277  182.562027  173.225632  156.861725  138.369370  119.580627  101.270622  83.547340  67.640053 
 68.034271  85.058441  102.433441  120.088287  138.178909  155.781250  170.616882  180.136246  182.559067  178.732025  169.462662  153.246399  134.669693  116.769379  99.337814  82.430000  66.847916 
 65.500107  81.434685  97.794533  114.615631  131.278748  147.241562  161.024841  170.049057  172.630005  168.679993  158.879379  144.472656  128.007965  111.636093  95.256096  79.249062  64.544067 
 61.632660  75.634529  90.879997  106.218437  120.826721  134.888443  146.414688  154.233597  156.490463  153.250000  144.672806  132.558121  118.314850  103.811249  88.662659  73.739372  61.048546 
 58.394012  69.316719  82.707184  96.449684  109.387497  120.828125  130.344849  136.675934  138.575317  135.734222  128.834381  119.036880  107.228592  94.445465  80.839378  67.851410  58.347023 
 56.705261  63.384216  73.528122  85.569534  96.965469  106.812035  114.571243  119.251404  120.702652  118.480469  113.194061  105.137497  95.149841  83.904221  72.145157  62.507347  57.621300 
 54.124428  58.879425  64.608963  73.946404  83.651100  91.911819  98.537498  102.346619  103.558281  101.953590  97.644066  91.086662  82.304634  72.769005  63.769524  58.830887  55.530052 
 } 
 B Channel
 {
 34.646458  38.002708  42.610935  49.368439  56.345833  62.434998  66.671303  69.167755  69.962753  68.755577  65.914742  61.244423  55.284378  48.529793  41.998806  37.989483  36.193226 
 36.806461  42.008125  49.667191  58.494690  66.431252  73.218750  78.389847  81.522972  82.505470  80.930779  77.508278  71.981720  65.088127  57.160622  48.636093  41.600311  38.389481 
 38.688332  46.663750  56.590782  66.601097  75.655785  83.602966  90.063591  94.251404  95.373596  93.461876  88.979530  82.125778  73.955315  64.954376  55.394997  46.112030  39.958073 
 41.276459  51.424377  62.582031  73.387344  83.741875  93.173752  101.047813  106.496246  108.025154  105.632965  100.049690  91.417503  81.862816  71.726410  61.207657  50.725471  42.376926 
 44.097916  55.391251  67.102188  78.755310  90.305466  101.155937  110.480782  116.379684  118.226868  115.602493  109.198753  99.395470  88.134216  76.965309  65.470940  54.283279  44.865158 
 46.072140  58.008591  70.107033  82.149841  94.546562  106.506096  116.423126  122.539368  124.155624  121.705933  115.092819  104.464844  92.283905  80.329216  68.453903  56.781563  46.668648 
 46.597450  58.838905  71.284065  83.529999  95.982033  108.287033  118.232025  124.400940  126.009216  123.418442  117.252808  106.547188  94.219215  82.157654  69.815315  57.621872  47.376877 
 45.906929  57.876717  69.910782  82.008591  94.050468  105.794060  115.899368  121.963913  123.610001  120.963287  115.022507  104.402344  92.269218  80.361404  68.519684  56.809219  46.664005 
 44.222343  55.455467  66.914215  78.576561  89.682190  100.429222  109.555779  115.428909  117.074997  114.454849  108.254997  98.765160  87.929535  77.019379  65.788750  54.585625  44.943958 
 41.480991  51.543282  62.365311  73.089691  83.040779  92.264221  99.898590  104.892189  106.424065  104.339996  99.015625  91.090622  81.652496  71.851715  61.328278  50.742035  42.421406 
 39.310001  47.202499  56.922340  66.767029  75.893440  83.706718  89.938438  94.018906  95.231407  93.392342  89.115623  82.707031  74.680000  65.852966  56.100159  46.656406  40.619949 
 38.198906  43.085781  50.686096  59.527809  67.856094  74.730934  79.917191  83.243279  84.270470  82.850471  79.398903  73.872658  66.966408  58.885468  50.146721  43.075314  40.078644 
 36.246407  40.038490  44.359219  51.334061  58.606300  64.385109  69.282188  71.927238  72.683594  71.732758  68.917862  64.221619  57.883278  50.894432  44.202343  40.416145  38.569061 
 } 


 White Balance Data with optical Center Data
 r_center_x =  643 r_center_y =  483 
 gr_center_x =  620 gr_center_y =  472 
 b_center_x =  619 b_center_y =  474 
 gb_center_x =  621 gb_center_y =  486 
 r/gr 0.612525 
 b/gr 0.673565 
 gb/gr 0.997727 
 r_oc_ave 114.977783 
 b_oc_ave 126.435562 
 gr_oc_ave 187.711105 
 gb_oc_ave 187.284439 

 [AWB]
 RGr =  0.612525 
 BGr =  0.673565 
 GbGr =  0.997727 
 r_oc_ave =  114.977783 
 b_oc_ave =  126.435562 
 gr_oc_ave =  187.711105 
 gb_oc_ave =  187.284439 