 LEFT LENS SHADING DATA
 RED Channel
 {
 27.367241  29.754742  33.326874  39.092865  45.343956  50.679955  54.642975  57.264526  57.861870  56.651253  53.689011  49.247917  43.721722  37.652496  32.254738  29.294430  27.651928 
 28.520576  32.383282  38.676876  46.326405  53.526878  59.818909  64.926094  68.105156  68.904373  67.184998  63.590469  58.152496  51.729843  44.597500  37.185780  31.339218  28.509014 
 29.914688  36.409687  44.888283  53.750153  62.110939  69.592346  75.876564  79.999847  81.232811  79.124062  74.345001  67.605782  59.886719  51.636871  43.059219  35.035000  29.387917 
 32.231873  40.941875  50.682030  60.556564  70.143753  79.203438  86.944847  92.395935  93.850624  91.302032  85.261253  76.868752  67.524376  58.184219  48.582970  39.172657  31.450363 
 34.820366  44.757656  55.312347  66.230469  77.093124  87.590157  96.967812  103.167191  104.981560  101.873596  94.904060  84.947029  74.023750  63.532341  52.965622  42.816563  33.793228 
 36.777813  47.271561  58.419373  70.010155  82.014687  93.779060  104.052345  110.616875  112.285934  109.208595  101.687187  90.842659  78.828278  67.264061  56.021721  45.342499  35.516251 
 37.326092  48.349220  59.805153  71.759064  84.170471  96.610939  107.012810  113.408752  115.093597  112.164536  105.326721  93.985001  81.448280  69.451561  57.604378  46.339844  36.256302 
 36.953960  47.688126  59.049843  70.777031  82.846718  94.763123  104.969063  111.440941  113.123276  110.239998  103.377815  92.235001  79.813278  68.025940  56.743904  45.832500  35.911667 
 35.369480  45.531563  56.365311  67.490784  78.572029  89.283279  98.756248  105.087029  106.929535  103.923126  96.862343  86.899689  75.792656  65.008278  54.313438  43.902813  34.633648 
 32.843906  42.080780  52.063278  62.204376  71.892967  81.201408  89.193436  94.745781  96.392189  93.963127  87.969528  79.420311  69.771873  60.121559  50.333282  40.669064  32.429482 
 30.736252  37.869999  46.702656  55.829529  64.502342  72.111877  78.750313  83.270782  84.594215  82.524376  77.643753  70.575157  62.603592  54.115623  45.157501  36.745468  30.575680 
 29.428909  33.734531  40.584061  48.584373  56.221092  62.895157  68.085785  71.483597  72.479530  70.880157  67.015625  61.410004  54.639999  47.158279  39.344376  32.946564  29.600311 
 28.099323  30.624741  34.513645  40.807713  47.330883  52.812859  57.163910  59.625053  60.524323  59.407036  56.431458  51.777496  46.038754  39.519321  33.693127  30.164063  28.209476 
 } 
 GR Channel
 {
 51.605164  56.660988  62.355576  71.474533  80.999634  89.082863  95.153847  99.193123  100.610733  99.014015  94.659119  88.269638  79.831192  70.522820  61.832085  57.028809  53.896713 
 54.573914  61.229530  71.305779  83.008904  94.003593  103.517654  111.210938  116.176880  117.580307  115.397964  110.250153  102.422340  92.557655  81.504059  70.014999  60.579842  55.603394 
 57.127708  67.774376  80.871872  94.294533  106.882660  118.256409  127.804688  134.157974  136.277817  133.564224  126.873444  116.984528  105.326408  92.662659  79.327812  66.537659  57.179535 
 60.980415  74.833748  89.580154  104.371872  118.823914  132.711868  144.553909  152.747192  155.445313  152.042343  143.594849  131.215469  117.045319  102.748436  87.828590  73.069534  60.449326 
 65.150002  80.623749  96.431404  112.585464  129.087662  145.230469  159.311874  168.922653  171.932190  167.974686  158.315781  143.676254  127.235474  110.951096  94.760002  78.912498  64.363754 
 68.252556  84.601097  101.105003  118.335464  136.295319  154.366882  169.892807  179.756882  182.554840  178.723282  168.597183  152.764221  134.448746  116.740158  99.595001  82.811722  66.976089 
 69.304115  86.176407  103.166565  120.942032  139.402344  158.237976  174.127350  183.919998  186.724686  183.160782  173.975464  157.440155  138.648438  120.302963  102.143906  84.502190  68.502609 
 68.641357  85.235939  102.074684  119.401718  137.462662  155.501724  171.202652  181.054214  183.986877  180.253128  171.126724  154.993118  136.092972  118.225632  100.734528  83.749847  67.805473 
 66.165413  82.026253  98.180779  114.692184  131.267349  147.614380  162.250626  171.836868  174.880630  171.141724  161.313431  146.737976  129.621567  113.167343  96.891090  80.577660  65.524529 
 62.283386  76.847343  91.890472  106.960472  121.441254  135.685776  147.929382  156.563599  159.291092  156.128906  147.706253  135.054993  120.418274  105.576096  90.461090  75.445000  62.130417 
 58.981720  70.433594  83.903908  97.641716  110.607811  122.305786  132.432968  139.303757  141.363907  138.589996  131.614685  121.464218  109.328903  96.289215  82.475784  69.150154  58.863693 
 56.498802  63.867340  74.619690  86.838127  98.168747  108.332344  116.294220  121.269058  122.964371  120.874847  115.318130  107.099533  96.902657  85.526878  73.229530  62.953903  57.330788 
 53.550880  58.354218  64.924683  74.631042  84.675423  92.755051  99.119011  103.241982  104.682716  103.275475  98.576042  91.805565  83.138702  73.163536  63.836403  58.162033  54.609535 
 } 
 GB Channel
 {
 52.880936  57.571358  63.300110  72.652290  82.298592  90.483650  96.543701  100.438599  101.774330  99.850990  95.383904  88.688385  80.168388  70.572182  61.798019  56.975159  53.958488 
 55.433022  62.072189  72.297188  84.298126  95.385468  104.870316  112.535156  117.504211  118.785782  116.394531  110.994530  102.863594  92.898590  81.714691  69.949684  60.464531  55.596825 
 57.690163  68.470779  81.918594  95.565941  108.251404  119.709061  129.269058  135.546875  137.435150  134.417191  127.458282  117.439056  105.473595  92.675468  79.159218  66.161095  56.820053 
 61.289948  75.376404  90.606560  105.620316  120.295776  134.207504  145.920624  154.044846  156.618744  152.799850  144.228119  131.572495  117.152191  102.559059  87.549530  72.505623  59.933960 
 65.158798  81.173592  97.251564  113.699692  130.324066  146.372818  160.521713  169.870316  172.762970  168.622192  158.590622  143.792191  127.132187  110.702347  94.224846  78.214996  63.472923 
 67.884529  84.833908  101.738594  119.133286  137.139069  155.042496  170.361557  180.058594  182.778748  178.613907  168.218124  152.391724  133.976868  115.989212  98.800468  81.822655  65.993698 
 68.900368  86.172653  103.429840  121.338287  139.840469  158.444382  173.914215  183.566559  186.274536  182.470932  173.038589  156.429382  137.599060  119.350311  101.102188  83.333282  67.191826 
 68.031509  85.119217  102.088440  119.591721  137.676712  155.373276  170.584686  180.285629  183.104218  179.176407  169.838745  153.763596  134.871719  116.974533  99.430153  82.473907  66.599945 
 65.654999  81.751251  98.139061  114.590942  131.208588  147.176086  161.454529  170.750153  173.626556  169.836411  159.929214  145.330475  128.251556  111.987343  95.589691  79.351250  64.508331 
 61.699425  76.516716  91.576248  106.704063  120.904526  134.936401  146.892807  155.172028  157.759842  154.464844  145.876724  133.410629  118.907349  104.307343  89.228592  74.174843  61.054634 
 58.561874  70.000626  83.594688  97.194847  109.950310  121.307190  131.138596  137.694687  139.605164  136.876099  129.787659  119.569214  107.789688  94.843597  81.280312  67.964531  57.981827 
 56.280365  63.477654  74.144684  86.293282  97.510941  107.299377  115.088287  119.942810  121.370163  119.182037  113.649216  105.486565  95.357346  84.174377  72.119217  61.931717  56.465675 
 53.521622  58.030785  64.398018  74.135574  84.052193  91.985207  98.145149  102.191139  103.402855  101.993492  97.184837  90.500725  81.870049  72.042702  62.825676  57.292343  53.749428 
 } 
 B Channel
 {
 35.544582  38.961666  43.381306  50.239693  57.343597  63.338646  67.706665  70.350212  71.169792  69.825943  66.958015  62.163437  56.021202  49.105003  42.633125  39.076408  37.521820 
 36.833752  41.598751  49.047340  57.669685  65.724220  72.394066  77.622498  80.764374  81.436874  79.907188  76.402191  70.953438  64.035156  56.195000  47.631874  40.897030  38.241821 
 38.375938  45.934689  55.471565  65.227341  74.069374  81.871246  88.063278  92.135155  93.284531  91.429688  87.005936  80.339378  72.276253  63.423592  53.855782  44.720158  38.905781 
 41.009010  50.865471  61.604530  72.159843  82.079529  91.384064  99.167503  104.352814  106.052658  103.717972  98.259689  89.987816  80.292030  70.302032  59.681877  49.294533  41.167656 
 43.731197  54.755157  66.102814  77.445938  88.808281  99.461403  108.875778  114.979843  116.906403  114.187195  107.858597  98.162811  86.910469  75.851715  64.409843  53.250313  43.792812 
 45.606823  57.213280  68.924065  80.892342  93.097191  105.015472  115.419373  121.782974  123.496567  120.989212  114.145630  103.522499  91.346405  79.314690  67.392342  55.791405  45.608696 
 46.167393  58.085312  70.059998  82.231873  94.752342  107.347343  117.674683  124.094849  126.010315  123.263901  117.193283  106.070000  93.503128  81.516563  69.049065  56.737816  46.481976 
 45.522243  57.287033  69.197815  81.203278  93.424377  105.504532  115.803436  122.074524  123.894379  121.542038  115.464691  104.735466  92.254845  80.150940  68.009064  56.152496  45.990417 
 43.792446  55.087654  66.562347  78.193283  89.480782  100.482346  109.992500  116.001251  117.750626  115.377655  108.869217  99.219528  87.997658  76.801872  65.465935  54.083748  44.544167 
 41.235836  51.531250  62.342186  73.054535  83.068283  92.408127  100.400314  105.721252  107.266403  105.364059  99.802185  91.610779  81.791405  71.714218  61.150314  50.463753  42.019169 
 38.883858  47.229687  56.914215  66.620781  75.592972  83.443596  89.831879  94.116409  95.403282  93.659843  89.171875  82.336090  74.202187  65.209686  55.509689  46.085625  39.797707 
 37.444321  42.614532  50.306091  59.012184  67.087814  73.932030  79.091560  82.341095  83.197968  81.791565  78.078125  72.583435  65.584221  57.656097  48.915627  41.685314  38.421978 
 35.505157  38.897236  43.495052  50.595100  57.710312  63.379745  67.634476  70.266716  71.004845  69.953644  67.043953  62.140106  56.067764  48.996712  42.342709  38.352810  36.228226 
 } 


 White Balance Data with optical Center Data
 r_center_x =  637 r_center_y =  494 
 gr_center_x =  641 gr_center_y =  511 
 b_center_x =  631 b_center_y =  488 
 gb_center_x =  616 gb_center_y =  489 
 r/gr 0.615627 
 b/gr 0.674590 
 gb/gr 0.996398 
 r_oc_ave 115.453339 
 b_oc_ave 126.511108 
 gr_oc_ave 187.537781 
 gb_oc_ave 186.862228 

 [AWB]
 RGr =  0.615627 
 BGr =  0.674590 
 GbGr =  0.996398 
 r_oc_ave =  115.453339 
 b_oc_ave =  126.511108 
 gr_oc_ave =  187.537781 
 gb_oc_ave =  186.862228 