 LEFT LENS SHADING DATA
 RED Channel
 {
 27.549793  29.947704  33.474060  39.252811  45.405418  50.804947  54.860519  57.345207  57.861870  56.461403  53.387344  49.029427  43.595257  37.579479  32.095154  28.765678  26.518173 
 29.106876  32.993126  39.386562  47.116562  54.488747  60.800156  65.779686  68.771873  69.370628  67.550781  63.849220  58.344215  51.819221  44.874062  37.427032  31.422970  27.888176 
 30.523643  37.157814  45.663750  54.668747  63.256409  70.666405  76.885155  80.804222  81.673439  79.195000  74.486717  67.647346  59.800156  51.736092  43.240002  35.141094  29.017136 
 32.788593  41.587967  51.420471  61.572968  71.254219  80.145309  87.859528  92.712341  93.891090  90.916252  84.974846  76.548752  67.266251  57.940941  48.476563  39.205154  31.046200 
 35.358070  45.294533  56.075470  67.229065  78.130623  88.457184  97.339378  102.913284  104.337189  101.047028  94.084373  84.277496  73.385468  62.914063  52.473907  42.431873  33.267708 
 37.121250  47.856251  59.147812  70.864685  82.860626  94.291092  103.893593  109.604843  111.136093  107.932816  100.524841  89.607971  77.662186  66.184685  55.241249  44.667500  34.845001 
 37.741879  48.749374  60.405159  72.548439  84.712502  96.439529  106.059372  111.941254  113.465942  110.433907  103.626404  92.174377  79.818909  67.981873  56.532814  45.534218  35.454842 
 37.109325  47.942032  59.460159  71.187035  82.873123  94.157188  103.735001  109.743904  111.240471  108.129532  101.374535  90.098747  78.139221  66.577660  55.473122  44.849842  34.930054 
 35.537083  45.756248  56.547340  67.541718  78.243126  88.494064  97.303123  103.001251  104.520935  101.151253  94.431404  84.575783  73.750465  63.342033  52.973747  42.859375  33.481045 
 33.335155  42.103283  51.975624  61.915466  71.372658  80.162659  87.645309  92.532341  93.891716  91.453125  85.413750  76.922188  67.604691  58.378128  48.920624  39.568436  31.481354 
 31.397293  37.815624  46.368126  55.256096  63.696716  71.083122  77.154373  81.141716  82.328590  80.238907  75.132187  68.324997  60.555313  52.295937  43.742031  35.651093  29.498806 
 30.343128  33.835625  40.068592  47.701717  55.084686  61.351715  66.245468  69.436562  70.450935  68.693123  64.707657  59.300003  52.608597  45.379375  37.898750  31.813908  28.374531 
 28.774792  30.834373  33.884636  39.544842  45.789276  51.068596  55.276932  57.930733  58.623856  57.386047  54.254112  49.907494  44.034634  37.939789  32.238335  29.111610  26.991199 
 } 
 GR Channel
 {
 53.499847  58.376099  64.363388  73.604744  83.387756  91.682190  97.924736  101.376251  102.405525  100.263542  95.961510  89.286980  80.924217  71.597191  62.667137  57.214325  53.473907 
 56.777344  63.750465  74.096092  86.224533  97.520470  107.050934  114.660782  119.148743  120.224686  117.706879  112.400467  104.236565  94.356094  83.404686  71.637344  61.790779  56.035156 
 59.575890  70.536095  84.022186  97.768280  110.962029  122.387192  131.658279  137.466873  139.114685  135.835632  128.981720  118.940781  106.997658  94.397346  80.887497  67.930939  57.899269 
 63.595940  77.650940  92.821716  108.137810  123.110931  136.776871  148.274994  155.653275  157.842651  153.816559  145.472809  132.917496  118.656723  104.155159  89.205154  74.430153  61.206612 
 67.519890  83.399063  99.868439  116.568283  133.131561  149.037964  162.358444  170.837662  173.313904  169.044525  159.530624  145.035461  128.280624  111.838593  95.775780  79.813591  64.808800 
 70.327339  87.261719  104.521873  122.046249  140.040466  157.458588  171.910156  180.719376  183.035629  178.837189  169.012024  152.925003  134.802658  116.941879  99.932190  83.288597  67.030052 
 71.113228  88.495316  106.194847  124.312973  142.311249  160.312027  174.991257  183.850464  186.190475  182.382507  173.627502  156.931870  138.140930  119.844849  102.011871  84.596718  68.061928 
 70.095566  87.260780  104.508278  122.024841  139.547501  156.811569  171.469528  180.448593  182.929062  179.174530  170.169693  153.794067  135.409378  117.478119  100.106094  83.294533  67.378906 
 67.466980  83.767815  100.115784  116.406403  132.666718  148.424850  162.127975  170.659851  173.235626  169.021408  159.738129  145.275787  128.618439  112.308289  96.067345  80.245781  65.050568 
 64.025627  77.963127  93.099373  108.013283  122.465469  135.953903  147.441406  154.935776  157.373444  154.138123  145.703751  133.213745  118.943283  104.642189  89.786560  74.967186  61.598862 
 60.609947  71.285156  84.651878  98.121719  110.896095  122.183289  131.238907  137.500778  139.377182  136.697495  129.563599  119.476089  107.649376  95.041252  81.399689  68.466721  58.486092 
 58.502449  64.810158  74.682816  86.456566  97.533905  107.076721  114.512650  119.430786  121.143753  118.650787  113.077820  104.966248  95.033752  83.755470  71.941719  62.239685  56.424278 
 54.785782  59.389534  64.560310  73.364059  83.048698  91.083595  97.281624  101.286407  102.631668  100.701408  96.112396  89.818748  80.904999  71.466507  62.560677  57.412605  53.801765 
 } 
 GB Channel
 {
 54.209579  59.127083  65.175049  74.600060  84.708382  93.152237  99.506508  103.201614  104.044167  101.801979  97.201454  90.130989  81.548546  72.027870  62.973747  57.515045  53.700058 
 57.367081  64.233749  74.808594  87.179840  98.741096  108.655785  116.217972  120.898911  121.854996  119.062805  113.521881  105.117035  94.981873  83.703903  71.631248  61.692345  55.841301 
 59.903542  70.884377  84.644218  98.841408  112.191559  123.731720  133.170471  139.102661  140.641556  137.064682  129.972504  119.688126  107.467033  94.569221  80.885628  67.631561  57.460320 
 63.276772  77.768440  93.423126  109.201408  124.392349  138.198288  149.769684  157.151718  159.210312  155.044373  146.272812  133.551254  118.975784  104.178123  88.984222  73.928436  60.593849 
 67.061775  83.387184  100.248749  117.384995  134.193588  150.144684  163.589066  172.075623  174.348282  169.934998  160.070938  145.196411  128.274689  111.598434  95.198280  79.018280  63.784325 
 69.739067  87.110313  104.713593  122.578598  140.607193  158.137024  172.617188  181.322968  183.575775  179.274689  169.052032  152.814682  134.439529  116.419693  99.198753  82.310623  65.933121 
 70.509949  88.193909  106.206093  124.467651  142.589996  160.661087  175.204529  183.972961  186.282028  182.425934  173.374374  156.496399  137.552505  118.955307  100.994064  83.426247  66.713753 
 69.363907  86.937035  104.369530  122.001404  139.570160  156.888901  171.304062  180.337814  182.778275  178.850632  169.483276  153.040161  134.426880  116.405319  98.916565  82.045624  66.077293 
 66.878540  83.358124  99.899063  116.207962  132.529526  148.184219  161.744843  170.149994  172.764694  168.457184  158.731400  144.336868  127.609222  111.318909  94.949844  79.051720  63.709007 
 63.429268  77.583435  92.763123  107.704216  122.141724  135.493439  146.684219  154.182190  156.477188  153.116257  144.530472  131.987503  117.780945  103.437653  88.575470  73.762497  60.452919 
 60.189789  70.923126  84.244064  97.702660  110.385315  121.434692  130.586090  136.533127  138.308121  135.535629  128.378601  118.267181  106.447342  93.878593  80.359688  67.434372  57.276047 
 58.235626  64.526878  74.310936  86.056877  97.042191  106.607185  113.897186  118.675629  120.383743  117.764999  111.980469  104.007965  93.883591  82.750938  70.982346  61.288284  55.503899 
 55.007706  59.214378  64.152603  73.076874  82.700096  90.814682  96.954689  101.011040  102.115837  100.194588  95.432343  89.042763  80.136726  70.668022  61.674217  56.558067  52.908073 
 } 
 B Channel
 {
 34.893230  38.629894  43.102028  50.078911  57.203690  63.082390  67.437241  69.813286  70.340469  68.904793  66.037346  61.191978  55.234329  48.446716  41.995209  38.028748  36.039165 
 37.086983  42.120312  49.748909  58.555779  66.748909  73.491562  78.509529  81.343903  81.957344  80.204376  76.645470  71.071564  64.088280  56.347343  47.980625  40.895000  37.291252 
 39.043385  46.951096  56.849846  66.831566  76.016876  83.746559  89.782028  93.592499  94.424065  92.263435  87.794533  81.044060  72.821716  63.987816  54.592033  45.204220  38.648590 
 41.689636  51.904846  63.134064  73.960625  84.113594  93.196091  100.669060  105.469063  106.649529  104.047340  98.589691  90.222031  80.696404  70.700470  60.281876  49.773125  40.978542 
 44.445728  55.960312  67.833122  79.526405  90.596565  100.935783  109.706093  115.128906  116.660309  113.974838  107.640312  97.991249  86.840935  75.735313  64.610466  53.394066  43.437397 
 46.220936  58.464691  70.829529  82.824219  94.597031  105.974686  115.394379  120.997025  122.657806  120.174530  113.619690  102.947342  90.855469  78.907654  67.328903  55.647034  45.015156 
 46.979267  59.265938  71.805000  83.894531  95.752815  107.421722  116.893906  122.599533  124.534058  122.184998  116.230774  105.046410  92.699997  80.595940  68.563438  56.397186  45.695934 
 46.189529  58.490158  70.547501  82.299377  93.817970  104.971878  114.378433  120.225937  122.224213  119.903900  113.946091  103.283752  90.956879  79.074371  67.236092  55.604691  45.084686 
 44.538803  56.014847  67.341408  78.465157  89.129219  99.263596  107.909843  113.656250  115.637344  113.016251  106.889374  97.379059  86.344063  75.614059  64.531403  53.424065  43.438229 
 42.175053  51.941093  62.434685  72.617500  82.064217  90.842812  98.276405  103.288124  105.025940  103.075623  97.585625  89.376877  80.019218  70.500313  60.311722  49.775780  40.971825 
 39.843231  47.085312  56.398590  65.602654  74.182190  81.593285  87.752655  91.834686  93.212029  91.517342  86.943596  80.322655  72.400467  63.808746  54.365158  45.264843  38.618801 
 38.222809  42.419064  49.173752  57.323441  65.076408  71.654686  76.720940  80.129997  81.210625  79.586090  75.937187  70.580940  63.723434  55.967346  47.723125  40.738281  37.067242 
 35.687813  38.508232  41.882915  48.287186  55.064529  60.827606  65.384270  67.920006  68.696869  67.670891  64.366776  60.171768  54.075523  47.242554  40.848125  37.277653  34.863907 
 } 


 White Balance Data with optical Center Data
 r_center_x =  641 r_center_y =  491 
 gr_center_x =  628 gr_center_y =  505 
 b_center_x =  629 b_center_y =  505 
 gb_center_x =  620 gb_center_y =  486 
 r/gr 0.608421 
 b/gr 0.668179 
 gb/gr 0.999121 
 r_oc_ave 113.804443 
 b_oc_ave 124.982224 
 gr_oc_ave 187.048889 
 gb_oc_ave 186.884445 

 [AWB]
 RGr =  0.608421 
 BGr =  0.668179 
 GbGr =  0.999121 
 r_oc_ave =  113.804443 
 b_oc_ave =  124.982224 
 gr_oc_ave =  187.048889 
 gb_oc_ave =  186.884445 