 LEFT LENS SHADING DATA
 RED Channel
 {
 27.746769  30.011353  33.948593  40.273075  46.676720  52.042336  56.246773  58.926201  59.627449  58.492447  55.647858  50.949577  45.232189  39.060837  33.248753  29.960106  27.977184 
 29.632187  33.539688  40.319218  48.294533  55.909843  62.421722  67.523438  70.885155  71.903908  70.166405  66.480156  60.762497  54.040939  46.762501  39.118752  32.890938  29.573856 
 31.279060  38.112812  46.785625  55.879219  64.657028  72.327812  78.819221  83.215622  84.448753  82.089844  77.191406  70.265160  62.192657  53.867653  45.122032  36.863750  30.877083 
 33.845314  42.752811  52.621094  62.706879  72.567345  81.756248  89.934845  95.328590  96.839691  93.877029  87.727341  79.161873  69.716248  60.192810  50.467186  40.975155  32.934532 
 36.274738  46.498280  57.154221  68.163597  79.303123  90.031563  99.438904  105.739372  107.349373  104.072815  96.910156  86.928436  75.849686  65.224846  54.689377  44.326096  35.102551 
 37.989841  48.991722  60.223122  71.853905  83.992813  95.870316  105.989532  112.480774  114.136871  110.776878  103.409531  92.212189  80.113434  68.496719  57.430466  46.628124  36.587292 
 38.572605  49.735939  61.379997  73.472656  85.781563  98.117500  108.204216  114.540939  116.295319  113.104218  106.084061  94.544220  82.338127  70.220467  58.665939  47.450314  37.404064 
 38.079269  48.913437  60.310310  71.946251  83.927811  95.534065  105.574371  111.780312  113.574219  110.506096  103.415154  92.169846  80.041405  68.468597  57.384216  46.660469  36.819843 
 36.496040  46.556873  57.333282  68.271248  79.109222  89.544220  98.629059  104.646561  106.435158  103.213440  96.166878  86.351715  75.431091  65.050629  54.620628  44.472500  35.232082 
 34.057289  42.856876  52.837029  62.836716  72.374062  81.185783  88.908592  94.073441  95.428909  92.970001  86.975784  78.481873  69.171722  59.834534  50.216248  40.884842  32.890469 
 31.896145  38.652813  47.257187  56.224220  64.713280  72.220627  78.371559  82.478279  83.588753  81.472343  76.612190  69.905472  61.950623  53.654373  44.812187  36.707500  31.095413 
 30.794685  34.627186  40.926563  48.692657  56.132813  62.528122  67.632187  70.782501  71.653435  70.072029  66.212654  60.671097  53.941406  46.572968  38.952499  33.000156  30.165363 
 29.201771  31.592606  34.774479  40.613697  46.946564  52.496040  56.771355  59.284172  60.003860  58.715988  55.624115  51.095879  45.360779  39.052761  33.366253  30.360367  28.471611 
 } 
 GR Channel
 {
 52.183952  56.689796  63.238747  73.085838  82.999161  91.120308  97.586510  101.377449  102.793907  101.112396  97.033958  90.319527  81.868233  72.090523  63.041405  57.388123  53.825623 
 55.898544  62.778122  73.621246  85.875000  97.426247  107.282814  115.019226  120.086411  121.550781  119.320313  114.128128  105.811409  95.900314  84.764687  72.757034  62.673126  56.830208 
 58.959686  70.048439  83.610779  97.464996  110.723747  122.335632  132.055161  138.665466  140.662338  137.609680  130.833755  120.798599  108.841721  95.990311  82.335472  69.184685  59.222191 
 63.052971  77.179840  92.304535  107.535156  122.518600  136.634216  148.806091  156.832962  159.374374  155.537964  147.180466  134.602966  120.523132  105.856407  90.720467  75.789215  62.780266 
 67.038750  82.847504  99.066254  115.522812  132.240631  148.678131  162.932968  172.262497  174.775620  170.499695  160.950775  146.477966  129.797974  113.481567  97.343903  81.146408  66.458694 
 69.547134  86.521095  103.380936  120.668274  138.755630  156.871719  172.234528  181.592026  184.093277  180.146713  170.198746  154.010468  136.065628  118.453903  101.494690  84.624222  68.857765 
 70.369530  87.631409  104.945778  122.856247  141.227814  159.874695  175.285934  184.471725  187.320313  183.250153  174.232819  157.668442  139.511093  121.331100  103.371719  85.874062  69.809059 
 69.525520  86.147186  103.270622  120.492493  138.491714  156.311249  171.387024  180.758118  183.484222  179.670624  170.409058  154.082031  135.876556  118.579849  101.397034  84.573753  68.916672 
 66.887398  82.537811  98.862503  115.167191  131.663437  147.665939  161.570938  170.634995  173.468445  169.253128  159.761414  145.501724  128.977493  113.039215  97.035004  81.137032  66.280579 
 62.781921  76.827972  91.966095  107.003754  121.500305  135.136093  146.940155  154.700470  157.078598  153.917038  145.806412  133.550781  119.441254  105.123436  90.209061  75.400002  62.481667 
 59.318588  70.129219  83.657188  97.317657  110.225784  121.583435  131.077652  137.132660  139.052185  136.471878  129.783905  119.937027  108.202972  95.440155  81.677032  68.814377  59.241463 
 56.829948  63.700157  73.799690  85.766251  97.167816  106.912033  114.578751  119.412186  120.919693  118.785461  113.371246  105.419220  95.442032  84.080940  72.117966  62.552811  57.306564 
 53.408279  58.589951  64.076355  73.030838  82.787811  91.278069  97.701248  101.468025  102.713432  100.858177  96.731667  90.052765  81.371407  71.495522  62.716087  57.834480  54.383232 
 } 
 GB Channel
 {
 52.498535  57.086876  63.563858  73.456932  83.463020  91.721405  98.309059  102.177650  103.414635  101.657654  97.347496  90.253960  81.657608  71.764381  62.540413  57.169792  53.626869 
 56.211456  63.051872  73.997185  86.296722  97.942184  107.808281  115.386566  120.454529  121.889847  119.480774  114.147507  105.669373  95.728439  84.343124  72.252502  62.171875  56.482292 
 59.115311  70.180313  83.927185  97.921249  111.152191  122.795776  132.392029  138.999069  140.926254  137.553757  130.691559  120.386093  108.399216  95.453903  81.719528  68.476715  58.614433 
 62.955368  77.241409  92.647812  107.974686  123.090622  137.128281  149.226257  157.110474  159.583435  155.490005  146.876251  134.290619  119.944839  105.156097  89.910469  74.921875  61.766876 
 66.620163  82.935783  99.273903  116.009537  132.726410  148.972809  163.082031  172.356720  174.910004  170.282028  160.534225  145.899368  129.202652  112.695618  96.328125  80.144218  65.332756 
 69.169273  86.459686  103.540001  120.926254  138.960632  156.976257  172.067657  181.347656  183.833282  179.569214  169.529068  153.216248  135.152496  117.420151  100.344528  83.430153  67.596619 
 69.854691  87.309685  104.915779  122.887024  141.157501  159.676712  174.671875  183.860153  186.634689  182.474060  173.134995  156.690628  138.357819  120.002502  102.066719  84.572815  68.516144 
 68.967499  85.823753  103.133125  120.526093  138.425476  155.859528  170.671722  180.003128  182.541870  178.602341  169.213287  153.032181  134.573593  117.294525  100.108597  83.286560  67.575317 
 66.490112  82.200935  98.577812  115.096725  131.417496  147.010468  160.750153  169.598434  172.383286  168.085785  158.470627  144.352341  127.766556  111.816093  95.764999  79.849060  64.993225 
 62.256775  76.390938  91.670937  106.748749  121.046570  134.421570  145.875305  153.668900  155.860474  152.685150  144.456253  132.197495  118.256256  103.856560  89.026718  74.222969  61.440681 
 58.959213  69.826096  83.381096  96.896095  109.644684  120.821091  130.026871  136.047501  137.879684  135.156250  128.379837  118.623749  106.845467  94.170624  80.580154  67.733284  58.307655 
 56.690056  63.402344  73.449997  85.305000  96.584686  106.166252  113.713440  118.365463  119.901871  117.711243  112.130157  104.219841  94.246246  82.904060  71.116249  61.590309  56.630318 
 53.515053  58.181305  63.617912  72.824165  82.366768  90.682915  97.026772  101.114006  102.140633  100.260834  95.668701  89.128807  80.319580  70.701981  61.815002  57.085312  53.705727 
 } 
 B Channel
 {
 34.613800  37.632137  42.226460  49.020470  56.233650  61.741928  66.175415  68.568748  69.496719  68.241508  65.444687  60.953964  55.008430  48.373177  41.881039  37.840626  35.843956 
 37.175472  41.886093  49.334373  57.844841  65.870316  72.591721  77.743752  80.908752  81.831093  80.230469  76.790939  71.243126  64.525940  56.816719  48.490623  41.668125  38.025208 
 39.376614  46.981407  56.376564  65.817345  74.708748  82.608124  88.940781  93.126251  94.271561  92.229843  87.644066  80.982811  73.113281  64.448753  55.101715  46.207970  39.856510 
 42.254894  51.884064  62.446404  72.679840  82.628593  91.820160  99.812035  104.989059  106.522346  103.923592  98.258438  90.080627  80.777344  71.039375  60.852501  50.792969  42.361927 
 44.937031  55.715157  66.951561  77.952499  88.830002  99.454063  108.756561  114.843750  116.577347  113.655319  107.128906  97.560158  86.781250  75.962814  65.033905  54.366722  44.929008 
 46.626926  58.087967  69.657654  81.260941  92.921875  104.526878  114.477341  120.661560  122.321091  119.675629  112.980164  102.290154  90.641563  79.110001  67.770309  56.725311  46.498230 
 47.125000  58.657501  70.504372  82.401718  94.269531  106.073280  115.936096  122.151566  124.083282  121.511414  115.197037  104.285004  92.556877  80.855621  69.007034  57.561562  47.349892 
 46.623642  57.707809  69.333595  80.909531  92.574997  103.700623  113.269531  119.410156  121.395782  118.952499  112.789063  102.347504  90.276718  78.990311  67.612503  56.678436  46.772602 
 44.711460  55.285622  66.439064  77.489532  88.122810  98.129684  106.801247  112.551712  114.532974  111.998123  105.817810  96.638123  85.929535  75.444534  64.704376  54.322029  44.877659 
 41.867970  51.403595  61.748123  71.995316  81.525940  90.077034  97.294998  102.207184  103.810783  101.943909  96.853905  88.844376  79.735779  70.201096  60.180313  50.466560  42.306145 
 39.388851  46.798439  56.122032  65.322502  74.002815  81.370941  87.184372  90.922813  92.251717  90.690781  86.460938  80.083595  72.288597  63.678284  54.335785  45.823280  40.001408 
 37.511459  42.168125  49.170937  57.381874  65.099060  71.567345  76.392502  79.434685  80.387657  79.157341  75.724686  70.538284  63.722809  55.977341  47.736252  41.453125  38.507710 
 35.415623  38.806458  42.746357  49.169380  55.982811  61.639214  65.810417  68.283440  68.999115  67.924217  65.151352  60.767654  54.664894  47.757137  41.524998  38.394791  36.619793 
 } 


 White Balance Data with optical Center Data
 r_center_x =  635 r_center_y =  499 
 gr_center_x =  637 gr_center_y =  492 
 b_center_x =  637 b_center_y =  497 
 gb_center_x =  652 gb_center_y =  488 
 r/gr 0.619942 
 b/gr 0.661541 
 gb/gr 0.996244 
 r_oc_ave 116.639999 
 b_oc_ave 124.466660 
 gr_oc_ave 188.146667 
 gb_oc_ave 187.440002 

 [AWB]
 RGr =  0.619942 
 BGr =  0.661541 
 GbGr =  0.996244 
 r_oc_ave =  116.639999 
 b_oc_ave =  124.466660 
 gr_oc_ave =  188.146667 
 gb_oc_ave =  187.440002 