 LEFT LENS SHADING DATA
 RED Channel
 {
 27.011978  29.674896  33.612862  39.739372  45.962238  51.229797  55.140259  57.654327  58.377762  57.338745  54.235367  49.944901  44.328907  38.434376  32.836510  29.531872  27.473125 
 28.546146  32.851563  39.672657  47.480625  54.518280  60.633125  65.580467  68.790779  69.644218  67.937500  64.340157  59.017815  52.688278  45.638126  38.225468  32.148125  28.852291 
 30.132343  37.304218  46.128750  54.967659  63.004532  70.318596  76.507500  80.680313  81.771561  79.546722  74.952034  68.301559  60.763908  52.673592  44.158436  36.046875  30.147709 
 32.873489  42.100780  51.952034  61.589218  70.907501  79.709373  87.502029  92.707970  94.138283  91.366096  85.508751  77.208122  68.119064  58.941559  49.540314  40.248123  32.222706 
 35.698803  45.966095  56.400780  66.915001  77.756096  88.153122  97.199219  103.056564  104.660622  101.576408  94.834221  85.016251  74.364845  64.019684  53.748436  43.615311  34.552811 
 37.767292  48.520622  59.413284  70.791405  82.740311  94.347343  103.990936  110.104530  111.527496  108.623749  101.375938  90.624535  78.885155  67.475937  56.569534  45.993595  36.102554 
 38.641041  49.415627  60.689690  72.748123  84.998909  96.703125  106.532028  112.602036  114.226563  111.341721  104.562500  93.418282  81.171562  69.448593  57.979065  46.915001  36.829582 
 38.043648  48.704063  60.155785  71.757347  83.350784  94.552032  104.267502  110.598122  112.199066  109.118279  102.353127  91.410156  79.391090  68.041718  57.020309  46.333752  36.381664 
 36.262867  46.608906  57.595314  68.565315  79.088905  89.167030  98.224998  104.172028  105.802811  102.618904  95.634377  86.002655  75.301407  64.920311  54.650314  44.342812  34.887398 
 33.827084  43.251251  53.405312  63.226097  72.477028  81.253128  88.769379  93.927971  95.331566  92.857971  86.892967  78.669998  69.432190  60.145470  50.478439  41.020470  32.906929 
 31.951511  39.277969  47.970470  56.752655  65.140938  72.448753  78.577034  82.675629  83.823441  81.753906  76.993439  70.151718  62.495155  54.204529  45.357189  37.089844  31.082134 
 31.245941  35.315937  41.586563  49.227501  56.811722  63.196251  68.248123  71.334061  72.203590  70.614685  66.724533  61.235466  54.596718  47.277344  39.548126  33.491718  30.180679 
 29.848022  32.097187  35.207813  41.159168  47.642338  53.064171  57.315628  59.961983  60.459213  59.452187  56.167244  51.752342  45.933174  39.666718  33.988956  30.851509  28.389427 
 } 
 GR Channel
 {
 50.974167  56.188751  62.668701  72.572662  81.982079  89.992966  96.146095  100.090836  101.421616  99.697662  95.328178  88.756149  80.269737  70.967293  61.801147  56.510002  53.177086 
 54.235840  61.617500  72.565155  84.758278  95.486252  104.952347  112.615463  117.642502  119.051407  116.450775  111.242966  103.424065  93.595779  82.590622  70.855316  61.046249  55.586662 
 57.115105  68.800934  82.659065  96.396408  108.636093  119.930786  129.552032  136.059067  137.860626  134.736557  128.141556  118.154694  106.428596  93.870941  80.280937  67.458282  57.533073 
 61.488235  76.144066  91.474060  106.393906  120.665619  134.338120  146.378128  154.637650  156.858444  153.209839  144.977966  132.279999  118.113129  103.752342  89.001251  74.232033  60.986824 
 65.825371  82.066406  98.020309  114.203125  130.791718  146.931717  160.916245  170.018753  172.834839  168.842972  159.256561  144.371246  127.768600  111.614372  95.594688  79.679375  64.793961 
 69.058960  85.800629  102.476875  119.814377  138.030624  155.849686  170.903748  180.032974  182.634842  178.990631  168.981400  152.679382  134.665787  117.063751  100.078278  83.513123  67.424797 
 70.180305  87.196564  104.343124  122.439056  141.027969  159.404373  174.413284  183.647964  186.284683  182.595001  173.486877  157.026566  138.331879  120.279999  102.309059  84.814217  68.453171 
 69.311775  85.984688  103.204689  120.787964  138.468445  156.009216  171.229538  180.687653  183.045319  179.213287  170.006409  153.949844  135.402649  117.774536  100.678749  83.773903  67.631622 
 66.629066  82.654060  99.329689  115.952820  132.201096  148.060944  161.917664  171.318130  173.668594  169.715149  159.842026  145.438599  128.815628  112.673431  96.536560  80.487656  65.346611 
 62.510101  77.399689  92.928436  107.982185  122.150162  135.854996  147.379379  155.493118  157.832504  154.561569  146.299225  133.928909  119.643127  105.202812  90.155312  75.101563  61.943230 
 59.461098  71.186722  84.755783  98.132813  110.849686  122.286407  131.572495  138.029999  139.815002  137.240463  130.485306  120.537659  108.733597  95.887970  82.148125  68.877342  59.018799 
 57.683914  64.807030  74.869377  86.647812  98.176247  108.020470  115.541245  120.389221  121.679688  119.625153  114.187653  106.216408  96.155937  84.818596  72.634377  62.803749  57.150833 
 54.338493  59.195152  64.511040  73.818230  83.800827  91.940674  98.477501  102.396095  103.387184  101.842865  97.415779  90.697029  81.987183  72.012970  63.226044  58.062080  53.859589 
 } 
 GB Channel
 {
 51.760887  56.550049  63.112610  73.188278  82.838486  91.082863  97.239799  101.294167  102.490936  100.426872  95.853485  88.861351  80.338852  70.891556  61.647392  56.277031  53.079109 
 54.453392  61.807343  73.044685  85.431404  96.377029  105.911407  113.576874  118.662506  119.933441  117.249374  111.837029  103.632187  93.688438  82.409065  70.491562  60.632660  55.159523 
 57.059219  68.923592  83.137184  97.033279  109.522972  120.944214  130.642502  137.112183  138.810776  135.340622  128.477188  118.231247  106.331253  93.496719  79.878441  66.821091  57.030891 
 61.118492  76.250778  91.884689  107.160469  121.608124  135.432816  147.375473  155.535004  157.674225  153.693756  145.165466  132.295624  117.825150  103.359062  88.415154  73.338593  60.172142 
 65.448235  81.974060  98.364532  114.857819  131.455002  147.667496  161.465469  170.687347  173.260788  169.101715  159.234222  144.033905  127.334534  111.137657  94.801720  78.661560  63.795723 
 68.304474  85.604065  102.571564  120.142654  138.389069  156.072968  170.916092  180.108902  182.532501  178.678284  168.423752  152.039688  133.872650  116.009689  98.999687  82.182655  66.046616 
 69.358482  86.629532  103.976097  122.287186  141.002808  159.159531  173.958435  182.995621  185.526718  181.731400  172.455933  155.861252  137.137817  118.958282  100.938751  83.352966  66.931923 
 68.369843  85.299217  102.696251  120.394684  138.156250  155.458435  170.286880  179.621246  182.030945  177.917496  168.573746  152.473434  134.000626  116.340317  99.138435  82.186096  66.106720 
 65.581726  81.954842  98.802971  115.389069  131.595306  147.078751  160.738434  169.908432  172.362656  168.016556  158.181244  143.751251  127.269379  111.067810  95.056877  78.790314  63.863228 
 61.772186  76.715935  92.316254  107.312347  121.231873  134.680939  145.938599  153.816406  155.962036  152.714539  144.221252  132.072495  117.914688  103.574371  88.622810  73.614845  60.613380 
 58.842346  70.595467  84.055000  97.336403  109.869217  120.993591  129.970474  136.230942  137.934219  135.179214  128.411880  118.545944  106.933128  94.270622  80.452972  67.383125  57.758545 
 57.209061  64.107811  74.077187  85.689064  96.986092  106.525940  113.976868  118.764847  119.863281  117.622025  112.220932  104.256248  94.326408  83.175629  71.093597  61.482346  55.892136 
 54.167389  58.517395  63.756775  72.949066  82.818802  90.908440  97.381874  101.125053  102.136818  100.509323  95.868858  89.143333  80.523277  70.761040  61.990051  56.806297  52.734215 
 } 
 B Channel
 {
 34.334843  38.235676  43.097607  50.355316  57.351295  63.210884  67.399117  69.844589  70.715935  69.278328  66.306877  61.664322  55.719009  48.969635  42.436981  38.556355  36.927185 
 36.163593  41.510468  49.287186  57.876564  65.714844  72.181091  77.205154  80.261253  81.090935  79.434998  75.958122  70.545784  63.720467  56.098595  47.852814  40.883438  37.845520 
 38.452190  46.568436  56.418907  65.941406  74.718285  82.270782  88.539528  92.550316  93.672188  91.606247  87.049690  80.375626  72.497658  63.761253  54.486252  45.386406  39.311611 
 41.353596  51.724220  62.468750  72.804535  82.777809  91.923439  99.580940  104.840309  106.216560  103.722191  98.067345  89.722969  80.318436  70.520309  60.428123  50.032501  41.787502 
 44.348644  55.701561  66.912033  78.114845  89.408905  100.172813  109.167191  114.875473  116.363434  113.557190  107.094528  97.463905  86.581566  75.800934  64.879372  53.724846  44.321301 
 46.356251  58.120003  69.810471  81.805939  93.990471  105.888283  115.445938  121.210938  122.367966  119.771255  113.167038  102.832970  90.963127  79.273590  67.797188  56.214691  46.049267 
 47.034840  58.817970  70.989845  83.314690  95.695000  107.588753  117.277649  122.974213  124.275314  121.824524  115.795624  105.080154  93.038597  81.230003  69.174217  57.116875  46.721874 
 46.182808  58.155312  70.449684  82.491409  94.192497  105.358597  114.833755  120.643600  122.130005  119.693283  113.852036  103.577034  91.444847  79.673279  68.111877  56.469215  46.242348 
 44.478855  56.255936  68.102501  79.351410  89.917343  99.841095  108.383591  114.130005  115.851868  113.312195  107.155159  98.045158  87.251404  76.521561  65.525940  54.283127  44.700207 
 42.170673  52.934219  63.736252  73.888283  82.996246  91.552658  98.797653  103.838905  105.268753  103.405624  98.243591  90.413124  81.129059  71.515312  61.092659  50.636406  42.264530 
 40.365154  48.697029  57.994843  66.980469  75.268280  82.546249  88.515938  92.591873  93.770157  92.082031  87.872032  81.424530  73.580780  64.974998  55.379997  46.174530  39.900574 
 39.216824  43.979530  50.797653  58.715469  66.411247  72.986565  78.029533  81.095314  81.968903  80.669060  77.245468  71.967812  65.176094  57.261406  48.797966  41.889530  38.577656 
 36.707653  39.889736  43.233700  49.557762  56.630829  62.399475  66.792656  69.364899  69.971619  69.001144  66.138176  61.644058  55.582550  48.683701  42.295261  38.478073  36.002659 
 } 


 White Balance Data with optical Center Data
 r_center_x =  640 r_center_y =  483 
 gr_center_x =  625 gr_center_y =  487 
 b_center_x =  645 b_center_y =  486 
 gb_center_x =  625 gb_center_y =  481 
 r/gr 0.612977 
 b/gr 0.667912 
 gb/gr 0.996930 
 r_oc_ave 114.457779 
 b_oc_ave 124.715561 
 gr_oc_ave 186.724442 
 gb_oc_ave 186.151108 

 [AWB]
 RGr =  0.612977 
 BGr =  0.667912 
 GbGr =  0.996930 
 r_oc_ave =  114.457779 
 b_oc_ave =  124.715561 
 gr_oc_ave =  186.724442 
 gb_oc_ave =  186.151108 