 LEFT LENS SHADING DATA
 RED Channel
 {
 26.916721  29.055885  32.182602  37.821819  43.779270  49.133537  53.325005  55.887657  56.794891  55.687759  53.012505  48.664276  43.273903  37.388073  31.847034  28.989944  27.053696 
 28.534218  31.989845  37.964687  45.559532  52.823441  59.086876  64.290001  67.694534  68.765312  67.216721  63.753754  58.390938  51.952034  44.903282  37.510155  31.648907  28.595779 
 29.801563  35.921562  44.157032  52.903595  61.362816  68.887497  75.275467  79.693436  81.065628  78.960625  74.415627  67.728905  60.118752  52.029060  43.354374  35.367813  29.721981 
 31.939217  40.227345  49.676559  59.542816  69.178123  78.240784  86.132347  91.705780  93.408279  90.805313  84.935783  76.577187  67.388908  58.228439  48.650314  39.367500  31.440834 
 34.138855  43.862186  54.140778  64.845467  75.970467  86.443123  95.764999  102.131874  104.152657  100.939377  94.145782  84.425781  73.564217  63.113907  52.675629  42.614220  33.684010 
 35.653904  46.093281  57.131096  68.517189  80.545158  92.431877  102.686562  109.147346  110.805939  107.879372  100.640472  89.905159  78.027969  66.616562  55.449066  44.934219  35.180679 
 36.234634  46.898594  58.303436  70.264534  82.501717  94.728127  105.131248  111.658905  113.320160  110.559059  103.941719  92.692345  80.330315  68.401093  56.790939  45.808281  35.838490 
 35.614059  46.169064  57.218750  68.864059  80.821091  92.581406  102.671562  109.249222  111.086716  108.251251  101.529373  90.527657  78.292343  66.754059  55.672028  45.066875  35.238125 
 34.032967  43.832344  54.349533  65.269218  76.315628  86.871246  96.151566  102.394379  104.318123  101.551407  94.576721  84.736565  74.009689  63.497498  52.982658  42.935158  33.877865 
 31.847187  40.227188  49.816719  59.737816  69.504059  78.600159  86.438904  91.810783  93.465782  91.152031  85.176559  76.928749  67.617340  58.370003  48.797028  39.478905  31.634945 
 29.967289  36.200626  44.487343  53.360466  61.833908  69.471718  75.932816  80.152969  81.473282  79.566254  74.709686  68.136719  60.457184  52.211716  43.626408  35.552502  29.739586 
 28.989429  32.471718  38.494686  46.137970  53.467033  59.922028  65.186249  68.526253  69.385155  67.808907  64.214531  58.864845  52.452034  45.310001  37.738594  31.750313  28.630730 
 27.732761  29.968178  33.045940  38.604008  44.887241  50.082245  54.483757  57.175827  57.880363  56.821609  53.936821  49.578804  44.176403  38.138336  32.401722  29.261562  27.218227 
 } 
 GR Channel
 {
 51.117546  55.796303  61.002762  69.961304  79.215675  87.358070  93.862968  97.795517  99.532234  97.949898  94.042030  87.697136  79.355782  70.086143  61.261353  56.313492  52.484734 
 54.729225  60.982346  70.806717  82.551094  93.859222  103.633278  111.412346  116.574692  118.240784  116.125305  111.318909  103.368591  93.500153  82.476563  70.747185  61.163284  55.791824 
 57.310890  67.387344  80.433441  94.122658  107.240471  119.005310  128.695938  135.295471  137.435944  134.576569  128.127808  118.137970  106.424843  93.744690  80.231873  67.377190  57.904266 
 60.758171  74.217972  89.104691  104.315468  119.349380  133.455933  145.604996  153.998444  156.680618  153.130783  144.774216  132.185623  118.168594  103.753754  88.755310  74.028748  61.085838 
 64.075729  79.769066  95.784843  112.429840  129.562027  146.059067  160.502808  170.006882  173.065781  168.941406  159.243118  144.353287  127.538132  111.281876  95.060936  79.304840  64.771721 
 66.729950  83.342659  100.522186  118.087814  136.581406  155.209381  170.984070  180.555466  182.955002  178.881256  168.628281  152.606567  134.311096  116.584686  99.386406  82.809219  67.128181 
 67.691826  84.658279  102.228279  120.459839  139.422974  158.664215  174.540787  183.935471  186.240463  182.518433  173.622192  157.093277  138.060944  119.855621  101.809998  84.306564  68.278641 
 66.762970  83.551094  100.685623  118.447815  137.010788  155.314850  171.008743  180.654068  183.190308  179.448441  170.341095  153.830307  135.110001  117.199371  99.832657  83.074371  67.406044 
 64.173592  79.870468  96.203590  113.150162  130.375153  147.026718  161.231247  170.647034  173.666092  169.917664  159.930939  145.087189  128.328125  111.943283  95.704842  79.744530  65.054321 
 60.642807  74.245316  89.282654  104.727814  119.998749  134.238434  146.270157  154.562195  157.214691  154.119690  145.466721  132.943130  118.489212  103.950623  89.049843  74.173904  61.405373 
 57.499847  67.949219  81.224373  95.026093  108.295624  120.189850  130.018753  136.588593  138.691406  135.866409  129.014069  119.054993  107.055779  94.356247  80.743126  67.902809  58.260727 
 55.399689  61.890938  71.692032  83.651718  95.182343  105.141876  113.249695  118.195007  119.654068  117.513901  112.120163  104.187813  94.278282  83.172813  71.279221  61.652969  56.156929 
 52.615517  57.352608  62.423073  71.438591  81.254219  89.472290  96.246346  100.576241  101.828232  100.214531  95.977028  89.346146  80.901825  71.205734  62.423172  57.310677  53.629013 
 } 
 GB Channel
 {
 52.238022  56.653015  61.853592  70.976143  80.579117  88.883171  95.495781  99.409325  101.122238  99.517860  95.172661  88.636925  80.085831  70.667915  61.539734  56.548180  52.905266 
 55.619278  61.685936  71.590469  83.652809  95.040154  104.967972  112.991409  118.315781  119.905777  117.635162  112.574524  104.276718  94.166252  82.933746  70.992035  61.419220  56.166512 
 57.779640  68.018593  81.323441  95.212029  108.574371  120.368118  130.132965  136.895630  139.085312  136.082184  129.305313  119.041565  107.169060  94.338905  80.474060  67.456253  57.878334 
 61.034737  74.772034  89.903748  105.440002  120.724686  134.950775  147.245163  155.677032  158.450943  154.736877  146.067657  133.271408  118.944061  104.266090  88.933907  73.926559  60.924484 
 64.411095  80.307968  96.578751  113.505157  130.896255  147.444214  161.919846  171.534378  174.599838  170.350464  160.360779  145.087662  128.112656  111.550156  95.000465  79.001564  64.563644 
 66.632706  83.630623  101.037498  118.801254  137.452347  155.980164  171.724213  181.518280  184.100006  179.868439  169.280151  152.994995  134.592194  116.659058  99.150002  82.446564  66.402809 
 67.447807  84.740311  102.564529  120.889526  139.880783  159.001404  174.971878  184.311569  186.651566  182.958282  173.715775  157.011719  138.097183  119.551712  101.355621  83.678284  67.498070 
 66.499321  83.408279  100.690155  118.589218  137.235153  155.397964  170.835632  180.666718  183.356873  179.575943  170.281876  153.650620  134.816101  116.712494  99.294846  82.458595  66.617134 
 64.015572  79.738281  96.113907  113.094376  130.372192  146.875778  160.921875  170.425308  173.556870  169.780319  159.687195  144.767975  127.867188  111.518593  95.111092  79.102966  64.284843 
 60.476715  74.094841  89.190781  104.680000  119.882339  133.953125  145.851089  154.058441  156.787186  153.708435  144.953278  132.404846  117.965622  103.419846  88.353439  73.494064  60.841141 
 57.369530  67.751404  80.926247  94.851250  107.994377  119.677658  129.454376  135.967026  138.135788  135.363434  128.422180  118.362503  106.506874  93.797813  80.199371  67.276566  57.794060 
 55.608490  61.654533  71.522812  83.475624  94.789841  104.792030  112.796875  117.750473  119.275314  117.083435  111.600159  103.633278  93.701408  82.622032  70.756248  61.126877  55.782707 
 52.867661  57.107239  62.460732  71.309372  80.991310  89.188080  96.006874  100.326927  101.539055  99.932190  95.451607  88.692238  80.405785  70.791405  61.772087  56.789375  53.485207 
 } 
 B Channel
 {
 34.477501  37.543747  41.087551  47.314529  53.934113  59.813911  64.174171  66.920731  68.024010  67.040565  64.604378  60.159012  54.157555  47.542500  41.079060  37.366352  35.220520 
 36.895836  41.127499  47.982346  56.301407  64.182655  70.815781  76.019997  79.439064  80.509216  79.148285  76.093124  70.741722  63.938591  56.126251  47.681564  40.878437  37.663017 
 38.601093  45.694218  54.990158  64.594688  73.550629  81.345627  87.693436  91.872971  93.200470  91.404846  87.395470  80.744377  72.900154  64.194687  54.466408  45.397812  39.259899 
 40.858280  50.450157  61.059219  71.810471  81.982811  91.217812  99.049530  104.277809  105.872185  103.516403  98.144997  89.928596  80.597031  70.810471  60.356094  49.939529  41.594742 
 43.102448  54.208908  65.664215  77.176094  88.661407  99.575623  108.904999  114.673904  116.339691  113.584061  107.317810  97.768593  86.877342  75.936874  64.691559  53.632347  44.224216 
 44.785263  56.524216  68.630623  80.707344  93.089691  105.233910  115.307495  121.219849  122.616882  120.044525  113.404846  103.007500  91.080002  79.267967  67.519531  56.093903  46.045788 
 45.314064  57.249062  69.563751  81.904060  94.534843  106.990623  117.281097  123.329529  124.881882  122.197662  116.229538  105.233597  92.937653  80.960938  68.784378  56.875778  46.640987 
 44.621876  56.328125  68.375938  80.584686  92.855469  104.808281  114.909683  121.305466  122.813751  120.216095  114.200317  103.342499  91.082184  79.175629  67.444061  56.045311  46.025730 
 42.926662  53.807503  65.322342  77.008591  88.493591  99.272659  108.634529  114.662964  116.436874  113.992813  107.500000  97.692657  86.722504  75.836876  64.684998  53.692497  44.260002 
 40.322918  49.716248  60.478592  71.266251  81.448753  91.019379  98.762970  103.960472  105.537498  103.641876  98.048126  89.931877  80.288750  70.508125  60.133591  49.858124  41.685623 
 38.100727  45.301563  54.649689  64.483597  73.633591  81.608597  88.129684  92.132187  93.417969  91.712341  87.319847  80.705627  72.796562  63.921562  54.340935  45.386562  39.324478 
 36.628437  41.000938  47.988438  56.493126  64.597343  71.462967  76.916878  80.020622  80.974060  79.570625  76.213127  70.816872  64.023285  56.250153  47.753437  40.922344  37.815884 
 34.990520  38.363438  42.318439  48.879379  55.968803  61.863594  66.583542  69.318962  70.110725  68.908546  66.153954  61.576050  55.734741  48.684113  42.240940  38.415466  36.509216 
 } 


 White Balance Data with optical Center Data
 r_center_x =  633 r_center_y =  510 
 gr_center_x =  621 gr_center_y =  505 
 b_center_x =  639 b_center_y =  497 
 gb_center_x =  631 gb_center_y =  513 
 r/gr 0.607986 
 b/gr 0.669260 
 gb/gr 1.002237 
 r_oc_ave 113.555557 
 b_oc_ave 125.000000 
 gr_oc_ave 186.773331 
 gb_oc_ave 187.191116 

 [AWB]
 RGr =  0.607986 
 BGr =  0.669260 
 GbGr =  1.002237 
 r_oc_ave =  113.555557 
 b_oc_ave =  125.000000 
 gr_oc_ave =  186.773331 
 gb_oc_ave =  187.191116 