 LEFT LENS SHADING DATA
 RED Channel
 {
 26.959480  29.532814  33.050884  39.135521  45.534374  50.953232  55.114845  57.707291  58.556931  57.337814  54.438904  49.978600  44.339947  38.153439  32.400471  29.134327  27.449741 
 28.439480  32.276562  38.782345  46.543438  53.843124  60.304062  65.470467  68.779373  69.645470  68.061562  64.487030  59.044220  52.507660  45.243439  37.726093  31.588280  28.406822 
 29.734215  36.258595  44.876720  53.883278  62.335312  69.857811  76.200623  80.562813  81.866096  79.720940  75.168121  68.356094  60.639687  52.339378  43.698750  35.420155  29.415363 
 31.824268  40.644688  50.501091  60.476097  70.111092  79.209999  86.991722  92.404686  94.107658  91.547188  85.776566  77.269684  68.110313  58.652969  49.036720  39.578751  31.445831 
 34.187866  44.221405  54.861092  65.735313  76.632187  87.067657  96.258438  102.444847  104.463593  101.644844  94.934372  85.123283  74.267342  63.642029  53.079842  42.973438  33.743855 
 35.891510  46.514217  57.730003  69.397346  81.129059  92.665154  102.630783  109.117500  110.915466  108.220001  101.071251  90.522499  78.638435  67.077499  55.932968  45.275623  35.371876 
 36.566666  47.358749  58.797340  70.687500  82.844063  94.824371  104.937653  111.322189  113.189377  110.405937  103.988747  93.081406  80.697655  68.862343  57.236092  46.080780  36.038486 
 35.910362  46.532658  57.769997  69.216721  81.114845  92.661095  102.517654  108.920311  110.734528  107.977654  101.466873  90.680000  78.809998  67.403595  56.208435  45.439064  35.526562 
 34.247238  44.160782  54.783752  65.768127  76.606720  86.913910  95.875778  102.004219  103.932343  101.197342  94.617813  85.094063  74.485626  63.996246  53.551720  43.407345  33.982967 
 31.831512  40.650467  50.310936  60.257187  69.813438  78.763748  86.398285  91.753593  93.376404  91.194534  85.511871  77.412033  68.212189  58.898750  49.412659  40.011406  31.749531 
 30.056305  36.494843  44.969845  53.878128  62.297653  69.695778  76.155624  80.422188  81.780785  79.877502  75.235153  68.675629  61.045624  52.850159  44.179688  35.977814  29.843231 
 28.904373  32.671875  38.960155  46.660469  54.030624  60.482971  65.668907  68.943123  69.906097  68.498749  64.944687  59.518440  53.059998  45.917812  38.296406  32.174530  28.971821 
 27.571041  29.798962  33.187862  38.952763  45.332706  50.659424  54.894531  57.582710  58.339211  57.362495  54.455101  50.070107  44.511250  38.285728  32.594116  29.418488  27.487656 
 } 
 GR Channel
 {
 52.124535  57.250359  63.038902  72.557190  82.203285  90.530312  96.928490  101.063072  102.300781  100.814003  96.556770  89.896515  81.553757  71.936409  62.900986  57.447395  54.291557 
 55.134117  61.891403  72.192032  84.152191  95.426407  105.274063  113.077026  118.222031  119.872650  117.612976  112.548431  104.469215  94.506248  83.379532  71.480782  61.742813  56.079063 
 57.592293  68.390625  81.742035  95.516876  108.368752  120.037506  129.825470  136.357971  138.502975  135.709686  129.179062  119.119537  107.246407  94.598434  80.893127  67.928749  57.901253 
 61.220673  75.172966  90.330780  105.558128  120.220932  134.320938  146.252350  154.375778  157.402496  153.963287  145.822662  133.230316  119.068756  104.452347  89.469376  74.524529  61.344322 
 64.965317  80.681564  96.939064  113.541870  130.220474  146.280945  160.358124  169.735626  173.000305  169.330307  160.093124  145.549225  128.972183  112.512192  95.923752  79.994064  65.391983 
 67.806252  84.370003  101.389847  119.053589  137.026413  154.681870  170.017807  179.819839  182.919067  179.442810  169.541870  153.830627  135.600006  117.662964  100.459221  83.768753  67.725838 
 68.579842  85.667969  103.035309  120.976410  139.445313  157.997345  173.439224  183.235153  186.339218  182.930939  174.067505  157.786407  139.129059  120.795319  102.681564  85.118591  68.775887 
 67.809944  84.287659  101.383751  118.822495  136.952347  154.677338  170.038910  180.045319  183.060150  179.464066  170.605164  154.566559  136.221558  118.392502  100.904373  84.032188  68.111351 
 65.134903  80.795311  97.031250  113.655624  130.415939  146.613907  160.714691  170.067032  173.146713  169.499847  160.280151  145.875000  129.266556  112.947342  96.692970  80.747658  65.763283 
 61.279846  75.224220  90.237503  105.525314  120.284225  134.339844  146.264374  154.373749  157.276093  154.382339  146.075150  133.809372  119.561096  105.070160  90.109222  75.300316  61.935730 
 58.175369  68.950157  82.076408  95.794373  108.933441  120.413437  130.334686  137.164536  139.134064  136.584213  129.883438  119.945618  108.162498  95.396408  81.820000  68.872032  58.700577 
 56.039589  62.705002  72.647972  84.622032  95.953751  105.997032  114.067184  119.014847  120.596405  118.594055  113.309998  105.294685  95.397346  84.302658  72.376564  62.520935  56.883850 
 53.161667  57.897079  63.382347  72.224327  82.106247  90.419739  96.766350  100.740044  102.207031  100.827400  96.571663  89.986359  81.400887  71.808281  62.961563  57.796356  54.180519 
 } 
 GB Channel
 {
 53.001877  57.955620  63.805267  73.522446  83.241089  91.776878  98.192390  102.139214  103.422089  101.787239  97.266876  90.550308  81.891609  72.140419  63.001617  57.517349  54.396507 
 55.639793  62.494377  72.974220  85.202660  96.606720  106.424377  114.295319  119.413589  120.962494  118.418274  113.079376  104.845314  94.695160  83.341248  71.461403  61.582970  55.919426 
 57.917030  68.785156  82.448906  96.508438  109.534218  121.188278  130.940002  137.448746  139.427032  136.516556  129.651718  119.286880  107.328125  94.395935  80.648750  67.536095  57.484215 
 61.318329  75.538750  91.073280  106.508278  121.330002  135.342346  147.327972  155.501556  158.275940  154.661087  146.166870  133.457184  119.169373  104.268753  89.062500  73.967346  60.742554 
 64.996414  80.932030  97.551407  114.404846  131.144379  147.325470  161.173431  170.718597  173.748901  169.852661  160.287033  145.509064  128.765152  112.107193  95.387032  79.182503  64.420418 
 67.525566  84.412033  101.786873  119.616089  137.717972  155.397964  170.488281  180.348587  183.323914  179.592026  169.406876  153.648590  135.248444  117.102814  99.672966  82.841721  66.747757 
 68.177132  85.526093  103.147034  121.249695  139.773285  158.282181  173.443283  183.176559  186.202499  182.587662  173.702972  157.132507  138.457184  120.160461  101.817497  84.069061  67.790314 
 67.237030  84.168907  101.499535  119.012817  137.212036  154.715317  169.879059  179.636566  182.644226  178.852188  169.842194  153.747650  135.433121  117.502975  99.870468  82.858124  67.019379 
 64.622185  80.472191  96.917030  113.757813  130.476563  146.421249  160.398590  169.654373  172.615631  168.857971  159.418900  144.937347  128.354843  112.017349  95.740623  79.715469  64.681931 
 60.867241  75.048279  90.061409  105.329376  119.920944  133.892654  145.599380  153.666245  156.395004  153.385788  144.951248  132.618744  118.497818  103.956093  89.143753  74.283440  61.066360 
 57.904633  68.649841  81.806404  95.473595  108.530472  119.768753  129.561401  136.185776  138.164063  135.514069  128.629379  118.746246  107.047966  94.470779  80.869064  67.901566  57.877396 
 56.056145  62.492813  72.432343  84.333748  95.650154  105.457657  113.367340  118.264694  119.783432  117.571564  112.293594  104.113907  94.370468  83.328438  71.447502  61.672813  56.268234 
 53.518227  57.730728  63.223808  72.065002  81.731201  89.950363  96.255890  100.191765  101.538857  100.153229  95.738388  89.184532  80.582756  71.035934  62.295830  57.158226  53.732391 
 } 
 B Channel
 {
 35.615936  39.405106  43.939167  51.229736  58.578331  64.631668  69.290367  71.895836  72.799110  71.649742  68.693855  63.861870  57.697968  50.540367  43.780155  39.616562  37.949894 
 37.055103  42.197189  49.832497  58.648285  66.813751  73.631248  78.791405  81.983749  82.877655  81.400780  78.114685  72.618126  65.682343  57.761406  49.145782  41.927811  38.591980 
 38.830727  46.534061  56.397346  66.257660  75.248283  83.027496  89.293434  93.306877  94.604378  92.784378  88.647659  81.887970  73.955154  65.108597  55.437653  46.125626  39.573124 
 41.305569  51.357033  62.450783  73.142815  83.072342  92.305626  100.042656  105.230621  106.933746  104.859528  99.580780  91.245628  81.879997  71.900002  61.412498  50.784843  41.992550 
 43.898125  55.134377  66.773903  78.210625  89.347809  99.860153  108.981720  115.092499  117.048126  114.836563  108.760002  99.126091  88.122658  77.018593  65.763748  54.558128  44.752708 
 45.668125  57.400627  69.452034  81.396408  93.328125  104.937813  114.865936  121.264221  123.237030  121.096878  114.596252  104.249062  92.164063  80.245781  68.515312  56.844063  46.542397 
 46.100731  58.080315  70.197815  82.289688  94.502029  106.615936  116.714218  123.046249  125.070465  122.812195  117.065781  106.300156  93.989998  82.078438  69.892342  57.697502  47.145000 
 45.296459  57.043121  69.047028  80.829689  92.847191  104.478905  114.511719  120.792816  122.774368  120.606400  114.955780  104.432343  92.307190  80.614685  68.804840  56.987656  46.558701 
 43.383022  54.519684  66.003128  77.502655  88.598595  99.166878  108.379059  114.285934  116.238281  113.961243  108.025780  98.665939  87.937035  77.142029  65.985779  54.776093  44.905056 
 40.771564  50.724060  61.462341  72.138596  82.007965  91.125938  98.724533  104.012970  105.582344  103.909218  98.766251  90.863129  81.517815  71.864532  61.528908  50.982346  42.272968 
 38.496769  46.189686  55.854378  65.555466  74.452499  82.056252  88.420158  92.587189  93.923439  92.369217  88.197502  81.630310  73.804535  65.167030  55.649063  46.330002  39.840000 
 37.083591  41.917969  49.246719  57.842499  65.763908  72.522972  77.695160  80.881409  81.815468  80.450157  77.245941  71.821716  65.060783  57.342972  48.876877  41.754063  38.369896 
 35.385677  38.580677  42.796925  49.396248  56.329529  62.202759  66.486198  69.168701  69.866096  68.841202  65.985931  61.583595  55.570572  48.648178  42.213543  38.286980  36.291145 
 } 


 White Balance Data with optical Center Data
 r_center_x =  631 r_center_y =  472 
 gr_center_x =  638 gr_center_y =  474 
 b_center_x =  623 b_center_y =  497 
 gb_center_x =  635 gb_center_y =  480 
 r/gr 0.607905 
 b/gr 0.672886 
 gb/gr 0.998740 
 r_oc_ave 113.675552 
 b_oc_ave 125.826660 
 gr_oc_ave 186.995560 
 gb_oc_ave 186.759995 

 [AWB]
 RGr =  0.607905 
 BGr =  0.672886 
 GbGr =  0.998740 
 r_oc_ave =  113.675552 
 b_oc_ave =  125.826660 
 gr_oc_ave =  186.995560 
 gb_oc_ave =  186.759995 