 LEFT LENS SHADING DATA
 RED Channel
 {
 26.003017  28.631355  32.454014  38.703747  44.950314  50.240570  54.503387  56.826775  57.491974  56.325684  53.250206  48.746513  43.111771  36.960415  31.309685  28.021511  26.184845 
 27.715523  32.000938  38.721718  46.693748  54.082809  60.249535  65.153595  68.404686  69.261566  67.600471  63.829376  58.262970  51.664688  44.535000  37.049686  30.905468  27.485680 
 29.392708  36.415627  45.212658  54.427658  62.812813  70.164063  76.371094  80.447189  81.610313  79.514221  74.643127  67.703751  59.910782  51.659843  42.997032  34.783127  28.737705 
 31.872032  40.993908  51.020309  61.067970  70.705627  79.415314  87.124062  92.395157  93.988281  91.209221  85.229218  76.695160  67.447029  58.037971  48.388596  38.923283  30.806404 
 34.342865  44.662655  55.517967  66.482498  77.330154  87.477501  96.440781  102.478905  104.178596  101.147972  94.242966  84.424377  73.651405  63.114998  52.539528  42.219688  33.050102 
 36.180153  47.094532  58.485001  70.069534  81.694221  93.076096  102.733910  109.039688  110.657188  107.774216  100.455940  89.822189  78.041718  66.535004  55.404373  44.588123  34.497711 
 36.836250  48.038750  59.585472  71.397812  83.309532  94.999222  104.990311  111.267815  112.986725  110.044998  103.185783  92.224846  80.094688  68.325470  56.651405  45.434845  35.244217 
 36.368908  47.288280  58.558746  69.895309  81.421722  92.674530  102.566093  108.833122  110.559532  107.353127  100.597656  90.012032  78.060783  66.652344  55.544060  44.708282  34.835155 
 34.715988  45.052032  55.640938  66.513596  77.068436  87.113594  95.881096  101.694061  103.188591  100.457497  93.790939  84.368752  73.739372  63.337654  52.904533  42.697033  33.353905 
 32.442188  41.377186  51.241249  61.006248  70.101715  78.757500  86.366722  91.187653  92.406876  90.163124  84.780624  76.899529  67.635002  58.320625  48.673904  39.260780  31.171822 
 30.443699  37.182655  45.662811  54.515472  62.517967  69.975784  76.118439  80.025314  81.083122  79.215622  74.719528  68.254219  60.582497  52.172340  43.479843  35.334843  29.459633 
 29.426300  33.152344  39.344532  47.087814  54.247810  60.601715  65.754684  68.802185  69.521561  68.139374  64.465157  59.133591  52.473282  45.062656  37.566406  31.697033  28.540573 
 27.985886  30.083385  33.255989  39.009064  45.059063  50.359428  54.694687  57.183022  57.886559  56.935211  53.891205  49.498390  43.631821  37.299946  31.832031  29.007240  26.908489 
 } 
 GR Channel
 {
 52.171410  56.865570  63.369118  73.141563  82.794426  90.934692  96.768700  100.329109  101.241516  99.370934  94.791298  88.273857  79.902863  70.471924  61.460258  56.175728  52.983650 
 55.536407  62.870781  73.647659  86.050316  97.360466  106.765938  114.125153  118.783905  119.850464  117.323441  111.866096  103.708435  93.635155  82.639221  70.746719  60.744064  55.023232 
 58.396881  69.974373  83.912346  98.017815  110.880623  122.169220  131.438751  137.512650  139.276093  136.068283  128.830780  118.812973  106.777969  93.886871  80.140625  67.043594  56.652550 
 62.467140  77.173592  92.726715  108.263435  123.057816  136.414063  148.109680  155.895630  158.092026  154.032654  145.322968  132.814529  118.533600  103.712189  88.487816  73.391251  59.899582 
 66.612709  82.813126  99.631561  116.440308  132.970474  148.551712  162.134995  170.876556  173.327652  168.765472  159.291412  144.762344  128.247345  111.622971  94.913437  78.647812  63.326981 
 69.297447  86.697655  104.226250  121.751251  139.524841  156.726410  171.532501  180.513596  182.570786  178.429840  168.525162  152.909225  135.049225  116.944534  99.304688  82.055939  65.483025 
 70.387245  88.035782  105.822815  123.892181  141.902969  159.889847  174.661880  183.870468  185.930939  181.780624  172.562195  156.826721  138.269379  119.845001  101.370941  83.433746  66.773338 
 69.373703  86.675156  104.032654  121.432495  139.072968  156.352814  171.210159  180.317337  182.412811  178.320160  169.099838  153.601868  135.050934  117.052185  99.574066  82.321091  65.902138 
 66.743118  82.976875  99.469841  116.139069  132.415787  147.892975  161.158905  169.829056  172.145157  168.512192  159.049225  144.982025  128.612503  112.054688  95.381409  79.183746  63.569580 
 62.968643  77.365311  92.636253  107.692657  121.708130  135.157654  146.717346  154.088593  156.075150  152.918442  145.181244  133.270782  118.977188  104.035004  88.850784  73.749062  60.325729 
 59.584785  70.763123  84.057503  97.577660  109.995316  121.430786  130.845001  136.792038  138.410309  135.670151  129.200317  119.489212  107.586563  94.408127  80.563904  67.446404  57.585373 
 57.452293  64.074371  74.029846  85.888435  96.864685  106.666405  114.410629  118.977966  120.252350  118.105164  112.704529  104.912811  94.609840  83.010628  71.015938  61.591721  56.321922 
 54.214378  58.713127  63.833801  72.708023  82.059273  90.197449  96.746872  100.471924  101.402550  99.915367  95.622658  88.981567  80.221718  70.256874  61.515106  57.141098  53.621086 
 } 
 GB Channel
 {
 52.708847  57.302597  63.802559  73.933800  83.819374  92.008492  98.347237  101.948235  102.802864  100.529488  95.915779  88.962082  80.149994  70.721359  61.375359  55.884010  52.835670 
 55.715942  63.045937  74.072342  86.754845  98.319374  107.877029  115.275787  120.170319  121.250153  118.454056  112.676407  104.273750  94.011253  82.654686  70.577660  60.452972  54.697762 
 58.364067  70.004059  84.245941  98.675934  111.815468  123.180161  132.423752  138.565002  140.232498  136.851563  129.549225  119.165787  106.947189  93.780785  79.809998  66.527496  56.151672 
 62.068436  77.018440  92.974998  108.837967  123.765778  137.394226  148.998749  156.931870  159.027969  154.846558  145.832184  132.955780  118.551086  103.518906  87.937965  72.774216  58.989006 
 65.834328  82.477028  99.616249  116.705002  133.409851  149.173752  162.741089  171.607971  173.955154  169.388596  159.353439  144.681412  127.914993  111.131561  94.201096  77.701248  62.300423 
 68.507813  86.185310  103.968437  121.851563  139.713287  157.050781  171.686722  180.686401  182.744064  178.536407  168.293594  152.577652  134.298431  116.105942  98.269531  80.983749  64.321671 
 69.353966  87.326874  105.273125  123.419846  141.638748  159.707184  174.390152  183.569214  185.767029  181.341721  171.968277  156.112976  137.319382  118.801407  100.153595  82.174530  65.291817 
 68.415413  85.875000  103.385155  120.919693  138.604538  155.830154  170.630005  179.717499  181.820618  177.583588  168.283432  152.545624  134.047806  115.845306  98.245003  81.004372  64.586884 
 65.840935  82.379684  98.925003  115.606873  131.845154  147.268280  160.463593  169.160156  171.404526  167.567032  157.881714  143.833588  127.350311  110.781715  94.205315  77.772812  62.281143 
 62.261871  76.648125  91.966408  106.981094  121.118912  134.367188  145.699066  153.249695  155.064056  151.741562  143.897659  131.891556  117.609375  102.770157  87.577972  72.486404  59.062447 
 59.017395  70.019066  83.457657  97.009529  109.316559  120.574997  129.851715  135.751099  137.280945  134.451096  127.765320  118.120941  106.203903  93.138435  79.349220  66.284531  56.504738 
 56.958176  63.550468  73.522812  85.278435  96.245155  105.950157  113.528122  118.158127  119.130310  116.965317  111.484688  103.555000  93.448280  81.849373  70.079689  60.577187  55.307602 
 54.030670  58.269836  63.286148  72.368439  81.702034  89.585358  96.211464  99.901871  100.981148  99.188644  94.640518  88.043335  79.206406  69.507294  60.536774  56.227188  52.538437 
 } 
 B Channel
 {
 33.662655  37.263905  41.837132  49.213860  56.116615  61.814476  65.931618  68.400627  68.950310  67.500259  64.340683  59.862869  53.870934  47.189838  40.705990  36.928852  35.423435 
 35.886822  41.129532  48.949844  57.807190  65.625153  72.056564  76.988907  79.996872  80.586563  79.025467  75.242966  69.673904  63.039688  55.416718  47.100780  40.087189  36.698017 
 37.920208  46.139374  56.144844  65.977654  74.713440  82.313278  88.247185  92.196877  93.236565  91.047188  86.395782  79.810783  71.897346  63.246094  53.892967  44.573593  37.973385 
 40.614948  51.200157  62.298752  72.859222  82.718437  91.562035  99.088127  104.044060  105.507187  102.824844  97.100784  88.862030  79.683281  70.024529  59.665314  49.094376  40.262295 
 43.429844  55.120468  66.848434  78.075783  89.106560  99.235939  108.117813  113.705154  115.353439  112.455627  106.111717  96.641403  85.992653  75.153122  63.964218  52.736092  42.607136 
 45.394375  57.603127  69.628593  81.270622  93.075623  104.371559  113.878754  119.777649  121.258286  118.675308  112.176880  101.997185  90.356720  78.544998  66.797966  54.943596  44.095467 
 46.009068  58.487816  70.475311  82.347504  94.330627  105.820160  115.504059  121.575775  123.196564  120.550934  114.643280  104.114059  92.155937  80.366249  68.062187  55.734840  44.803387 
 45.527081  57.596252  69.327347  80.934998  92.319534  103.376564  113.092026  119.067810  120.667038  118.012497  112.292969  102.276566  90.396873  78.584999  66.779999  54.850937  44.198025 
 43.890888  55.126091  66.354843  77.443123  87.899063  97.807030  106.473434  112.155151  113.727341  111.655937  105.743752  96.741249  86.203590  75.291565  63.994690  52.601715  42.678177 
 41.274273  51.177185  61.698441  71.762344  80.791718  89.382347  96.790001  101.667969  102.862030  101.207970  96.574684  88.925934  79.697655  69.960785  59.394218  48.783440  40.062603 
 39.012447  46.447655  55.678749  64.818436  73.022972  80.517815  86.495628  90.308128  91.416252  89.922501  86.098122  79.940781  72.139687  63.233124  53.553596  44.302032  38.233074 
 37.310780  41.735157  48.554375  56.728592  64.289375  70.879532  75.889221  78.729530  79.582344  78.516251  75.254372  70.248283  63.299065  55.179222  46.690937  40.026405  37.125782 
 35.036613  37.695778  41.297707  47.698391  54.278122  59.965157  64.273170  66.365997  67.201721  66.582504  63.971466  59.466820  53.298645  46.197758  39.960518  36.729530  34.992031 
 } 


 White Balance Data with optical Center Data
 r_center_x =  643 r_center_y =  498 
 gr_center_x =  628 gr_center_y =  469 
 b_center_x =  628 b_center_y =  498 
 gb_center_x =  650 gb_center_y =  484 
 r/gr 0.606964 
 b/gr 0.663031 
 gb/gr 0.999238 
 r_oc_ave 113.262222 
 b_oc_ave 123.724442 
 gr_oc_ave 186.604446 
 gb_oc_ave 186.462219 

 [AWB]
 RGr =  0.606964 
 BGr =  0.663031 
 GbGr =  0.999238 
 r_oc_ave =  113.262222 
 b_oc_ave =  123.724442 
 gr_oc_ave =  186.604446 
 gb_oc_ave =  186.462219 