 LEFT LENS SHADING DATA
 RED Channel
 {
 26.451149  29.144894  32.673542  38.645939  44.845158  50.366776  54.646873  57.359375  58.134949  57.048386  54.339111  50.082657  44.556770  38.474533  32.775623  29.221821  27.072659 
 28.201977  31.966564  38.351875  46.068436  53.385780  59.843437  65.029373  68.505623  69.475159  68.034843  64.606407  59.317032  52.845940  45.763905  38.293125  32.002029  28.300991 
 29.468021  35.959686  44.412498  53.372032  61.742340  69.467033  75.777496  80.194061  81.786873  79.864220  75.378128  68.698906  61.192032  52.959999  44.307968  36.064377  29.628124 
 31.590939  40.259689  50.001877  59.873749  69.570778  78.526253  86.384064  92.031097  93.998909  91.615471  85.952812  77.805153  68.715935  59.321404  49.715935  40.326874  31.914379 
 33.993649  43.867813  54.407654  65.214996  76.021721  86.377190  95.662346  102.157028  104.290154  101.606560  95.153435  85.615784  74.964996  64.439529  53.933281  43.740311  34.350311 
 35.731148  46.251564  57.327972  68.800629  80.562187  92.111404  102.137810  108.831253  110.922188  108.258751  101.544060  91.156876  79.433128  67.937500  56.838593  46.123280  36.028492 
 36.298176  47.040470  58.434998  70.205627  82.293282  94.232658  104.538124  111.158440  113.202499  110.789528  104.592499  93.885315  81.734840  69.832031  58.162033  47.010311  36.748650 
 35.811668  46.363750  57.498436  68.853279  80.641403  92.197342  102.198906  108.782814  110.822189  108.514534  102.315468  91.700623  79.689217  68.253906  57.138908  46.447033  36.215572 
 34.126354  44.084686  54.483124  65.414841  76.267502  86.779533  95.952660  102.237816  104.346405  101.961716  95.454376  86.032814  75.342972  65.047813  54.618752  44.390781  34.819324 
 32.007603  40.414688  50.085938  60.226250  69.917030  78.791405  86.655785  92.047188  93.954842  92.003281  86.290314  78.416405  69.324066  60.113434  50.482033  40.983437  32.520939 
 30.100937  36.399689  44.972969  54.114845  62.529221  70.016716  76.564064  80.875000  82.452972  80.756561  76.247032  69.735153  62.301559  54.130157  45.355782  36.970936  30.510521 
 29.246250  32.943748  39.150780  46.821095  54.274529  60.771561  65.981094  69.550003  70.669998  69.413750  65.877655  60.635941  54.293434  47.029221  39.413593  33.050938  29.454273 
 27.842083  30.390003  33.418907  38.995884  45.399326  50.877396  55.418800  58.147079  59.034584  58.090416  55.520363  51.074272  45.652187  39.463593  33.546722  30.228020  28.018021 
 } 
 GR Channel
 {
 51.475105  56.413857  62.168907  71.657448  81.187553  89.487450  95.961205  100.166618  101.189117  99.463486  95.632187  89.272079  80.879532  71.645630  62.495468  56.848801  53.027550 
 54.599274  61.269684  71.464531  83.473907  94.652344  104.601410  112.440155  117.465149  118.942657  116.850784  111.892189  103.987503  94.136406  83.098122  71.487343  61.409843  55.355888 
 57.127655  67.699532  81.070465  94.885628  107.949997  119.829376  129.434692  135.913132  137.908279  135.412506  128.735001  118.748276  107.043121  94.376091  80.956253  68.001564  57.711983 
 60.696716  74.507347  89.687035  104.978439  120.020782  134.078598  146.159851  154.484528  157.181091  153.750305  145.339844  132.913132  118.772339  104.137184  89.329376  74.775780  61.431412 
 64.391357  80.023438  96.317810  112.969849  129.960938  146.147339  160.438278  170.072815  173.117493  169.131714  159.678757  145.134842  128.621094  112.204849  96.036720  80.224373  65.251045 
 67.185318  83.800316  100.934685  118.637970  136.886093  154.949219  170.384369  180.128601  182.993286  179.237503  169.461243  153.667343  135.406555  117.586868  100.541405  83.828438  67.871773 
 68.127449  85.128906  102.722031  120.807816  139.536087  158.215469  173.836563  183.573288  186.475937  183.096100  174.012817  157.820618  139.067337  120.711411  102.651878  85.277191  69.075523 
 67.110619  83.908127  101.249535  118.736404  137.092499  155.168442  170.528275  180.163757  183.059219  179.842499  171.019836  154.818283  135.882660  117.973282  100.894997  84.228127  68.260208 
 64.644531  80.437653  96.684219  113.668747  130.730469  147.218597  161.349213  170.660309  173.700623  170.187027  160.750000  146.222656  129.401871  113.084686  96.924690  81.112816  65.912811 
 61.177597  74.858437  90.028748  105.799530  120.839066  134.893600  146.994690  155.152344  157.980164  155.078430  146.554688  134.376251  120.099213  105.575783  90.643906  75.794533  62.233902 
 58.157661  68.660782  82.135002  96.284378  109.482811  121.039368  131.132339  137.611099  139.887024  137.435623  130.462494  120.597031  108.932503  96.075470  82.565628  69.364845  58.797554 
 56.386139  63.014061  72.912033  84.874374  96.357185  106.400780  114.442657  119.560471  121.430939  119.359680  114.137192  105.937500  96.224846  84.988747  73.076408  63.052971  57.017761 
 53.451141  58.464066  63.395576  72.343544  82.204269  90.415985  97.159538  101.396095  102.556358  101.240105  97.333023  90.762505  82.218384  72.616249  63.447449  58.088593  54.354004 
 } 
 GB Channel
 {
 51.963173  56.812759  62.541512  72.182922  81.773643  90.166458  96.840202  100.984642  102.311089  100.554214  96.559631  89.964111  81.531403  71.995468  62.765839  57.069481  53.441559 
 54.849007  61.407967  71.725471  83.964996  95.272812  105.209373  113.223129  118.489838  119.997971  117.826096  112.683594  104.606407  94.583282  83.443596  71.623749  61.450310  55.411148 
 57.052811  67.769066  81.299065  95.294220  108.513748  120.350006  130.100632  136.821243  138.884216  136.257034  129.498444  119.420944  107.477501  94.686562  81.024376  67.819061  57.361977 
 60.403854  74.372185  89.851097  105.336090  120.479370  134.546249  146.760315  155.241882  158.096558  154.571091  146.133911  133.538910  119.211716  104.418907  89.310471  74.448593  60.947136 
 63.912033  79.822655  96.308441  113.288284  130.285461  146.530624  160.831558  170.648743  173.882507  169.811569  160.195618  145.525314  128.792191  112.257339  95.794846  79.647972  64.519424 
 66.439323  83.412033  100.639221  118.654999  136.873276  154.935471  170.260468  180.185471  183.300003  179.526871  169.530945  153.746872  135.460785  117.397339  99.959221  83.101715  66.947762 
 67.263069  84.514534  102.336250  120.487183  139.276413  157.847351  173.308441  183.000000  186.228119  182.840622  173.769531  157.511246  138.667664  120.215317  101.943436  84.433907  68.117035 
 66.371925  83.244217  100.649376  118.199371  136.635941  154.582504  169.752350  179.481873  182.464539  179.263901  170.419525  154.235306  135.452026  117.366089  100.037346  83.251564  67.188644 
 63.977600  79.745941  96.119690  113.115158  130.070007  146.419373  160.406403  169.824692  172.936569  169.464539  160.058441  145.458130  128.750473  112.374374  96.066559  80.167656  64.859116 
 60.367294  74.208122  89.289841  105.123909  120.066254  133.906250  145.858124  154.026718  156.847809  154.020004  145.581406  133.345474  119.199524  104.699684  89.655785  74.882660  61.284111 
 57.728172  68.116722  81.576874  95.548439  108.579689  120.006714  129.834061  136.306717  138.764069  136.188431  129.425308  119.502975  107.972031  95.228752  81.734062  68.573906  58.137863 
 56.253021  62.480934  72.226097  84.132965  95.514534  105.359840  113.220932  118.487656  120.316101  118.261871  113.075775  104.990936  95.255157  84.231094  72.332970  62.365471  56.441093 
 53.440521  58.033432  62.902969  71.639008  81.487656  89.719215  96.398857  100.474113  101.950050  100.698128  96.515991  90.006775  81.488701  71.926720  62.933182  57.620682  53.833176 
 } 
 B Channel
 {
 33.965416  37.820835  42.338127  49.184738  56.152657  62.295212  66.978645  69.653122  70.714264  69.675880  67.048332  62.464745  56.395935  49.529739  42.745106  38.483593  36.328175 
 35.709583  40.591251  47.899376  56.558281  64.507034  71.403122  76.774063  80.129372  81.252190  79.927345  76.688751  71.274529  64.492188  56.779533  48.390938  41.060471  37.222340 
 37.530361  45.122658  54.735779  64.532341  73.564529  81.578903  88.039063  92.362030  93.817345  92.137810  87.857658  81.342186  73.441719  64.674217  55.109375  45.744217  38.844009 
 40.060211  49.826874  60.740936  71.370628  81.547501  91.010315  98.926872  104.371407  106.227188  104.169685  98.749535  90.742653  81.306564  71.398125  60.990936  50.416878  41.454372 
 42.532238  53.637032  65.226715  76.696404  88.067810  98.707497  108.192970  114.420624  116.347351  113.957031  107.884689  98.472504  87.618752  76.617813  65.377815  54.127655  44.158695 
 44.324997  56.080002  68.037346  80.148903  92.390778  104.234062  114.131714  120.477493  122.442032  120.138596  113.986252  103.669220  91.754684  79.902969  68.145157  56.512657  45.823704 
 44.855103  56.819687  69.163750  81.468124  93.832497  105.920937  115.948288  122.283905  124.229996  122.113754  116.329849  105.806564  93.637032  81.718285  69.529999  57.440315  46.739895 
 44.293907  55.998283  68.168747  80.211876  92.211716  103.846405  113.736099  119.869995  121.844055  119.760162  114.149368  103.739059  91.709846  79.932030  68.311409  56.698753  46.182499 
 42.429478  53.696564  65.366875  76.959061  88.114845  98.729378  107.708435  113.600784  115.332657  113.294998  107.111717  97.939690  87.286247  76.648903  65.709061  54.499222  44.506512 
 40.037762  49.935471  60.754997  71.623283  81.552971  90.670158  98.106094  103.127502  104.649529  103.115623  97.746559  90.133278  81.076561  71.468285  61.367500  50.836403  41.886196 
 38.069946  45.681408  55.198753  65.070160  73.877029  81.376404  87.632813  91.633278  92.998596  91.529373  87.296410  81.090782  73.608910  65.102341  55.714691  46.341408  39.547863 
 36.983231  41.662811  48.780785  57.144997  64.958282  71.577660  76.714066  79.993126  81.066254  79.948906  76.694687  71.481560  64.970940  57.315155  48.953438  41.791248  38.069168 
 34.836563  38.468647  42.104321  48.250832  55.097656  60.731613  65.281975  68.033958  69.079163  68.271202  65.560936  61.374069  55.469269  48.764946  42.150105  38.173752  35.950417 
 } 


 White Balance Data with optical Center Data
 r_center_x =  645 r_center_y =  521 
 gr_center_x =  621 gr_center_y =  506 
 b_center_x =  645 b_center_y =  449 
 gb_center_x =  631 gb_center_y =  495 
 r/gr 0.607268 
 b/gr 0.665447 
 gb/gr 0.998954 
 r_oc_ave 113.564438 
 b_oc_ave 124.444443 
 gr_oc_ave 187.008896 
 gb_oc_ave 186.813339 

 [AWB]
 RGr =  0.607268 
 BGr =  0.665447 
 GbGr =  0.998954 
 r_oc_ave =  113.564438 
 b_oc_ave =  124.444443 
 gr_oc_ave =  187.008896 
 gb_oc_ave =  186.813339 