 LEFT LENS SHADING DATA
 RED Channel
 {
 27.075573  29.571827  33.344482  39.246353  45.485104  50.787704  54.985207  57.575890  58.248329  56.938492  53.912453  49.133492  43.636303  37.390987  32.010368  28.813282  26.809116 
 28.782658  32.760780  39.457813  47.287186  54.563438  60.968124  66.049377  69.151093  70.055000  68.249535  64.457657  58.794533  52.138596  44.934532  37.460155  31.562656  28.247864 
 30.519947  37.216408  45.904842  54.909531  63.522499  71.145622  77.427498  81.430000  82.584534  80.226250  75.398750  68.472504  60.556091  52.278435  43.556095  35.407501  29.450832 
 33.089008  41.980469  51.948906  61.985626  71.815155  80.852501  88.547813  93.728905  95.083748  92.277496  86.046722  77.613907  68.250778  58.834999  48.992500  39.560158  31.391613 
 35.641247  45.945000  56.687653  67.750153  78.885002  89.248749  98.301247  104.325783  105.835472  102.473434  95.443123  85.449219  74.667191  63.983124  53.428284  43.042343  33.612137 
 37.641300  48.569847  59.865936  71.706093  83.811722  95.502968  105.424843  111.416252  112.957504  109.672028  102.084373  91.220940  79.260941  67.619377  56.425468  45.487499  35.156250 
 38.500576  49.609528  61.357971  73.577499  85.798126  97.908752  108.016251  114.083282  115.568130  112.378601  105.368279  94.065002  81.539841  69.584373  57.859688  46.377342  36.033382 
 37.824062  48.942810  60.505783  72.362968  84.336716  95.855316  105.740471  111.777191  113.436874  110.211250  103.337967  92.038597  79.992653  68.257034  56.868439  45.792969  35.738178 
 36.195362  46.676407  57.698441  68.866409  79.866562  90.305626  99.353905  105.291092  106.897812  103.430313  96.565781  86.849533  75.866096  65.104378  54.290001  43.854530  34.306404 
 33.738697  43.093906  53.279999  63.503128  73.161095  82.080315  89.748909  94.876251  96.195625  93.698593  87.637970  79.198753  69.782814  60.182503  50.232811  40.575626  32.227295 
 31.629478  38.796562  47.761875  56.897659  65.444374  73.042030  79.343903  83.254684  84.541565  82.511871  77.555779  70.712654  62.732811  54.134216  44.982498  36.657032  30.331406 
 30.557606  34.670937  41.437813  49.342346  56.926247  63.441254  68.534065  71.684685  72.651718  71.003281  67.039063  61.515938  54.696251  47.073124  39.186874  32.936405  29.460365 
 29.068020  31.468853  34.970314  41.124634  47.552914  53.074165  57.480316  59.995529  60.699844  59.565163  56.199898  51.800941  45.712917  39.279377  33.381042  30.242451  27.722862 
 } 
 GR Channel
 {
 52.304733  56.959320  63.051720  72.617134  81.995987  90.039948  96.393486  100.524948  101.683487  99.647285  95.439735  88.421303  79.996094  70.558899  61.835419  56.833694  53.227028 
 55.699318  62.483284  73.012344  85.134842  96.350784  106.062653  113.753281  118.776413  120.217026  117.733124  112.300781  103.898590  93.729218  82.498283  70.863747  61.186409  55.762032 
 58.567497  69.536247  83.109840  96.863434  110.076248  121.756882  131.403442  137.641098  139.483276  136.211411  129.310944  119.115936  106.992653  94.182190  80.601715  67.541252  57.749588 
 62.639793  76.719376  91.952034  107.271561  122.316559  136.252029  148.153122  155.890625  158.174377  154.337341  145.819382  133.284683  119.008118  104.388748  89.211563  74.245781  61.018486 
 66.569527  82.778908  99.114059  115.706558  132.654373  148.679214  162.506409  171.340469  173.930786  169.576874  159.726715  145.347961  128.721100  112.290939  96.037346  79.716873  64.524376 
 69.607712  86.868126  103.747971  121.478592  139.776871  157.392654  172.443588  181.269058  183.773590  179.508118  169.218750  153.484375  135.541718  117.804840  100.551407  83.471252  67.249580 
 70.734795  88.080627  105.715935  123.790787  142.190002  160.350311  175.585007  184.645462  187.004532  182.899841  173.800156  157.521561  139.071564  120.807968  102.833282  84.812653  68.250786 
 69.871399  87.029533  104.487503  121.982819  139.842026  157.433441  172.201721  181.253601  183.831726  179.752502  170.636719  154.581726  136.527344  118.596100  101.049065  83.844063  67.639900 
 67.251663  83.738747  100.407028  116.845001  133.309372  149.186874  162.674057  171.553131  174.375153  169.746399  160.372971  146.402817  129.731400  113.381409  96.732811  80.647972  65.166924 
 63.580780  78.340157  93.645935  108.906097  123.263123  136.847809  148.216095  155.996094  158.218903  154.939056  146.833435  134.540787  120.421249  105.709846  90.425468  75.269531  61.805153 
 60.154060  71.696564  85.326248  99.054062  111.777031  123.055313  132.556412  138.521255  140.461868  137.785461  131.046097  121.212967  109.111092  96.077812  82.057655  68.883278  58.915161 
 57.867340  64.984222  75.432816  87.445938  98.745781  108.536873  116.057663  120.716095  122.404373  120.172348  114.652039  106.697502  96.459999  84.815155  72.715469  62.808746  56.988747 
 54.504425  59.344841  65.110733  74.356361  84.222244  92.446045  98.904945  102.803383  103.865211  102.261711  97.603065  91.060837  82.315002  72.479950  63.423172  58.209999  53.865417 
 } 
 GB Channel
 {
 53.146355  57.698860  64.176453  73.661095  83.573326  91.746567  98.262962  102.432442  103.523598  101.483955  97.120476  89.755676  80.968491  71.091881  62.316566  57.243286  53.593697 
 56.155106  63.130936  73.864372  86.340469  97.796249  107.609062  115.611099  120.635162  122.064224  119.284378  113.708588  105.045471  94.627029  83.206879  71.145309  61.378906  55.883278 
 58.796776  70.019684  83.902657  98.056252  111.486565  123.310150  133.097961  139.279999  141.114059  137.601410  130.528122  120.139694  107.770309  94.647812  80.717972  67.553123  57.493958 
 62.649536  76.965157  92.722969  108.367653  123.701248  137.749527  149.639526  157.516556  159.553909  155.546875  146.705475  134.046722  119.546875  104.533592  89.112503  73.879997  60.477501 
 66.433853  82.819687  99.583908  116.506882  133.737350  149.783905  163.518433  172.295776  174.902039  170.401093  160.512344  145.699524  128.956726  112.222961  95.575157  79.005783  63.633904 
 69.095055  86.572342  103.894531  121.923126  140.157181  157.892502  172.767975  181.639526  184.164688  179.697968  169.299377  153.518280  135.244064  117.307663  99.801247  82.553596  66.049637 
 69.917969  87.656097  105.560471  123.866882  142.276245  160.367966  175.315155  184.194839  186.740311  182.569061  173.268280  156.887817  138.344681  119.967499  101.762657  83.660309  66.965309 
 68.917191  86.383438  104.122810  121.702194  139.524063  156.828598  171.447815  180.530472  182.957031  178.908905  169.720627  153.600311  135.531876  117.478912  99.817345  82.540627  66.244370 
 66.384895  82.935310  99.791718  116.257339  132.660156  148.267654  161.602036  170.229370  173.034531  168.499069  159.114838  145.172028  128.578430  112.139069  95.526878  79.323280  63.853073 
 62.784843  77.542969  92.827660  108.134064  122.265625  135.643280  146.825150  154.378281  156.578125  153.257965  145.028442  132.995621  118.898438  104.262184  89.132500  73.956093  60.578384 
 59.434319  70.933281  84.573753  98.146408  110.771561  121.919067  130.964371  136.854065  138.726868  136.075317  129.349533  119.470306  107.600471  94.674530  80.890312  67.754219  57.665260 
 57.326660  64.224998  74.590309  86.546875  97.697189  107.202187  114.551880  119.303131  120.794373  118.589844  113.078903  105.203438  95.006096  83.593597  71.613907  61.719063  56.034485 
 54.315826  58.716248  64.398651  73.682709  83.335930  91.468445  98.048126  101.755623  102.958549  101.122131  96.476616  89.816353  81.216301  71.383385  62.345360  57.169067  52.998642 
 } 
 B Channel
 {
 34.425831  38.033752  42.701508  49.641144  56.696724  62.731247  67.073074  69.817497  70.583382  69.345306  66.447708  61.577545  55.431976  48.525681  42.228024  38.368855  36.125107 
 36.519581  41.482498  49.280472  57.942810  65.983597  72.708748  77.952034  81.252502  82.178596  80.390312  76.866875  71.158592  64.107811  56.334221  48.037186  41.127186  37.596771 
 38.422867  46.498905  56.238747  66.135468  75.290779  83.081566  89.375938  93.369377  94.467346  92.254532  87.887810  81.040939  72.954376  64.364059  54.894218  45.643593  38.995472 
 41.426197  51.465157  62.453278  73.198280  83.457657  92.575783  100.233749  105.184998  106.478905  103.890160  98.167191  90.029999  80.810310  71.103592  60.790627  50.235626  41.403538 
 44.032917  55.504997  67.215309  78.655312  89.982498  100.424690  109.277031  114.929840  116.351089  113.350632  107.076248  97.683907  87.108910  76.412186  65.366409  54.019379  43.965206 
 46.023701  58.098907  70.201096  82.212654  94.084999  105.733910  115.348434  120.846100  122.425003  119.490005  112.892502  102.766716  91.245003  79.721878  68.254219  56.499062  45.617397 
 46.548016  59.028435  71.384216  83.515625  95.525154  107.271248  116.876724  122.509064  124.095627  121.306244  115.434998  104.959373  93.145157  81.516403  69.672813  57.314064  46.297390 
 46.096882  58.316872  70.488594  82.206406  93.760002  104.975311  114.367661  119.882339  121.671249  119.267654  113.660782  103.510628  91.821564  80.250938  68.583435  56.667816  46.015728 
 44.471355  56.115936  67.667816  78.773285  89.379219  99.410309  107.937965  113.415161  115.361404  112.804214  106.940628  98.197655  87.497971  76.890778  65.846565  54.527496  44.326672 
 41.902393  52.364059  63.084846  73.343597  82.588593  91.156563  98.237816  103.155624  104.804535  103.057655  98.038910  90.396248  81.338753  71.810310  61.522659  50.768753  41.901669 
 39.595676  47.590469  57.146248  66.401253  74.822968  82.082657  87.989532  91.863434  93.402657  91.967972  87.872345  81.754845  73.898903  65.252190  55.696404  46.255783  39.551823 
 37.950157  42.934532  50.155312  58.353752  65.968597  72.459373  77.368279  80.480316  81.780312  80.582184  77.198128  72.179688  65.423752  57.470001  48.969215  41.862812  38.114479 
 35.682655  38.801823  42.680729  49.206253  56.084633  61.762711  66.165573  68.861565  69.811142  68.811768  66.019379  61.588020  55.575829  48.668335  42.129429  38.332813  35.575729 
 } 


 White Balance Data with optical Center Data
 r_center_x =  641 r_center_y =  472 
 gr_center_x =  612 gr_center_y =  481 
 b_center_x =  650 b_center_y =  477 
 gb_center_x =  627 gb_center_y =  481 
 r/gr 0.617075 
 b/gr 0.663620 
 gb/gr 0.998508 
 r_oc_ave 115.839996 
 b_oc_ave 124.577774 
 gr_oc_ave 187.724442 
 gb_oc_ave 187.444443 

 [AWB]
 RGr =  0.617075 
 BGr =  0.663620 
 GbGr =  0.998508 
 r_oc_ave =  115.839996 
 b_oc_ave =  124.577774 
 gr_oc_ave =  187.724442 
 gb_oc_ave =  187.444443 