 LEFT LENS SHADING DATA
 RED Channel
 {
 26.290520  28.338020  32.110836  38.244114  44.525211  50.012238  54.150780  56.611664  57.301872  55.796875  52.929008  48.275780  42.622295  36.415730  30.555935  27.205257  25.413593 
 27.862602  31.690937  38.436249  46.365158  53.866875  60.229530  65.320160  68.473747  69.274376  67.464378  63.640472  57.907654  51.230621  43.910313  36.329689  30.099220  26.781513 
 29.399792  36.019375  44.699062  53.882813  62.357185  69.989220  76.279373  80.437187  81.576248  79.157028  74.211716  67.195625  59.282028  50.796249  42.064842  33.814064  27.791981 
 31.823284  40.490158  50.245468  60.419533  70.232185  79.257187  87.015778  92.183594  93.828125  90.868279  84.607658  75.898125  66.554222  56.901253  47.200939  37.762032  29.806820 
 34.118225  44.106564  54.649216  65.564064  76.676559  87.180626  96.133125  101.992653  103.690781  100.570938  93.465935  83.266403  72.350159  61.652809  51.070313  40.868439  31.968853 
 35.741459  46.419376  57.516090  69.043282  80.985313  92.554222  102.291878  108.329842  109.918121  106.855621  99.549377  88.358437  76.366562  64.744843  53.654221  42.994064  33.338226 
 36.420574  47.143280  58.604691  70.535156  82.582497  94.547340  104.394066  110.386719  112.035156  109.035782  102.098747  90.637497  78.215622  66.311409  54.751564  43.659374  33.943962 
 35.936306  46.261093  57.477028  68.984375  80.629372  91.891563  101.631721  107.757965  109.363129  106.217812  99.445465  88.118904  76.028748  64.601875  53.465469  43.007656  33.422447 
 33.993752  43.846249  54.206718  65.249687  75.901718  86.075623  94.917343  100.712502  102.206406  99.211403  92.320000  82.399841  71.654999  61.103905  50.809998  40.771717  31.980675 
 31.713284  40.116405  49.733437  59.630936  69.017342  77.735153  85.063126  89.993439  91.342499  88.769531  82.787498  74.458595  65.241249  56.001564  46.509064  37.378124  29.787712 
 29.631561  35.945313  44.303280  53.106560  61.377029  68.621407  74.568283  78.480156  79.520309  77.314377  72.481560  65.703438  58.096405  49.898903  41.292812  33.460155  27.819115 
 28.492920  32.072498  38.158749  45.758125  52.981560  59.262657  63.968285  66.933746  67.804688  66.148438  62.133438  56.670311  50.152344  42.983280  35.610626  29.831718  26.871925 
 26.893333  29.174168  32.214169  37.689793  43.909481  48.992859  53.105988  55.442924  56.118439  54.881355  51.646355  46.947399  41.572132  35.408493  29.998959  27.076511  25.367760 
 } 
 GR Channel
 {
 51.933235  56.205307  62.730728  72.527817  82.281982  90.673332  96.907028  100.813545  101.866508  100.141350  95.900986  89.103546  80.829529  70.983444  61.630882  56.112968  52.741302 
 55.455307  62.277809  73.202812  85.617813  97.096565  106.936249  114.526413  119.433121  120.870468  118.450943  113.195786  105.106873  94.921410  83.623436  71.501091  61.313591  55.412132 
 58.451622  69.472656  83.139687  97.441719  110.500465  122.194061  131.659851  137.966095  139.993439  136.890930  130.109680  120.015930  108.082809  94.783752  80.904373  67.550468  57.281921 
 62.454216  76.596092  91.904846  107.452812  122.509064  136.357971  148.129837  156.159851  158.888275  155.164993  146.683746  134.093903  119.682037  104.757813  89.279533  74.079842  60.776718 
 66.020836  82.171249  98.364220  115.144836  132.011566  148.038284  162.056412  171.132507  174.229843  170.344376  160.639221  146.087662  129.121567  112.518433  95.683128  79.199532  64.205154 
 68.640259  85.727966  102.894218  120.333130  138.319687  156.131088  171.277191  180.675629  183.574371  179.882034  169.928757  153.922028  135.536880  117.527969  99.957344  82.751717  66.614845 
 69.642349  86.806717  104.383278  122.355469  140.529221  159.018906  174.306244  183.597961  186.521713  182.946869  173.728287  157.604691  138.738129  120.252655  101.843750  83.996246  67.464996 
 68.760414  85.375000  102.466560  120.038132  137.677032  155.067505  170.359375  179.940155  182.517807  179.056412  169.742493  153.982498  135.177658  117.263748  99.846718  82.790779  66.686409 
 65.834686  81.558441  97.682655  114.722031  131.023743  146.851868  160.650162  169.697662  172.541718  168.810150  159.181870  144.914215  128.343124  111.875000  95.440628  79.210938  64.295525 
 62.004059  75.820313  90.804840  106.163597  120.688431  134.205307  145.779846  153.592346  156.318588  153.062973  144.774216  132.575775  118.506561  103.747498  88.549065  73.645309  60.753227 
 58.467026  69.182655  82.440155  96.250153  109.152496  120.410156  129.833282  136.042038  138.165161  135.408279  128.530151  118.575943  106.966560  93.940002  79.940941  67.123283  57.487236 
 56.261665  62.871246  72.744377  84.681252  96.039688  105.865784  113.439377  118.094528  119.803909  117.601715  111.918747  103.741409  93.982346  82.719528  70.626404  61.102654  56.097031 
 52.486244  57.605835  62.940628  71.544167  81.322609  89.418907  95.741043  99.430580  100.885361  99.112762  94.385002  87.383690  79.348381  69.823494  61.104950  56.076614  53.609947 
 } 
 GB Channel
 {
 51.798904  56.193069  62.693954  72.581932  82.436928  90.714165  97.154060  100.833328  101.712708  99.674904  95.434006  88.417397  79.866714  70.153542  60.798386  55.110573  51.803497 
 55.406830  62.133278  73.073128  85.575470  97.069221  106.781250  114.325317  119.141251  120.365631  117.769058  112.376724  104.091560  93.856094  82.474373  70.313591  60.167030  54.438911 
 58.214844  69.199219  83.089218  97.377502  110.364685  122.033279  131.339371  137.517975  139.275314  135.983597  129.202652  118.894379  106.853592  93.524063  79.636566  66.257813  56.109062 
 61.823593  76.347969  91.709999  107.402496  122.446564  136.170319  147.966248  155.761246  158.268433  154.294220  145.575943  132.889999  118.385788  103.347504  87.845467  72.556564  59.301140 
 65.529892  81.779060  98.271561  115.085785  131.947968  147.921402  161.836716  170.789688  173.625305  169.417969  159.413589  144.578751  127.669067  110.995155  94.099846  77.622498  62.670006 
 67.974579  85.347504  102.592659  120.232819  138.322342  155.977036  170.935150  180.238129  182.970474  179.075775  168.843124  152.529999  134.032806  116.016403  98.315315  81.152191  64.843018 
 69.142494  86.276253  104.122032  122.256882  140.346878  158.743286  173.820938  183.028275  185.782654  181.888748  172.446564  156.205002  137.327194  118.696869  100.159378  82.224998  65.729172 
 68.323906  84.882034  102.306252  119.949219  137.540939  154.948593  169.969528  179.352341  181.910782  178.045776  168.584213  152.613129  133.818283  115.756088  98.166092  81.170158  64.954948 
 65.500214  81.254372  97.599846  114.667038  131.002029  146.669998  160.457336  169.399841  172.042038  168.145782  158.192032  143.846725  127.130005  110.457970  93.932816  77.778122  62.678123 
 61.723862  75.593437  90.641716  106.215782  120.789688  134.119370  145.675781  153.447189  155.926086  152.547806  143.897812  131.558746  117.330780  102.547813  87.324997  72.349220  59.394424 
 58.397606  69.219688  82.506874  96.335625  109.266876  120.457031  129.697189  135.906403  137.833908  134.787659  127.713287  117.610626  105.962029  92.938591  78.880783  66.045784  56.593491 
 56.379318  62.858284  72.776878  84.750465  96.144218  105.985153  113.404221  118.042496  119.649368  117.271561  111.364532  103.058907  93.089531  81.774216  69.644066  60.201096  55.405052 
 53.014740  57.665161  63.001457  71.717346  81.551926  89.692032  96.114845  99.689995  100.884377  99.019478  94.090576  86.956192  78.672661  69.146507  60.479057  55.456306  52.897133 
 } 
 B Channel
 {
 34.418076  37.418076  42.281200  49.453384  56.609688  62.519745  66.919739  69.165886  69.833488  68.442657  65.627922  60.994743  55.039063  48.076355  41.348278  37.274113  35.330780 
 37.119740  41.890781  49.632660  58.534843  66.665939  73.423279  78.392029  81.539841  82.350784  80.667030  77.122498  71.580780  64.705315  56.805939  48.323906  41.082657  37.491611 
 39.248905  47.020782  56.685158  66.585938  75.573593  83.484528  89.664063  93.709534  94.921562  92.821716  88.127815  81.327660  73.443123  64.528908  54.968437  45.632500  39.042500 
 42.086666  52.073753  62.743279  73.358749  83.462814  92.641876  100.454376  105.617813  107.262497  104.782501  99.064842  90.448593  81.016403  71.198906  60.708908  50.314064  41.654896 
 44.852551  55.817345  67.190002  78.448753  89.554062  100.118126  109.341721  115.268280  117.173126  114.594376  108.020935  98.100784  86.873749  76.126877  64.787659  53.753128  44.144791 
 46.733700  58.150154  70.015312  81.695625  93.457657  105.114845  115.030945  121.236557  123.189377  120.650162  113.876556  103.100311  90.779846  79.138435  67.455780  56.029686  45.888023 
 47.384895  58.782814  70.831406  82.997032  94.787659  106.733749  116.687195  122.893280  124.826096  122.427811  116.260620  105.218124  92.705627  80.664841  68.561096  56.806564  46.529057 
 46.783905  57.960785  69.594841  81.453590  92.932030  104.126404  113.935623  120.221252  122.116089  119.773743  113.830627  103.130936  90.670158  78.757965  67.200783  55.984222  45.961926 
 44.695576  55.448280  66.400002  77.788597  88.575157  98.732971  107.465935  113.372345  115.385941  113.173279  106.792503  97.285469  86.362190  75.441093  64.429375  53.662033  44.285156 
 41.881096  51.472969  61.792503  72.228752  81.873596  90.403282  97.661247  102.638908  104.397186  102.627029  97.225784  89.232658  79.905159  70.107185  59.824219  49.751251  41.736252 
 39.353748  46.887501  56.025940  65.521248  74.262657  81.585472  87.355934  91.181717  92.442970  90.978439  86.620155  80.179535  72.306877  63.532188  53.999062  45.252811  39.309895 
 37.786926  42.287968  49.268753  57.521561  65.415939  71.989845  76.657341  79.557343  80.536247  79.323280  75.725937  70.523125  63.702187  55.798904  47.449375  40.923283  38.124741 
 35.513176  38.616508  42.416668  48.641563  55.516350  60.984634  65.296310  67.577553  68.440422  67.423073  64.464684  59.867294  54.158432  47.105362  40.703957  37.660988  36.212238 
 } 


 White Balance Data with optical Center Data
 r_center_x =  650 r_center_y =  468 
 gr_center_x =  627 gr_center_y =  495 
 b_center_x =  646 b_center_y =  489 
 gb_center_x =  646 gb_center_y =  479 
 r/gr 0.601260 
 b/gr 0.668933 
 gb/gr 0.997623 
 r_oc_ave 112.422226 
 b_oc_ave 125.075562 
 gr_oc_ave 186.977783 
 gb_oc_ave 186.533340 

 [AWB]
 RGr =  0.601260 
 BGr =  0.668933 
 GbGr =  0.997623 
 r_oc_ave =  112.422226 
 b_oc_ave =  125.075562 
 gr_oc_ave =  186.977783 
 gb_oc_ave =  186.533340 