 LEFT LENS SHADING DATA
 RED Channel
 {
 27.843491  30.612656  34.576405  40.820210  47.141514  52.519478  56.613541  59.009377  59.641411  58.295052  55.205780  50.477768  44.718906  38.537292  32.831352  29.652138  27.855053 
 29.292660  33.612030  40.452030  48.316872  55.649216  61.945313  66.939377  70.064377  70.773285  68.954842  65.166405  59.424217  52.632034  45.529373  37.889687  31.847343  28.896305 
 30.810520  37.803436  46.535469  55.728439  64.100784  71.634529  77.856407  82.033752  83.014999  80.625465  75.659691  68.623749  60.772812  52.361404  43.648594  35.513439  29.689270 
 33.279530  42.376408  52.298439  62.364685  72.000938  81.030312  88.859688  94.120941  95.350311  92.412186  86.167656  77.425629  68.050781  58.561874  48.869064  39.534843  31.676304 
 35.666561  45.984062  56.706406  67.622658  78.630783  89.137657  98.282654  104.121719  105.500778  102.163597  95.229843  85.085625  74.122032  63.527809  52.956566  42.821095  33.743385 
 37.363491  48.375778  59.640938  71.174530  83.214844  94.885780  104.731560  110.564377  111.874374  108.743126  101.506248  90.467659  78.421097  66.853752  55.668434  45.032814  35.232811 
 38.040573  49.078278  60.647034  72.687187  84.937500  97.022499  106.833282  112.684067  114.163757  111.050316  104.144844  92.850784  80.576561  68.550003  56.835472  45.771873  35.780209 
 37.317917  48.191254  59.557343  71.106094  83.037033  94.491722  104.235466  110.233910  111.599846  108.482811  101.647499  90.523125  78.267029  66.749374  55.708122  45.005936  35.327190 
 35.456615  45.822655  56.536247  67.465622  78.323906  88.685936  97.657814  103.479530  104.877029  101.693909  94.803596  84.820625  74.070160  63.530624  53.125626  42.952030  33.949326 
 33.193592  42.137970  51.981560  61.855469  71.429535  80.359840  87.916092  92.890312  94.165627  91.587341  85.626251  77.222031  67.921722  58.601097  49.008591  39.518593  31.711720 
 31.018749  37.742500  46.412498  55.444534  63.924690  71.277657  77.420158  81.385002  82.482185  80.391403  75.348282  68.524529  60.758751  52.504219  43.809376  35.736095  30.045883 
 29.712238  33.715782  40.191875  48.121719  55.514999  61.693909  66.578438  69.718903  70.618752  68.947968  65.044846  59.483910  52.822029  45.676250  38.187500  32.219532  29.119740 
 28.161404  30.691822  34.225204  39.874424  46.271664  51.405365  55.643860  58.189949  58.623749  57.461922  54.463799  49.854118  44.189739  38.084167  32.538334  29.687656  27.555153 
 } 
 GR Channel
 {
 53.613907  58.560150  64.838074  74.430153  83.742233  92.102760  98.348381  102.076347  103.252655  101.303177  96.793236  89.940102  81.289635  71.812447  62.897392  57.880623  54.926453 
 56.386406  63.525780  74.147034  85.948280  97.102028  106.746719  114.381088  119.133438  120.454529  117.866714  112.415314  104.022186  93.857346  82.621407  70.894066  61.393127  56.413124 
 58.991982  70.336563  83.708122  97.381096  110.117813  121.742035  131.300156  137.483124  139.247345  136.072815  128.931564  118.414536  106.322968  93.496407  79.976715  67.148438  57.776772 
 63.054482  77.339066  92.329529  107.427811  122.249069  136.150620  148.084061  156.125931  158.308746  154.427505  145.527496  132.472809  118.006256  103.230469  88.246559  73.570313  60.948235 
 66.960983  82.698280  98.848595  115.395782  132.255157  148.578903  162.663284  171.644379  174.126877  169.625153  159.585007  144.549057  127.730316  110.971565  94.747498  78.859688  64.304268 
 69.634743  86.414528  103.294373  120.779221  139.189682  157.295319  172.488907  181.610306  183.683899  179.370468  169.305618  153.006256  134.352661  116.361557  99.078751  82.445160  66.694115 
 70.418915  87.539528  104.848434  122.895309  141.598282  160.397339  175.816101  184.661407  186.797180  182.867035  173.384842  156.727341  137.988434  119.363129  100.996559  83.581879  67.551033 
 69.455261  86.140472  103.221252  120.764221  139.008743  156.859375  171.799377  180.998123  183.437027  179.062805  169.764221  153.456879  134.547974  116.433289  99.027031  82.332031  66.778076 
 66.669060  82.517815  98.646721  115.390320  132.062500  148.347504  162.267502  171.381409  173.498596  169.478287  159.525314  144.642975  127.604691  111.180779  94.977654  79.028595  64.422554 
 62.743439  76.855934  91.862343  106.980621  121.604691  135.687347  147.558121  155.328598  157.599686  154.197495  145.448120  132.599060  118.052658  103.417030  88.384529  73.699997  61.009590 
 59.236565  70.134064  83.576096  97.172653  110.336090  121.734528  131.235306  137.615631  139.439224  136.484375  129.131882  118.670319  106.831253  93.877815  80.261253  67.528595  58.193390 
 56.937286  63.768127  73.895622  85.942810  97.265312  106.761719  114.403595  119.373276  120.817963  118.375153  112.641876  104.276253  94.163284  82.987190  71.173904  61.849060  56.910728 
 53.817291  58.675629  64.272293  73.104485  82.459473  90.285255  96.969635  100.920578  101.824013  100.184944  95.705208  88.668335  80.179741  70.726776  62.282448  57.605736  54.164482 
 } 
 GB Channel
 {
 53.969589  58.784996  65.322609  74.964272  84.478081  92.945938  99.155991  103.034737  103.935677  101.684433  97.105888  89.791512  81.118492  71.512917  62.328545  57.229630  54.446304 
 56.658752  63.818748  74.445938  86.568436  97.862030  107.484688  115.129532  119.928284  121.130463  118.270462  112.557343  103.994217  93.627029  82.235001  70.361877  60.801094  55.882553 
 59.008591  70.396721  83.952187  97.919060  110.878281  122.448746  131.971100  138.281097  139.944061  136.514221  129.098755  118.375000  106.044060  92.934219  79.223747  66.336716  57.062340 
 62.858749  77.307503  92.598747  108.083282  122.953598  137.011566  148.941101  156.895004  159.054535  154.749527  145.505936  132.144531  117.500931  102.435936  87.286720  72.557968  59.960678 
 66.497398  82.675316  99.111404  115.978592  132.989380  149.270004  163.211868  172.213913  174.695007  169.680618  159.359070  144.067032  126.822189  110.060783  93.621872  77.586716  63.079849 
 68.985786  86.051407  103.319061  120.959213  139.730621  157.616882  172.611099  181.719376  183.674530  179.257660  168.755310  152.314850  133.435471  115.248276  97.815781  81.016716  65.335678 
 69.704323  87.003281  104.754684  123.116714  141.886093  160.509216  175.447495  184.356720  186.466568  182.359222  172.492966  155.673752  136.869690  118.027039  99.567184  82.032967  66.162758 
 68.617233  85.602028  102.875626  120.607346  139.017181  156.696243  171.490463  180.684219  182.725159  178.314377  168.734070  152.093903  133.231247  115.009064  97.629219  80.749687  65.378860 
 65.678589  82.044220  98.412659  115.187973  131.888901  147.871719  161.767975  170.709213  172.889694  168.483276  158.402649  143.359222  126.442963  109.861717  93.567810  77.578751  63.128334 
 62.186768  76.519684  91.561096  106.704063  121.306870  135.216248  146.996567  154.573120  156.607971  153.027191  144.204681  131.293594  116.648743  102.022034  87.077660  72.313438  59.736771 
 58.733017  69.732185  83.203125  96.881561  109.880936  121.165314  130.405945  136.716248  138.304214  135.270004  127.734375  117.324997  105.435310  92.452187  78.965935  66.235939  57.158432 
 56.769684  63.399689  73.543434  85.610001  96.784843  106.226097  113.696411  118.545319  119.849686  117.177963  111.319221  102.951874  92.873909  81.754684  70.065315  60.760468  55.872765 
 53.827606  58.523018  63.887604  72.708328  82.236298  90.007133  96.465363  100.453224  101.102188  99.319435  94.704842  87.763954  79.151611  69.843437  61.237396  56.754005  53.509850 
 } 
 B Channel
 {
 36.098804  39.903385  44.804169  52.269943  59.356667  65.239799  69.710777  72.061562  72.788071  71.453178  68.465157  63.390518  57.195366  50.125778  43.459373  39.541615  38.127029 
 37.615051  42.928593  50.720001  59.337654  67.337502  73.919373  78.917656  82.120316  82.974533  81.336716  77.737030  71.987190  64.850159  56.867653  48.366875  41.363907  38.448700 
 39.408806  47.467342  57.230621  66.959686  75.890625  83.748283  89.960938  94.036560  95.132965  93.132034  88.427811  81.394997  73.267967  64.301094  54.483749  45.268280  39.193073 
 42.036461  52.318123  63.239532  73.967346  84.067345  93.371246  101.275780  106.582497  107.888908  105.330780  99.523125  90.874687  81.122032  70.919533  60.339531  49.782028  41.621826 
 44.602810  55.984062  67.642342  79.133438  90.655159  101.512184  110.773438  116.755783  118.225937  115.388443  108.859688  98.736252  87.334999  76.056091  64.693123  53.399841  43.996719 
 46.286564  58.334061  70.312653  82.446091  94.897346  107.015312  117.154999  123.046570  124.438751  121.548904  114.670319  103.769684  91.519684  79.318123  67.403435  55.739220  45.659008 
 46.815464  59.041092  71.349060  83.844688  96.412659  108.797966  118.970306  124.884995  126.334213  123.397186  116.995163  105.867966  93.433907  80.981560  68.516403  56.349686  46.067600 
 45.987659  58.080780  70.239059  82.437813  94.735779  106.523750  116.396255  122.382660  123.680313  120.914536  114.782654  103.838280  91.275314  79.079063  67.220940  55.456093  45.465466 
 44.112034  55.590157  67.263908  78.956093  90.316719  100.911407  109.969841  115.660309  117.132813  114.443436  107.875000  98.013908  86.880157  75.802498  64.466721  53.252029  43.701824 
 41.463383  51.812347  62.712967  73.430779  83.357811  92.507187  100.205940  105.105156  106.443909  104.211563  98.406715  90.064217  80.438278  70.467499  59.936409  49.457344  41.152138 
 39.154842  47.137970  56.994217  66.734222  75.621246  83.316559  89.384842  93.291405  94.357185  92.453278  87.687035  80.747345  72.665314  63.759377  54.187653  45.043282  39.235157 
 37.803070  42.677032  50.110153  58.767502  66.701721  73.301720  78.245316  81.171722  81.956406  80.370316  76.595467  70.884842  63.936249  56.116875  47.696720  40.966721  38.066090 
 35.725155  39.131821  43.252033  49.700417  56.609428  61.955681  66.441147  69.006508  69.414116  68.261559  65.044014  60.340469  54.294586  47.537712  41.300678  37.920258  35.911091 
 } 


 White Balance Data with optical Center Data
 r_center_x =  654 r_center_y =  476 
 gr_center_x =  628 gr_center_y =  510 
 b_center_x =  640 b_center_y =  469 
 gb_center_x =  626 gb_center_y =  479 
 r/gr 0.611267 
 b/gr 0.676708 
 gb/gr 0.998838 
 r_oc_ave 114.537781 
 b_oc_ave 126.800003 
 gr_oc_ave 187.377777 
 gb_oc_ave 187.160004 

 [AWB]
 RGr =  0.611267 
 BGr =  0.676708 
 GbGr =  0.998838 
 r_oc_ave =  114.537781 
 b_oc_ave =  126.800003 
 gr_oc_ave =  187.377777 
 gb_oc_ave =  187.160004 