 LEFT LENS SHADING DATA
 RED Channel
 {
 26.857552  29.526722  33.145573  39.034687  45.099689  50.186089  54.216095  56.661613  57.167915  55.693962  52.758018  48.072655  42.768227  36.632191  31.166458  28.285103  26.691769 
 28.653801  32.799843  39.550781  47.243439  54.468437  60.560471  65.362968  68.483910  69.052498  67.235626  63.494690  57.909531  51.377815  44.187187  36.751877  30.954689  27.944691 
 30.197033  37.226406  45.840313  54.772186  63.105782  70.590782  76.692345  80.542969  81.540314  79.053596  74.213127  67.214066  59.407654  51.229530  42.600937  34.598751  28.930000 
 32.953434  41.757187  51.666565  61.598434  71.179840  80.252029  87.827660  92.916565  94.116249  91.065468  84.862503  76.185471  66.846405  57.426094  47.820938  38.663124  30.982708 
 35.539322  45.618282  56.204842  67.150314  78.114845  88.641563  97.643753  103.445938  104.894684  101.330154  94.199371  84.026878  73.037811  62.464378  51.979378  41.894375  33.178539 
 37.442711  48.254372  59.421875  70.997032  83.066559  94.636566  104.504997  110.522659  111.778595  108.376251  100.868126  89.697815  77.608284  66.042656  54.912811  44.239532  34.760159 
 38.295727  49.236565  60.812187  72.851715  85.131096  97.222809  107.011871  112.909531  114.315002  111.065155  103.878441  92.426872  79.919533  67.906715  56.195000  45.172970  35.295258 
 37.703804  48.486092  59.789528  71.535469  83.395935  94.927498  104.843903  110.733284  111.963753  108.634842  101.665466  90.238281  78.012497  66.417030  55.330154  44.600937  35.059689 
 35.848801  46.186092  56.843437  67.872498  78.715622  89.224220  98.118279  103.983749  105.297340  102.007660  94.940941  84.797188  73.947189  63.322968  52.849060  42.681873  33.645622 
 33.447083  42.470001  52.331253  62.350937  71.865623  80.822655  88.372185  93.453903  94.618439  91.941093  85.778435  77.287659  67.862190  58.439064  48.699219  39.333908  31.659946 
 31.228802  38.157345  46.806873  55.775467  64.179840  71.609688  77.727966  81.863129  82.880783  80.620316  75.562965  68.638908  60.735313  52.335159  43.595779  35.437500  29.798336 
 29.932659  34.049530  40.521252  48.248436  55.637497  61.924217  67.051407  70.213280  70.878593  69.116249  65.290001  59.584999  52.856720  45.465939  37.787968  31.881092  29.026306 
 28.536823  31.280575  34.903748  40.895519  47.222080  52.601097  56.881615  59.453491  60.012970  58.770416  55.590416  50.954170  45.069427  38.741356  33.082764  30.016716  28.287968 
 } 
 GR Channel
 {
 51.367607  56.107193  61.998177  71.079849  80.227608  88.399742  94.447197  97.987450  99.055580  96.885208  92.614738  86.054115  77.624268  68.354530  59.810883  54.869377  52.202705 
 54.742607  61.724686  72.336716  84.304222  95.330940  104.765778  112.172180  116.661407  117.687027  115.186874  109.974533  101.570160  91.715935  80.643906  68.958595  59.701874  54.828545 
 57.476669  68.731247  82.176559  95.888596  108.831093  120.275940  129.564377  135.568436  137.168594  133.687027  126.832809  116.446091  104.588593  91.822029  78.375153  65.684845  56.535469 
 61.643486  75.935783  90.993439  106.197815  121.055313  134.933594  146.630463  154.549225  156.731094  152.600006  143.770004  130.682343  116.280472  101.626564  86.784378  72.219528  59.809738 
 65.865517  81.799690  97.840157  114.383591  131.292343  147.501556  161.291718  170.305161  172.920944  168.420471  158.353287  143.121246  126.085464  109.591873  93.361717  77.504845  63.330467 
 68.899475  85.669060  102.715935  120.164536  138.359222  156.395462  171.464539  180.737350  183.030472  178.684845  168.291718  151.758438  133.185471  115.289993  97.954689  81.232811  65.874481 
 70.025574  87.245781  104.675781  122.698746  141.212662  160.003754  175.179214  184.240005  186.671249  182.635162  172.866714  155.990631  136.967499  118.428436  100.155312  82.709686  66.953438 
 69.290680  86.034218  103.207657  120.645782  138.729065  156.574066  171.822342  181.169220  183.342194  179.154526  169.631088  152.733276  133.767975  115.900314  98.542343  81.765938  66.330940 
 66.518951  82.558128  98.710472  115.287186  131.953278  148.340149  162.275467  171.384369  173.771088  169.483597  159.427185  144.263275  127.301559  110.895309  94.643753  78.662811  64.032814 
 62.541771  76.750938  91.790939  107.012970  121.477814  135.470001  147.360779  155.320465  157.469681  154.019836  145.122192  132.414993  117.855621  103.247345  88.096565  73.308907  60.807869 
 58.904846  70.037971  83.436096  97.116249  110.025940  121.390930  130.999374  137.472504  139.337967  136.233444  129.080933  118.690002  106.637497  93.705940  80.048279  67.055313  57.799889 
 56.526512  63.559219  73.780785  85.705154  97.017029  106.744690  114.618591  119.511871  120.795319  118.549225  112.808121  104.421249  94.226250  82.902031  70.833748  61.352966  56.404015 
 53.651100  58.739845  64.766403  74.058701  83.825157  92.196350  98.647133  102.918953  103.759895  102.209839  97.791878  90.868752  82.100418  72.264740  63.159584  58.160255  54.795677 
 } 
 GB Channel
 {
 52.380989  56.986412  63.029480  72.392288  81.836464  90.068588  96.312599  100.013702  100.888802  98.611092  94.080048  87.080521  78.543068  69.093231  60.378960  55.473221  52.829475 
 55.505577  62.519531  73.410309  85.593124  96.814377  106.377968  114.020935  118.566406  119.553589  116.830475  111.372345  102.755936  92.490784  81.229065  69.406876  59.971565  55.046974 
 57.968651  69.387810  83.237190  97.128593  110.226410  121.927338  131.347183  137.351257  138.916412  135.392181  128.122650  117.411713  105.269844  92.347656  78.587967  65.735466  56.594009 
 61.886406  76.399529  91.905624  107.430939  122.472183  136.370789  148.308899  156.262024  158.343445  153.962662  144.812027  131.498444  116.829376  101.990311  86.802345  72.012032  59.616402 
 65.984840  82.221718  98.663437  115.464539  132.590469  148.817337  162.692184  171.668900  174.233276  169.394058  158.996872  143.604065  126.329056  109.582657  93.065941  77.037498  62.785828 
 68.742653  85.795784  103.028282  120.818756  139.122498  157.061249  172.137970  181.454529  183.574371  179.085632  168.300476  151.636093  132.954681  114.868286  97.471565  80.567657  65.050781 
 69.691612  87.172653  104.837189  123.092972  141.665787  160.320786  175.161255  184.370468  186.738754  182.437973  172.524536  155.485001  136.428589  117.892029  99.401878  81.842186  66.175522 
 68.826881  85.784378  103.222031  120.803284  138.780945  156.590942  171.662186  180.929688  183.067032  178.743439  168.947815  152.115631  133.187973  115.206558  97.721092  80.800781  65.436401 
 66.169373  82.268127  98.684532  115.375473  131.937500  148.109528  161.925934  170.925476  173.311569  168.786560  158.498123  143.354996  126.528595  110.092186  93.808441  77.716873  63.296883 
 62.352295  76.638123  91.887184  106.960472  121.421402  135.160156  146.817505  154.616714  156.800781  153.090622  144.144836  131.346558  117.015930  102.437500  87.187965  72.365936  59.984688 
 58.653496  69.894531  83.395935  96.949066  109.788437  120.995316  130.477493  136.724533  138.519531  135.236252  127.924850  117.663589  105.750153  92.920471  79.174843  66.250313  57.121140 
 56.578903  63.443283  73.739685  85.667343  96.774529  106.344215  114.083588  118.934998  120.164063  117.631882  111.865471  103.469063  93.395470  82.084999  70.142654  60.724998  55.961258 
 54.023911  58.924324  64.703026  74.185471  83.815994  91.866928  98.309639  102.329582  103.258232  101.503952  96.843170  89.921570  81.164017  71.455421  62.522026  57.741669  54.443329 
 } 
 B Channel
 {
 34.759632  38.111301  42.703854  49.524162  56.418182  62.112656  66.233597  68.757294  69.316978  67.817970  64.859993  60.159691  53.950630  47.236927  40.887604  37.203594  35.679844 
 37.098801  42.076096  49.857185  58.639999  66.722969  73.345779  78.495468  81.540627  82.257813  80.423592  76.907501  71.092186  64.006874  55.975471  47.512188  40.715469  37.814426 
 38.862915  46.988750  56.884529  66.803123  75.900940  83.865158  90.262657  94.271721  95.370468  93.233124  88.588593  81.350159  73.051247  64.079063  54.250153  45.157970  39.356926 
 41.624893  52.024063  63.075157  73.859688  84.155472  93.611092  101.612030  106.850937  108.235313  105.559219  99.770309  91.022659  81.168747  70.909843  60.209686  49.752968  41.714848 
 44.581200  55.920158  67.654999  79.378281  91.023750  101.994217  111.261566  117.112350  118.806244  115.684998  109.089218  98.862656  87.488434  76.208122  64.672188  53.443283  44.288486 
 46.516506  58.535469  70.586090  82.874062  95.417503  107.537033  117.587036  123.476563  124.935944  122.038910  115.215942  104.210312  91.725624  79.589691  67.571716  55.884842  46.042141 
 47.438435  59.454689  71.761253  84.310158  97.064217  109.560623  119.535782  125.516724  126.952347  124.082962  117.670319  106.313278  93.722969  81.385941  68.811562  56.734375  46.556873 
 46.960003  58.726250  70.852028  83.004845  95.192184  107.234840  117.260315  123.272659  124.611725  121.912964  115.610306  104.480003  91.902657  79.756874  67.779533  56.090622  46.241043 
 44.966614  56.443909  67.943283  79.609840  90.888596  101.615784  110.763123  116.662659  118.175308  115.394058  108.869217  98.953125  87.672501  76.558441  65.090469  53.921249  44.534164 
 42.180367  52.495155  63.298592  74.002342  83.932503  93.250938  100.870628  105.944534  107.260780  105.125778  99.500626  91.100784  81.388748  71.337189  60.704689  50.193596  42.112133 
 39.651924  47.755470  57.451096  67.206253  76.202034  83.880310  90.181717  94.130157  95.267342  93.251564  88.546249  81.801872  73.626717  64.612656  54.877029  45.711094  39.876301 
 38.148697  43.316406  50.833595  59.605469  67.633278  74.468597  79.747810  82.834846  83.601875  81.929535  78.285004  72.600311  65.554062  57.433128  48.752815  41.973751  39.080414 
 36.717865  40.650784  45.204216  52.278595  59.650574  65.537544  70.316986  73.030464  73.641457  72.423073  69.347908  64.369057  57.988228  50.674789  44.016979  40.429165  38.702919 
 } 


 White Balance Data with optical Center Data
 r_center_x =  627 r_center_y =  471 
 gr_center_x =  637 gr_center_y =  467 
 b_center_x =  633 b_center_y =  476 
 gb_center_x =  631 gb_center_y =  486 
 r/gr 0.612343 
 b/gr 0.679799 
 gb/gr 1.000878 
 r_oc_ave 114.742218 
 b_oc_ave 127.382217 
 gr_oc_ave 187.382217 
 gb_oc_ave 187.546661 

 [AWB]
 RGr =  0.612343 
 BGr =  0.679799 
 GbGr =  1.000878 
 r_oc_ave =  114.742218 
 b_oc_ave =  127.382217 
 gr_oc_ave =  187.382217 
 gb_oc_ave =  187.546661 