 LEFT LENS SHADING DATA
 RED Channel
 {
 26.324219  28.880882  32.255730  38.010624  44.085629  49.558174  53.624168  56.053284  56.878906  55.531563  52.916878  48.483070  43.170261  37.132137  31.614166  28.367603  26.583855 
 28.102970  31.819843  38.097813  45.731876  52.984375  59.475471  64.576248  67.930153  68.715782  67.132813  63.535622  58.130783  51.636719  44.544846  37.152500  31.093437  28.053856 
 29.328178  35.709217  44.075001  53.026253  61.492035  69.141090  75.483124  79.927345  81.152191  79.084221  74.437035  67.603752  59.767189  51.601250  43.001251  34.946877  29.099373 
 31.562916  40.022499  49.644218  59.568283  69.324844  78.465782  86.409843  91.952499  93.663437  91.038750  85.083282  76.580940  67.226410  57.814690  48.285156  39.017811  31.141148 
 33.816563  43.595314  54.064064  64.823906  75.839378  86.487968  95.842812  102.120316  104.165779  101.176559  94.385315  84.496719  73.435310  62.876564  52.456566  42.374062  33.353230 
 35.597343  46.000469  57.027031  68.487190  80.396561  92.225784  102.498283  108.922188  110.788597  108.089531  100.928123  90.083595  77.979843  66.312187  55.236252  44.659061  34.952812 
 36.119324  46.889530  58.163750  70.117653  82.187035  94.389374  104.752655  111.191559  113.091248  110.459999  103.816719  92.714844  80.149529  68.000153  56.474060  45.467812  35.529476 
 35.655785  46.102657  57.153595  68.643440  80.352501  91.937500  102.195160  108.699371  110.564529  107.966560  101.330467  90.395470  78.120628  66.419373  55.351097  44.752029  35.112240 
 33.961456  43.724377  54.137344  65.076874  75.939690  86.416718  95.649841  101.969688  103.941719  101.084373  94.343750  84.649529  73.645309  63.130310  52.802658  42.738750  33.612499 
 31.814220  40.219845  49.846405  59.693436  69.260468  78.241096  85.936562  91.401093  93.115158  90.827187  85.002342  76.888283  67.595001  58.305000  48.711403  39.496407  31.602451 
 30.140781  36.166405  44.467030  53.319221  61.742966  69.181404  75.520935  79.891403  81.237190  79.392502  74.718437  68.135155  60.509064  52.276253  43.639374  35.565624  29.637707 
 29.238438  32.662186  38.671406  46.241875  53.599846  60.011719  65.166718  68.458282  69.643906  68.200935  64.556877  59.221565  52.750465  45.537186  38.038750  31.977657  28.954529 
 28.186771  30.532604  33.560780  39.282291  45.536304  51.011101  55.434845  58.239738  58.837868  58.054268  55.180206  50.675728  45.038181  38.791775  33.193333  30.004532  28.529114 
 } 
 GR Channel
 {
 52.019424  57.031921  62.593330  71.723694  81.241821  89.584167  95.810005  99.500778  100.604378  98.572868  94.524796  87.965729  80.003174  70.483383  61.656609  56.434639  53.140465 
 55.515678  62.176720  72.345001  84.376404  95.828278  105.656250  113.241257  118.337662  119.586868  116.970154  111.715622  103.749062  93.790466  82.833595  71.237656  61.383591  55.934219 
 57.822136  68.513596  81.879532  95.828751  108.998123  120.804535  130.240784  136.692810  138.650620  135.292969  128.583588  118.485306  106.653908  93.974533  80.600937  67.695313  57.863647 
 61.294899  75.275314  90.375778  105.868752  120.895630  134.970154  146.890472  154.944839  157.607971  153.944061  145.363129  132.491257  118.163284  103.669533  88.930626  74.173439  61.320107 
 65.010887  80.791092  97.125153  113.927505  130.862030  147.083908  161.125626  170.242493  173.473907  169.336563  159.648743  144.697037  127.802811  111.442184  95.305313  79.439842  64.877556 
 67.732506  84.622498  101.717812  119.274063  137.493118  155.422028  170.681412  180.157974  182.974533  179.271255  169.157654  153.122025  134.515930  116.644684  99.626877  83.140160  67.514114 
 68.789429  85.862968  103.260941  121.375931  139.762970  158.343750  173.807663  183.078903  186.022812  182.567184  173.371567  156.826874  137.854843  119.433289  101.664063  84.373436  68.433434 
 67.676826  84.515778  101.635315  119.024994  137.025620  154.641556  169.932037  179.488907  182.298904  178.785156  169.695313  153.290466  134.564682  116.678284  99.752029  83.187813  67.502815 
 65.028130  80.771873  96.956879  113.567184  130.196716  146.205627  160.125626  169.490936  172.543121  168.623123  159.013596  144.302505  127.591568  111.415939  95.547813  79.842499  65.039581 
 61.486511  75.134216  90.098434  105.241722  119.721252  133.610779  145.345932  153.444214  156.041412  152.878601  144.522339  132.318909  118.132965  103.761871  89.170158  74.504845  61.557129 
 58.578491  68.610779  81.849060  95.542030  108.347031  119.807495  129.251404  135.701721  137.790161  135.226868  128.354370  118.555786  106.857658  94.357033  80.992966  68.029846  58.239632 
 56.599525  62.945160  72.534531  84.458282  95.834846  105.618439  113.383911  118.307343  119.994690  117.901566  112.644531  104.553284  94.747032  83.746559  72.004997  62.217659  56.939949 
 53.996613  59.020782  64.294746  73.113899  83.044632  91.478020  98.110359  102.070465  103.413849  102.226974  97.904747  91.366821  82.862236  72.956146  64.145836  58.840775  55.654945 
 } 
 GB Channel
 {
 52.533798  57.459221  63.148651  72.446518  82.173233  90.886513  97.291718  101.154167  102.274162  100.199219  96.102867  89.194733  80.702713  71.131409  62.202866  56.729172  53.637909 
 56.013802  62.573593  72.845314  85.112968  96.700310  106.667969  114.522339  119.738754  120.952499  118.363586  112.876404  104.717033  94.593124  83.415779  71.488907  61.511253  56.192497 
 57.997192  68.734688  82.369843  96.571716  109.778435  121.808289  131.378433  138.046097  140.042496  136.709534  129.745163  119.490463  107.379845  94.411873  80.785004  67.629059  57.746979 
 61.158073  75.338280  90.796722  106.508438  121.663284  135.940475  147.867813  156.256256  158.868286  155.093750  146.257965  133.233276  118.710632  103.901718  88.905312  73.912971  60.821510 
 64.686302  80.657341  97.315941  114.207184  131.323441  147.653900  161.742340  171.106720  174.461868  170.119843  160.389374  145.287659  128.137344  111.515472  95.090157  78.990471  64.316513 
 67.253334  84.191254  101.468285  119.328278  137.497025  155.475311  170.774063  180.406250  183.338440  179.593597  169.383743  153.101257  134.640152  116.523911  99.199844  82.487503  66.717911 
 68.074432  85.314217  102.931877  121.121246  139.515778  157.941406  173.375153  182.929535  185.858444  182.355316  173.104996  156.602966  137.459213  118.962662  101.049530  83.546097  67.433800 
 66.918381  83.764847  101.032501  118.446869  136.395630  154.126556  169.161255  178.886719  181.885468  178.373901  169.158752  152.867813  134.112030  116.076401  98.897972  82.210625  66.600212 
 64.252762  80.025467  96.339066  112.871567  129.475311  145.396408  159.312653  168.698914  171.819839  168.076096  158.260468  143.740631  126.953278  110.712814  94.688438  78.871559  64.098236 
 60.683067  74.507034  89.511719  104.598434  119.082962  132.842194  144.244370  152.489380  155.271088  152.018433  143.652191  131.469223  117.305466  102.923904  88.316406  73.535782  60.683907 
 57.893028  68.053436  81.277496  94.980469  107.625153  118.817810  128.345932  134.800934  136.910156  134.238281  127.485306  117.684845  106.094841  93.580315  80.206718  67.216721  57.561508 
 56.400261  62.421722  72.009064  83.859840  95.106094  104.702972  112.504837  117.444214  119.092499  117.039368  111.758278  103.749847  94.009064  83.102188  71.359840  61.557968  56.589012 
 53.895264  58.646507  63.883644  72.650887  82.484634  90.665260  97.342140  101.449432  102.615417  101.164795  97.130989  90.501305  82.069481  72.296349  63.457558  58.391930  55.439011 
 } 
 B Channel
 {
 34.425365  37.987030  42.204010  48.925522  55.832085  61.779266  66.210732  68.780312  69.517975  68.324684  65.772453  60.983536  55.184631  48.317970  41.895367  37.873280  36.147446 
 36.766201  41.551407  48.852966  57.544685  65.702499  72.595940  77.864059  81.181564  82.116096  80.542191  77.126404  71.635628  64.658592  56.903595  48.533905  41.442657  38.291199 
 38.258228  45.969063  55.668121  65.603127  74.740936  82.837189  89.257034  93.558281  94.797501  92.864059  88.463127  81.691559  73.477654  64.645782  55.078903  45.920467  39.742760 
 40.634167  50.541252  61.551559  72.612968  82.913750  92.487343  100.391876  105.800934  107.408127  105.089531  99.523125  91.036095  81.287659  71.281715  60.812653  50.352654  42.021198 
 42.926563  54.205315  65.789215  77.552185  89.180000  100.231720  109.540154  115.670944  117.653122  115.083130  108.922340  98.888748  87.627190  76.407341  65.116409  53.975784  44.604736 
 44.817188  56.528435  68.519531  80.638123  93.037186  105.164375  115.358749  121.514374  123.485779  121.184525  114.785309  104.111717  91.756874  79.578751  67.834061  56.369217  46.373592 
 45.573696  57.397659  69.463127  81.840469  94.139374  106.455940  116.591400  122.710785  124.895309  122.877808  116.966568  106.042191  93.477654  81.194687  68.998596  57.086876  46.795628 
 44.778645  56.479065  68.420311  80.406876  92.337654  103.969688  113.938599  120.062653  122.042496  120.161880  114.530472  103.944847  91.474220  79.489685  67.740936  56.253281  46.351406 
 42.994324  53.944534  65.304375  76.928909  88.089691  98.624222  107.608749  113.713593  115.588440  113.468124  107.328438  97.824997  86.800156  75.933594  64.924690  53.924530  44.530575 
 40.473385  50.073593  60.672966  71.349060  81.231560  90.403282  97.927498  103.107658  104.771721  102.908592  97.650627  89.724846  80.290001  70.711250  60.447029  50.198753  41.911247 
 38.367916  45.571251  54.923904  64.603905  73.553596  81.248596  87.480621  91.615936  92.888748  91.302811  87.078438  80.636406  72.852814  64.163437  54.766876  45.748905  39.500366 
 37.294636  41.868595  48.822968  57.329216  65.479691  72.302811  77.521248  80.823441  81.952187  80.583282  77.118126  71.882660  65.031563  57.342659  48.934532  41.984375  39.105209 
 35.942966  39.520466  43.494427  50.084839  57.280937  63.293648  68.147079  70.890518  71.686356  70.941406  68.211044  63.542870  57.434891  50.451202  43.833904  40.227707  38.779373 
 } 


 White Balance Data with optical Center Data
 r_center_x =  643 r_center_y =  483 
 gr_center_x =  640 gr_center_y =  495 
 b_center_x =  679 b_center_y =  489 
 gb_center_x =  653 gb_center_y =  472 
 r/gr 0.607441 
 b/gr 0.671152 
 gb/gr 0.998666 
 r_oc_ave 113.351105 
 b_oc_ave 125.240005 
 gr_oc_ave 186.604446 
 gb_oc_ave 186.355560 

 [AWB]
 RGr =  0.607441 
 BGr =  0.671152 
 GbGr =  0.998666 
 r_oc_ave =  113.351105 
 b_oc_ave =  125.240005 
 gr_oc_ave =  186.604446 
 gb_oc_ave =  186.355560 