 LEFT LENS SHADING DATA
 RED Channel
 {
 27.211044  29.679375  33.010105  38.826458  45.072342  50.429901  54.470161  56.903488  57.732452  56.537445  53.767090  49.312920  43.621403  37.765522  32.318386  29.080311  27.202816 
 28.753128  32.559376  39.004688  46.641876  53.889221  60.125313  65.128281  68.404533  69.211403  67.575157  64.022499  58.565002  52.117035  45.002186  37.536095  31.649063  28.366978 
 30.162712  36.768124  45.235157  54.183746  62.577034  69.904373  76.150154  80.365158  81.653908  79.486565  74.766403  68.007187  60.262810  52.116409  43.515469  35.433437  29.591354 
 32.659374  41.361874  51.129997  60.943283  70.492340  79.461403  87.243279  92.618126  94.181877  91.381874  85.398285  76.909531  67.722191  58.391090  48.939377  39.545311  31.619480 
 35.024639  45.057343  55.596878  66.423752  77.241875  87.747032  96.886719  103.052032  104.799530  101.642189  94.743904  84.832344  73.977028  63.512184  53.107185  43.053593  33.726303 
 36.874634  47.541092  58.632187  70.073753  82.112656  93.737656  103.824532  110.081253  111.706879  108.679375  101.303909  90.349846  78.541565  67.114845  56.150314  45.439529  35.391407 
 37.544010  48.536720  59.939377  71.837967  84.093750  96.254684  106.441719  112.711868  114.333435  111.484375  104.356873  93.004219  80.863594  68.959373  57.395622  46.376564  36.097813 
 37.211926  47.810471  58.930000  70.598434  82.492340  94.022659  104.116875  110.359840  112.025162  109.058594  102.092659  90.941093  78.848595  67.565628  56.470779  45.848751  35.729168 
 35.543278  45.441406  56.116096  67.198441  78.044846  88.454216  97.704063  103.747658  105.470940  102.333748  95.292191  85.476875  74.786407  64.324066  53.914375  43.797344  34.348385 
 33.142399  42.000313  52.026566  61.964691  71.460938  80.388123  88.002029  93.236565  94.773903  92.278282  86.244064  78.017342  68.868752  59.474373  49.951874  40.475155  32.307449 
 31.094116  38.001408  46.713436  55.657028  64.077812  71.491722  77.694847  81.794998  83.153122  81.030624  76.186249  69.539215  61.807503  53.589218  44.803280  36.590626  30.358124 
 30.163021  34.084686  40.532658  48.234222  55.683746  62.051559  67.074066  70.374062  71.293747  69.726563  65.999222  60.556877  53.944687  46.565311  39.035782  32.861874  29.350212 
 28.725937  31.056774  34.390781  40.186508  46.582081  51.799065  56.324471  59.118652  59.576668  58.521149  55.519005  51.133118  45.273438  39.052399  33.254322  30.037712  27.896042 
 } 
 GR Channel
 {
 52.003647  57.267403  63.117546  72.613281  82.285156  90.655205  96.957344  100.703178  102.234116  100.388908  96.278282  89.353073  80.821404  71.297661  62.278389  57.032608  53.458023 
 55.429482  62.426559  72.853592  84.905159  96.297028  105.959373  113.534225  118.561722  120.086411  117.815781  112.592651  104.350784  94.335785  83.153282  71.204842  61.445938  55.918442 
 58.285728  69.370316  82.803909  96.743439  109.697342  121.081100  130.668121  137.157028  139.229691  136.030624  129.308746  119.296722  107.298439  94.597504  80.879059  67.874847  57.823387 
 62.258018  76.322189  91.602654  106.882034  121.581879  135.400940  147.166412  155.589844  158.162033  154.257813  145.961716  133.160004  118.980316  104.440941  89.436562  74.445313  61.257813 
 65.904686  82.133438  98.350624  114.922028  131.772964  147.751099  161.790619  171.075317  173.728745  169.731400  159.998123  145.115005  128.564682  112.241714  96.028908  79.936722  64.715675 
 68.830360  85.873909  102.869530  120.381256  138.636871  156.411560  171.788437  180.836090  183.373901  179.544220  169.448593  153.348282  135.358749  117.702026  100.664841  83.815628  67.313126 
 69.877808  87.257813  104.531563  122.630936  141.168747  159.881561  175.019684  184.191559  186.787659  182.852341  173.439056  157.221725  138.767502  120.697662  102.757813  85.033905  68.475365 
 69.046349  85.948441  103.043907  120.515152  138.728745  156.436569  171.770462  181.141251  183.527039  179.445786  170.013123  153.740463  135.389694  117.966400  100.897499  84.028748  67.650421 
 66.541351  82.395935  98.664375  115.512650  132.048904  148.139847  162.214691  171.260941  173.808594  169.709061  159.662506  145.146255  128.772339  112.767181  96.713440  80.758125  65.396461 
 62.549370  76.933128  92.291405  107.508751  121.919525  135.752029  147.306412  155.148743  157.740311  154.480164  146.039841  133.705627  119.631088  105.146721  90.424690  75.401093  61.941307 
 59.108643  70.487816  84.285469  97.923439  110.744217  122.017029  131.405472  137.763748  139.761093  136.921402  130.237656  120.468124  108.692032  95.868279  82.232185  68.988907  58.794945 
 56.778130  64.049377  74.381721  86.276253  97.685158  107.430626  115.217194  119.989838  121.513748  119.313904  113.963593  106.043747  96.134216  84.809998  72.855621  62.794685  56.848854 
 53.894379  58.671043  64.364845  73.293747  83.403694  91.446869  98.032188  102.049644  103.367081  101.752869  97.442558  90.869583  82.231102  72.442924  63.416046  58.008026  53.854279 
 } 
 GB Channel
 {
 53.203598  57.959007  64.048798  73.663338  83.469635  91.875938  98.280579  102.229897  103.504219  101.718239  97.359383  90.197815  81.537659  71.713539  62.586044  57.312187  53.621353 
 56.251511  63.181717  73.754845  86.107498  97.552345  107.239685  115.077026  120.054062  121.559845  119.047806  113.556870  105.164063  94.920784  83.454376  71.378128  61.403435  55.960938 
 58.717659  69.975784  83.775314  97.886871  110.983284  122.456253  132.125473  138.610931  140.612808  137.185471  130.201248  119.895935  107.788437  94.733437  80.950310  67.648590  57.650887 
 62.410942  76.959686  92.588280  108.059532  123.039993  136.810150  148.614059  157.006714  159.382965  155.212189  146.576874  133.611877  119.231400  104.463753  89.166878  73.974686  60.780937 
 66.141663  82.507500  99.174843  115.880783  132.861252  149.024216  162.854218  172.171875  174.872192  170.436096  160.448914  145.423126  128.547653  112.110306  95.628593  79.194687  64.095528 
 68.663849  86.063438  103.433281  121.081406  139.327347  157.134369  172.322662  181.284058  183.783600  179.752655  169.371567  153.254684  134.974213  117.256882  99.970314  82.923904  66.355362 
 69.502609  87.317184  104.936249  123.138275  141.779068  160.122650  175.090149  184.110306  186.545944  182.574997  172.883743  156.546570  138.014526  119.794220  101.761871  84.024216  67.389015 
 68.631981  85.896561  103.086250  120.729065  138.891876  156.396561  171.353439  180.615463  182.878601  178.753281  169.078751  152.807663  134.429993  116.871567  99.713280  82.843903  66.534950 
 66.068077  82.078278  98.644844  115.463287  131.881409  147.719376  161.500305  170.473434  172.934525  168.743286  158.615311  143.967651  127.754684  111.627502  95.504532  79.524689  64.192192 
 62.079323  76.663284  92.207970  107.424065  121.661713  135.220779  146.458588  154.118439  156.506882  153.208282  144.589218  132.378281  118.284683  103.996559  89.216408  74.196404  60.816612 
 58.787239  70.258278  83.979843  97.635315  110.204842  121.227661  130.350006  136.538437  138.497650  135.572815  128.747498  118.951096  107.283905  94.624374  81.089691  67.973282  57.790154 
 56.746094  63.814217  74.027191  85.983124  97.240311  106.697815  114.258286  119.016251  120.349380  117.966568  112.688904  104.756561  94.829216  83.655472  71.744217  61.846878  55.918961 
 53.864426  58.445679  63.930939  73.115204  82.976982  91.029060  97.609322  101.590836  102.522293  100.898643  96.347870  89.701973  81.306931  71.482765  62.469841  57.038124  53.162704 
 } 
 B Channel
 {
 34.754322  38.634739  43.057762  49.995880  56.943489  62.894577  67.429008  69.981766  70.826561  69.612244  66.809380  62.224426  56.022087  49.168594  42.577240  38.595055  36.539223 
 36.712654  41.652031  49.019218  57.537346  65.514534  72.273750  77.481720  80.728439  81.554062  79.983284  76.711876  71.189217  64.196251  56.411720  47.944530  40.967342  37.634636 
 38.707085  46.448750  55.889374  65.666092  74.713753  82.618752  88.846878  92.871094  94.067810  92.051407  87.821564  81.084534  72.937965  64.116875  54.546562  45.357967  38.994011 
 41.451820  51.312035  62.065941  72.606873  82.715469  92.006096  99.758438  104.832031  106.512497  104.098907  98.483597  90.132034  80.547653  70.680626  60.299690  49.822655  41.304115 
 43.927498  55.147499  66.502655  77.800934  89.208908  99.748436  108.893280  114.786880  116.758743  113.778442  107.447342  97.577187  86.600784  75.721878  64.656403  53.542656  43.814533 
 45.764008  57.479218  69.336876  81.251091  93.335312  105.053909  115.036407  121.032806  122.777039  120.007187  113.183289  102.484528  90.625465  79.017654  67.655312  56.159691  45.539268 
 46.365162  58.415779  70.454216  82.651253  94.880310  106.779221  116.843597  122.912659  124.595474  121.839996  115.314377  104.398750  92.488281  80.811409  68.891403  56.886719  46.340260 
 45.779583  57.593750  69.409065  81.313126  93.081879  104.506721  114.494370  120.334213  121.895630  119.341873  113.054382  102.580002  90.587029  79.241096  67.834686  56.237190  45.818439 
 44.179218  55.268593  66.613594  77.974998  88.872345  99.155472  108.095314  113.667496  115.230164  112.669998  106.285156  96.957497  86.505936  75.987968  65.248596  54.174065  44.234062 
 41.437344  51.634216  62.356407  72.646721  82.204063  90.994530  98.212341  103.027809  104.415779  102.322029  97.096718  89.401718  80.473907  71.067345  60.954842  50.530312  41.851566 
 39.322449  47.187656  56.720627  66.091560  74.678909  81.770622  87.696564  91.467972  92.667969  90.984375  86.884529  80.728752  73.159378  64.593124  55.255936  46.010311  39.430733 
 37.792187  42.717186  49.940468  58.050934  65.714066  72.033440  76.883438  79.965469  80.977188  79.659378  76.360153  71.388283  64.732185  57.025154  48.677345  41.629219  37.942345 
 35.568439  38.918022  42.784428  49.109276  55.947395  61.162186  65.627190  68.276512  69.043442  68.297707  65.616615  61.281830  55.363861  48.484535  42.027134  38.147758  35.662758 
 } 


 White Balance Data with optical Center Data
 r_center_x =  624 r_center_y =  471 
 gr_center_x =  626 gr_center_y =  496 
 b_center_x =  629 b_center_y =  489 
 gb_center_x =  625 gb_center_y =  468 
 r/gr 0.611410 
 b/gr 0.667844 
 gb/gr 0.999715 
 r_oc_ave 114.600006 
 b_oc_ave 125.177780 
 gr_oc_ave 187.435562 
 gb_oc_ave 187.382217 

 [AWB]
 RGr =  0.611410 
 BGr =  0.667844 
 GbGr =  0.999715 
 r_oc_ave =  114.600006 
 b_oc_ave =  125.177780 
 gr_oc_ave =  187.435562 
 gb_oc_ave =  187.382217 