 LEFT LENS SHADING DATA
 RED Channel
 {
 28.024220  30.603390  34.176823  40.159164  46.304535  51.634483  55.896202  58.358124  59.110054  57.827026  54.868484  50.339111  44.807034  38.668385  33.067654  29.797604  27.903019 
 29.676716  33.697342  40.244530  47.985001  55.190155  61.472809  66.602654  69.793121  70.491096  68.887657  65.233284  59.633904  53.052658  45.898594  38.445782  32.415939  29.263855 
 31.270367  37.977657  46.639999  55.563591  63.921249  71.542656  77.762344  81.852188  82.974998  80.777969  76.021721  69.063751  61.214844  53.042343  44.421249  36.314842  30.374638 
 33.555054  42.544846  52.372498  62.287659  71.964844  81.037346  88.822189  94.026405  95.507660  92.763123  86.594376  77.990936  68.725159  59.403748  49.834061  40.520313  32.484062 
 35.926197  46.185158  56.854691  67.790314  78.892029  89.342033  98.572655  104.592033  106.176720  102.995941  95.940315  85.840782  75.000000  64.495628  54.024841  43.877342  34.728802 
 37.843906  48.733284  59.939377  71.686409  83.721718  95.438751  105.342346  111.709221  113.191879  109.911720  102.523750  91.468437  79.533592  68.025780  56.961403  46.308750  36.252083 
 38.603230  49.670311  61.310310  73.423752  85.695160  97.939529  108.040939  114.289215  115.840317  112.727036  105.746719  94.314377  81.951096  69.997032  58.282188  47.231407  37.001614 
 38.015415  48.987503  60.445465  72.049530  84.076561  95.760468  105.680779  111.960938  113.600632  110.420624  103.452499  92.255470  80.021873  68.507813  57.412346  46.629532  36.615986 
 36.409218  46.749844  57.540154  68.633591  79.533127  90.079689  99.253906  105.366249  106.918434  103.781563  96.659218  86.800781  75.955002  65.408752  55.014999  44.672813  35.268642 
 34.100677  43.202969  53.114685  63.262657  72.855156  81.820313  89.663597  94.940315  96.259529  93.706718  87.666718  79.307968  70.003593  60.590157  50.889534  41.346092  33.184635 
 32.154636  38.929844  47.661407  56.712029  65.251564  72.704216  79.106560  83.294060  84.521248  82.430779  77.607346  70.761871  63.017967  54.691406  45.778126  37.435314  31.346565 
 31.219063  34.934063  41.371407  49.222031  56.796722  63.265160  68.395782  71.650002  72.540939  71.022186  67.181877  61.704689  55.075935  47.708908  39.976875  33.717655  30.184116 
 29.451149  31.757397  35.217445  41.008488  47.454845  52.930779  57.464325  59.907501  60.612602  59.548859  56.661461  52.111359  46.449268  40.049530  34.265209  30.918701  28.615784 
 } 
 GR Channel
 {
 53.073074  58.207657  64.292130  73.721771  83.127968  91.277138  97.734795  101.575623  102.731194  100.607140  96.454994  89.709221  81.270416  71.802185  63.021355  57.741302  54.629219 
 56.546822  63.420784  73.926094  85.933441  97.043594  106.609840  114.389374  119.231873  120.425156  118.066101  112.843750  104.649841  94.584999  83.559685  71.869690  62.152344  56.725060 
 59.364220  70.344841  83.773438  97.646408  110.502342  122.017349  131.596725  137.808594  139.545776  136.650620  129.782501  119.572968  107.628281  94.959221  81.452187  68.453125  58.681458 
 63.047714  77.458122  92.631096  107.827499  122.768127  136.876877  148.717499  156.596725  159.017029  155.296570  146.639999  133.700470  119.425629  104.886406  89.970001  75.158440  62.207184 
 67.118965  83.095627  99.511719  116.200150  133.205154  149.618591  163.620621  172.443130  175.165314  170.857498  161.008911  146.244064  129.191101  112.900787  96.518906  80.592972  65.784012 
 70.207352  87.016716  104.167030  121.892029  140.387192  158.618439  173.772339  182.906876  185.171570  180.971405  170.822342  154.649841  136.153748  118.323914  101.197342  84.367035  68.420158 
 71.232399  88.502815  106.088280  124.353912  142.976715  161.843277  177.346405  186.629379  188.931091  184.946716  175.628433  158.897812  140.104370  121.551254  103.474060  85.887497  69.573753 
 70.359947  87.316406  104.686722  122.405777  140.578430  158.555466  174.046875  183.421402  185.980469  182.001556  172.584213  156.029526  137.062027  119.024994  101.730003  84.817810  68.988647 
 67.771248  83.925003  100.540154  117.345154  134.039841  150.428909  164.572968  173.835464  176.471725  172.293900  162.397812  147.684372  130.792496  114.197815  97.972031  81.789063  66.547813 
 64.073380  78.547340  93.941406  109.256721  124.053284  138.032181  149.892181  157.923904  160.323441  156.995621  148.353912  135.882187  121.360153  106.878754  91.622185  76.581093  63.117134 
 60.903435  72.059685  85.599060  99.517029  112.627350  124.113434  133.783600  140.388901  142.068588  139.302811  132.301880  122.267807  110.282028  97.388283  83.588753  70.243904  60.168701 
 58.720001  65.587502  75.800468  88.047501  99.526718  109.300781  117.163437  122.075150  123.349380  121.273743  115.755005  107.721878  97.607185  86.234840  74.169685  64.159531  58.299324 
 54.985001  60.208328  65.841515  75.198746  84.908180  93.216827  99.742195  103.699532  104.819786  103.360840  99.202492  92.606041  83.473022  74.030891  64.822609  59.432655  55.473488 
 } 
 GB Channel
 {
 54.190514  59.085106  65.039108  74.575462  84.271873  92.671509  99.010681  102.838951  103.882294  101.710152  97.162712  90.219948  81.625938  72.020210  63.019745  57.771614  54.462456 
 57.303444  64.228439  74.841408  87.134842  98.275627  107.971718  115.756714  120.600632  121.789368  119.043274  113.586868  105.246407  94.915939  83.751877  71.862030  62.125153  56.636620 
 59.698021  70.970940  84.723907  98.830315  111.900467  123.417496  132.979996  139.218903  140.790466  137.589691  130.509369  120.082962  107.994530  95.018593  81.379997  68.278282  58.400574 
 63.450516  78.014687  93.622810  109.101250  124.188126  138.202820  150.054688  158.015320  160.192963  156.130630  147.369537  134.075623  119.654373  104.793907  89.670937  74.760155  61.505363 
 67.155258  83.561722  100.294685  117.186249  134.436401  150.820007  164.630936  173.505936  176.026718  171.477341  161.403748  146.313431  129.221100  112.563599  96.027809  79.878441  64.852600 
 70.035934  87.189690  104.688751  122.626404  141.215149  159.316879  174.286255  183.304214  185.589371  181.022812  170.673752  154.384216  135.783279  117.751724  100.372185  83.524689  67.272186 
 70.974373  88.409378  106.339844  124.818909  143.634064  162.317032  177.423599  186.594528  188.678589  184.637344  175.103439  158.154694  139.275162  120.607025  102.472191  84.812500  68.320412 
 70.139374  87.299377  104.936249  122.657028  140.974380  158.649368  173.631561  182.904694  185.443756  181.228745  171.579849  154.945007  136.051086  117.977493  100.683128  83.720779  67.485153 
 67.453964  83.959373  100.575935  117.424225  134.163589  150.117035  163.964539  173.028900  175.453125  171.136871  161.052811  146.320313  129.589539  113.166412  96.762497  80.641251  65.323326 
 63.901932  78.550468  93.904221  109.203751  123.733276  137.314377  149.063126  156.869690  158.949844  155.535309  146.803131  134.334534  120.075150  105.550468  90.505783  75.481247  62.039169 
 60.791252  71.843750  85.324997  99.178284  111.981407  123.170151  132.666870  138.926880  140.629684  137.615463  130.645157  120.607498  108.758125  96.053123  82.339844  69.144531  59.196411 
 58.781456  65.390625  75.535156  87.523590  98.885628  108.339844  116.086563  120.806870  122.075317  119.804535  114.238907  106.186874  96.176094  84.974373  72.978592  63.121407  57.369118 
 55.262291  59.822296  65.366203  74.677971  84.312294  92.606720  98.959480  102.850212  103.904060  102.355156  97.943703  91.186874  82.437965  72.798538  63.634636  58.331192  54.665359 
 } 
 B Channel
 {
 35.068954  38.846874  43.235992  50.088593  57.067711  62.993332  67.466042  70.062080  70.724274  69.398804  66.391197  61.546356  55.415314  48.486092  42.061928  38.113956  36.527290 
 36.995628  41.895626  49.423279  57.986717  65.963127  72.703751  77.821877  80.925003  81.684685  80.026093  76.347656  70.688438  63.639061  55.784218  47.581718  40.713123  37.559376 
 38.982498  46.814999  56.451408  66.323753  75.291565  83.162659  89.341873  93.370316  94.389687  92.235001  87.592972  80.578590  72.458282  63.656563  54.316559  45.166874  39.032707 
 41.607239  51.662033  62.635468  73.384216  83.477501  92.725937  100.454376  105.572502  106.863129  104.140160  98.380623  89.581879  80.157028  70.336563  60.056404  49.779686  41.476357 
 44.301403  55.530785  67.235466  78.837502  90.190468  100.688904  109.753128  115.482651  117.029694  113.904694  107.342033  97.400627  86.434845  75.549065  64.397812  53.384842  43.985886 
 46.176609  58.236404  70.286095  82.419685  94.505470  106.174690  115.783600  121.658600  122.845001  119.778122  113.123596  102.494377  90.603905  78.962654  67.338280  55.816559  45.733227 
 46.937397  59.072815  71.475784  83.754372  96.002502  108.043282  117.740005  123.450470  124.790161  121.901718  115.647964  104.793907  92.739998  80.786560  68.837814  56.766563  46.327396 
 46.355778  58.390160  70.575935  82.447029  94.394218  105.802658  115.294998  120.941254  122.209839  119.408905  113.574844  103.149689  90.983749  79.193436  67.666565  56.073280  45.965157 
 44.867085  56.181252  67.637810  79.002190  90.038910  100.195625  108.936409  114.403442  115.781555  113.177032  106.874687  97.589531  86.849846  76.165001  65.199371  54.105156  44.482868 
 42.301666  52.467499  63.062653  73.551872  83.176407  91.901093  99.209999  104.031250  105.337654  103.387344  97.936249  89.956406  80.695938  71.152031  60.902031  50.577812  42.013226 
 40.089790  47.824375  57.262970  66.744530  75.362968  82.604691  88.599373  92.613434  93.690941  92.035156  87.620781  81.147346  73.349373  64.740623  55.328278  46.159531  39.745159 
 38.483593  43.190468  50.311096  58.573753  66.244530  72.750778  77.744530  80.865158  81.664528  80.348747  76.868904  71.547188  64.736252  57.118752  48.779846  41.760311  38.256981 
 35.803181  39.151512  42.939220  49.334991  56.363487  61.905571  66.395988  68.882866  69.606819  68.702911  65.959534  61.316772  55.371666  48.602493  42.133801  38.411144  35.908230 
 } 


 White Balance Data with optical Center Data
 r_center_x =  627 r_center_y =  482 
 gr_center_x =  614 gr_center_y =  499 
 b_center_x =  632 b_center_y =  495 
 gb_center_x =  627 gb_center_y =  484 
 r/gr 0.612298 
 b/gr 0.661244 
 gb/gr 0.998151 
 r_oc_ave 116.257782 
 b_oc_ave 125.551117 
 gr_oc_ave 189.871109 
 gb_oc_ave 189.520004 

 [AWB]
 RGr =  0.612298 
 BGr =  0.661244 
 GbGr =  0.998151 
 r_oc_ave =  116.257782 
 b_oc_ave =  125.551117 
 gr_oc_ave =  189.871109 
 gb_oc_ave =  189.520004 