 LEFT LENS SHADING DATA
 RED Channel
 {
 26.761406  29.275158  32.845261  39.011875  45.224895  51.047501  55.244736  58.170891  59.005936  57.807808  54.925003  50.433594  44.829842  38.633022  32.872086  29.336094  27.609013 
 28.434322  32.493282  39.105469  46.959373  54.432816  60.985001  66.449532  69.874847  70.938438  69.382813  65.738747  60.187965  53.504219  46.232189  38.607498  32.362968  29.061512 
 29.919945  36.593906  45.160469  54.258125  62.826248  70.697502  77.317497  81.909531  83.313126  81.235466  76.495316  69.568596  61.639374  53.287346  44.485939  36.196564  30.137814 
 32.102081  40.785000  50.622498  60.685623  70.537971  79.861565  87.979530  93.784218  95.667503  93.082809  87.054688  78.561874  69.104843  59.547340  49.733124  40.208439  32.132187 
 34.473282  44.241405  54.826721  65.919685  77.001717  87.749687  97.226410  103.643753  105.865471  102.994377  96.125465  86.169533  75.106407  64.292343  53.677345  43.442970  34.339840 
 35.940887  46.557343  57.573593  69.155785  81.274063  93.146561  103.343750  109.932030  111.905312  109.283592  102.274376  91.437653  79.243591  67.612816  56.366249  45.653751  35.782501 
 36.396301  47.247345  58.672813  70.446091  82.591248  94.820778  105.138283  111.656563  113.609070  111.127342  104.508591  93.491249  81.150154  69.026718  57.325623  46.251408  36.315781 
 35.574585  46.198750  57.247185  68.696564  80.322342  92.010628  102.229530  108.729843  110.789688  108.037811  101.507187  90.883591  78.631409  67.107033  56.033592  45.375782  35.760574 
 33.819008  43.646717  53.982033  64.952187  75.506721  85.887184  95.108124  101.362968  103.291878  100.704376  94.053596  84.578590  74.038437  63.594688  53.218124  43.160469  34.133175 
 31.579479  39.922813  49.450623  59.264534  68.707497  77.529999  85.088593  90.556877  92.394997  90.086403  84.385315  76.466873  67.485779  58.344528  48.860626  39.648594  31.831718 
 29.602081  35.708752  43.900158  52.728439  61.089531  68.516563  74.737030  78.852966  80.307968  78.596718  74.028595  67.627190  60.029999  52.011871  43.546406  35.574062  30.199478 
 28.661770  31.962189  37.821407  45.365158  52.627190  58.959061  64.022499  67.179688  68.286560  66.977966  63.527191  58.265938  51.868904  44.829845  37.509842  31.892811  29.235733 
 27.343433  29.441772  32.412865  37.722031  43.954689  49.116982  53.479584  56.124687  56.960320  55.950676  53.109276  48.990517  43.434116  37.491714  32.270885  29.602394  27.830727 
 } 
 GR Channel
 {
 52.355629  57.061043  62.992447  72.658546  82.365051  90.983490  97.463486  101.736198  103.162239  101.484062  97.307655  90.785461  82.317505  72.679840  63.377083  57.686302  54.093391 
 55.786873  62.595627  73.138908  85.188126  96.663597  106.614532  114.688278  119.892654  121.662033  119.462814  114.270782  106.288597  96.275002  85.081718  73.016251  62.887344  57.232552 
 58.169373  69.201874  82.708282  96.619843  109.654686  121.594849  131.578598  138.228287  140.542816  137.630936  131.070938  120.888748  109.030937  96.181717  82.475159  69.328125  59.235207 
 61.861412  75.797028  90.982346  106.357033  121.352036  135.610153  147.908127  156.500626  159.396088  156.005630  147.525940  134.911560  120.489685  105.799690  90.826248  75.867035  62.767662 
 65.616455  81.089378  97.400780  114.143280  131.034683  147.534225  161.892807  171.324692  174.774689  170.975937  161.403595  146.793274  129.958435  113.402649  97.052185  81.099846  66.372551 
 67.941612  84.761406  101.586716  119.085632  137.384216  155.603745  171.154068  180.713287  183.742188  180.370316  170.740631  154.719681  136.235931  118.447037  101.278435  84.638748  68.736252 
 68.503899  85.660782  103.034378  120.925156  139.411560  158.347183  173.788284  183.285461  186.334381  183.128601  174.192963  158.190933  139.498444  120.928284  102.920471  85.592346  69.743385 
 67.163589  83.880470  100.910004  118.172653  135.984680  154.172806  169.862976  179.595627  182.394836  178.971252  170.058441  154.257339  135.512497  117.698914  100.687965  84.122498  68.607918 
 64.377396  80.085312  95.950470  112.610153  129.056244  145.256714  159.657181  168.982971  171.959686  168.551559  159.071243  144.922653  128.553589  112.288284  96.336563  80.496719  65.860268 
 60.804535  74.212654  89.067032  104.184219  118.796875  132.691101  144.494843  152.787338  155.704376  152.671722  144.435776  132.502502  118.493591  104.372810  89.514687  74.998749  62.181671 
 57.548332  67.607498  80.762184  94.352188  107.392502  118.932190  128.483597  135.015320  137.312805  134.959381  128.245621  118.489685  106.938751  94.373749  81.113907  68.375465  59.376511 
 55.675468  61.628593  71.169060  82.930313  94.085312  104.048592  111.885155  116.726868  118.440933  116.731873  111.496246  103.760155  93.976097  82.955780  71.504532  62.343750  57.433327 
 52.704636  57.124222  62.203644  70.768639  80.399063  88.294220  95.259949  99.315620  100.631767  99.124382  95.019997  88.787445  80.265465  70.975159  62.586411  58.159172  54.717918 
 } 
 GB Channel
 {
 52.987762  57.616920  63.558128  73.404381  83.197342  91.862656  98.803650  102.914795  104.564743  102.638954  98.171608  91.698647  82.915359  73.076355  63.642288  57.915573  54.440575 
 56.215675  63.076721  73.700623  86.074371  97.614220  107.662033  115.914063  121.208130  122.878281  120.669373  115.317657  107.071564  96.933907  85.472191  73.163124  63.035782  57.305161 
 58.443176  69.670471  83.428596  97.450310  110.637344  122.636719  132.621719  139.425156  141.746399  138.843750  132.025314  121.676880  109.539375  96.645470  82.552971  69.363129  59.215630 
 62.078018  76.160934  91.778748  107.353439  122.460632  136.723282  149.058289  157.765472  160.690933  157.194214  148.587189  135.734070  121.109375  106.154686  90.865936  75.768593  62.563385 
 65.665833  81.459999  98.097969  115.032974  132.125931  148.631882  162.942810  172.648285  176.137817  172.155945  162.364212  147.502182  130.406723  113.657181  97.030472  80.841721  66.051926 
 67.868591  85.014221  102.089531  119.860001  138.347961  156.495789  171.894836  181.652344  184.734070  181.280472  171.511566  155.210007  136.579529  118.586716  101.094063  84.251091  68.134216 
 68.371872  85.781876  103.455315  121.549850  140.142654  158.949371  174.290161  183.923279  186.943588  183.748123  174.652191  158.546249  139.607819  120.878906  102.623749  85.205315  69.065727 
 66.991203  84.103905  101.353279  118.832962  136.515778  154.602966  170.242493  179.890930  182.770935  179.277496  170.360931  154.377655  135.555161  117.604370  100.442345  83.681404  68.059525 
 64.216141  80.189064  96.290154  113.045944  129.454529  145.595474  159.869370  169.372345  172.274368  168.830627  159.288910  145.007187  128.522659  112.204376  96.042969  80.090157  65.498276 
 60.605522  74.285934  89.330315  104.495941  119.083908  132.703125  144.479691  152.831558  155.699219  152.634064  144.361725  132.437027  118.369843  104.091095  89.244843  74.537971  61.930252 
 57.564743  67.745781  80.927971  94.495628  107.491875  118.812500  128.258743  134.809219  137.092499  134.724533  127.933289  118.210464  106.751877  94.230621  80.729691  68.106720  59.024010 
 55.855209  61.756874  71.313904  83.105316  94.219688  104.017029  111.740784  116.671722  118.434845  116.568130  111.296097  103.481720  93.708908  82.701096  71.168594  62.042030  57.415161 
 52.935211  57.233536  62.211205  70.822395  80.471771  88.438904  95.315987  99.384850  100.546722  99.043129  94.984215  88.584419  80.092026  70.667549  62.362556  58.123489  54.875992 
 } 
 B Channel
 {
 34.829689  37.978436  42.041565  48.939896  55.959061  62.088547  66.624634  69.554214  70.546867  69.566772  66.768433  62.113594  56.166412  49.292862  42.400837  38.291248  36.186668 
 37.353851  42.120937  49.414063  57.992813  65.902809  72.745628  78.281097  81.858597  83.063126  81.672188  78.335938  72.935471  65.825783  57.951408  49.302498  42.134998  38.671665 
 39.282864  46.956406  56.483597  66.208595  75.049377  83.061096  89.547188  94.017342  95.555000  93.842812  89.676872  82.944374  74.727341  65.797966  55.993591  46.768593  40.358387 
 41.698071  51.665779  62.476097  73.117035  83.167656  92.574371  100.443748  105.929840  108.028595  105.852341  100.570778  92.169533  82.544685  72.453903  61.804062  51.452034  42.941402 
 44.153957  55.301872  66.867035  78.392029  89.587189  100.280472  109.513908  115.572495  117.845306  115.614838  109.422653  99.850784  88.663437  77.479065  66.122498  55.062965  45.496098 
 45.611515  57.516716  69.406715  81.417656  93.513123  105.264687  115.260162  121.429993  123.385468  121.438751  115.109848  104.675156  92.535469  80.677032  68.797966  57.346252  47.053753 
 46.008648  57.985313  70.209221  82.391090  94.647972  106.900314  116.787811  122.980942  124.832504  122.796402  117.068130  106.526878  94.332031  82.085625  69.819061  57.985939  47.735523 
 45.072971  56.741096  68.732971  80.552345  92.455780  104.156563  114.294998  120.301086  122.221405  119.925308  114.201401  104.079842  91.745628  79.981873  68.315155  56.936874  47.088547 
 43.124222  54.071091  65.304688  76.769218  87.748749  98.308128  107.419846  113.487183  115.174530  112.996399  106.959534  97.711403  87.167816  76.480934  65.385628  54.521248  45.095833 
 40.385525  49.990936  60.504997  71.026093  80.828438  89.905159  97.537498  102.830154  104.540779  102.596092  97.342033  89.686562  80.607033  71.119064  60.828590  50.628128  42.446457 
 37.960732  45.276562  54.580940  64.197029  73.087029  80.692497  87.000626  91.091560  92.559998  91.027969  86.805779  80.447815  72.749535  64.264221  54.829376  46.009842  40.267551 
 36.608021  40.858437  47.756092  56.184998  64.000000  70.841721  75.937500  79.160004  80.259842  79.098907  75.798279  70.526878  63.823441  56.178284  47.988907  41.544064  38.814064 
 34.796352  38.124271  42.089634  48.453339  55.447502  61.050674  65.814171  68.675835  69.413383  68.384949  65.703072  61.348541  55.275932  48.426819  42.234951  39.178230  37.289482 
 } 


 White Balance Data with optical Center Data
 r_center_x =  643 r_center_y =  466 
 gr_center_x =  639 gr_center_y =  484 
 b_center_x =  642 b_center_y =  485 
 gb_center_x =  653 gb_center_y =  445 
 r/gr 0.608032 
 b/gr 0.670152 
 gb/gr 1.002733 
 r_oc_ave 113.715561 
 b_oc_ave 125.333328 
 gr_oc_ave 187.022217 
 gb_oc_ave 187.533340 

 [AWB]
 RGr =  0.608032 
 BGr =  0.670152 
 GbGr =  1.002733 
 r_oc_ave =  113.715561 
 b_oc_ave =  125.333328 
 gr_oc_ave =  187.022217 
 gb_oc_ave =  187.533340 