 LEFT LENS SHADING DATA
 RED Channel
 {
 27.179794  29.718124  33.311615  39.297028  45.397861  50.994370  55.390884  57.838852  58.634377  57.413437  54.665993  50.288330  44.848019  38.840103  33.049789  29.734795  27.970211 
 28.694794  32.608124  39.062656  46.868908  54.207657  60.596878  65.729843  69.077187  70.014374  68.510941  64.945778  59.597504  53.063438  46.074688  38.593124  32.409374  29.039791 
 30.059170  36.669998  45.202343  54.157967  62.625465  70.237656  76.515778  80.894066  82.398590  80.356094  75.668121  68.927345  61.252968  53.109062  44.545155  36.397186  30.200939 
 32.269222  41.011093  50.801559  60.798439  70.595467  79.556877  87.411873  92.953590  94.807030  92.229530  86.325935  77.968285  68.734688  59.407028  49.876717  40.525780  32.321827 
 34.712395  44.591564  55.209846  66.259216  77.223282  87.587189  96.929375  103.375313  105.225159  102.298592  95.687347  85.780159  74.948128  64.475624  54.087967  43.926720  34.745678 
 36.445053  47.134842  58.261253  69.902809  81.748596  93.379532  103.575157  110.050156  111.889374  109.144379  102.110313  91.394844  79.445465  67.965622  56.882660  46.394375  36.305206 
 37.100727  48.025314  59.499687  71.389687  83.520782  95.720627  105.928909  112.317032  114.198120  111.517189  105.005783  93.976250  81.695938  69.877655  58.317032  47.222343  36.992134 
 36.558540  47.225624  58.451561  69.929375  81.852814  93.477188  103.438591  109.882347  111.791878  109.117500  102.499374  91.644684  79.692810  68.342499  57.296249  46.537655  36.529114 
 34.990002  44.927502  55.380623  66.445938  77.455002  87.855156  96.905937  103.117340  105.045937  102.254219  95.470001  85.880936  75.351410  65.066093  54.664688  44.587189  35.152187 
 32.706722  41.339844  51.054222  61.098122  70.676247  79.625153  87.270935  92.769684  94.360779  92.132813  86.266716  78.352501  69.222031  60.073593  50.573280  41.172188  32.891354 
 30.804535  37.187656  45.830624  54.804688  63.208435  70.660469  76.993126  81.434532  82.788284  80.820465  76.150627  69.806877  62.197189  54.026878  45.400936  37.119064  30.921146 
 29.784008  33.629219  39.948750  47.597031  54.980003  61.326096  66.441559  69.865471  70.927032  69.481094  65.974998  60.709534  54.195938  47.017345  39.439064  33.308594  29.934635 
 28.526096  30.909428  33.985416  39.618073  46.062920  51.450462  55.869476  58.600677  59.405571  58.519218  55.716667  51.328072  45.732189  39.488384  33.898643  30.653385  28.518803 
 } 
 GR Channel
 {
 52.417084  57.543755  63.502815  73.162560  82.866035  91.001617  97.328072  101.353851  102.631462  101.035576  96.885468  90.538078  82.307961  72.866821  63.600517  57.939011  54.291512 
 55.718750  62.531250  73.035309  85.149841  96.391876  106.063904  113.649536  118.682190  120.180618  118.012024  113.023590  105.023285  95.279846  84.404533  72.664688  62.625465  56.703171 
 58.216248  69.261253  82.695625  96.617813  109.595779  120.984222  130.299850  136.873276  138.999847  136.122498  129.517502  119.641251  107.977028  95.502815  82.233437  69.137497  58.823753 
 62.002762  76.027969  91.295311  106.621407  121.470001  135.234680  146.934067  155.205780  157.963120  154.372818  145.957657  133.472656  119.587494  105.175003  90.505157  75.860466  62.609848 
 65.718590  81.580467  97.917030  114.670319  131.483276  147.529999  161.260468  170.600159  173.669067  169.775314  160.343124  145.756714  129.043274  112.977188  97.089996  81.331253  66.629997 
 68.626404  85.480782  102.646721  120.224213  138.196091  156.212341  171.246399  180.690155  183.245163  179.662659  169.827820  154.105942  135.810150  118.348129  101.532188  85.090782  69.209740 
 69.603119  86.958122  104.471718  122.399994  140.846558  159.557663  174.920151  184.057343  186.519531  182.880630  174.141556  157.884689  139.415619  121.484070  103.781250  86.562187  70.265930 
 68.649162  85.697502  102.834221  120.218750  138.368118  156.228912  171.421570  180.809372  183.252182  179.455933  170.418274  154.545319  136.334839  118.932968  102.172813  85.392654  69.369949 
 66.217186  82.183441  98.435310  115.101868  131.970154  148.183121  162.016251  171.217346  174.039993  169.908600  160.239532  145.705475  129.417664  113.660782  97.832970  82.003128  67.088120 
 62.484474  76.536560  91.708122  107.254684  121.827820  135.779999  147.338120  155.477661  157.877182  154.915939  146.392349  134.305466  120.184219  106.079842  91.430153  76.649063  63.207390 
 59.337601  70.138435  83.771408  97.731094  110.519066  121.934692  131.532028  137.974533  139.961716  137.378601  130.698441  121.024368  109.448906  96.717499  83.346092  70.247345  59.960884 
 57.498543  64.250626  74.356407  86.238434  97.642967  107.520935  115.169693  120.113586  121.729065  119.734848  114.469055  106.658440  96.849846  85.728752  73.889847  63.908440  58.041351 
 54.567299  59.498123  64.621201  73.474693  83.258598  91.403442  97.995102  101.985893  103.474480  101.977974  97.870308  91.477188  83.002556  73.361664  64.412971  58.984268  55.074692 
 } 
 GB Channel
 {
 53.300835  58.181252  64.179588  73.970001  83.896454  92.156250  98.675888  102.820732  103.928963  102.271881  97.940834  91.512398  82.839737  73.238235  63.955887  58.228432  54.788437 
 56.145836  63.092499  73.720001  86.026253  97.515625  107.277496  114.912338  119.972809  121.493118  119.226868  113.977493  105.865311  95.904533  84.795311  72.854843  62.737190  56.973854 
 58.438385  69.628593  83.338127  97.427658  110.576561  122.157654  131.579849  138.114380  140.259369  137.280151  130.438126  120.310623  108.539215  95.856094  82.239685  69.000000  58.845001 
 61.919846  76.279221  91.790627  107.473434  122.550629  136.330002  148.048599  156.531403  159.127502  155.578903  146.842499  134.243744  120.075623  105.419685  90.500153  75.556252  62.162506 
 65.627556  81.649841  98.406097  115.379532  132.364059  148.343750  162.212814  171.759995  174.845001  170.756561  161.020462  146.262817  129.430618  113.033432  96.863281  80.779999  65.845001 
 68.239166  85.407501  102.840157  120.628601  138.746567  156.721878  171.626404  181.219528  183.741089  180.171402  170.134842  154.190155  135.841400  118.092026  100.986877  84.403435  68.295944 
 69.044579  86.542503  104.308281  122.448593  141.021713  159.572342  174.828430  183.985779  186.509842  182.901566  174.021408  157.700943  139.141724  121.062973  103.193748  85.791092  69.092552 
 68.189117  85.247658  102.623436  120.156097  138.377808  156.021408  171.157181  180.540161  183.071091  179.210938  170.134689  154.082809  135.770004  118.265778  101.366096  84.475937  68.218857 
 65.660782  81.707657  98.083122  114.954529  131.760468  147.812500  161.403122  170.707031  173.544693  169.565155  159.471405  145.142349  128.863434  112.990005  97.181877  81.200310  65.966568 
 62.100105  76.072189  91.479843  106.987503  121.429993  135.145157  146.639069  154.640472  157.076096  154.123749  145.506882  133.386871  119.427963  105.377502  90.530472  75.856247  62.402916 
 59.122963  69.742340  83.392342  97.310783  109.936874  121.195618  130.598129  137.155472  139.153748  136.382813  129.652649  120.088440  108.545158  95.910782  82.528122  69.455002  59.297081 
 57.366302  63.879845  73.916092  85.837029  97.084221  106.608910  114.350159  119.252502  120.876556  118.841095  113.535004  105.697189  96.025940  84.983910  73.167656  63.295784  57.531410 
 54.570053  59.195053  64.168388  73.033493  82.961929  90.961197  97.622444  101.709587  102.918236  101.491302  97.211670  90.757187  82.355522  72.788284  63.793694  58.407654  54.711403 
 } 
 B Channel
 {
 35.008801  38.815468  43.311665  50.406403  57.440414  63.587860  68.202660  70.819008  71.805161  70.832077  68.001511  63.293747  57.137962  50.472244  43.668697  39.505520  37.475101 
 36.705055  41.626095  49.168747  57.798279  65.681252  72.601410  77.938278  81.255470  82.192032  80.776253  77.491722  72.116249  65.293594  57.619530  49.260155  42.024689  38.508438 
 38.483074  46.243282  55.886566  65.645309  74.621559  82.719688  89.127815  93.345627  94.680000  92.893593  88.537033  81.888123  74.069374  65.419060  55.919846  46.627342  39.908802 
 41.029373  50.873123  61.767815  72.595314  82.729691  92.203903  100.059845  105.436096  107.057190  104.881248  99.474998  91.239998  81.796875  71.960312  61.718437  51.235001  42.292084 
 43.534061  54.594063  66.250778  77.923904  89.268906  100.016716  109.303436  115.363907  117.253128  114.817337  108.766563  99.090157  88.024529  77.059372  65.956406  54.837502  45.047497 
 45.285889  57.062347  69.136253  81.285469  93.487343  105.351097  115.186874  121.417969  123.168747  120.946716  114.599060  104.220627  92.043121  80.256096  68.650002  57.216873  46.833958 
 45.832088  57.892502  70.222809  82.646561  94.978752  106.992653  116.921570  123.054840  124.991714  122.662811  116.911880  106.036720  93.869843  82.032501  70.029060  58.099846  47.486717 
 45.185261  57.034218  69.102028  81.104691  93.230621  104.771095  114.506882  120.729843  122.474533  120.202820  114.367340  104.028908  91.917343  80.419998  68.989998  57.325310  46.969891 
 43.343544  54.816872  66.266403  77.792030  88.925468  99.242966  108.220627  113.989532  115.852493  113.496872  107.367500  98.018593  87.489220  77.002655  66.205627  55.201721  45.455677 
 40.947033  51.083908  61.802971  72.327660  82.187500  91.201561  98.588280  103.602966  105.049217  103.183746  97.973434  90.311562  81.297501  71.846878  61.826721  51.564842  42.793388 
 38.999531  46.627655  56.204376  65.768127  74.581253  81.965782  88.000313  92.099060  93.339218  91.700157  87.545937  81.362503  73.761871  65.333748  56.098122  46.902969  40.444843 
 37.750420  42.457500  49.526878  57.885628  65.633751  72.080940  77.104065  80.272346  81.202499  80.045158  76.858749  71.780472  65.187347  57.638596  49.404221  42.398281  38.878075 
 35.725830  39.055000  42.847710  48.853546  55.689590  61.310524  65.788231  68.376297  69.309586  68.557861  65.962082  61.719841  55.898384  49.388802  42.835262  39.050156  36.682243 
 } 


 White Balance Data with optical Center Data
 r_center_x =  651 r_center_y =  474 
 gr_center_x =  639 gr_center_y =  500 
 b_center_x =  641 b_center_y =  455 
 gb_center_x =  640 gb_center_y =  468 
 r/gr 0.611403 
 b/gr 0.669152 
 gb/gr 0.998931 
 r_oc_ave 114.435562 
 b_oc_ave 125.244446 
 gr_oc_ave 187.168884 
 gb_oc_ave 186.968887 

 [AWB]
 RGr =  0.611403 
 BGr =  0.669152 
 GbGr =  0.998931 
 r_oc_ave =  114.435562 
 b_oc_ave =  125.244446 
 gr_oc_ave =  187.168884 
 gb_oc_ave =  186.968887 