 LEFT LENS SHADING DATA
 RED Channel
 {
 27.105362  29.352448  32.885468  38.816769  45.260887  50.690254  55.159950  57.737030  58.417709  57.150314  54.221825  49.540779  43.969845  37.834270  32.281666  29.015362  27.084530 
 28.914948  32.523907  38.953594  46.763439  54.284843  60.760468  65.956406  69.290154  70.063126  68.247810  64.642029  59.023903  52.461716  45.304688  37.841251  31.776405  28.586201 
 30.287033  36.802658  45.285313  54.166092  62.742966  70.251877  76.516251  80.692184  81.968750  79.687965  74.966408  68.254684  60.358749  52.226410  43.677502  35.564064  29.885311 
 32.796875  41.424374  51.202812  60.919685  70.622345  79.475937  87.204063  92.340309  93.942970  91.066719  85.012657  76.781250  67.540314  58.362030  48.890625  39.672501  31.907085 
 35.338959  45.235626  55.742340  66.460785  77.078125  87.357185  96.403748  102.393753  104.061096  100.953590  94.032654  84.336250  73.673439  63.354530  53.117813  43.011406  34.239529 
 37.289532  47.746407  58.765472  70.206093  81.780312  93.182816  102.974220  109.190002  110.850471  107.813904  100.399841  89.669220  77.837029  66.739372  56.029373  45.466251  35.750000 
 37.907345  48.761719  60.000626  71.882813  83.539688  95.244530  105.302185  111.546410  113.296875  110.231247  103.508278  92.126564  79.961876  68.421410  57.216873  46.236095  36.310051 
 37.183487  47.912033  58.823441  70.210312  81.894997  93.020622  102.773590  109.049843  110.823753  107.698906  100.940002  89.883278  78.051247  66.894218  56.103279  45.425625  35.823959 
 35.342136  45.432343  55.892967  66.502029  77.221878  87.371094  96.210785  102.203438  103.884377  100.591873  93.834061  84.268906  73.685623  63.551559  53.258591  43.342655  34.338280 
 32.784790  41.593124  51.392029  61.173592  70.480621  79.226250  86.718597  91.812653  93.165001  90.552498  84.774689  76.560936  67.513123  58.425468  49.084534  39.827969  32.138592 
 30.605782  37.276405  45.943592  54.691559  62.991096  70.220940  76.401405  80.317810  81.509216  79.474373  74.740623  68.203438  60.468437  52.404221  43.877029  35.816406  30.056614 
 29.277966  33.177345  39.618595  47.347969  54.632500  60.889374  65.878906  68.962341  69.956718  68.361092  64.562187  59.145622  52.607185  45.463123  38.053280  31.999218  28.791927 
 27.656719  30.079632  33.688801  39.660679  46.063755  51.288544  55.596619  58.065468  58.952347  57.562965  54.658859  50.118546  44.467186  38.229790  32.648907  29.394009  27.421928 
 } 
 GR Channel
 {
 50.718491  55.564323  61.510620  71.190414  81.148430  89.612915  96.225098  100.231972  101.501099  99.853851  95.831299  88.860680  80.277657  70.887711  61.841667  56.344742  52.605156 
 54.805573  61.339531  71.674377  83.830002  95.603439  105.616249  113.715942  118.732819  120.286713  117.954681  112.841095  104.571716  94.478279  83.274376  71.349998  61.372032  55.785156 
 57.497971  68.253593  81.605782  95.332809  108.849686  120.689682  130.444534  137.044693  139.277496  136.252502  129.539688  119.604538  107.470940  94.607658  80.936722  67.786247  58.035828 
 61.529472  75.272812  90.462814  105.571564  120.802505  135.057037  147.280472  155.437973  158.243744  154.633438  146.168121  133.656876  119.287186  104.527657  89.406876  74.537971  61.744003 
 65.252861  81.007660  97.278908  113.777969  130.670776  147.134842  161.782501  171.211868  174.400314  170.407501  160.510941  145.755630  128.752808  112.378906  96.017967  79.733910  65.106613 
 68.240730  84.754059  101.848282  119.356247  137.442337  155.768600  171.699692  181.803284  184.615936  180.741562  170.235306  153.893280  135.382187  117.547806  100.448128  83.488594  67.615051 
 69.048019  85.984688  103.328903  121.504684  140.003906  158.913284  175.090775  185.223282  188.244217  184.247818  175.043274  158.046097  139.017654  120.479538  102.636253  84.814377  68.653954 
 67.988808  84.762344  101.723595  119.407349  137.609680  155.628433  171.317032  181.452972  184.695786  180.772964  171.583435  154.928284  136.083588  118.053589  100.650467  83.542816  67.971977 
 65.217972  81.253593  97.551407  114.018433  130.998901  147.444839  161.786880  171.331879  174.620468  170.372650  160.835785  146.250931  129.272659  112.876251  96.319374  80.308746  65.478752 
 61.281197  75.503906  90.825470  106.153122  120.858124  135.095779  147.178436  155.449997  158.168747  154.974060  146.649216  134.197495  119.693588  105.044220  89.936409  74.885941  61.896774 
 57.909630  68.889847  82.705940  96.558128  109.578278  121.241882  131.008438  137.425156  139.596252  137.018280  130.217026  120.306870  108.384216  95.392502  81.530159  68.468437  58.601768 
 55.382027  62.440155  72.956406  85.191872  96.641876  106.469688  114.352036  119.317505  121.037964  118.897339  113.670776  105.613281  95.449066  84.108597  72.107811  62.171875  56.494789 
 51.819115  57.174110  63.141617  72.619789  82.422295  90.620934  97.132652  101.269585  102.781929  101.203804  96.656822  90.149323  81.447815  71.699211  62.611565  57.273956  53.457710 
 } 
 GB Channel
 {
 51.503174  56.013596  61.883072  71.619484  81.466560  89.920776  96.222450  100.118752  101.447136  99.471046  95.211357  88.294579  79.649635  70.318123  61.365364  55.966873  52.362701 
 55.495262  61.955467  72.374535  84.586563  96.319061  106.131409  113.866409  118.872498  120.148590  117.563126  112.253433  104.018753  93.894844  82.673126  70.865158  61.026878  55.562706 
 58.086456  68.869377  82.389847  96.350624  109.749374  121.444061  130.889069  137.320465  139.198288  135.949844  129.168900  119.115463  107.006561  94.127029  80.468903  67.355782  57.707245 
 62.008278  76.028908  91.479065  106.739372  121.952194  135.980164  147.983444  155.898438  158.573914  154.676559  145.935944  133.325775  118.853912  104.123283  88.964218  74.046249  61.254997 
 65.898491  81.862030  98.473434  115.316406  132.010162  148.323593  162.780624  172.021713  175.028748  170.620789  160.456879  145.502975  128.537186  112.024063  95.583122  79.277031  64.698486 
 68.813171  85.612968  102.885002  120.763443  138.957962  156.897812  172.468903  182.342346  185.036407  180.911255  170.005463  153.610779  135.071411  117.150162  100.007965  82.932343  66.955879 
 69.587189  86.780937  104.467812  122.732819  141.264999  159.817337  175.549225  185.378281  188.358124  184.157349  174.604691  157.595779  138.505310  120.036087  102.091873  84.283440  67.948021 
 68.330101  85.509689  102.764534  120.435623  138.760788  156.498596  171.796722  181.695938  184.692657  180.634689  171.185318  154.414063  135.671402  117.673599  100.176094  83.037498  67.265831 
 65.622818  81.895309  98.471252  114.971725  131.873901  148.081879  162.110153  171.319534  174.440002  170.111099  160.388596  145.714996  128.740784  112.303436  95.744377  79.754684  64.800941 
 61.647453  76.040154  91.596565  106.908905  121.547028  135.524689  147.343597  155.275314  157.865005  154.505783  146.042969  133.491409  119.015320  104.430466  89.329529  74.298279  61.467659 
 58.286407  69.429535  83.250000  97.048592  109.993279  121.379532  130.932663  137.133591  139.198593  136.435471  129.495468  119.588440  107.686874  94.742500  80.937813  67.857033  58.381409 
 55.879791  62.918121  73.312035  85.515778  96.861092  106.384689  114.081879  118.933746  120.562973  118.194687  112.846878  104.820778  94.685623  83.458908  71.528908  61.759216  56.220680 
 52.508965  57.516457  63.486404  72.763908  82.684219  90.792610  97.075203  101.187500  102.436508  100.664268  96.216042  89.468910  80.794792  71.027031  62.066200  56.842346  53.288597 
 } 
 B Channel
 {
 34.405365  37.398281  41.811932  48.728493  55.760162  61.657654  66.262444  68.770729  69.526047  68.158180  65.472290  60.816147  54.863487  48.199379  41.702656  37.616356  35.280518 
 37.252865  41.596405  48.946716  57.575783  65.700783  72.467033  77.767654  80.949066  81.805626  80.181717  76.864372  71.312813  64.499535  56.691872  48.338280  41.323437  37.800941 
 39.474789  46.664375  56.143280  65.656876  74.842812  82.615311  88.971092  93.181877  94.393440  92.318436  88.018127  81.436409  73.323128  64.565781  55.115936  45.957813  39.704475 
 42.519791  51.886871  62.449844  72.824371  82.925781  92.132660  99.985001  105.294533  107.057030  104.519844  98.969528  90.684219  81.177185  71.342659  61.085625  50.802345  42.470051 
 45.237553  56.021095  67.253593  78.370941  89.412659  100.108437  109.330627  115.441406  117.635788  114.911255  108.459534  98.700157  87.586090  76.685623  65.584686  54.669220  45.272762 
 47.078907  58.644531  70.153122  81.833122  93.795158  105.517654  115.594376  122.000931  124.131882  121.683594  114.766098  103.922813  91.672188  80.017342  68.465935  57.149841  46.921722 
 47.656925  59.434219  71.155785  83.150314  95.155312  107.510155  117.780624  124.100159  126.270462  123.763123  117.524216  106.135628  93.630783  81.741096  69.873909  58.017189  47.645515 
 46.772240  58.435783  69.983749  81.619530  93.647659  105.204842  115.213287  121.545624  123.649689  121.152344  115.134216  104.313904  92.063591  80.158127  68.540939  57.102654  47.137455 
 44.778282  55.807655  67.074684  78.072029  89.044220  99.619064  108.903595  114.815002  116.965622  114.088593  108.021408  98.646408  87.445313  76.710938  65.616562  54.834534  45.473492 
 41.837708  51.765625  62.457657  72.720467  82.379219  91.459846  99.301247  104.408592  106.076874  104.053749  98.636406  90.698906  81.165466  71.495003  61.245316  51.064064  42.839897 
 39.298229  47.016563  56.717812  66.163597  74.871094  82.367500  88.618904  92.653435  94.025154  92.363907  88.157814  81.687035  73.779999  65.019997  55.432190  46.450001  40.413750 
 37.426563  42.336563  49.824532  58.246559  66.087189  72.531563  77.503754  80.782814  81.866722  80.469215  77.104065  71.831406  64.911720  57.155937  48.741562  41.891563  38.812813 
 35.297810  38.947811  43.391407  50.236557  57.114685  62.710312  67.097504  69.648651  70.685257  69.667763  66.800316  62.256615  56.219429  49.258850  42.623646  38.993645  36.981148 
 } 


 White Balance Data with optical Center Data
 r_center_x =  620 r_center_y =  484 
 gr_center_x =  637 gr_center_y =  510 
 b_center_x =  636 b_center_y =  492 
 gb_center_x =  631 gb_center_y =  472 
 r/gr 0.600785 
 b/gr 0.671054 
 gb/gr 1.000588 
 r_oc_ave 113.617783 
 b_oc_ave 126.906662 
 gr_oc_ave 189.115555 
 gb_oc_ave 189.226669 

 [AWB]
 RGr =  0.600785 
 BGr =  0.671054 
 GbGr =  1.000588 
 r_oc_ave =  113.617783 
 b_oc_ave =  126.906662 
 gr_oc_ave =  189.115555 
 gb_oc_ave =  189.226669 