 LEFT LENS SHADING DATA
 RED Channel
 {
 28.488071  30.347237  33.918957  40.137394  46.650208  52.167915  56.633591  59.281357  60.049271  58.493546  55.230476  50.564110  44.710831  38.533543  32.709114  29.368855  27.283855 
 30.396404  33.638283  40.289375  48.276566  55.888123  62.452499  67.685471  71.090935  71.935936  70.096878  66.103592  60.265160  53.377502  45.953125  38.355156  32.103439  28.848850 
 31.600414  37.946251  46.602345  55.806091  64.538750  72.259064  78.739845  83.122971  84.239685  81.950935  76.869064  69.723282  61.533440  53.100784  44.284061  36.033905  29.965778 
 33.922710  42.499374  52.397186  62.538910  72.535934  81.657967  89.599533  95.150154  96.596252  93.642342  87.173126  78.569847  68.894218  59.341721  49.540779  40.155624  32.204792 
 36.309841  46.471718  57.105003  68.066093  79.083908  89.772346  99.007034  105.203278  106.830940  103.701096  96.482185  86.327187  75.148125  64.384377  53.765160  43.538437  34.443436 
 38.109581  49.007500  60.239685  71.783279  83.717346  95.468597  105.464996  111.741249  113.522659  110.354843  102.886253  91.761093  79.312187  67.708595  56.477341  45.850468  35.939842 
 38.949795  49.871872  61.500313  73.341560  85.512497  97.534843  107.720467  113.983124  115.707336  112.542191  105.874062  94.309372  81.390625  69.415001  57.754997  46.661251  36.652081 
 38.282032  48.902657  60.299217  71.921722  83.573593  95.022186  104.946564  111.219841  113.032974  109.871094  103.138748  91.827034  79.542816  67.828125  56.503754  45.816406  36.077450 
 36.494793  46.423126  57.125626  68.103592  78.918282  88.995155  98.121719  104.195160  105.819687  102.495155  95.841095  86.097191  74.956879  64.348282  53.713280  43.686562  34.558647 
 34.001305  42.751095  52.605469  62.484375  71.963127  80.650467  88.242340  93.479530  94.897659  92.305779  86.424217  77.945938  68.536873  59.130157  49.487343  40.071407  32.071617 
 31.909847  38.340469  46.921249  55.826561  64.192032  71.536560  77.815468  81.698906  82.817810  80.708595  75.946404  69.101410  61.341248  53.019218  44.137814  35.917500  30.101250 
 30.970520  34.449688  40.706249  48.297188  55.656097  61.936249  67.060623  70.133904  70.983910  69.289063  65.510155  59.956718  53.376404  46.011406  38.278439  32.120937  28.922188 
 29.465103  31.615105  34.699581  40.352184  46.722137  52.223335  56.429794  59.014114  59.628693  58.463226  55.236618  50.599846  44.763279  38.541615  32.630104  29.423439  27.501354 
 } 
 GR Channel
 {
 51.885414  56.362923  62.457191  72.011559  81.767754  90.080933  96.743080  100.753807  102.066040  100.456306  96.431923  89.617188  81.319901  71.874275  62.868118  57.280731  53.550735 
 55.941246  62.111252  72.513435  84.837814  96.276718  106.307190  114.309525  119.628601  121.200623  119.014847  113.786713  105.705940  95.490311  84.348434  72.506874  62.482811  56.654480 
 58.535942  68.934685  82.270470  96.278595  109.627342  121.465317  131.536560  138.187653  140.553757  137.556564  131.027649  120.784683  108.526093  95.678123  82.041718  68.991562  58.968224 
 62.278595  75.726715  90.765472  106.052811  121.402344  135.677658  148.189377  156.617813  159.555618  156.170624  147.653275  134.960938  120.203598  105.487968  90.408440  75.697968  62.595268 
 65.871460  81.266876  97.249062  113.929840  130.891724  147.547348  162.157181  171.852188  174.910629  171.362350  161.917191  147.121567  129.863281  113.146088  96.866409  80.896561  66.282814 
 68.406357  84.949684  101.620155  119.007339  137.370941  155.960785  171.744995  181.540619  184.730774  181.057495  171.369370  155.254684  136.462494  118.248123  101.040466  84.322655  68.773697 
 69.163651  85.856560  103.085625  120.946564  139.549530  158.616714  174.662338  184.647186  187.704224  184.259537  175.758591  159.127655  139.677811  121.082184  103.124374  85.613281  69.528496 
 68.287132  84.504845  101.353279  119.036560  137.004837  155.293442  171.014374  181.021088  184.132034  180.610001  171.864532  155.555313  136.986877  118.714691  101.126404  84.282967  68.808594 
 65.544373  80.980621  96.968903  113.597656  130.493118  146.817963  161.403748  170.864685  174.097809  170.048279  161.071716  146.957184  129.785309  113.366714  96.892342  80.965782  66.130157 
 61.996613  75.513908  90.309372  105.441406  120.387024  134.417496  146.768280  154.856567  157.604370  154.586868  146.504837  134.267975  119.999527  105.438904  90.329216  75.432816  62.359482 
 58.562607  69.170937  82.228127  95.891716  109.014999  120.789841  130.416565  136.839996  139.106567  136.727661  130.139999  120.267807  108.401566  95.669685  81.855003  68.761871  58.985207 
 56.584839  63.141716  73.000465  84.818596  96.162971  106.006096  113.848129  118.740936  120.506561  118.502029  113.341873  105.420624  95.509064  84.257660  72.308907  62.529686  56.840935 
 53.217766  58.334839  63.711929  72.473381  82.111923  90.461304  96.967705  100.872612  102.159477  100.634743  96.613541  89.957298  81.589478  71.782867  62.867035  57.797600  54.165939 
 } 
 GB Channel
 {
 52.848488  56.821831  62.878540  72.462288  82.202293  90.436775  96.924377  100.970207  102.077446  99.984581  95.660103  89.048119  80.443230  71.098122  62.097969  56.724686  52.974274 
 56.587654  62.579529  73.006874  85.265625  96.674377  106.537186  114.266876  119.369370  120.628906  118.205002  112.915939  104.810623  94.585312  83.420624  71.664841  61.794685  56.083862 
 59.008545  69.539375  82.860153  96.818123  110.113434  121.710464  131.391876  137.884995  139.969528  136.888123  130.128281  119.845154  107.569534  94.794220  81.234062  68.293434  58.178436 
 62.698967  76.386871  91.547188  106.872810  122.132965  136.015778  148.294067  156.496872  159.099533  155.426880  146.751251  133.976563  119.269379  104.563904  89.468903  74.686249  61.689583 
 66.109322  81.907028  98.102654  114.780151  131.694839  148.010468  162.349060  171.825317  174.705627  170.899689  161.066254  146.114380  128.878754  112.151093  95.860626  79.888908  65.274948 
 68.717712  85.390625  102.469215  119.951569  138.159683  156.335007  171.732346  181.309067  184.324371  180.473129  170.411255  154.284378  135.439056  117.233597  99.974686  83.301247  67.668747 
 69.630943  86.400940  103.828751  121.697342  140.195313  158.904846  174.447189  184.100464  187.034851  183.334839  174.627975  157.961243  138.507507  119.948120  102.065002  84.550003  68.380417 
 68.557083  84.963753  102.041252  119.733276  137.593445  155.442810  170.631088  180.464844  183.276413  179.739380  170.811722  154.363586  135.855164  117.678436  100.012810  83.189217  67.621506 
 65.862450  81.486404  97.437653  114.233444  130.883286  146.754532  161.079376  170.234375  173.314377  169.165787  159.897034  145.763901  128.657349  112.251877  95.779533  79.880783  65.043495 
 62.229218  75.869843  90.784531  105.920471  120.593597  134.303589  146.198746  154.143753  156.835464  153.518433  145.306091  133.035309  118.795624  104.333908  89.292343  74.337814  61.406975 
 58.956558  69.367813  82.493904  96.041718  108.870941  120.387650  129.750626  136.060623  138.059998  135.582962  128.801712  118.991257  107.275780  94.609375  80.832031  67.830940  58.190102 
 56.932236  63.323280  73.096405  84.860939  95.964378  105.612030  113.255310  117.962341  119.599838  117.416412  112.254837  104.254684  94.510315  83.358910  71.359840  61.747032  56.240158 
 53.745575  58.503906  63.720367  72.460518  81.981041  90.219734  96.433647  100.155884  101.631721  99.942444  95.671715  88.983437  80.610313  70.859528  61.929214  56.968491  53.657654 
 } 
 B Channel
 {
 34.235153  37.009743  41.546246  48.427086  55.462448  61.467194  65.951195  68.729851  69.649376  68.202499  65.490105  60.741982  54.833748  48.291458  41.551094  37.655575  35.271820 
 37.020988  41.352032  48.760002  57.483749  65.621407  72.487190  77.726410  81.165466  82.121872  80.663750  77.133438  71.592812  64.577499  56.900627  48.549217  41.524532  37.820572 
 38.899426  46.206718  55.827347  65.593597  74.823441  82.753906  89.254845  93.485153  94.999374  93.030937  88.596878  81.732498  73.525467  64.752029  55.385780  46.245468  39.734425 
 41.636978  51.192810  61.970001  72.565155  82.742035  92.074066  100.166252  105.607033  107.392342  105.119843  99.562187  91.103279  81.401093  71.460159  61.231560  50.984840  42.614220 
 44.330990  55.114532  66.622810  78.066559  89.110153  99.858749  109.167030  115.467346  117.412659  115.118744  108.915939  98.948906  87.722969  76.648903  65.562187  54.842812  45.313229 
 46.085209  57.658127  69.495316  81.463905  93.433281  105.116409  115.218277  121.541092  123.682495  121.213120  114.832336  104.237816  91.873283  79.969215  68.408440  57.234528  47.194324 
 46.676613  58.403908  70.419220  82.572502  94.745628  106.797188  116.891251  123.401566  125.404373  123.028748  117.350937  106.377655  93.681404  81.502029  69.532188  57.946251  47.909580 
 45.960629  57.345627  69.083282  81.134216  92.957657  104.451721  114.270462  120.490784  122.625473  120.430466  114.697495  104.236717  92.165939  80.040627  68.201721  57.062035  47.167240 
 43.922291  54.850624  65.971878  77.428596  88.576721  98.898438  107.975937  113.868439  115.943756  113.386719  107.530312  98.496407  87.430000  76.475784  65.252502  54.625465  45.211510 
 41.250103  50.898438  61.377655  71.828278  81.790939  90.745155  98.340157  103.285469  104.974846  103.190628  97.965469  90.085472  80.827347  71.167191  60.746719  50.655937  42.511356 
 38.784271  46.180939  55.481560  65.033279  74.030785  81.712029  87.848907  91.665466  92.798752  91.380157  87.346405  80.861092  73.192497  64.526566  54.828590  45.905155  39.884949 
 37.247913  41.782501  48.771095  57.140625  65.100311  71.819221  76.977966  79.998123  80.927971  79.669846  76.355003  71.107346  64.318596  56.686409  48.171875  41.418282  38.253075 
 35.027500  38.535416  42.361301  48.803123  55.872810  61.710266  66.301514  68.656044  69.478592  68.347130  65.491241  61.087967  55.182549  48.365784  41.855209  38.158909  36.368904 
 } 


 White Balance Data with optical Center Data
 r_center_x =  638 r_center_y =  474 
 gr_center_x =  633 gr_center_y =  487 
 b_center_x =  657 b_center_y =  484 
 gb_center_x =  629 gb_center_y =  486 
 r/gr 0.615252 
 b/gr 0.667130 
 gb/gr 0.995763 
 r_oc_ave 116.173340 
 b_oc_ave 125.968887 
 gr_oc_ave 188.822220 
 gb_oc_ave 188.022217 

 [AWB]
 RGr =  0.615252 
 BGr =  0.667130 
 GbGr =  0.995763 
 r_oc_ave =  116.173340 
 b_oc_ave =  125.968887 
 gr_oc_ave =  188.822220 
 gb_oc_ave =  188.022217 