 LEFT LENS SHADING DATA
 RED Channel
 {
 25.356560  27.529896  30.908802  36.623539  42.537502  47.632442  51.779945  54.171097  54.842804  53.590942  50.845833  46.690681  41.281773  35.448906  29.881981  26.660572  25.093906 
 26.556564  30.175312  36.262344  43.686874  50.720001  56.685158  61.598907  64.736717  65.675316  64.050934  60.642502  55.410469  49.097191  42.234531  35.001564  29.065781  26.024323 
 27.977188  34.224686  42.372189  50.898903  58.876564  66.134216  72.184685  76.232033  77.549065  75.558441  71.036560  64.562500  57.035934  49.100624  40.770470  32.843750  27.179169 
 30.337711  38.709373  47.990936  57.493904  66.676247  75.437187  82.964844  88.244690  89.944847  87.457809  81.743126  73.607033  64.577660  55.436249  46.096718  36.975624  29.374378 
 32.887917  42.320000  52.540939  62.950783  73.511719  83.716408  92.892967  98.832184  100.756409  97.796722  91.187035  81.577812  70.982346  60.532814  50.332497  40.434689  31.639267 
 34.667290  44.899376  55.654060  66.779060  78.391403  89.873596  100.014061  106.278122  108.134377  105.054535  97.870628  87.408592  75.577812  64.230934  53.342659  42.938126  33.421875 
 35.509842  46.029221  57.002655  68.462189  80.555000  92.743279  103.116096  109.351563  111.156403  108.146721  101.373596  90.441254  78.182030  66.422340  54.812035  43.958439  34.104691 
 35.159790  45.423126  56.172813  67.406097  79.293121  91.115158  101.401253  107.659691  109.565468  106.414528  99.650627  88.950157  76.653908  65.092499  53.932816  43.448906  33.827446 
 33.606403  43.224533  53.488747  64.286095  75.205467  85.919373  95.289528  101.470627  103.277969  100.224846  93.342186  83.571877  72.725311  62.043282  51.501717  41.445469  32.591927 
 31.196671  39.744999  49.302811  59.183746  68.862343  77.955940  85.945625  91.343124  92.937813  90.380623  84.471405  76.042030  66.608437  57.048279  47.489689  38.128124  30.361458 
 29.221039  35.724377  44.155468  52.992966  61.500153  69.116409  75.565941  79.917343  81.219688  79.242340  74.312813  67.431877  59.518280  51.113907  42.392033  34.229218  28.351513 
 28.160831  32.041248  38.369999  45.844219  53.186409  59.638748  64.876091  68.240158  69.288597  67.638123  63.796249  58.270935  51.691093  44.330154  36.692501  30.501251  27.156666 
 26.939583  29.235832  32.485416  38.206509  44.368694  49.753746  54.142548  56.917030  57.581718  56.513123  53.513329  48.879272  43.267132  37.036198  30.691666  27.752499  25.835419 
 } 
 GR Channel
 {
 50.439484  55.353233  61.251297  70.295990  79.911095  87.926460  94.268120  98.179321  99.320152  97.464996  93.248802  86.880005  78.684578  69.148598  60.203697  54.688225  51.865311 
 53.488647  60.224060  70.109840  81.868279  92.874222  102.203125  109.813126  114.712036  116.383286  114.162506  109.161095  101.212502  91.311249  80.367966  68.640160  58.831566  53.639893 
 56.126198  66.830154  79.794060  93.033127  105.457184  116.768906  126.282974  132.532501  134.904373  132.359070  125.796570  115.969528  104.303749  91.708595  78.246872  65.304062  55.754066 
 60.159317  73.819534  88.370003  102.947502  117.342651  131.101868  142.648590  150.850632  154.019836  150.837189  142.545776  130.318436  116.268906  101.883438  86.927345  72.118126  59.414368 
 64.151459  79.416878  95.202972  111.091408  127.579376  143.463287  157.528748  167.012497  170.372025  166.589691  157.276566  142.820618  126.331558  109.946716  93.813126  77.771248  63.130417 
 67.048485  83.345779  99.845001  116.882660  134.709839  152.359680  168.253281  178.260468  181.426559  177.552505  167.451248  151.617035  133.446091  115.709686  98.598747  81.849686  66.085945 
 68.320518  84.993439  101.924843  119.330307  137.667343  156.522507  172.897034  182.809692  185.946091  182.113907  172.692337  156.374222  137.578903  119.296875  101.118904  83.642189  67.245941 
 67.751457  84.150627  100.805939  117.694382  135.969055  154.493439  170.455933  180.397659  183.484375  179.562027  170.121567  154.238129  135.053284  117.043594  99.525467  82.591721  66.703178 
 65.312965  80.773590  96.582031  112.880630  130.068756  146.809219  161.464066  171.183289  174.120621  170.174683  160.449692  145.674683  128.831558  112.167038  95.509529  79.339218  64.412766 
 61.587135  75.246094  90.204689  105.386871  120.565308  134.771408  147.222656  155.561401  158.335312  155.119217  146.529999  133.860001  119.262817  104.244217  88.957184  73.855003  60.764999 
 57.814789  69.023125  82.493752  96.297340  109.360153  121.146088  131.291870  137.907501  140.159058  137.458755  130.336090  120.139526  107.888123  94.557190  80.672188  67.403435  57.144272 
 55.785629  62.960625  73.388435  85.322029  96.860939  106.841873  114.875000  120.156876  121.855774  119.622818  113.893753  105.613129  95.237503  83.603905  71.364685  61.141716  55.029846 
 52.760620  57.780624  63.608856  72.762650  82.663437  91.033958  97.629585  101.941879  103.511414  101.768227  97.133751  90.263123  81.536667  71.524109  61.118439  56.288177  52.432762 
 } 
 GB Channel
 {
 51.527603  56.206772  62.041664  71.250153  80.795677  88.886726  95.044800  99.009163  100.046715  98.389580  94.073433  87.188911  78.683594  69.212029  60.136505  54.652649  51.906403 
 54.303856  60.969688  71.095001  82.988281  94.015472  103.322342  110.943123  115.740005  117.284851  114.865005  109.558441  101.567032  91.517967  80.348907  68.554222  58.685783  53.502655 
 56.629013  67.456718  80.760155  94.223747  106.699844  117.921402  127.367035  133.519058  135.756256  132.926880  126.123276  116.256409  104.412033  91.615623  78.024216  64.915779  55.497238 
 60.528542  74.505623  89.343750  104.227966  118.648743  132.343124  143.725159  151.880005  154.917816  151.345154  142.834213  130.435623  116.260620  101.655785  86.568748  71.518127  58.838539 
 64.330368  80.046410  96.125465  112.346558  128.787506  144.566101  158.419373  167.849213  170.967346  166.889374  157.246399  142.696091  126.010468  109.447029  93.117340  76.995628  62.318962 
 67.187607  83.782188  100.635941  117.863907  135.505630  153.066406  168.623444  178.587494  181.420624  177.277817  166.960159  151.120163  132.806870  114.986557  97.776718  80.934059  65.146561 
 68.309113  85.351410  102.442345  120.082809  138.206406  156.886246  172.928436  182.542343  185.416870  181.399216  171.636246  155.346558  136.740631  118.358276  100.154846  82.602814  66.263641 
 67.605881  84.358597  101.157501  118.170319  136.290939  154.419998  170.045471  179.642975  182.518433  178.532974  168.900314  152.958282  133.992493  115.908600  98.437187  81.458908  65.656197 
 65.143021  80.788437  96.697968  113.147812  130.073120  146.484848  160.782349  170.157806  172.946564  168.965775  158.952652  144.315155  127.527039  110.927345  94.358910  78.277496  63.455833 
 61.379166  75.148750  90.115623  105.432030  120.320465  134.152344  146.132187  154.136093  156.777649  153.346100  144.685623  132.180466  117.706406  102.931564  87.739845  72.636406  59.732025 
 57.685570  68.804535  82.227814  95.947502  108.828903  120.268600  129.977036  136.321716  138.449219  135.553436  128.511871  118.300476  106.208595  93.171410  79.506409  66.323753  56.234161 
 55.767555  62.733597  73.054840  84.753593  96.032028  105.653282  113.382034  118.506256  119.947342  117.691559  111.989685  103.746246  93.680313  82.374222  70.210312  60.150940  54.389687 
 52.902969  57.540886  63.080475  72.295471  81.756821  89.980988  96.552658  100.676666  101.899216  100.259483  95.560112  88.704170  80.068230  70.289009  60.131981  55.347191  51.719688 
 } 
 B Channel
 {
 35.507866  39.294533  43.831356  51.100990  58.319115  64.171249  68.709579  71.163857  71.855888  70.819321  67.752975  63.233383  57.036766  50.088951  43.318859  39.304218  37.457554 
 37.130363  42.181408  49.667191  58.473282  66.511406  73.099998  78.139999  81.199684  82.161095  80.538284  77.254845  71.879845  65.094688  57.159378  48.675934  41.677345  38.455051 
 38.907913  46.738750  56.318123  65.961716  74.800003  82.332497  88.564217  92.583282  93.794220  91.923279  87.568748  81.212341  73.249847  64.504059  54.929222  45.861717  39.668591 
 41.730522  51.813438  62.499687  73.042656  82.894379  92.011093  99.683907  104.907654  106.515160  104.337341  98.894066  90.761406  81.420784  71.467033  60.983124  50.704216  42.282345 
 44.515469  55.732346  67.224220  78.510941  89.762497  100.307343  109.533592  115.474838  117.327026  114.824692  108.595627  99.002815  87.876091  76.751091  65.492653  54.566254  44.889164 
 46.655788  58.453903  70.375313  82.147186  94.215935  106.000778  116.289063  122.513275  124.506256  121.915939  115.191406  104.484528  92.266090  80.279846  68.523750  57.247032  47.033073 
 47.514320  59.633278  71.609688  83.706406  96.026253  108.448280  118.832962  125.277649  127.234680  124.479370  118.102966  107.049217  94.458748  82.288910  70.015312  58.400467  47.849430 
 47.212399  58.994064  70.863434  82.585785  94.686409  106.709221  117.142807  123.681870  125.450150  122.762970  116.432343  105.742035  93.033440  80.893280  68.934219  57.596252  47.438751 
 45.481930  56.841721  68.299530  79.549065  90.736252  101.672028  111.334061  117.470474  119.157181  116.570160  109.942497  100.059372  88.858284  77.695465  66.359688  55.435471  45.791092 
 42.869740  53.033279  63.749374  74.164063  84.238281  93.663597  101.721092  106.812653  108.415001  106.133278  100.517815  92.133278  82.533752  72.503128  61.974686  51.696251  43.134586 
 40.413441  48.422188  57.965469  67.700935  76.772499  84.644844  91.002815  95.023750  96.157188  94.251091  89.670471  83.017967  74.930779  66.006096  56.379997  47.148438  40.511768 
 38.714115  43.823906  51.355003  59.921722  68.043282  74.709221  79.754997  82.909531  83.695313  82.232971  78.637344  73.161407  66.343597  58.400002  49.622971  42.557499  38.629581 
 36.535362  39.970783  44.491665  51.206932  58.160568  63.858597  68.330833  70.864738  71.501984  70.463593  67.463387  62.896202  57.032555  50.060410  42.397343  38.892082  36.398335 
 } 


 White Balance Data with optical Center Data
 r_center_x =  643 r_center_y =  516 
 gr_center_x =  639 gr_center_y =  501 
 b_center_x =  650 b_center_y =  504 
 gb_center_x =  632 gb_center_y =  494 
 r/gr 0.596954 
 b/gr 0.684259 
 gb/gr 0.996645 
 r_oc_ave 111.497780 
 b_oc_ave 127.804443 
 gr_oc_ave 186.777771 
 gb_oc_ave 186.151108 

 [AWB]
 RGr =  0.596954 
 BGr =  0.684259 
 GbGr =  0.996645 
 r_oc_ave =  111.497780 
 b_oc_ave =  127.804443 
 gr_oc_ave =  186.777771 
 gb_oc_ave =  186.151108 