 LEFT LENS SHADING DATA
 RED Channel
 {
 24.515884  26.997135  29.984219  35.421669  41.434528  46.533749  50.589737  53.087242  54.007759  52.902184  50.210938  45.908493  40.514740  34.766514  29.259167  26.049896  24.295315 
 26.200054  29.622345  35.391094  42.738750  49.706406  55.833748  60.783279  64.017029  65.026718  63.564690  60.092186  54.882034  48.533279  41.614220  34.471249  28.511562  25.301559 
 27.462292  33.493126  41.460312  49.975624  57.985466  65.315315  71.641251  75.784843  77.029373  75.272034  70.772659  64.321091  56.778595  48.743752  40.311718  32.349377  26.559792 
 29.612553  37.696095  46.915939  56.468597  65.721565  74.508751  82.367966  87.752029  89.581718  87.100471  81.464378  73.329216  64.348122  55.090782  45.654686  36.462345  28.639637 
 31.879116  41.242657  51.357185  61.819687  72.381874  82.547653  91.962967  98.299843  100.290314  97.541718  91.011566  81.453278  70.749374  60.312500  49.998596  39.869686  30.952190 
 33.518749  43.520000  54.222343  65.399529  77.038750  88.609688  98.812965  105.308128  107.487503  104.745003  97.918121  87.367188  75.363594  63.914375  52.913284  42.385311  32.589062 
 34.179741  44.493282  55.434219  66.976875  79.065468  91.257347  101.657341  108.317810  110.230156  107.649376  101.092346  90.255470  77.965935  66.038437  54.369064  43.379845  33.389217 
 33.647503  43.891251  54.580467  65.826248  77.575310  89.290939  99.651566  106.210159  108.309059  105.555626  99.090782  88.542343  76.145935  64.560310  53.347191  42.807343  33.079636 
 32.156616  41.751408  51.881561  62.423592  73.291405  83.830002  93.289375  99.657341  101.804688  99.140312  92.500465  82.821404  71.968903  61.396561  50.970314  40.821877  31.701042 
 30.071716  38.233593  47.595158  57.246719  66.844063  75.904221  83.910469  89.553909  91.510315  89.259689  83.417343  75.158279  65.901253  56.434372  46.890781  37.593437  29.643436 
 28.220886  34.342342  42.341251  51.081406  59.505623  67.037346  73.563278  78.075935  79.692184  77.809845  73.166718  66.413597  58.683907  50.418434  41.770939  33.668282  27.528908 
 27.093853  30.575939  36.537033  44.002655  51.226250  57.627190  62.910309  66.305779  67.599998  66.175156  62.552658  57.133438  50.657188  43.477188  35.915627  29.901249  26.271248 
 25.431351  27.723434  30.843491  36.508282  42.557087  47.869267  52.203644  54.912659  55.805008  54.861618  51.918282  47.689693  42.174686  36.096355  30.120625  27.016251  24.864582 
 } 
 GR Channel
 {
 50.536621  55.907448  61.519478  70.285156  79.759796  88.044067  94.326355  98.058128  99.381142  97.520729  93.381401  86.845100  78.430000  69.031876  60.165359  54.603333  51.104584 
 54.251617  60.840157  70.569061  82.269531  93.286873  102.910309  110.553436  115.328125  116.824066  114.507813  109.314529  101.449684  91.559998  80.694374  69.060158  59.213753  53.472504 
 56.869843  67.366722  80.307655  93.883125  106.509377  118.013275  127.651413  133.848907  135.743118  132.904373  126.310150  116.386566  104.544685  91.978905  78.633278  65.617966  55.944435 
 60.637344  74.277969  88.951408  103.887032  118.558441  132.434998  144.558899  152.510620  155.144226  151.476868  143.133286  130.739212  116.402191  101.981873  87.093285  72.367340  59.570885 
 64.396248  79.838753  95.712502  112.006714  128.603745  144.710632  159.254837  168.562653  171.602341  167.692963  157.982498  143.404373  126.449844  110.062500  93.806404  77.881096  63.223381 
 67.277763  83.521721  100.221878  117.591095  135.865784  153.964539  169.570313  179.271881  182.242188  178.506882  168.439056  152.282028  133.608444  115.593903  98.387657  81.919373  65.972290 
 68.352608  85.104691  102.256409  120.024841  138.777969  157.788437  173.896088  183.550476  186.382965  182.733902  173.344223  156.880005  137.710464  119.137497  100.876717  83.400467  67.263596 
 67.429581  84.081253  100.950783  118.293274  136.645782  155.037659  171.065781  180.778595  183.784225  179.935150  170.557190  154.405319  134.868591  116.510468  99.089996  82.409691  66.568016 
 65.099739  80.848282  96.924065  113.354538  130.324997  147.070465  161.647339  171.312347  174.298904  170.513123  160.647812  145.523590  128.320313  111.560310  95.183281  79.140625  64.416046 
 61.526146  75.416565  90.412659  105.548279  120.570465  134.733902  147.136871  155.515778  158.454681  155.197968  146.464066  133.553757  118.788284  104.023438  88.832184  73.953125  60.834373 
 58.358383  68.892342  82.021408  95.831406  108.959999  120.768600  130.879379  137.603439  140.089218  137.210632  130.034225  119.697968  107.513123  94.465157  80.762184  67.590309  57.306984 
 56.076248  62.647499  72.546875  84.512344  96.041565  105.916252  113.946411  119.117188  120.952194  118.712814  113.157028  104.921410  94.841560  83.464066  71.266403  61.248749  54.974579 
 52.438332  57.155411  62.666466  72.010887  81.673225  90.073753  96.357857  100.609276  102.085098  100.547813  96.194740  89.736198  81.009895  71.270309  61.522865  56.150421  51.997917 
 } 
 GB Channel
 {
 51.350990  56.483490  61.874268  70.754684  80.279167  88.409325  94.698540  98.578957  99.813438  98.172340  93.717087  87.100159  78.496559  69.212814  60.197708  54.581558  51.321564 
 54.906403  61.174530  70.900940  82.788437  93.787498  103.343285  110.936874  115.795624  117.350937  114.955475  109.667503  101.670784  91.627815  80.625313  68.836876  58.965309  53.449066 
 57.150108  67.680939  80.732658  94.374374  107.119843  118.474213  128.049850  134.410934  136.231400  133.269531  126.535934  116.583588  104.607658  91.937965  78.406876  65.328278  55.650154 
 60.696564  74.475311  89.354218  104.538124  119.135315  132.892181  144.983902  153.049850  155.670944  151.956726  143.365784  130.780319  116.447189  101.798592  86.789215  71.808594  59.022972 
 64.411407  79.963280  96.109688  112.559067  129.224213  145.295776  159.542191  168.947342  171.959381  167.882965  158.012497  143.273438  126.424377  109.756874  93.398903  77.159065  62.512817 
 66.897293  83.479378  100.427658  117.843903  135.994690  153.944687  169.459381  179.011871  182.179214  178.334213  168.188599  151.974380  133.264526  115.240311  97.764221  80.996407  65.092865 
 67.823387  84.873596  102.127968  120.059998  138.714539  157.469681  173.387024  182.885468  185.962662  182.173904  172.673752  156.171097  137.238281  118.546402  100.106247  82.622658  66.338699 
 66.999107  83.802658  100.821251  118.183899  136.348129  154.526566  170.242340  179.902039  182.992188  179.133591  169.722961  153.617966  134.129211  115.934998  98.354843  81.472504  65.750000 
 64.816406  80.547028  96.728279  112.960312  129.898911  146.258118  160.679840  170.221252  173.342972  169.563599  159.693588  144.770004  127.631714  111.033905  94.472809  78.328438  63.626770 
 61.125473  74.972343  89.920471  105.017967  119.885315  133.824066  146.053757  154.343750  157.283600  154.080933  145.322342  132.595001  118.085938  103.292816  88.082497  73.138596  60.025887 
 58.127808  68.610313  81.658127  95.268280  108.331718  119.813751  129.741409  136.400787  138.682816  135.849686  128.774063  118.467499  106.501251  93.618752  79.956253  66.802658  56.600365 
 55.909317  62.257034  72.088440  84.046562  95.268127  104.979843  112.885162  117.945160  119.736099  117.558746  111.934219  103.831093  93.725784  82.551094  70.483597  60.512184  54.367188 
 52.610153  56.926407  62.463440  71.536148  81.086456  89.516716  95.686615  99.888695  101.195473  99.753754  95.349434  88.658798  80.160988  70.352966  60.694221  55.493019  51.594276 
 } 
 B Channel
 {
 34.008801  38.216717  42.596977  49.350937  56.209221  62.100677  66.549271  69.353027  70.146767  69.087135  66.166458  61.315002  55.309891  48.491089  41.785000  37.804482  35.999477 
 36.241718  41.021095  48.264061  56.724686  64.468597  71.192970  76.437187  79.607185  80.585938  79.079842  75.603127  70.283752  63.439064  55.761719  47.326248  40.341564  36.986145 
 38.226097  45.781719  55.337967  64.870316  73.554062  81.353592  87.799217  91.882347  93.018753  91.264374  86.948128  80.529846  72.553123  63.848595  54.230934  45.085625  38.918541 
 40.834320  50.755783  61.448906  71.801247  81.644379  90.916718  98.857658  104.087814  105.742188  103.447968  98.017815  89.951408  80.633125  70.804688  60.315002  49.937653  41.604115 
 43.566044  54.619377  65.931091  77.060936  88.239532  99.000626  108.408905  114.496567  116.452194  113.861099  107.599533  98.297653  87.237503  76.272346  64.969215  53.826874  44.178543 
 45.454586  57.048752  68.676407  80.463905  92.593285  104.547813  114.864685  121.093597  122.888901  120.627502  114.172974  103.758904  91.670624  79.767502  67.903748  56.444847  46.173382 
 46.226978  57.975311  69.857033  81.885315  94.312500  106.760002  117.257034  123.439529  125.421875  122.983276  116.959061  106.384529  94.086563  81.929535  69.577187  57.490784  47.028492 
 45.574688  57.154686  68.877342  80.779060  92.976250  104.912186  115.107193  121.453598  123.422806  121.017029  115.326248  105.093597  92.445938  80.370155  68.421410  56.839531  46.587242 
 43.806252  54.833748  66.062965  77.462502  88.836716  99.518440  108.942970  115.121399  117.098282  114.966568  108.810623  99.329842  88.203903  77.257813  65.829529  54.625465  44.952763 
 41.220203  50.925629  61.566719  72.038597  82.113594  91.335785  99.405159  104.768593  106.639687  104.843285  99.550781  91.362968  81.921410  72.018127  61.432968  50.917343  42.066715 
 38.830261  46.384220  55.836876  65.464378  74.410934  82.117340  88.793434  93.121094  94.642342  93.101250  88.776566  82.136093  74.235313  65.318283  55.587967  46.200001  39.385414 
 36.947136  41.767345  48.975624  57.476250  65.342972  72.163284  77.578751  80.982498  82.170624  80.854691  77.421410  72.134216  65.334846  57.413124  48.562500  41.381092  37.273384 
 34.375053  37.805885  41.976460  48.614166  55.484016  61.573906  65.956253  68.655006  69.733124  68.775932  65.921196  61.421089  55.598801  48.627716  41.330830  37.460052  34.717972 
 } 


 White Balance Data with optical Center Data
 r_center_x =  647 r_center_y =  504 
 gr_center_x =  657 gr_center_y =  503 
 b_center_x =  668 b_center_y =  509 
 gb_center_x =  664 gb_center_y =  495 
 r/gr 0.590151 
 b/gr 0.671342 
 gb/gr 0.995989 
 r_oc_ave 110.515556 
 b_oc_ave 125.720001 
 gr_oc_ave 187.266663 
 gb_oc_ave 186.515549 

 [AWB]
 RGr =  0.590151 
 BGr =  0.671342 
 GbGr =  0.995989 
 r_oc_ave =  110.515556 
 b_oc_ave =  125.720001 
 gr_oc_ave =  187.266663 
 gb_oc_ave =  186.515549 