 LEFT LENS SHADING DATA
 RED Channel
 {
 24.114059  25.881981  28.824371  34.064583  39.965206  44.896976  48.926926  51.508018  52.370522  51.391716  48.666878  44.526875  39.338905  33.582863  28.570107  25.691563  23.966560 
 25.716148  28.825314  34.395626  41.396252  48.350624  54.400314  59.340469  62.680939  63.834686  62.377342  59.096878  53.956879  47.590782  40.860157  33.934689  28.470314  25.673649 
 26.968594  32.690468  40.338280  48.567184  56.433594  63.725624  69.925468  74.315781  75.779060  74.128281  69.650780  63.221405  55.718750  47.900623  39.778751  32.230469  26.987347 
 29.043701  36.890156  45.715313  54.945465  64.030472  72.775780  80.587341  86.260002  88.286247  85.939690  80.378281  72.217186  63.202972  54.131248  44.947655  36.177189  28.996769 
 31.106979  40.331562  50.120003  60.185936  70.593903  80.856560  90.237030  96.858437  99.151253  96.643753  90.074844  80.486404  69.773285  59.309059  49.215309  39.583752  31.125832 
 32.894688  42.774689  53.150940  63.969688  75.433594  87.064377  97.320938  104.272499  106.484840  104.060310  97.193123  86.422813  74.511093  62.965935  52.035469  41.935314  32.719894 
 33.893700  43.726406  54.445625  65.735779  77.659218  89.822189  100.406876  107.198593  109.482971  107.052811  100.460625  89.452187  77.018127  64.946877  53.486565  42.901875  33.406876 
 33.446877  43.119373  53.691093  64.649063  76.299065  88.027657  98.410934  105.290154  107.597656  105.043282  98.506561  87.658752  75.141403  63.418434  52.456253  42.134220  33.043175 
 32.105522  41.043438  50.998596  61.340157  72.108437  82.664528  92.133904  98.737030  101.019218  98.445000  91.669373  81.874687  70.798592  60.218597  49.924530  40.226719  31.711510 
 29.826977  37.747814  46.877029  56.392342  65.789375  74.832031  82.836090  88.427658  90.468124  88.280472  82.483910  74.116562  64.727654  55.336250  45.936562  37.037342  29.515888 
 27.855000  33.943748  41.851875  50.384529  58.682655  66.231720  72.676872  77.052498  78.565155  76.794220  72.076561  65.297966  57.506248  49.314690  40.890312  33.182812  27.569061 
 26.732918  30.237499  36.190781  43.492031  50.647812  56.959534  62.121872  65.487656  66.615623  65.204689  61.539841  56.140160  49.633438  42.594845  35.202343  29.536251  26.622498 
 25.859169  27.820415  30.985577  36.676407  42.759480  48.007660  52.220207  54.877029  55.624786  54.758438  51.887558  47.603283  42.090519  35.926720  29.944221  27.315414  25.517914 
 } 
 GR Channel
 {
 50.084167  54.526245  59.854324  68.542351  78.084839  86.244064  92.615723  96.685738  98.138649  96.323914  92.395416  86.056976  77.712082  68.439064  59.939629  54.735054  50.999634 
 53.877083  59.910004  69.465782  81.135468  92.175468  101.890312  109.580315  114.801559  116.672806  114.543274  109.551247  101.634064  91.764999  80.902809  69.293594  59.903595  54.525887 
 56.511673  66.571251  79.196404  92.540466  105.037033  116.609375  126.279846  132.964691  135.421875  132.956558  126.383438  116.470627  104.740623  92.262810  78.951874  66.347504  57.016243 
 60.085632  73.350624  87.639687  102.276566  116.458435  130.588745  142.922501  151.570618  154.821091  151.690002  143.632813  130.977661  116.621399  102.190155  87.360466  72.883278  60.567657 
 63.787659  78.800781  94.329529  110.149376  126.366562  142.887024  157.846558  168.003601  171.658432  168.272507  158.652344  143.899063  126.826721  110.340469  94.106407  78.459686  64.257195 
 66.618019  82.555939  98.854843  115.642975  133.386871  151.987030  168.200623  178.933746  182.511246  179.270630  169.327820  152.973907  134.027191  115.973755  98.693123  82.410309  66.966148 
 67.872345  84.156715  100.741409  118.089371  136.513596  155.756409  172.590317  183.125778  186.857346  183.605316  174.247498  157.432816  138.131714  119.419525  101.188904  83.958908  68.130783 
 67.213486  83.073280  99.469376  116.477814  134.432663  152.959534  169.463287  180.164368  183.876251  180.336868  171.121719  154.778748  134.914063  116.631088  99.216408  82.680000  67.570412 
 64.746346  79.683441  95.508438  111.528748  128.206726  145.008591  160.043900  170.223282  173.885468  170.298904  160.768280  145.607193  128.149536  111.361877  95.106720  79.459846  65.184219 
 60.985359  74.341408  88.989998  103.852341  118.581100  132.899841  145.426712  154.103745  157.399841  154.429840  146.003128  133.194839  118.455780  103.686874  88.770157  74.173752  61.337914 
 57.606819  68.138283  81.089378  94.641876  107.600471  119.416245  129.477188  136.351715  138.752655  136.344681  129.259995  119.055466  106.932968  94.008751  80.477188  67.711876  58.041870 
 55.246094  61.909218  71.868439  83.673126  95.039215  104.909065  112.861099  118.150620  120.011719  118.049850  112.497192  104.297188  94.219063  82.946404  70.885315  61.403122  55.719795 
 52.727760  57.525673  63.331352  72.578545  82.404015  91.082809  97.294212  101.503548  102.940674  101.543381  97.138023  90.454689  81.731567  71.883286  61.975731  57.234795  53.466454 
 } 
 GB Channel
 {
 50.973221  55.144058  60.302811  69.312660  78.920105  86.981148  93.385628  97.440521  98.925568  96.928902  92.909737  86.543182  78.021355  68.608955  60.048752  54.887398  51.340309 
 54.705727  60.690315  70.277809  81.978279  93.014687  102.599060  110.371872  115.554688  117.432037  115.138275  109.977028  102.034218  92.154686  81.064377  69.538750  60.064064  54.773232 
 57.083229  67.305313  80.080467  93.450783  105.909531  117.553909  127.144836  133.840149  136.241562  133.695786  126.980774  116.997192  105.097031  92.485939  78.980621  66.279221  57.077347 
 60.554787  74.075623  88.651093  103.394218  117.657654  131.590622  143.865784  152.596252  155.816101  152.612656  144.168442  131.476868  117.089539  102.450157  87.427185  72.773750  60.297501 
 64.007294  79.460625  95.340309  111.296097  127.469376  143.811569  158.620163  168.855316  172.567184  168.959839  159.147034  144.218750  127.122192  110.486877  94.107498  78.302345  63.908798 
 66.817863  83.101410  99.750465  116.568130  134.414063  152.621719  168.675934  179.350784  182.918121  179.466721  169.424225  153.026718  134.047028  115.757813  98.506874  82.091873  66.473961 
 67.929321  84.418282  101.418434  118.908279  137.262970  156.079681  172.585632  183.023285  186.743118  183.451874  173.951874  157.175003  137.974533  119.039536  100.809532  83.523590  67.536308 
 67.073799  83.343597  100.072815  117.073593  134.952347  153.106720  169.138443  179.864838  183.540787  179.893127  170.645782  154.221725  134.484070  116.154846  98.712029  82.228279  66.799744 
 64.735359  79.717659  95.715622  111.873123  128.419693  144.864380  159.503906  169.742661  173.310150  169.642181  159.880783  144.863907  127.628128  110.896561  94.612030  78.842033  64.465988 
 60.964737  74.254532  89.014374  103.908127  118.426712  132.369995  144.660782  153.250931  156.465622  153.429382  144.935471  132.246719  117.657806  102.938438  88.013908  73.531403  60.822029 
 57.538223  68.034065  81.010941  94.529846  107.421097  118.785309  128.566879  135.189850  137.688904  135.034058  128.069687  118.054993  106.052185  93.252342  79.819221  67.031563  57.486977 
 55.389008  61.789215  71.745003  83.464996  94.627029  104.226250  112.038284  117.146713  118.939529  116.918747  111.398590  103.254372  93.287659  82.186409  70.256409  60.815781  55.377243 
 52.961090  57.411507  63.129166  72.227081  81.738075  90.085838  96.373070  100.510262  101.692238  100.428329  95.907135  89.500626  80.907036  71.165779  61.298279  56.523491  53.018074 
 } 
 B Channel
 {
 34.476978  37.782394  41.522289  47.855473  54.743645  60.621666  65.027863  67.725624  68.734421  67.514168  64.745575  60.270729  54.173698  47.639484  41.292915  37.934219  35.395054 
 37.098648  41.711563  48.616875  56.854843  64.660309  71.357498  76.696404  80.221878  81.381721  80.114998  76.790779  71.340309  64.298904  56.435310  48.209999  41.679844  38.028385 
 38.988750  46.453751  55.761566  65.124687  73.791878  81.692970  88.152344  92.729218  94.292969  92.806877  88.539688  81.841873  73.572655  64.675316  55.182190  46.444687  39.960522 
 41.648232  51.311562  61.894684  72.139221  82.003128  91.254684  99.513283  105.348907  107.391876  105.400780  100.139061  91.751564  81.913750  71.750938  61.320625  51.266090  42.500469 
 44.256981  55.059059  66.452812  77.569847  88.597191  99.399063  109.243126  115.980621  118.478287  116.299683  109.991722  100.289375  88.735313  77.302345  65.961403  55.219063  45.005314 
 46.168179  57.599220  69.285934  81.110626  93.149529  105.263908  115.780945  122.661560  124.999695  123.058594  116.737503  106.078590  93.234062  80.881721  68.994064  57.894684  46.972607 
 47.004528  58.503906  70.423752  82.554375  94.968124  107.547188  118.271408  124.906876  127.388596  125.484375  119.563751  108.584534  95.562965  82.904846  70.581718  59.005470  47.737759 
 46.519272  57.818436  69.555313  81.377342  93.646248  105.665154  116.212967  122.833435  125.293747  123.285934  117.549530  107.047813  93.681252  81.158592  69.310783  58.137344  47.297970 
 44.842346  55.526718  66.821091  78.067184  89.514221  100.501251  110.051720  116.482193  118.800781  116.831253  110.704689  100.928749  89.274841  77.808594  66.561096  55.900780  45.593071 
 42.064007  51.756721  62.307655  72.851250  82.964066  92.389374  100.455154  105.849533  107.861877  106.182816  100.952034  92.625938  82.693596  72.432343  62.159218  52.117813  43.051563 
 39.715054  47.297344  56.717812  66.340935  75.395470  83.361877  89.888908  94.150314  95.522812  94.003754  89.738594  82.991096  74.704529  65.681877  56.201721  47.423595  40.464218 
 38.043282  42.837658  50.115623  58.759064  66.839844  73.609528  78.849373  82.194534  83.165779  81.864532  78.381561  72.948280  65.966721  57.876251  49.386093  42.881405  39.014950 
 36.722450  40.237865  44.809792  51.644066  58.822136  65.022240  69.531876  72.044731  72.821411  71.899742  69.026146  64.433075  58.071091  50.895836  43.682968  40.554947  37.939529 
 } 


 White Balance Data with optical Center Data
 r_center_x =  649 r_center_y =  499 
 gr_center_x =  657 gr_center_y =  516 
 b_center_x =  649 b_center_y =  487 
 gb_center_x =  638 gb_center_y =  487 
 r/gr 0.586622 
 b/gr 0.682353 
 gb/gr 1.000451 
 r_oc_ave 109.919998 
 b_oc_ave 127.857773 
 gr_oc_ave 187.377777 
 gb_oc_ave 187.462219 

 [AWB]
 RGr =  0.586622 
 BGr =  0.682353 
 GbGr =  1.000451 
 r_oc_ave =  109.919998 
 b_oc_ave =  127.857773 
 gr_oc_ave =  187.377777 
 gb_oc_ave =  187.462219 