 LEFT LENS SHADING DATA
 RED Channel
 {
 25.345108  27.497604  30.512501  36.058750  41.985832  47.417286  51.521095  53.941093  54.613487  53.334221  50.419167  46.047710  40.544163  34.763489  29.307762  26.228073  24.557240 
 26.873856  30.174686  36.022499  43.293751  50.381248  56.675629  61.605469  64.767967  65.720779  63.969841  60.404999  55.023125  48.626251  41.640781  34.534218  28.708282  25.665573 
 28.150311  34.120312  42.129219  50.697968  58.823906  66.268127  72.379219  76.516716  77.603592  75.546562  70.860779  64.237503  56.618591  48.637657  40.304531  32.480469  26.875259 
 30.413330  38.442501  47.713593  57.325470  66.739845  75.657501  83.302498  88.498283  89.998749  87.221565  81.429688  73.118752  64.081566  54.942032  45.651405  36.555313  28.975727 
 32.592606  42.103439  52.213440  62.639847  73.424530  83.850471  92.971405  98.912498  100.653748  97.588753  90.712029  80.971405  70.329842  59.944687  49.769218  39.917812  31.111145 
 34.262917  44.523750  55.180626  66.407028  78.258751  89.908279  99.836403  106.139687  107.879059  104.819847  97.637344  86.842812  75.000000  63.614059  52.706718  42.394218  32.797344 
 35.219013  45.642967  56.541718  68.214531  80.414063  92.514534  102.769066  109.051720  110.820778  107.857185  100.904373  89.778282  77.545311  65.627502  54.188904  43.340313  33.571560 
 34.986195  45.145157  55.854530  67.236717  79.073906  90.785782  100.758438  107.181877  108.935310  105.866249  99.046722  88.130157  75.696091  64.253441  53.250000  42.736561  33.264061 
 33.468803  43.061092  53.270935  63.924217  74.717812  85.222809  94.486404  100.672501  102.385780  99.417969  92.470467  82.616409  71.721565  61.214218  50.869530  40.822033  31.733490 
 31.256302  39.619843  49.112816  58.768753  68.270309  77.191719  84.992813  90.231720  91.889374  89.378593  83.459373  75.057503  65.723595  56.365158  46.942345  37.588436  29.510101 
 29.367813  35.627811  43.979061  52.566872  60.820465  68.359840  74.596252  78.855003  80.129845  78.023125  73.244217  66.375465  58.578590  50.382813  41.782345  33.645000  27.556252 
 28.182083  31.858749  38.088593  45.543751  52.682816  58.995628  64.026093  67.238907  68.199066  66.613747  62.775780  57.347656  50.737343  43.574219  35.960468  29.853283  26.364738 
 26.617916  28.841663  32.123806  37.773335  43.821564  49.178955  53.191307  55.756615  56.533226  55.442917  52.389328  47.947033  42.269634  36.157761  30.151508  27.003906  24.915573 
 } 
 GR Channel
 {
 50.873276  55.822441  61.241150  70.365837  79.900986  88.375160  94.689430  98.665047  99.761765  97.968597  93.602287  87.048019  78.355057  68.919792  59.890930  54.465157  51.145988 
 54.348282  60.772659  70.604065  82.353752  93.507034  103.228279  110.912971  115.878601  117.388443  114.791718  109.648125  101.575935  91.594841  80.520622  68.874687  58.972031  53.473900 
 57.184639  67.458595  80.460159  94.022186  106.737030  118.364685  127.931717  134.116409  135.973755  132.956406  126.306564  116.240631  104.433907  91.849373  78.465622  65.455627  55.739372 
 60.925049  74.491096  89.250313  104.197502  118.939224  133.003601  144.762650  152.860474  155.366257  151.583755  143.172028  130.564377  116.226715  101.827660  87.054375  72.208748  59.300827 
 64.784843  80.141716  96.069534  112.252182  129.047974  145.391876  159.739838  169.074692  171.933899  167.637192  157.777344  142.868286  126.078751  109.795624  93.713905  77.724060  62.993645 
 67.642609  84.138435  100.640778  117.933594  136.153275  154.560776  170.200470  179.984375  182.639999  178.537659  168.331100  151.760468  133.110474  115.365784  98.332184  81.775467  65.750259 
 69.050209  85.860626  102.698906  120.652649  139.469055  158.491257  174.582031  184.328125  187.049530  182.967026  173.179688  156.358597  137.363281  118.833755  100.841721  83.402809  67.045731 
 68.751511  85.095467  101.753128  119.134842  137.486099  155.983124  171.718124  181.594376  184.257813  180.237808  170.549057  153.969528  134.433899  116.376099  99.248909  82.402809  66.456978 
 66.161194  81.907654  98.040314  114.367188  131.253601  147.896561  162.227341  171.963287  174.649841  170.466721  160.469849  145.316559  128.113129  111.421410  95.182816  79.046249  64.114174 
 62.537758  76.477966  91.526253  106.622185  121.557816  135.618118  147.731400  155.917816  158.414063  154.989838  146.351563  133.407806  118.794693  103.947189  88.997345  73.911095  60.460052 
 59.110519  70.142189  83.486717  97.332031  110.326561  121.995163  131.674225  138.079681  140.125153  137.081879  130.010315  119.687500  107.548592  94.595940  80.889687  67.423126  57.035210 
 56.689270  63.639687  74.058594  86.183128  97.472191  107.274529  114.999069  120.045319  121.536407  119.213913  113.489532  105.264999  95.160309  83.716408  71.415154  61.126091  54.770889 
 53.128433  58.096352  64.095886  73.533539  83.229691  91.551407  97.806564  101.702393  102.887032  101.265785  96.741821  90.038338  81.271980  71.296616  61.173279  55.747131  51.972977 
 } 
 GB Channel
 {
 52.078072  56.470566  61.932762  71.201141  80.715309  89.278809  95.574272  99.429688  100.562599  98.622345  94.217087  87.401199  78.645157  69.064430  59.844902  54.483902  51.358070 
 55.065987  61.355782  71.266716  83.102814  94.311562  104.113594  111.692184  116.618439  118.083435  115.484222  110.138748  101.953903  91.815781  80.586716  68.847809  58.885780  53.390991 
 57.517761  68.012970  81.084534  94.805000  107.641251  119.296875  128.839844  135.015930  136.786087  133.642807  126.755936  116.547348  104.580315  91.877502  78.304688  65.158279  55.488075 
 61.142807  74.902809  89.983597  105.019379  119.845779  133.922028  145.699219  153.722031  156.192963  152.140320  143.452820  130.673126  116.357193  101.719063  86.771561  71.742035  58.935150 
 64.706566  80.320313  96.520309  113.033432  129.830933  146.176407  160.404221  169.547180  172.399689  168.014374  157.891556  142.776871  125.996567  109.444221  93.195313  77.088127  62.261040 
 67.349899  84.084061  100.951248  118.437973  136.717499  154.868591  170.203751  179.883118  182.618912  178.268600  167.809525  151.303284  132.550156  114.773438  97.518753  80.745155  64.867867 
 68.685730  85.716560  102.707657  120.797974  139.510162  158.141876  174.064377  183.659851  186.423126  182.294373  172.302811  155.443283  136.434067  117.853592  99.834221  82.218750  65.880409 
 68.130989  84.734528  101.537186  119.038910  137.192963  155.389847  170.751877  180.557816  183.194534  179.011566  169.234375  152.771713  133.418274  115.335785  98.023903  81.116249  65.309586 
 65.660728  81.586563  97.669533  114.050476  130.702820  146.965149  161.052505  170.459839  173.243118  168.984375  158.899216  143.818283  126.844681  110.393753  94.077972  77.837341  62.950050 
 62.202400  76.054062  91.150002  106.135941  120.832809  134.502808  146.211243  154.203430  156.631256  153.126556  144.493744  131.728745  117.403595  102.614220  87.723907  72.680779  59.445152 
 58.871513  69.675468  83.024529  96.657028  109.335785  120.744843  130.070313  136.218445  138.187973  135.149368  128.030945  117.949219  106.080154  93.248749  79.630936  66.287186  55.933853 
 56.423073  63.054535  73.429062  85.281403  96.365158  105.926559  113.402191  118.296249  119.659378  117.291870  111.546875  103.514999  93.587189  82.380783  70.219376  60.038910  53.910774 
 53.102654  57.615150  63.531563  72.681206  82.278282  90.432396  96.363434  100.414169  101.773964  99.808540  95.265625  88.615410  80.040932  70.245155  60.200211  54.938698  51.053703 
 } 
 B Channel
 {
 35.158436  38.754688  42.762085  49.375206  56.391663  62.597084  67.296768  69.595528  70.459747  69.020622  66.193230  61.378021  55.363487  48.447502  41.843487  38.003593  36.484009 
 37.106354  41.644688  48.467499  56.933128  64.852501  71.957497  77.199684  80.258438  81.134529  79.394379  76.009064  70.515938  63.663284  55.885002  47.543282  40.657970  37.544006 
 39.014114  46.303905  55.474686  65.111717  74.165314  82.301407  88.696564  92.534843  93.531097  91.616096  87.217499  80.590309  72.511406  63.844528  54.286407  45.228748  39.129997 
 41.701199  51.068909  61.527344  72.043282  82.303123  92.032967  99.706093  104.760002  106.256874  103.803596  98.327660  90.034691  80.636253  70.777496  60.258751  50.024063  41.906559 
 44.363125  54.969376  66.223122  77.585625  89.205780  100.138748  109.324066  115.144684  116.823914  114.184067  107.853905  98.117500  87.060471  75.971878  64.729843  53.835625  44.382290 
 46.130363  57.510155  69.208748  81.231720  93.712341  105.765778  115.713287  121.920319  123.582809  121.000931  114.422028  103.751717  91.469688  79.523903  67.702034  56.503441  46.319683 
 46.855930  58.604691  70.526253  82.862816  95.545158  107.833435  118.065628  124.189682  126.062195  123.521088  117.283279  106.282188  93.913910  81.617966  69.336716  57.510628  47.241451 
 46.417866  58.148903  69.852966  81.879845  94.110466  105.996246  116.105621  122.398911  124.238281  121.638901  115.566254  104.947029  92.152969  80.000626  68.219063  56.809998  46.777081 
 44.870571  55.992035  67.367500  78.678596  89.802345  100.430466  109.652969  115.790939  117.724686  115.272659  108.844688  99.126717  87.899063  76.900467  65.666405  54.606247  44.998337 
 42.436562  52.190315  62.886406  73.227028  83.150627  92.172028  99.999374  105.265938  107.034218  105.064842  99.546249  91.178749  81.636406  71.717972  61.326408  51.066254  42.334167 
 40.023853  47.644688  57.220154  66.725311  75.391716  83.063438  89.332970  93.475311  94.904533  93.128593  88.693436  81.901566  73.905937  65.092812  55.548592  46.254845  39.592136 
 38.022499  42.946251  50.367966  58.908905  66.485939  73.151566  78.206566  81.521561  82.472191  81.197968  77.543282  72.145782  65.194534  57.356720  48.752968  41.567345  37.658382 
 35.274586  38.829582  43.323593  49.997032  56.798439  62.451149  66.620316  69.258232  70.317596  69.163177  66.073074  61.711403  55.668495  48.754845  41.481091  37.594639  35.182552 
 } 


 White Balance Data with optical Center Data
 r_center_x =  638 r_center_y =  500 
 gr_center_x =  640 gr_center_y =  485 
 b_center_x =  632 b_center_y =  489 
 gb_center_x =  632 gb_center_y =  494 
 r/gr 0.591574 
 b/gr 0.673444 
 gb/gr 0.996355 
 r_oc_ave 111.084442 
 b_oc_ave 126.457779 
 gr_oc_ave 187.777771 
 gb_oc_ave 187.093338 

 [AWB]
 RGr =  0.591574 
 BGr =  0.673444 
 GbGr =  0.996355 
 r_oc_ave =  111.084442 
 b_oc_ave =  126.457779 
 gr_oc_ave =  187.777771 
 gb_oc_ave =  187.093338 