 LEFT LENS SHADING DATA
 RED Channel
 {
 23.013802  25.619637  29.043541  34.599010  40.451092  45.626507  49.568855  52.024689  52.612076  51.457809  48.696251  44.507084  39.091511  33.282551  27.907501  24.969791  23.408958 
 24.587551  28.141094  34.028126  41.317970  48.272972  54.379219  59.240936  62.435936  63.401253  61.750313  58.137497  52.771248  46.402969  39.622345  32.713749  27.040627  24.315624 
 25.945206  31.956875  39.831718  48.283905  56.295158  63.736717  70.000465  74.224686  75.418121  73.396095  68.661247  61.870155  54.212502  46.410156  38.181717  30.731564  25.446976 
 28.226665  36.270000  45.383907  54.813438  64.229691  73.177345  81.032188  86.563278  88.235001  85.510780  79.588905  71.047813  61.755783  52.557343  43.464375  34.800156  27.534115 
 30.570992  39.944530  49.930000  60.362503  71.097969  81.552345  91.092812  97.492966  99.381248  96.299065  89.339378  79.380936  68.347191  57.900314  47.742970  38.160000  29.759167 
 32.502655  42.515781  53.052971  64.180779  76.027969  87.847656  98.297188  105.089996  107.076408  103.857185  96.558746  85.447968  73.167816  61.751564  50.832809  40.672344  31.496304 
 33.289478  43.536564  54.325935  65.920311  78.214691  90.726715  101.421410  108.158279  110.042969  106.975159  99.896873  88.517815  75.929535  63.870468  52.380157  41.717499  32.372913 
 32.906979  42.867813  53.556717  64.894218  76.832184  88.787971  99.310623  106.015625  108.038910  104.875778  97.928284  86.897972  74.118904  62.443748  51.490158  41.131874  31.940624 
 31.447655  40.654530  50.870155  61.516876  72.439842  83.206566  92.775467  99.249222  101.371559  98.253281  91.233597  81.294060  70.105469  59.385155  49.107033  39.267811  30.716980 
 29.146351  37.227188  46.590469  56.441559  66.032654  75.193909  83.128593  88.697815  90.534691  88.091095  82.037659  73.555626  63.938126  54.463593  45.037186  36.031406  28.711197 
 27.398907  33.427032  41.624844  50.279373  58.684532  66.303596  72.777809  77.238434  78.734375  76.702812  71.855316  64.899841  56.863907  48.496407  39.940468  32.234688  26.815102 
 26.519688  30.035938  35.926876  43.273907  50.514999  56.936249  62.147499  65.692032  66.836563  65.246094  61.357811  55.771408  49.017189  41.849686  34.333752  28.704376  25.767292 
 25.314686  27.495522  30.442711  35.837448  41.852917  47.284168  51.520828  54.316818  55.334480  54.210884  51.127808  46.525364  40.876774  34.750107  28.926666  26.152710  24.263538 
 } 
 GR Channel
 {
 47.777454  53.597870  59.499847  68.732910  78.076149  86.353340  92.648071  96.494057  97.669319  95.976616  91.737244  85.305573  76.797501  67.429634  58.434013  53.192291  49.963959 
 51.400368  58.307655  68.161720  79.754997  90.742813  100.608749  108.239532  113.256561  114.957031  112.661407  107.352028  99.308281  89.296249  78.521095  66.925468  57.255623  52.011459 
 54.380157  64.744530  77.464531  90.651718  103.613747  115.310150  125.010788  131.850784  134.255630  131.459213  124.630463  114.275162  102.156715  89.649689  76.228592  63.536247  54.323334 
 58.261612  71.462654  85.806091  100.720940  115.482819  129.708282  142.362976  151.450775  154.590775  150.932663  142.241409  129.085938  114.265472  99.551094  84.694534  70.241096  57.728798 
 61.947914  76.988747  92.589844  108.967346  125.753906  142.637497  158.156555  168.645462  171.963120  167.935944  157.810776  142.256409  124.654694  107.866249  91.638283  75.884064  61.569061 
 64.793961  80.818123  97.277344  114.486099  132.995468  152.137497  169.280319  180.073120  183.538757  179.354538  168.875931  151.622650  132.113907  113.843445  96.506561  80.036560  64.374062 
 66.074997  82.386253  99.221405  117.005005  136.222809  156.511871  173.886093  184.752975  188.078751  184.087814  173.933746  156.470779  136.570618  117.494217  99.176247  81.873909  65.783699 
 65.345886  81.501091  97.946251  115.383591  134.320618  153.525940  170.479538  181.407654  184.995789  180.835312  170.889221  153.859375  133.664215  115.093124  97.514374  80.727814  65.206978 
 62.973808  78.023590  93.946716  110.742813  128.075775  145.259369  160.549057  170.833282  174.503754  170.454681  160.225632  144.743286  127.164215  110.171410  93.570160  77.629997  63.021667 
 59.170364  72.738907  87.768906  103.029686  118.197495  132.835632  145.619843  154.369217  157.594055  154.363754  145.480164  132.453430  117.587036  102.446877  87.312347  72.365623  59.575623 
 55.915413  66.739998  80.101563  93.831879  107.146721  119.197968  129.418121  136.400162  138.914841  136.274368  129.105942  118.509064  106.146721  92.919846  79.017342  66.006409  56.280785 
 53.706619  60.917656  71.095940  83.028748  94.545624  104.643440  112.899689  118.310776  120.329529  118.124695  112.473755  103.960472  93.467972  82.032814  69.739685  59.971565  53.999893 
 50.327446  55.919113  61.693436  70.740417  80.691040  89.220520  95.871361  100.119331  101.893913  100.446770  95.782501  88.783173  80.055260  70.106979  60.154274  55.047394  50.711983 
 } 
 GB Channel
 {
 49.010002  54.426666  60.427811  69.491608  78.918121  87.106041  93.512917  97.365623  98.297493  96.429375  92.001564  85.586098  76.973183  67.419838  58.545105  53.274483  50.345726 
 52.418755  59.190002  69.116562  80.855156  91.954376  101.670624  109.236252  114.190628  115.845001  113.225632  107.802811  99.555466  89.375465  78.541718  66.843437  57.207809  52.302391 
 55.025986  65.577034  78.590622  91.957657  104.957657  116.587189  126.196564  132.877808  135.108902  132.019379  124.970001  114.529068  102.274529  89.609062  76.121094  63.358437  54.099686 
 58.695259  72.404221  87.183441  102.159218  117.009369  131.115158  143.635315  152.505310  155.504379  151.432495  142.466873  129.279373  114.306717  99.520470  84.492500  69.840309  57.567818 
 62.448486  77.937035  93.914375  110.495316  127.214371  143.790939  159.177185  169.496094  172.559525  168.262024  157.859070  142.185318  124.533600  107.665314  91.269531  75.350624  61.071045 
 65.230057  81.788597  98.599846  115.846252  134.209061  153.115936  169.733444  180.295624  183.485306  179.086563  168.276718  150.958908  131.514526  113.385788  95.939217  79.386406  63.769951 
 66.536621  83.213905  100.264687  118.062195  137.147339  157.021561  173.705154  184.302338  187.413757  183.149216  172.703278  155.267029  135.628754  116.652817  98.390778  81.015625  65.064369 
 65.586662  82.080002  98.744843  116.115463  134.871399  153.538589  169.928284  180.394379  183.929382  179.485474  169.103745  152.324692  132.431412  114.036087  96.597656  79.827812  64.434898 
 63.193695  78.372658  94.392654  111.084221  127.988586  144.683121  159.482498  169.496567  172.818283  168.506088  158.305786  142.943756  125.597031  108.934685  92.450157  76.517189  62.253853 
 59.263229  72.827812  87.936409  103.080467  117.890778  131.938278  144.112350  152.409378  155.434692  151.908905  143.145782  130.286407  115.683594  100.893280  85.941719  71.261566  58.717400 
 55.927757  66.747971  80.009377  93.469528  106.275154  117.691254  127.482971  133.972031  136.198746  133.410934  126.412506  116.171402  104.097969  91.162971  77.635315  64.813751  55.385002 
 53.875580  60.763283  70.713905  82.420471  93.567032  103.072655  110.834221  116.010162  117.600784  115.356247  109.813751  101.606407  91.459534  80.241249  68.352188  58.823128  53.204376 
 50.453072  55.505157  60.966614  69.941505  79.543907  87.494949  93.739426  97.723274  99.313072  97.847916  93.159584  86.595779  77.937233  68.530830  58.710106  53.912292  49.858955 
 } 
 B Channel
 {
 33.883492  37.924740  42.796612  50.059319  57.303078  63.449852  68.070938  70.606041  71.267342  69.961197  66.987396  62.333023  56.015160  48.946297  42.198647  38.473488  36.508076 
 35.883492  41.039532  48.638908  57.619530  65.854530  72.851715  78.143440  81.408127  82.384216  80.672653  76.986565  71.319687  64.152031  56.156097  47.612812  40.795780  37.596409 
 37.715420  45.436249  55.072342  65.092033  74.392815  82.567657  89.177658  93.458435  94.634689  92.701721  87.955467  81.009064  72.538597  63.570938  53.896095  44.929062  38.780315 
 40.514378  50.490623  61.481094  72.405159  82.754372  92.548592  100.756248  106.339996  108.141716  105.612503  99.839844  91.054535  80.919533  70.615158  59.916092  49.824371  41.384792 
 43.305569  54.560783  66.271095  78.045158  89.824997  101.204842  111.036560  117.494064  119.520004  116.874847  110.204376  99.894684  87.983124  76.333595  64.745941  53.871872  44.093960 
 45.398026  57.317184  69.358749  81.727341  94.547966  107.146095  117.836411  124.556244  126.573288  123.820618  117.119370  105.670311  92.665779  80.052658  67.893440  56.523438  46.084686 
 46.286774  58.402191  70.700157  83.306252  96.371407  109.437813  120.505936  127.226257  129.147507  126.538284  119.930466  108.365158  95.135468  82.224686  69.576721  57.764061  47.013645 
 45.834370  57.675629  69.904846  82.051407  94.628754  107.361092  118.294220  125.097183  127.135315  124.444214  117.904694  106.867340  93.317497  80.639687  68.446564  57.015938  46.748440 
 44.187603  55.419685  67.087189  78.596565  90.272034  101.772186  111.691093  118.172501  120.409851  117.562027  110.773750  100.525154  88.900780  77.289375  65.814529  54.797501  45.075001 
 41.575676  51.444221  62.363747  73.076248  83.569374  93.263435  101.622971  107.146248  109.034378  106.880783  101.011719  92.350311  82.361717  71.993126  61.337814  51.124222  42.519009 
 39.372711  46.931873  56.519684  66.437813  75.780312  83.935936  90.570313  94.843903  96.292343  94.442657  89.888435  82.939064  74.482346  65.310936  55.493279  46.450001  39.982914 
 37.285728  42.260311  49.747345  58.551407  66.751877  73.636406  79.082970  82.485779  83.479530  82.112190  78.482971  72.808281  65.624222  57.487503  48.709846  41.890625  37.982708 
 34.788231  38.645309  43.055882  49.760780  56.821877  62.729538  67.249008  69.903076  70.918488  70.025940  66.989845  62.303490  55.992760  48.917076  41.718803  38.113125  35.337292 
 } 


 White Balance Data with optical Center Data
 r_center_x =  628 r_center_y =  498 
 gr_center_x =  626 gr_center_y =  483 
 b_center_x =  652 b_center_y =  476 
 gb_center_x =  624 gb_center_y =  479 
 r/gr 0.585276 
 b/gr 0.685619 
 gb/gr 0.995433 
 r_oc_ave 110.484444 
 b_oc_ave 129.426666 
 gr_oc_ave 188.773331 
 gb_oc_ave 187.911118 

 [AWB]
 RGr =  0.585276 
 BGr =  0.685619 
 GbGr =  0.995433 
 r_oc_ave =  110.484444 
 b_oc_ave =  129.426666 
 gr_oc_ave =  188.773331 
 gb_oc_ave =  187.911118 