 LEFT LENS SHADING DATA
 RED Channel
 {
 26.700729  29.188648  32.711094  38.609947  44.731197  49.993332  54.244431  56.816353  57.844688  56.451828  53.561661  49.183853  43.684586  37.566147  31.809216  28.290104  25.995522 
 28.168644  32.080311  38.511719  46.042656  53.293907  59.517502  64.652969  67.979691  69.009689  67.597031  63.927498  58.549690  52.029999  44.992813  37.503593  31.315937  27.744690 
 29.424530  36.017654  44.552032  53.313126  61.601250  69.141403  75.535622  79.875313  81.348907  79.282188  74.568283  67.913910  60.277657  52.139687  43.562500  35.312187  29.186771 
 31.726147  40.340313  50.055626  59.780159  69.311409  78.354530  86.364372  91.980934  93.813904  91.223595  85.259689  76.903282  67.742340  58.406403  48.934685  39.571251  31.422081 
 33.953125  43.860626  54.361092  64.955940  75.731873  86.417191  95.957497  102.581718  104.548126  101.742813  94.732185  84.847809  74.048752  63.503441  53.061722  42.970314  33.833645 
 35.638123  46.190624  57.115471  68.352188  80.231560  92.191093  102.793907  109.478905  111.622810  108.749062  101.588593  90.438278  78.490936  66.905159  55.781563  45.296093  35.467133 
 36.259064  47.004063  57.995468  69.667191  81.995155  94.465309  105.196564  112.085007  114.288910  111.532501  104.458908  93.130936  80.578125  68.782188  57.115784  46.104530  36.036404 
 35.825832  46.062500  56.878128  68.368126  80.273590  92.328125  102.735313  109.629684  111.780312  108.831718  101.990936  91.021561  78.584999  67.017189  55.939377  45.292969  35.319012 
 33.997967  43.659843  54.016251  64.608910  75.661407  86.349220  95.915001  102.484688  104.574219  101.849686  94.804688  84.875313  74.040001  63.668594  53.316254  43.148438  33.868855 
 31.754482  40.025314  49.540779  59.246719  68.968903  78.078125  86.080002  91.790939  93.499374  91.274841  85.455002  77.102341  67.955780  58.629997  49.171410  39.669220  31.574009 
 29.827602  35.903439  44.118439  52.926247  61.436874  69.073753  75.627968  80.048904  81.510155  79.682655  74.827812  68.162346  60.544998  52.330627  43.849998  35.611252  29.406250 
 28.778019  32.023438  38.060471  45.648438  53.114059  59.632347  64.856560  68.265472  69.487503  68.031876  64.297653  58.900002  52.473747  45.344063  37.955154  31.683281  28.162239 
 27.341354  29.299686  32.249844  37.913437  44.123230  49.565460  53.784477  56.559013  57.495834  56.385628  53.596611  49.242081  43.740421  37.744061  32.120365  28.813908  26.591408 
 } 
 GR Channel
 {
 52.552910  57.946251  64.391777  73.998070  83.656410  91.956566  98.392448  102.335365  103.761925  101.918594  97.840111  91.230362  82.793541  73.061615  63.527550  57.566147  53.164055 
 56.027084  63.263748  73.928436  86.128281  97.388283  107.199066  114.855164  119.901413  121.552963  119.429214  114.329681  106.393906  96.449371  85.346405  73.277344  62.837814  56.466560 
 58.703079  69.995781  83.824684  97.631409  110.689217  122.263596  131.901093  138.472183  140.754211  138.032974  131.321716  121.433746  109.646408  97.002029  83.446716  69.883591  59.281303 
 62.585518  76.865936  92.387810  107.607811  122.368118  136.372345  148.881714  157.214371  160.190002  156.848129  148.192657  135.751877  121.275940  106.963280  92.070625  76.852341  63.169632 
 66.555885  82.457344  98.909843  115.377502  132.091095  148.786407  163.762024  173.799377  177.062653  173.219376  163.221878  148.301712  131.316711  114.942810  98.648285  82.536560  67.105736 
 69.344009  86.347969  103.325623  120.695938  138.929062  157.609680  174.206726  184.662811  187.940628  183.996719  173.918900  157.188278  138.233902  120.266098  103.076408  86.301094  69.892555 
 70.451561  87.645309  104.907188  122.868439  141.690933  161.196091  178.267502  188.647507  191.730942  187.996567  178.308746  161.387650  141.916245  123.484848  105.328438  87.715309  70.939484 
 69.794220  86.393593  103.480621  120.979691  139.436874  158.451096  175.041412  185.146881  188.377502  184.628754  174.967651  158.613907  138.833908  120.767654  103.386871  86.302185  69.982605 
 67.005051  82.788597  99.159378  115.678757  132.858124  150.043747  165.091873  174.983124  178.310471  174.641251  164.593903  149.398132  132.369537  115.719849  99.464691  82.959999  67.530830 
 63.102806  77.024063  92.205467  107.669373  122.823288  137.488754  149.996872  158.618744  161.428436  158.584686  149.988434  137.419373  122.843903  108.079376  92.913124  77.386719  63.727760 
 60.144791  70.435623  83.885155  97.919846  111.544373  123.667969  133.641724  140.452499  142.822037  140.363281  133.088440  123.029694  111.069061  98.023590  84.335785  70.609222  59.909843 
 57.555412  64.016251  74.065315  86.428596  98.288750  108.605316  116.773285  122.030472  123.973907  121.842972  116.233597  108.127029  98.071564  86.575157  74.511566  63.881409  57.545776 
 53.730415  58.592087  64.123230  73.500885  83.593338  92.351143  99.003487  103.535263  104.827858  103.196510  98.894218  92.138908  83.502388  73.825775  64.433228  58.401192  54.216194 
 } 
 GB Channel
 {
 53.599640  58.762131  65.160515  74.729843  84.668022  93.085938  99.511559  103.376038  104.691299  102.722191  98.486671  91.655464  82.924217  73.155312  63.685623  57.460358  53.235367 
 56.981720  64.016090  74.724686  87.081718  98.374687  108.153435  115.890320  120.865631  122.389847  120.118439  114.742493  106.707344  96.664841  85.399063  73.195625  62.668907  56.384949 
 59.349327  70.648285  84.628754  98.758125  111.747185  123.315475  133.064682  139.610153  141.751404  138.796570  131.945618  121.810150  109.846565  97.042969  83.273125  69.521408  58.985367 
 63.080002  77.613747  93.335312  108.814064  123.742340  137.752502  150.062805  158.476089  161.338120  157.741562  148.822189  136.096558  121.542664  106.875778  91.796097  76.435310  62.703651 
 66.877708  83.180626  99.996246  116.672180  133.507034  150.217346  165.044846  174.897034  178.176086  174.155151  163.828903  148.627182  131.467346  114.823441  98.245003  81.892502  66.365829 
 69.705154  86.942032  104.199532  121.876724  140.150620  158.688751  175.028275  185.318756  188.770462  184.695786  174.114685  157.302658  138.146408  119.991562  102.529221  85.557968  69.079842 
 70.677444  88.183907  105.764061  123.871399  142.693909  161.972809  178.834534  188.948120  192.157974  188.171875  178.315933  161.180939  141.580933  123.051712  104.675781  86.841095  69.792549 
 69.830940  86.890938  104.091095  121.764847  140.197968  158.996094  175.322968  185.296402  188.543274  184.471252  174.729843  158.252182  138.414215  120.293442  102.571251  85.389687  68.930939 
 67.023598  83.149216  99.568436  116.228287  133.387192  150.373749  165.177811  175.001724  178.247650  174.354996  164.128128  148.855469  131.813431  115.052338  98.728752  82.104843  66.604637 
 63.336502  77.412971  92.643906  108.039375  123.161255  137.478119  149.864685  158.315933  161.168121  158.025620  149.422653  136.746872  122.158279  107.459373  92.125938  76.591248  62.917503 
 60.363647  70.634064  84.124062  98.125000  111.572029  123.447037  133.259369  139.984848  142.199371  139.679535  132.412506  122.361877  110.367188  97.339066  83.655785  69.864685  59.254272 
 57.983025  64.209686  74.225311  86.464996  98.198280  108.515938  116.401718  121.606873  123.487808  121.320465  115.559845  107.370781  97.436722  85.922028  73.882500  63.342033  56.988487 
 54.442604  58.858025  64.200317  73.491249  83.540993  92.403442  99.015678  103.216881  104.688225  102.942757  98.350464  91.717239  83.007759  73.192657  63.984161  58.018486  53.813492 
 } 
 B Channel
 {
 35.903957  39.878540  44.460209  51.422966  58.484009  64.172760  68.570152  71.144218  71.878647  70.707703  68.161667  63.462395  57.574066  50.516983  43.727604  39.479065  37.306149 
 38.230629  43.330624  50.958122  59.606094  67.439217  74.047966  78.964531  82.202347  83.241562  81.958122  78.508751  73.131561  66.317810  58.646561  50.015938  42.804062  39.220730 
 40.325935  48.189690  57.993439  67.765312  76.673126  84.212502  90.407654  94.582809  96.078751  94.277496  89.902191  83.332497  75.371559  66.655624  57.094841  47.680939  41.328018 
 42.934479  53.102814  64.074997  74.621719  84.621094  93.682030  101.571877  107.081406  108.989685  106.991722  101.198128  92.885941  83.308594  73.486252  63.189217  52.714218  44.090260 
 45.732609  57.059685  68.560623  79.851715  90.965935  101.642342  111.243439  117.772339  120.017029  117.556564  110.982498  101.095627  89.820465  78.776718  67.603592  56.561874  46.751041 
 47.577084  59.518753  71.299530  83.281403  95.242653  107.239685  117.897339  124.667343  126.854843  124.310150  117.628601  106.579216  94.195000  82.187347  70.398285  59.034378  48.780205 
 48.304695  60.194687  72.187347  84.347809  96.643127  109.183594  120.230621  127.044693  129.181717  126.759064  120.275940  108.943596  96.236565  84.115784  71.916565  59.978592  49.215889 
 47.592442  59.363907  71.163284  82.951561  94.858597  106.984222  117.781403  124.528748  126.886871  124.229065  118.036713  107.327660  94.460625  82.345779  70.578903  58.862190  48.535934 
 45.710262  56.811722  68.259689  79.362030  90.415154  101.357971  111.224533  117.880783  120.065475  117.479065  110.952187  101.109222  90.056252  79.076408  67.888123  56.637657  46.642864 
 43.071095  52.809219  63.591560  73.881721  83.754845  93.233749  101.562500  107.232811  108.925934  106.999222  101.325623  93.212341  83.752815  73.782501  63.402809  52.725784  43.882656 
 40.747398  48.124062  57.588905  67.151878  76.244690  84.303596  90.952972  95.372658  96.814064  95.161560  90.362968  83.831566  75.879219  67.126404  57.568123  48.021873  41.182293 
 38.876247  43.567501  50.656876  59.068909  67.282967  74.430313  79.920471  83.279846  84.386253  83.048439  79.367813  73.956253  67.194847  59.253441  50.715309  43.282032  39.279320 
 36.056667  39.607918  43.490627  50.198700  57.256088  63.472816  68.214012  70.946297  71.790833  70.566772  67.820305  63.157913  57.232132  50.447601  43.611149  39.340576  36.680988 
 } 


 White Balance Data with optical Center Data
 r_center_x =  631 r_center_y =  510 
 gr_center_x =  610 gr_center_y =  477 
 b_center_x =  619 b_center_y =  487 
 gb_center_x =  619 gb_center_y =  476 
 r/gr 0.596110 
 b/gr 0.673659 
 gb/gr 1.003307 
 r_oc_ave 114.551117 
 b_oc_ave 129.453339 
 gr_oc_ave 192.164444 
 gb_oc_ave 192.800003 

 [AWB]
 RGr =  0.596110 
 BGr =  0.673659 
 GbGr =  1.003307 
 r_oc_ave =  114.551117 
 b_oc_ave =  129.453339 
 gr_oc_ave =  192.164444 
 gb_oc_ave =  192.800003 