 LEFT LENS SHADING DATA
 RED Channel
 {
 24.368279  26.394112  29.296249  34.684738  40.594688  45.788441  49.879845  52.330574  53.052238  51.929527  49.236618  44.989323  39.579582  33.862812  28.569218  25.514793  23.657711 
 25.569115  29.015156  34.916248  42.189529  49.059685  55.168434  59.984222  63.163284  64.297028  62.865158  59.330154  54.165779  47.773750  40.891563  33.724842  27.971874  24.886459 
 26.799007  32.910469  40.814842  49.235153  57.076874  64.319534  70.474060  74.614220  76.042503  74.183128  69.689842  63.305313  55.837654  47.847031  39.467968  31.613125  25.964378 
 28.949009  37.131718  46.184845  55.522499  64.585938  73.167816  80.750938  86.165779  88.019531  85.645309  79.957970  72.086403  63.206093  54.012810  44.634998  35.510780  27.796822 
 31.173176  40.571720  50.464844  60.578751  70.922966  80.940941  90.010628  96.274216  98.492966  95.699532  89.305939  79.815155  69.383751  59.050003  48.804535  38.861404  29.867863 
 32.879742  42.883282  53.204529  64.096718  75.432968  86.530312  96.438278  103.051559  105.159065  102.609840  95.860939  85.426872  73.749222  62.506721  51.648590  41.267811  31.462395 
 33.476254  43.764999  54.309532  65.621407  77.393593  89.058128  99.197968  105.784065  107.948906  105.362503  98.875626  88.332184  76.176407  64.500465  53.144531  42.257343  32.099216 
 32.980366  43.092655  53.483124  64.438591  75.837654  87.204063  97.263596  103.772034  105.945465  103.156250  96.847969  86.439064  74.192345  62.985939  52.050781  41.505470  31.737343 
 31.591042  40.868126  50.796875  60.972343  71.570160  81.804375  91.052345  97.358749  99.542816  96.691559  90.209999  80.664688  70.008591  59.760002  49.514374  39.488281  30.274738 
 29.233231  37.430313  46.555313  55.906563  65.231407  74.040001  81.780312  87.166252  89.167816  86.752655  81.148590  73.077660  63.923126  54.823128  45.465157  36.221874  28.179790 
 27.459423  33.442970  41.381092  49.958748  58.136253  65.502655  71.905159  76.120941  77.607346  75.610779  70.953438  64.452499  56.789063  48.787659  40.421875  32.340782  26.403492 
 26.417187  29.695938  35.608280  43.020157  50.145157  56.408752  61.516716  64.758438  65.798439  64.217812  60.500153  55.261093  48.806717  41.897968  34.568592  28.682343  25.175472 
 24.759689  26.680103  29.900574  35.502865  41.340363  46.645832  50.541504  53.434273  54.154694  53.079056  50.134117  45.841305  40.433594  34.438591  28.661720  25.909637  23.646717 
 } 
 GR Channel
 {
 49.880836  55.074585  60.761086  69.758850  79.208542  87.430161  93.817085  97.521660  99.158020  97.464691  93.304062  86.813385  78.228172  68.975105  60.073387  54.690369  50.259949 
 53.569588  60.302498  70.421722  82.189690  93.344376  102.787033  110.341248  115.326248  117.123444  115.089691  110.107811  102.153595  92.147972  81.053436  69.304840  59.525154  53.449532 
 56.229530  67.093903  80.156876  93.729843  106.296562  117.547028  127.133118  133.689224  135.866089  133.350937  126.897659  117.124374  105.292816  92.616875  79.000313  65.932968  55.885262 
 60.028854  74.073441  88.877502  103.832497  118.058289  131.634995  143.577499  151.980469  154.977036  151.735626  143.574066  131.577499  117.418594  102.812653  87.597191  72.558281  59.275574 
 63.990944  79.724686  95.674843  111.718437  127.910004  143.714066  158.124374  167.950775  171.501877  167.783279  158.464539  144.185318  127.538757  110.990311  94.532814  78.183441  62.769264 
 66.987190  83.709686  100.315941  117.443130  135.117188  152.768433  168.456558  178.779846  182.292191  178.721405  168.913757  153.134842  134.695160  116.694687  99.301559  82.263908  65.474533 
 68.200310  85.325310  102.210159  119.816879  138.229691  156.662186  172.853119  183.140320  186.743439  183.080627  173.936569  157.837341  138.720627  120.231247  101.902969  83.928284  66.624321 
 67.550262  84.226715  101.040314  118.188126  136.218597  154.443909  170.339539  180.607971  184.017975  180.503906  171.248749  155.508438  136.080933  117.755783  100.157028  82.845467  66.250679 
 64.969902  80.726563  96.899529  113.243591  130.175934  146.752350  161.501877  171.550781  174.902344  171.098434  161.484528  146.732346  129.485474  112.706100  96.216095  79.568283  63.787651 
 61.157707  75.215622  90.194061  105.410309  120.439682  134.556870  147.241409  155.906876  159.044998  155.712967  147.439056  134.658127  119.880630  104.896561  89.653748  74.166092  60.223801 
 57.930832  68.635002  81.951248  95.947029  109.079689  121.063599  131.429062  138.347351  140.687500  137.806412  130.880936  120.601868  108.260941  95.096878  81.115623  67.519997  56.803329 
 55.591827  62.164528  72.387970  84.669846  96.188126  106.307655  114.610153  119.920776  121.676559  119.399841  113.866089  105.525467  95.116875  83.654060  71.389847  61.108437  54.662186 
 51.985153  56.552658  62.408173  71.719223  81.677292  90.377449  96.801201  101.243073  102.581978  100.986717  96.565468  89.591507  80.860626  70.925728  60.918800  56.008438  51.298859 
 } 
 GB Channel
 {
 50.719688  55.659264  61.179428  70.268173  79.708755  87.704010  94.125519  97.831047  99.098808  97.557289  93.257813  86.535461  78.165108  68.745575  60.020988  54.490669  50.364014 
 54.182602  60.883438  70.965469  82.837967  93.820000  103.266716  110.578438  115.553131  117.182343  114.989380  109.810310  101.909843  91.984688  80.830780  69.037033  59.262970  53.267342 
 56.648071  67.620781  80.839378  94.480934  107.010002  118.185150  127.549377  133.842194  135.937805  133.299057  126.680161  116.969055  105.100159  92.409065  78.655785  65.530472  55.394844 
 60.449791  74.640625  89.582657  104.657967  119.003601  132.303589  144.087967  152.292343  155.182968  151.763596  143.518280  131.394684  117.281555  102.613281  87.323906  72.076874  58.739380 
 64.237030  80.316406  96.474373  112.581558  128.839691  144.429688  158.617035  168.206406  171.743912  167.823593  158.310318  143.943130  127.257187  110.579529  93.941254  77.457657  62.057449 
 67.067604  84.112190  100.839218  118.168121  135.799057  153.100784  168.602661  178.886093  182.194214  178.572342  168.705307  152.811249  134.302338  116.206253  98.443909  81.324532  64.572243 
 68.244530  85.552658  102.624222  120.287186  138.709839  156.808121  172.747498  182.845627  186.396561  182.717346  173.438599  157.372818  138.185944  119.483444  101.126717  83.064529  65.670578 
 67.501038  84.401878  101.309998  118.548752  136.511871  154.385315  169.979538  180.185150  183.584381  179.627029  170.612503  154.909531  135.366409  117.011093  99.240158  81.845779  65.280991 
 64.956879  80.726875  96.935936  113.435944  130.143600  146.432190  160.917816  170.792191  174.160461  170.283127  160.626724  145.857025  128.640778  111.889061  95.316559  78.572968  62.927345 
 61.118233  75.182816  90.264687  105.399063  120.186401  134.028900  146.405319  154.967026  157.993744  154.529373  146.274841  133.730164  118.964066  103.933441  88.708282  73.202034  59.354324 
 57.825157  68.468285  81.787346  95.642029  108.579216  120.302658  130.418274  137.144684  139.386246  136.457962  129.553284  119.439682  107.291405  94.065002  80.290314  66.753593  56.098381 
 55.639168  61.983749  72.042503  84.232658  95.632660  105.505310  113.596100  118.781097  120.592651  118.147964  112.635468  104.378281  94.118126  82.752029  70.499374  60.353752  54.081253 
 52.027916  56.508339  62.147491  71.435364  81.209953  89.680321  96.272133  100.327553  101.717445  100.031929  95.586090  88.700577  79.997704  70.124321  60.239372  55.327080  50.941246 
 } 
 B Channel
 {
 33.630314  37.263233  41.598228  48.171982  55.077553  60.800201  65.139420  67.586662  68.671356  67.706772  64.954376  60.431877  54.577660  47.787083  41.308125  37.290104  34.929688 
 35.989895  40.889061  48.159065  56.582809  64.364845  70.901878  75.755470  79.044998  80.335938  79.037186  75.869377  70.636871  63.872032  56.081253  47.744373  40.675938  37.193439 
 37.970940  45.794689  55.105003  64.595627  73.191872  80.798904  87.008438  91.268440  92.735313  91.277191  87.078903  80.712814  72.857498  64.209686  54.730934  45.316563  38.866142 
 40.802967  50.653595  61.074532  71.352188  80.969215  89.921410  97.640312  103.338127  105.345154  103.247345  97.995468  90.128441  80.937187  71.042969  60.670158  49.966248  41.411251 
 43.495678  54.492966  65.538910  76.455154  87.161095  97.544998  106.992653  113.512024  116.020935  113.687973  107.617653  98.275314  87.456253  76.525780  65.173904  53.845940  43.846352 
 45.359585  56.962502  68.260002  79.764534  91.404846  102.830940  113.251404  120.402649  122.895935  120.601715  114.249069  103.912346  91.895157  80.055779  68.232811  56.503128  45.750210 
 46.195210  57.725624  69.267189  81.013596  93.010780  104.957031  115.764999  122.909378  125.522964  123.231567  117.229538  106.565002  94.140160  82.186722  69.893280  57.616875  46.393955 
 45.556770  56.950935  68.397346  79.807968  91.460472  103.358749  113.988434  120.975311  123.482498  121.091873  115.279999  105.195938  92.505783  80.481560  68.610466  56.667969  46.071514 
 43.729324  54.490784  65.660469  76.429535  87.295471  98.311562  108.127655  114.780151  117.151413  114.767654  108.678909  99.217499  88.160309  77.205940  66.078438  54.504059  44.300732 
 41.007915  50.601250  61.033752  71.087967  80.934845  90.288437  98.633591  104.280624  106.307816  104.279686  99.162186  91.110626  81.678436  71.904686  61.488129  50.681404  41.663280 
 38.508129  46.060623  55.297028  64.630470  73.492340  81.450623  88.233597  92.686096  94.136566  92.341248  88.292816  81.828125  73.906403  65.117340  55.501717  46.018749  39.122498 
 36.824272  41.467186  48.461403  56.962654  64.895622  71.858910  77.330627  80.637497  81.722656  80.260941  76.938278  71.605156  64.824844  57.112190  48.510941  41.336720  37.298592 
 34.204273  37.188023  41.401615  48.119949  55.096458  61.155785  65.479370  68.199577  69.014946  68.051773  65.455154  60.872452  55.026718  48.147186  41.098850  37.471512  34.691093 
 } 


 White Balance Data with optical Center Data
 r_center_x =  637 r_center_y =  481 
 gr_center_x =  629 gr_center_y =  495 
 b_center_x =  646 b_center_y =  487 
 gb_center_x =  646 gb_center_y =  486 
 r/gr 0.577812 
 b/gr 0.672822 
 gb/gr 0.997369 
 r_oc_ave 108.333336 
 b_oc_ave 126.146667 
 gr_oc_ave 187.488892 
 gb_oc_ave 186.995560 

 [AWB]
 RGr =  0.577812 
 BGr =  0.672822 
 GbGr =  0.997369 
 r_oc_ave =  108.333336 
 b_oc_ave =  126.146667 
 gr_oc_ave =  187.488892 
 gb_oc_ave =  186.995560 