 LEFT LENS SHADING DATA
 RED Channel
 {
 23.377239  25.674740  29.355778  34.914013  40.619480  45.668438  49.676720  52.220261  53.091873  52.029221  49.134422  45.063076  39.950470  34.301872  29.212551  26.544743  24.923489 
 24.873074  28.915783  35.113907  42.311718  48.955315  54.907188  59.691093  62.970467  64.104378  62.484840  59.207970  54.080780  48.043594  41.354374  34.376095  28.949532  26.457653 
 26.801250  33.365002  41.366718  49.604530  57.327347  64.411247  70.452812  74.651405  75.934219  73.908592  69.445625  63.180313  56.053123  48.425781  40.198906  32.627655  27.522034 
 29.505257  37.961720  47.083126  56.327660  65.215157  73.835785  81.306404  86.662971  88.411560  85.794220  80.107033  72.245155  63.748283  54.887970  45.733280  36.759689  29.525517 
 32.192188  41.779686  51.738907  61.845314  72.095001  82.304222  91.445313  97.621094  99.593285  96.589066  89.830315  80.558746  70.287498  60.196564  50.270157  40.297970  31.643593 
 34.224060  44.432812  55.066093  65.814217  77.236252  88.811874  99.285622  105.629845  107.563126  104.326096  97.253906  86.714218  75.125313  64.153595  53.493279  43.014061  33.465733 
 35.158592  45.672970  56.430153  67.811722  79.805153  92.332344  103.105316  109.620468  110.966560  107.983437  101.253754  90.104218  77.996246  66.470940  55.247498  44.229687  34.144272 
 34.917759  45.196720  55.912346  67.072968  78.850311  90.831718  101.641716  108.030624  109.562347  106.450623  99.946404  88.922653  76.747810  65.351250  54.459846  43.736561  34.064064 
 33.212498  43.017502  53.296562  63.785156  74.702034  85.661247  95.342659  101.852501  103.523750  100.557968  93.641716  83.705154  72.841721  62.324532  51.981094  41.776093  32.686718 
 30.722134  39.626095  49.095779  58.743439  68.469841  77.799690  85.995781  91.479843  93.284843  90.779533  84.842499  76.269844  66.884529  57.445000  47.892654  38.521095  30.696720 
 28.290524  35.290939  43.805313  52.565628  61.025154  68.959686  75.640938  80.196091  81.541565  79.512810  74.704842  67.719376  59.644218  51.264534  42.688595  34.611404  29.057449 
 26.767033  31.091408  37.766251  45.580467  52.971252  59.582657  65.106720  68.630623  69.727188  68.204689  64.240311  58.495468  51.739220  44.375626  36.882969  31.027187  27.853020 
 25.222862  27.653698  31.784164  38.096928  44.335415  49.883286  54.391090  57.284790  58.152603  56.971771  53.831154  49.069420  43.249844  36.947708  31.060261  28.440105  26.192604 
 } 
 GR Channel
 {
 50.204842  55.202759  61.743073  71.082817  80.443016  88.641251  94.796928  98.640160  100.078545  98.493019  94.683807  88.595154  80.230835  71.041824  62.468750  57.409683  53.057190 
 53.356926  60.980469  71.460785  83.072815  93.877190  103.322502  110.839218  115.964539  117.829376  115.555939  111.022346  103.372032  93.937500  83.063278  71.489998  61.980934  56.561775 
 56.647133  68.081093  81.184059  94.216560  106.595467  118.003906  127.562653  133.967026  136.463120  133.712189  127.627655  118.160934  106.902344  94.448280  81.097343  68.175629  58.761040 
 61.216980  75.171562  89.671410  104.060158  118.215622  132.146713  144.197815  152.657028  155.500626  152.333435  144.576248  132.527817  118.922501  104.749374  89.808746  74.954063  62.162399 
 65.414688  80.924690  96.434059  111.956879  128.087967  144.365311  158.961716  168.789368  171.937973  168.485001  159.321869  145.138748  128.929840  112.825317  96.765625  80.619064  65.656143 
 68.588173  84.690468  100.757813  117.171570  134.979538  153.091721  168.951874  179.356720  182.839066  179.522034  169.760788  154.139847  136.156876  118.535309  101.516403  84.588905  68.438278 
 70.202286  86.568123  102.866722  119.930313  138.419525  157.455780  173.344681  183.782501  187.395782  184.205475  175.196243  158.964371  140.278442  121.928909  104.080467  86.315468  69.740677 
 69.739952  85.885155  102.100784  118.830780  136.930939  155.544693  171.530319  181.842026  185.338440  182.147659  173.173279  157.072037  137.920624  119.919846  102.559845  85.341873  69.183952 
 67.138855  82.827187  98.563438  114.486877  131.379837  148.506714  163.414841  173.243439  176.510315  173.139069  163.608124  148.833755  131.804840  115.197189  98.739372  82.300156  67.169533 
 63.280365  77.663910  92.440628  107.043121  122.025314  136.511719  149.285156  157.444382  160.877975  158.050934  149.988907  137.415787  122.846558  107.822029  92.577812  77.248749  63.865837 
 59.257027  71.157654  84.473434  98.017815  111.120628  123.192032  133.299683  139.951569  142.587036  140.186249  133.591400  123.514221  111.553284  98.308281  84.256721  70.782967  60.647346 
 56.250000  64.243752  75.167656  87.293121  98.687035  108.723907  116.771561  121.950775  124.043274  122.070160  116.845306  108.783440  98.630936  87.131561  74.711563  64.558907  58.252449 
 52.846252  58.052078  65.220360  75.133545  84.983490  93.549530  100.134056  104.586823  105.820992  104.377861  99.888237  93.453430  84.730522  74.561150  64.530724  59.533279  54.016205 
 } 
 GB Channel
 {
 51.316093  56.150261  62.763649  72.312134  81.538536  89.400566  95.734169  99.474266  101.090263  99.419792  95.239784  89.053017  80.710518  71.497917  62.744057  57.813431  53.725105 
 54.282341  61.841721  72.552811  84.303596  95.186874  104.507034  111.934998  117.009689  118.772964  116.400620  111.579376  103.960938  94.335938  83.382500  71.757813  62.264687  57.043015 
 57.274017  69.062965  82.427811  95.837189  108.169060  119.461563  128.787811  135.254837  137.442337  134.681244  128.364380  118.814529  107.517189  94.911720  81.437187  68.337189  59.018433 
 61.692657  76.245781  91.092499  105.840469  119.970932  133.788757  145.550003  153.885162  156.599838  153.222031  145.257507  133.181412  119.368744  105.071564  90.073753  75.063751  62.126671 
 65.946190  81.991409  97.811409  113.642181  129.772812  145.791718  160.041092  169.629211  172.796570  169.123123  159.690628  145.436722  129.235001  113.097656  96.942970  80.576874  65.525208 
 68.983284  85.651405  102.030312  118.702026  136.330002  153.972183  169.382660  179.491257  182.841095  179.382339  169.577194  153.929993  135.945786  118.461090  101.311722  84.392815  68.124069 
 70.327393  87.160309  103.721565  121.036880  139.197037  157.467026  172.915466  183.051712  186.673279  183.439682  174.421570  158.251556  139.726410  121.472351  103.577660  85.880157  69.231621 
 69.756721  86.272346  102.570938  119.395462  137.134995  155.040619  170.604370  180.723129  184.060150  180.716248  171.832962  155.760941  136.857651  119.083282  101.910469  84.702499  68.568748 
 67.003120  82.883125  98.708282  114.489059  130.953903  147.356247  161.867813  171.394058  174.563904  171.029068  161.643753  147.024689  130.379211  114.087036  97.794685  81.464218  66.486923 
 63.084167  77.542503  92.237503  106.554840  121.170944  134.986877  147.295776  155.037964  158.009995  155.144531  147.279999  135.041245  120.892502  106.338753  91.288750  76.261253  63.097076 
 58.955833  70.754997  83.964218  97.097031  109.618904  121.105316  130.578598  136.934372  139.166565  136.928909  130.592972  120.881561  109.255470  96.444221  82.775314  69.613907  59.861618 
 56.008430  63.678436  74.373909  86.231560  97.050629  106.550316  114.149216  118.995789  120.620621  118.807037  113.755005  105.970779  96.297966  85.182190  73.262497  63.355621  57.331047 
 52.505524  57.313850  64.144112  73.912399  83.202705  91.364471  97.609428  101.594322  102.852287  101.434319  97.244576  90.827652  82.436935  72.734688  63.076248  58.313957  53.183128 
 } 
 B Channel
 {
 33.101250  36.757919  41.511410  48.523537  55.315575  61.126717  65.479942  67.860878  68.809212  67.903229  65.440781  61.206306  55.229118  48.465523  42.135105  38.449425  36.306095 
 35.038334  40.558750  48.219528  56.574371  64.277031  70.894844  75.732658  78.902344  80.059845  78.976563  76.047653  70.958595  64.283905  56.579689  48.318436  41.476719  38.534012 
 37.525681  45.740467  55.135155  64.464691  73.038597  80.652344  86.735153  90.772659  92.418594  91.114845  87.118904  80.840309  73.260628  64.729218  55.251877  46.026093  40.300053 
 40.814373  50.910622  61.212502  71.248909  80.863129  89.920624  97.464218  102.992653  105.078590  103.241562  98.271561  90.342659  81.266563  71.812653  61.489059  51.007187  42.867603 
 43.880627  54.814377  65.743591  76.528122  87.277496  97.669685  107.024376  113.409225  116.090775  114.068756  107.858749  98.532028  87.920784  77.409378  66.370316  55.083595  45.359638 
 46.040417  57.448753  68.656715  80.028748  91.622498  103.212189  113.651413  120.550781  123.129684  121.020935  114.540161  104.175781  92.526405  81.185310  69.646248  57.951408  47.490776 
 46.926411  58.544533  69.835938  81.521561  93.459061  105.896873  116.023911  123.199066  126.243744  123.956406  117.885468  107.125000  95.090469  83.459686  71.463127  59.143280  48.393913 
 46.580677  58.004219  69.299217  80.657501  92.375938  104.233597  115.057037  122.039841  124.689850  122.343903  116.605942  106.018440  93.832657  82.178596  70.349060  58.468124  48.003960 
 44.773540  55.736877  66.826408  77.559998  88.400002  99.459221  109.235466  116.115311  118.558899  116.258591  110.079689  100.472031  89.745316  78.970314  67.732033  56.190155  46.288280 
 41.952969  52.043594  62.409218  72.331093  82.095467  91.373909  99.891251  105.819374  107.974220  106.062813  100.882965  92.775940  83.617035  73.774216  63.273590  52.467659  43.603695 
 38.880157  47.378281  56.839218  66.019684  74.778122  82.722343  89.572968  94.192184  95.839378  94.251564  90.114220  83.647034  75.827812  66.915627  57.189064  47.703594  41.075054 
 36.696407  42.354530  50.063751  58.566872  66.362656  73.241875  78.894218  82.515312  83.801247  82.381721  78.982033  73.745468  66.885155  58.987343  50.281876  42.966564  38.927395 
 34.016823  37.843071  42.904163  50.040627  56.968277  62.998955  67.686096  70.605728  71.433754  70.524841  67.595566  63.033180  57.034111  50.045883  42.803543  39.139477  35.617813 
 } 


 White Balance Data with optical Center Data
 r_center_x =  651 r_center_y =  501 
 gr_center_x =  636 gr_center_y =  516 
 b_center_x =  645 b_center_y =  501 
 gb_center_x =  618 gb_center_y =  486 
 r/gr 0.592475 
 b/gr 0.674216 
 gb/gr 0.994733 
 r_oc_ave 111.493332 
 b_oc_ave 126.875549 
 gr_oc_ave 188.182220 
 gb_oc_ave 187.191116 

 [AWB]
 RGr =  0.592475 
 BGr =  0.674216 
 GbGr =  0.994733 
 r_oc_ave =  111.493332 
 b_oc_ave =  126.875549 
 gr_oc_ave =  188.182220 
 gb_oc_ave =  187.191116 