 LEFT LENS SHADING DATA
 RED Channel
 {
 25.246510  27.496090  30.521511  35.893959  41.775101  47.096714  51.382553  53.994011  54.735100  53.485786  50.833755  46.364277  40.830467  34.888748  29.099895  25.395519  23.345520 
 26.741508  30.505470  36.431717  43.731876  50.714691  56.921097  62.137344  65.425468  66.540939  64.985153  61.445000  56.105934  49.438591  42.441250  35.021561  28.638439  24.975105 
 27.897606  34.142189  42.358593  51.030624  59.022972  66.424843  72.862190  77.212189  78.681252  76.821251  72.170937  65.495155  57.655312  49.568596  40.979687  32.864532  26.618073 
 30.085361  38.113907  47.682655  57.448753  66.898125  75.712814  83.552658  89.182655  91.052971  88.699066  83.003906  74.660156  65.328590  55.851715  46.272655  37.077812  29.034893 
 32.480518  41.555939  51.811562  62.585938  73.316093  83.673279  93.139061  99.419846  101.722191  98.984840  92.360939  82.687653  71.752968  61.040466  50.504684  40.477188  31.492603 
 34.067657  43.875782  54.451874  65.827347  77.733749  89.446716  99.656250  106.218124  108.478592  105.943283  98.959686  88.312187  76.208435  64.493439  53.237190  42.868908  33.175365 
 34.539482  44.669064  55.455467  67.045784  79.284531  91.622345  102.039215  108.622498  110.886871  108.169373  101.674217  90.887970  78.395782  66.367653  54.485001  43.657345  33.751720 
 33.795727  43.922813  54.621559  65.647812  77.436874  89.326561  99.641563  106.216248  108.276405  105.672188  99.291565  88.815002  76.222504  64.585625  53.248123  42.753281  33.288906 
 32.127029  41.556408  51.848434  62.314217  72.948593  83.475624  93.042816  99.337029  101.388748  98.793594  92.346565  82.721718  71.876404  61.225784  50.654373  40.675312  31.812397 
 29.950001  38.001251  47.465469  57.181717  66.421722  75.272499  83.350784  88.873123  90.750938  88.685783  83.060783  74.851410  65.572815  56.062500  46.536407  37.368595  29.515053 
 28.236717  33.928593  42.041248  50.800468  58.993752  66.294685  72.734840  77.155159  78.827499  77.014999  72.368126  65.730469  57.987503  49.824684  41.180157  33.210312  27.126144 
 27.309372  30.474377  36.166248  43.702812  50.825470  57.068596  62.074066  65.537659  66.792343  65.529999  61.779221  56.448128  49.904846  42.810001  35.341564  29.254845  25.943798 
 26.297707  28.534790  31.267502  36.764477  42.966511  48.255051  52.354065  54.979950  55.963387  54.837090  52.150261  47.729378  42.198803  36.088333  29.989895  26.863384  25.180050 
 } 
 GR Channel
 {
 50.812920  55.642494  60.947807  69.749428  79.293800  87.686508  94.052185  98.170570  99.432861  97.500519  93.284790  86.332809  77.921303  68.331879  59.094627  53.118858  49.466347 
 54.272499  60.996246  70.864059  82.606720  93.576096  103.372971  111.282188  116.237030  118.065155  115.833435  110.366875  102.185310  91.838593  80.763123  68.888596  58.555939  52.241356 
 56.610207  67.125626  80.412033  94.109528  106.707657  118.199692  128.057037  134.645309  136.752350  134.084213  127.150940  116.993286  104.900780  92.170784  78.594688  65.413284  54.814743 
 60.414894  73.627815  88.804375  104.158592  118.790939  132.582809  144.702194  153.125931  155.972809  152.340149  144.007034  131.447495  116.895935  102.141716  87.116096  72.254219  59.067337 
 64.238068  79.120781  95.195000  111.949066  128.737808  145.035461  159.272964  168.915787  172.167343  168.302338  158.480942  143.982025  126.911560  110.224373  93.758278  77.812347  62.974213 
 66.767601  82.848434  99.397499  117.149841  135.660629  153.689850  169.352493  179.365158  182.687653  178.671570  168.703903  152.517502  133.662659  115.606567  98.128441  81.619843  65.913795 
 67.459274  84.163437  101.037186  118.996872  137.975159  157.106567  173.173126  182.982971  186.149216  182.338120  172.886093  156.483444  137.399689  118.681244  100.257660  82.958748  66.895828 
 66.478745  82.901253  99.732185  116.914215  135.228439  153.623901  169.544067  179.411255  182.460785  178.744370  169.364059  153.582657  134.051086  115.926254  98.118439  81.435623  66.028542 
 63.652969  79.226097  95.502342  111.767342  128.310318  144.922653  159.727661  169.368118  172.400620  168.761246  158.977493  144.262650  127.242188  110.365784  93.884842  77.952499  63.419579 
 60.051613  73.362656  88.660156  103.608749  118.399689  132.230621  144.722351  153.317505  156.284683  153.044067  144.571869  131.801559  117.235306  102.371872  87.375938  72.673904  59.718277 
 57.188545  66.918121  80.096252  93.875313  106.724998  118.321243  128.221558  135.101257  137.513123  134.839066  127.785004  117.401413  105.340157  92.320938  78.757034  65.858749  55.692497 
 55.141922  61.127968  70.413910  82.401405  93.590157  103.403282  111.179062  116.550156  118.380783  116.361725  110.585159  102.442184  92.299843  81.170937  69.225624  59.332497  53.551247 
 52.249847  57.351089  62.337440  71.036201  80.447449  89.028900  95.376976  99.495781  101.121819  99.398590  94.939949  88.310936  79.684219  70.256775  60.031464  55.207916  51.914169 
 } 
 GB Channel
 {
 51.202713  56.017296  61.359474  70.325676  79.864426  88.418068  94.764481  98.787041  100.088539  98.231087  93.765678  86.892807  78.029427  68.501144  59.057816  52.952248  49.174736 
 54.661041  61.429375  71.312813  83.092972  94.285469  104.013283  111.936562  116.996399  118.750626  116.206726  110.642967  102.314064  91.967972  80.777809  68.766563  58.345779  52.002663 
 56.743019  67.389687  80.862030  94.705780  107.425781  119.012344  128.845306  135.520935  137.586563  134.730942  127.642807  117.278275  105.156715  92.199532  78.428909  64.996246  54.446251 
 60.458954  73.863129  89.287033  104.885780  119.618286  133.492493  145.588913  153.967346  156.832657  153.086243  144.387192  131.755157  117.103287  102.080002  86.828903  71.827812  58.381149 
 64.274010  79.360466  95.707031  112.830307  129.698288  145.939682  160.237350  169.820465  173.242966  168.952820  159.002502  144.189529  126.971878  110.103752  93.438438  77.224846  62.201714 
 66.776878  83.175629  99.940315  117.695938  136.300308  154.436722  170.094055  180.046722  183.299377  179.168900  168.885162  152.711090  133.743286  115.407654  97.634842  80.845314  65.015305 
 67.607658  84.464531  101.530624  119.536713  138.681717  157.512970  173.555786  183.370468  186.654526  182.627655  172.852966  156.556870  137.252655  118.329849  99.671562  82.247498  65.786674 
 66.536507  83.200470  100.243752  117.473282  135.630157  154.077652  169.809525  179.738129  182.892349  178.903122  169.356247  153.529221  133.918274  115.482193  97.544533  80.614685  65.020515 
 63.725105  79.582184  96.025314  112.264847  128.707809  145.217819  159.927185  169.513443  172.698288  168.801880  158.998749  144.113907  126.965622  110.028748  93.342186  77.353127  62.633125 
 60.245621  73.790627  89.151253  104.158440  118.777496  132.481400  144.845001  153.334839  156.260162  152.935150  144.391251  131.617035  117.014847  101.943123  86.820938  72.083595  59.043381 
 57.438858  67.312187  80.439377  94.224060  106.956879  118.394379  128.262344  135.107193  137.441711  134.730621  127.536880  117.112976  104.958122  91.991722  78.299065  65.348434  55.278023 
 55.832809  61.437813  70.817497  82.728592  93.857811  103.509689  111.267029  116.604843  118.349060  116.341095  110.475159  102.222809  92.045784  80.901093  68.898438  59.014534  53.298492 
 53.164063  57.880722  62.552505  71.172966  80.694061  89.208443  95.515572  99.385475  101.044899  99.288795  94.910362  88.194481  79.523483  69.888802  59.886772  54.918068  51.955994 
 } 
 B Channel
 {
 35.096924  38.759426  42.983959  49.619576  56.399635  62.246300  66.595627  69.370361  70.270317  69.131920  66.322807  61.704010  55.603020  48.631561  41.645420  37.129742  34.449326 
 37.828594  42.814220  50.184372  58.847504  66.872345  73.444847  78.620628  81.722656  82.981560  81.496719  78.057816  72.706718  65.560936  57.581566  48.913750  41.549530  36.916824 
 39.659893  47.470314  57.268440  67.271248  76.270782  84.064690  90.449371  94.482185  95.656715  94.056252  89.670158  82.936096  74.721252  65.817657  56.110939  46.737656  39.254948 
 42.575573  52.285782  63.457031  74.323441  84.468597  93.917969  101.871094  107.171722  108.787033  106.480003  100.948441  92.687653  82.897186  72.719215  62.249374  51.899689  42.345520 
 45.320621  56.336876  67.934685  79.621872  90.971718  102.010780  111.733749  118.009216  119.942337  117.190002  110.585785  100.926872  89.376404  77.979843  66.690941  55.772186  45.288853 
 47.182392  58.884064  70.757500  82.939529  95.252655  107.453125  118.150940  124.849213  126.871719  124.007187  117.125626  106.236252  93.619530  81.269379  69.405159  58.275780  47.101402 
 47.833485  59.804535  71.840782  84.206406  96.721565  109.382813  120.159378  126.754684  129.064529  126.229996  119.738754  108.527191  95.552658  82.974533  70.607658  59.068748  47.781670 
 47.242817  59.005310  70.931091  82.833122  95.021721  107.164215  117.712662  124.323593  126.328751  123.913437  117.572189  106.892502  93.554222  81.223907  69.202499  58.025314  47.345310 
 45.202557  56.437347  68.108910  79.472191  90.649529  101.453590  111.052658  117.288757  119.428909  117.025162  110.636253  100.811874  89.246246  77.747498  66.490623  55.736565  45.544476 
 42.449795  52.376877  63.325157  73.974533  83.954689  93.050003  101.119064  106.494690  108.410469  106.454376  100.933746  92.633751  82.790466  72.423752  62.033440  52.065155  42.903278 
 40.118492  47.555782  57.272186  67.160469  76.005936  83.748749  90.146248  94.334686  95.693596  94.123283  89.582344  82.808128  74.640625  65.577347  56.047653  47.020157  39.924530 
 38.790260  43.537968  50.690468  59.610153  67.647972  74.352028  79.375313  82.769066  83.833122  82.425316  78.768440  73.215157  66.253281  58.202972  49.508438  42.566406  38.478699 
 36.944843  41.170677  45.281094  52.197037  59.509422  65.732651  69.933640  72.616562  73.483124  72.380310  69.419266  64.820778  58.493492  51.179008  43.779690  40.192867  37.824528 
 } 


 White Balance Data with optical Center Data
 r_center_x =  629 r_center_y =  469 
 gr_center_x =  651 gr_center_y =  472 
 b_center_x =  638 b_center_y =  480 
 gb_center_x =  643 gb_center_y =  484 
 r/gr 0.595843 
 b/gr 0.692936 
 gb/gr 1.004571 
 r_oc_ave 111.226669 
 b_oc_ave 129.351105 
 gr_oc_ave 186.671112 
 gb_oc_ave 187.524445 

 [AWB]
 RGr =  0.595843 
 BGr =  0.692936 
 GbGr =  1.004571 
 r_oc_ave =  111.226669 
 b_oc_ave =  129.351105 
 gr_oc_ave =  186.671112 
 gb_oc_ave =  187.524445 