 LEFT LENS SHADING DATA
 RED Channel
 {
 24.811092  27.121925  30.490524  35.972973  41.656197  46.692394  50.738388  53.232552  54.162552  53.263908  50.607300  46.429169  41.330051  35.677032  30.679638  27.774532  26.029530 
 26.232761  30.051720  36.082188  43.244843  49.952660  55.852814  60.734840  63.987343  65.133591  63.807030  60.566872  55.562500  49.444847  42.817657  35.978592  30.221405  27.386200 
 27.604321  34.057030  42.067032  50.335312  57.972504  65.070000  71.199684  75.460785  76.915779  75.285004  70.981720  64.828903  57.591560  49.988129  41.928280  34.049999  28.427502 
 30.099476  38.384064  47.448593  56.585159  65.421722  73.881248  81.619064  87.133278  89.245628  86.953590  81.496246  73.816093  65.220314  56.385315  47.259998  38.155312  30.362812 
 32.560833  41.968750  51.822815  61.734222  71.908440  81.924530  91.237190  97.579376  100.097031  97.476410  91.066254  81.862190  71.667191  61.625313  51.648903  41.598125  32.721039 
 34.328487  44.352032  54.659065  65.300156  76.538284  87.839996  98.097504  104.985313  107.530312  104.933128  98.276405  87.916252  76.370155  65.277344  54.575935  44.109531  34.367653 
 35.208904  45.334530  55.877342  66.970314  78.731407  90.641563  101.154533  108.088905  110.657341  108.107185  101.626404  91.021873  78.964066  67.363281  55.994377  45.108280  35.024738 
 34.686615  44.732655  55.124847  65.930466  77.337814  89.040466  99.432190  106.457497  108.777191  106.223434  99.877815  89.624062  77.274216  65.943909  55.062500  44.474998  34.726665 
 33.155003  42.728748  52.671097  62.781097  73.420784  83.883591  93.497345  100.220467  102.566872  100.098122  93.552971  84.006721  73.196404  62.909691  52.616249  42.551563  33.379063 
 30.821560  39.387814  48.558441  57.861092  67.275780  76.346565  84.531250  90.249687  92.394531  90.247658  84.563278  76.368904  67.235153  58.065002  48.640312  39.373905  31.133698 
 28.754112  35.420155  43.620468  52.066872  60.288750  67.931252  74.532028  79.147499  80.737343  78.981407  74.285622  67.716560  60.235001  52.141251  43.666718  35.476406  28.982864 
 27.378437  31.360939  37.776875  45.208439  52.430779  58.779373  64.093750  67.653908  68.868279  67.442497  63.861252  58.688278  52.318596  45.333908  37.856407  31.642811  27.697395 
 25.888020  27.982601  31.850208  37.848854  43.996822  49.317711  53.617088  56.372444  57.449738  56.526245  53.653755  49.322655  44.047138  37.916615  31.850365  28.563232  26.485733 
 } 
 GR Channel
 {
 50.868912  55.875153  61.975212  71.031563  80.059685  88.020935  94.228806  98.157188  99.707344  98.393173  94.681564  88.506142  80.315933  71.451408  62.960777  57.701668  53.665833 
 54.133904  61.150780  71.230621  82.760315  93.469688  102.683441  110.159843  115.235931  117.176712  115.435471  110.950310  103.442810  93.982185  83.307030  71.981407  62.332497  56.727509 
 56.816093  67.827972  80.800316  93.829842  105.976410  117.143433  126.601715  133.137192  135.657028  133.461868  127.514526  118.197662  106.838753  94.833282  81.763908  68.666092  58.950882 
 61.014740  74.667030  89.097504  103.215309  117.266724  130.850006  142.961090  151.457809  154.814682  151.897339  144.231247  132.472351  118.699844  104.767815  90.361565  75.440628  62.470627 
 65.119377  80.200623  95.551872  110.792030  126.704529  142.643280  157.557037  167.486404  171.454376  168.092651  159.067337  144.927658  128.716873  112.710632  97.069687  80.978752  66.089996 
 67.960213  84.030624  99.824844  116.049530  133.435318  151.518906  167.788284  178.458908  182.387817  179.001404  169.614838  153.975632  135.729996  118.314682  101.517189  84.937965  68.857346 
 69.385834  85.658752  101.692032  118.370468  136.346405  155.364212  172.174225  182.692963  186.600937  183.329376  174.440933  158.415619  139.867813  121.632187  103.899841  86.382347  69.939636 
 68.788025  84.669685  100.667030  116.890472  134.568130  153.132965  169.546570  180.255783  184.107346  180.734848  171.954681  156.245789  137.014069  119.143600  102.260780  85.313438  69.341766 
 66.232246  81.629532  96.930000  112.225632  128.721878  145.388901  160.555786  170.913132  174.577652  171.386719  162.059998  147.577499  130.587494  114.285461  98.309219  82.190315  67.040314 
 62.593750  76.463753  90.824219  105.059845  119.629059  133.688599  146.369995  155.266724  158.660782  155.889374  147.950775  135.674850  121.285782  106.837967  92.152809  77.243752  63.371674 
 58.715622  70.066872  83.097656  96.265312  108.926247  120.502029  130.633286  137.608444  140.245316  137.912811  131.403442  121.749374  109.990936  97.430466  84.107811  70.746407  59.837036 
 56.235939  63.419685  73.859375  85.698280  96.716560  106.424217  114.466095  119.725784  121.807190  119.885941  114.805786  107.167656  97.483124  86.479065  74.503441  64.176872  57.218124 
 52.866768  57.453857  64.140205  73.586823  83.184059  91.308594  97.823387  102.225571  103.671356  102.408012  98.366821  92.210777  83.852295  74.194893  64.322189  58.765625  54.301041 
 } 
 GB Channel
 {
 51.967606  56.781357  62.665421  71.960571  81.257607  89.189423  95.397820  99.433754  100.749786  99.303383  95.667709  89.212036  81.017601  71.859688  63.215721  58.063019  54.283440 
 55.016769  61.977188  72.258751  83.890778  94.613434  103.920471  111.347809  116.448746  118.394379  116.389847  111.681877  104.128906  94.510941  83.664688  72.275314  62.464691  56.987183 
 57.481041  68.648125  81.837654  95.046249  107.268127  118.373444  127.827194  134.331253  136.774841  134.504059  128.266403  118.855164  107.394531  95.168282  81.830315  68.632660  58.882866 
 61.458855  75.458435  90.214844  104.510941  118.711563  132.166870  144.124695  152.644531  156.015778  152.931412  144.955933  133.056870  119.209213  105.157188  90.431717  75.214691  62.143433 
 65.480423  81.007500  96.538597  112.120316  128.141556  143.963593  158.634216  168.454529  172.417191  168.898590  159.632813  145.414841  128.967499  112.869370  96.929375  80.607033  65.506409 
 68.065002  84.519997  100.571251  117.029526  134.512970  152.430466  168.427811  178.727341  182.772812  179.337814  169.725006  154.095306  135.651566  118.091400  101.142189  84.283592  68.105057 
 69.184639  85.833595  102.177185  119.082809  137.182190  155.813751  172.178909  182.649063  186.525787  183.086716  174.080002  157.984222  139.469055  121.151093  103.233124  85.642342  68.995888 
 68.419792  84.709373  100.820000  117.272339  134.893600  153.028748  169.175003  179.717651  183.442032  180.122345  171.189377  155.534851  136.317963  118.414688  101.468903  84.482033  68.388069 
 65.854172  81.358749  96.911247  112.377655  128.642029  144.996246  159.595001  169.786560  173.587494  170.203598  160.830002  146.442810  129.657181  113.464691  97.445465  81.299065  66.134888 
 62.160156  76.119530  90.513283  104.796249  118.910934  132.788589  144.972351  153.732971  157.044693  154.238281  146.208282  134.153442  120.007813  105.745628  91.205780  76.128593  62.502556 
 58.631821  69.827034  82.793594  95.689690  108.073753  119.328430  129.096405  135.710938  138.284683  135.924850  129.560776  120.066254  108.459686  96.114998  82.922028  69.749847  58.847969 
 55.938232  63.034065  73.426872  85.009842  95.854843  105.229843  112.897339  117.939056  119.809067  117.935318  112.972351  105.497032  95.962967  85.167191  73.439377  63.170158  56.363281 
 52.721146  56.928650  63.501038  73.050468  82.441719  90.395889  96.520470  100.775726  102.187393  100.851974  96.866722  90.765991  82.635262  73.084694  63.389381  57.866608  53.516617 
 } 
 B Channel
 {
 34.050106  37.676357  42.060883  48.728699  55.534843  61.077652  65.390366  67.752235  68.819168  68.092186  65.589684  61.464226  55.648178  49.202240  43.059010  39.339584  37.445419 
 36.251770  41.242188  48.483597  56.711403  64.277969  70.668282  75.543907  78.832031  80.138748  79.122185  76.188438  71.246094  64.679222  57.280785  49.241722  42.278751  39.395416 
 38.114998  45.994999  55.320465  64.541405  72.939064  80.293282  86.425934  90.598595  92.343285  91.144218  87.289215  81.234062  73.644066  65.460625  56.213440  46.947342  41.025055 
 41.026409  50.785782  61.137970  71.045158  80.447502  89.210938  96.888596  102.416252  104.898285  103.111404  98.225937  90.592812  81.773590  72.416565  62.314064  51.763283  43.492657 
 43.900883  54.664841  65.513596  76.114372  86.656876  96.776253  106.186249  112.817184  115.642502  113.671249  107.871094  98.749062  88.359062  77.938438  66.947502  55.659218  46.134846 
 45.918797  57.107346  68.138283  79.275780  90.729218  102.243752  112.594055  119.562805  122.418442  120.473434  114.433121  104.495468  92.849533  81.380310  69.846092  58.333122  48.035210 
 46.663540  58.008125  69.181564  80.584373  92.428123  104.412659  115.092499  122.181412  124.890778  122.889526  117.279694  107.073593  95.154686  83.467812  71.408905  59.357346  48.744637 
 46.049427  57.197968  68.381561  79.465622  90.838280  102.613434  113.309692  120.529694  123.125153  121.048431  115.617813  105.884377  93.635780  81.994690  70.261566  58.606873  48.255211 
 44.306461  55.021873  65.819061  76.250626  86.839218  97.503593  107.376877  114.491089  116.992813  114.936249  109.077187  99.959686  89.273125  78.746246  67.670158  56.329063  46.591148 
 41.794899  51.450310  61.587029  71.181877  80.607346  89.891563  98.364372  104.209999  106.446716  104.799530  99.723595  92.076096  83.043282  73.579216  63.329689  52.789688  43.850101 
 39.053699  47.077656  56.201561  65.126564  73.618904  81.372345  88.208122  92.878593  94.488747  93.113281  89.079842  82.908592  75.487816  66.944847  57.488747  48.136406  41.031197 
 37.175415  42.191250  49.525780  57.796249  65.435783  72.135941  77.590309  81.088127  82.308594  81.110001  77.984840  73.197815  66.799843  59.214844  50.660934  43.243752  38.962917 
 34.850414  37.873333  42.478077  49.387077  56.256821  61.986351  66.549477  69.303123  70.361717  69.523750  67.021713  62.969902  57.308388  50.517128  43.265106  39.178333  36.327915 
 } 


 White Balance Data with optical Center Data
 r_center_x =  633 r_center_y =  496 
 gr_center_x =  661 gr_center_y =  515 
 b_center_x =  654 b_center_y =  482 
 gb_center_x =  628 gb_center_y =  505 
 r/gr 0.593251 
 b/gr 0.669984 
 gb/gr 1.001140 
 r_oc_ave 111.022224 
 b_oc_ave 125.382217 
 gr_oc_ave 187.142227 
 gb_oc_ave 187.355560 

 [AWB]
 RGr =  0.593251 
 BGr =  0.669984 
 GbGr =  1.001140 
 r_oc_ave =  111.022224 
 b_oc_ave =  125.382217 
 gr_oc_ave =  187.142227 
 gb_oc_ave =  187.355560 