 LEFT LENS SHADING DATA
 RED Channel
 {
 26.202187  28.457603  31.177708  36.503437  42.346195  47.531506  51.713806  54.130051  54.899429  53.976669  51.140785  46.966667  41.657501  35.821457  30.152344  26.436249  24.235001 
 27.830105  30.923439  36.571877  43.753437  50.672653  56.735466  61.682343  64.951096  66.047966  64.511253  61.115158  55.917503  49.592499  42.861874  35.669220  29.345001  25.722500 
 28.916771  34.558437  42.375782  50.804375  58.688591  65.952347  72.132187  76.302658  77.798279  75.944847  71.505157  65.025154  57.527809  49.762810  41.398125  33.359688  27.234272 
 30.753803  38.597343  47.755936  57.090935  66.174217  74.829063  82.563751  88.068909  89.963905  87.691559  81.969841  73.931717  64.837654  55.930939  46.537968  37.492344  29.517551 
 32.647602  41.987186  51.976410  62.122032  72.394218  82.585472  91.834534  98.297813  100.502968  97.939217  91.227654  81.684532  71.072189  60.860466  50.641876  40.827187  31.775105 
 34.200207  44.195625  54.623436  65.491562  76.796722  88.102028  98.345940  105.060310  107.365311  104.761406  97.765778  87.285004  75.434219  64.309532  53.471878  43.219376  33.468960 
 34.702343  45.019218  55.622185  66.855469  78.536873  90.392029  100.815468  107.647812  110.020309  107.359375  100.669998  89.871872  77.753754  66.151718  54.759064  44.129219  34.164845 
 34.330471  44.136093  54.683594  65.513123  76.805000  88.264534  98.602501  105.241722  107.610939  105.016716  98.261566  87.854218  75.743752  64.477814  53.527344  43.295155  33.692032 
 32.614841  41.870468  51.777969  62.048439  72.504532  82.731407  91.937347  98.412186  100.625313  98.008904  91.394066  81.990784  71.399841  61.152191  51.018753  41.105000  32.021667 
 30.445778  38.407658  47.471249  56.873283  66.054840  74.897186  82.530785  87.922028  89.818909  87.632813  82.038597  74.072342  65.188904  56.114372  46.859062  37.684063  29.526562 
 28.462498  34.371250  42.183594  50.698128  58.911095  66.109222  72.461716  76.683128  78.169998  76.408440  71.790314  65.349533  57.928909  50.004532  41.748123  33.552967  26.982346 
 27.447342  30.619217  36.417030  43.768749  50.882347  56.991875  62.049843  65.285309  66.353439  65.002815  61.402969  56.185471  49.982346  43.105156  35.714844  29.354061  25.257397 
 25.926926  27.700260  30.715157  36.323334  42.371716  47.477703  51.624214  54.159904  55.131355  54.138649  51.236923  46.971512  41.831715  35.833698  29.502972  26.012814  23.633648 
 } 
 GR Channel
 {
 50.989479  56.724899  62.009163  70.975418  80.479324  88.585777  94.931717  98.848747  100.043694  98.472710  94.468590  87.988388  79.559433  70.187187  61.066254  54.598747  50.491669 
 55.033226  61.334061  70.933746  82.798752  93.782028  103.391403  110.924843  115.796249  117.450150  115.239380  110.311722  102.548592  92.860466  82.088440  70.302498  59.907501  53.313751 
 57.423286  67.493904  80.549690  94.102654  106.677658  118.115311  127.541245  133.830627  135.863754  133.316406  126.768600  117.146255  105.481247  93.296875  79.884842  66.661407  56.050781 
 60.688538  74.116875  88.977341  103.872658  118.093124  131.770782  143.720001  152.162338  154.925781  151.605942  143.446564  131.258591  117.112656  103.062347  88.225937  73.492813  60.101555 
 64.174950  79.485153  95.430466  111.367653  127.507660  143.479538  158.033127  167.883438  171.061874  167.642029  157.983597  143.525620  126.854996  110.714844  94.718903  78.976097  63.922546 
 67.071503  83.335472  99.786095  116.617035  133.927338  151.894531  167.849060  178.372498  181.669525  178.216095  168.200150  152.093750  133.554062  116.027969  99.188904  82.787659  66.534943 
 68.079948  84.735153  101.485466  118.731873  136.724686  155.241562  171.640930  182.205154  185.392029  181.949524  172.604218  156.288757  137.325623  118.987976  101.288437  84.137970  67.667755 
 67.396935  83.605469  100.047653  116.942963  134.458130  152.497971  168.492035  178.867966  182.108124  178.460938  169.217026  153.356094  133.998901  116.248123  99.276253  82.842659  66.845779 
 64.867859  80.106407  95.927971  111.854378  128.144531  144.470154  159.036407  168.718597  172.044693  168.380936  158.821091  144.127975  127.408432  111.228752  95.368126  79.512497  64.316246 
 61.229218  74.621094  89.243126  103.998749  118.380936  132.347351  144.363281  152.643127  155.699997  152.573288  144.445786  132.089691  117.975632  103.674377  89.006409  73.992813  60.182396 
 57.865471  68.214844  80.988281  94.637032  107.441254  118.834686  128.492493  135.132813  137.251404  134.594376  128.072968  118.243118  106.493752  94.012970  80.620003  67.203438  55.884277 
 55.670784  61.833908  71.645157  83.546249  94.814377  104.340935  112.124847  117.168121  118.778595  116.735474  111.486565  103.620003  93.796875  82.849220  70.771095  60.064064  52.962402 
 51.849533  56.389534  61.834526  71.113335  80.856041  88.960526  95.090050  99.234375  100.424217  99.147758  94.778229  88.462921  80.218544  70.600258  60.025887  54.199066  49.818642 
 } 
 GB Channel
 {
 52.485832  57.682915  62.863281  71.707558  81.274117  89.474060  95.813644  99.666100  100.816040  99.147392  95.007652  88.272552  79.928024  70.474220  61.131508  54.672348  50.579018 
 56.177086  62.315002  71.931404  83.857346  94.875153  104.389061  111.919060  116.847961  118.481873  116.017807  110.968285  103.049843  93.165939  82.296097  70.346718  59.745468  53.323174 
 58.333130  68.413124  81.465782  95.331253  107.943283  119.185944  128.490005  134.839218  136.810944  134.057663  127.467026  117.603745  105.746872  93.406563  79.799690  66.338905  55.779945 
 61.355202  74.984375  90.026566  104.981407  119.392502  132.965317  144.756256  153.192505  155.859070  152.493591  144.223587  131.759369  117.444382  103.151718  88.137032  73.029373  59.628128 
 64.806931  80.339218  96.510780  112.565475  128.748749  144.697342  159.065002  169.000778  172.077347  168.485626  158.475159  143.863907  127.048752  110.710472  94.440468  78.425629  63.152710 
 67.364273  84.068436  100.652191  117.578278  135.006409  152.806091  168.481094  178.957031  182.146561  178.681091  168.321716  152.224213  133.544525  115.858124  98.694221  82.132034  65.822243 
 68.310730  85.189064  102.067032  119.598755  137.501724  155.825317  171.843597  182.253128  185.481400  181.972656  172.449219  155.932190  136.953598  118.622818  100.550468  83.368279  66.580566 
 67.404213  83.837341  100.478905  117.440308  134.978745  152.745468  168.463913  178.634842  181.905624  178.137817  168.736725  152.705475  133.493286  115.683121  98.500000  81.928284  65.951820 
 64.917656  80.182030  96.038124  112.124222  128.311874  144.236099  158.553589  168.146408  171.621719  167.656403  158.095154  143.524216  126.734375  110.633438  94.574219  78.646095  63.430885 
 61.145569  74.678284  89.295158  104.058594  118.271088  131.808594  143.634216  151.805161  154.622498  151.397507  143.292343  131.126556  117.105316  102.896408  88.169685  73.236092  59.309219 
 57.892296  68.084373  80.846092  94.342659  106.959373  118.053284  127.496567  133.909851  136.014999  133.281097  126.824692  117.196411  105.537186  93.156563  79.926247  66.542656  55.179527 
 55.794998  61.638748  71.325157  83.078751  94.277344  103.611404  111.092972  116.069061  117.508286  115.556564  110.353127  102.549530  92.860779  82.155624  70.032341  59.389221  52.343178 
 52.147911  56.370003  61.552872  70.902084  80.247963  88.514946  94.449013  98.526978  99.803078  98.444481  93.970215  87.719734  79.346405  69.893959  59.556725  53.714844  49.380257 
 } 
 B Channel
 {
 35.364788  39.484791  43.306721  49.764687  56.651558  62.405785  66.632347  68.938019  69.802292  68.668541  65.853432  61.607765  55.582756  48.992340  42.185627  37.681301  35.670052 
 37.924374  42.383125  49.252342  57.695938  65.475311  71.952660  76.726715  79.774689  80.806877  79.390625  76.115936  70.870468  64.120468  56.571716  48.319374  41.082344  37.312969 
 39.716351  46.907188  56.154221  65.631874  74.332184  81.783592  87.741562  91.670624  93.102966  91.391403  87.201408  80.597809  72.765938  64.315628  54.963280  45.857033  39.360157 
 42.261719  51.637344  62.166252  72.546097  82.137344  90.899216  98.534531  103.756874  105.747345  103.642967  98.336090  90.019066  80.499062  71.033752  60.784843  50.592033  42.185158 
 44.566250  55.349998  66.585938  77.645470  88.336876  98.501091  107.750153  114.003754  116.332962  114.109222  107.679688  97.966095  86.828278  76.078751  65.130157  54.357971  44.826508 
 46.218487  57.739532  69.304840  80.857185  92.309845  103.707184  113.866409  120.528595  123.012817  120.655319  114.032806  103.254532  91.071251  79.406250  67.961403  56.914528  46.787239 
 46.875050  58.578590  70.131874  81.882660  93.538124  105.485779  115.909851  122.654221  125.192184  122.718597  116.533752  105.570313  93.219688  81.278748  69.335312  57.868279  47.509739 
 46.482609  57.747185  69.197342  80.573593  91.709061  103.191559  113.741409  120.393906  122.827972  120.384064  114.265625  103.922653  91.407028  79.673904  68.072029  56.882500  46.744164 
 44.660778  55.260155  66.331566  77.085938  87.522812  97.832031  107.276566  113.766876  116.006088  113.615463  107.230621  97.838440  87.034378  76.308746  65.407654  54.567970  44.860256 
 41.954529  51.428909  61.695625  71.567497  80.891876  89.755783  97.605782  103.104530  104.952034  102.995468  97.709373  89.677498  80.520935  71.035934  60.976563  50.783127  41.854794 
 39.603699  46.862656  55.859528  65.035622  73.549217  81.070160  87.413910  91.633125  93.004845  91.270782  86.874687  80.612190  72.834221  64.531250  55.290314  45.942970  38.732761 
 37.798386  42.274845  49.125000  57.324532  65.005310  71.508125  76.643280  79.795784  80.757187  79.408752  76.012497  70.880157  64.354843  56.796249  48.305466  40.883907  36.369530 
 35.054218  38.338383  42.078335  48.737656  55.490318  61.218124  65.483070  68.058075  68.825935  67.819580  64.828331  60.687035  54.957138  48.247917  40.886093  36.611614  33.828697 
 } 


 White Balance Data with optical Center Data
 r_center_x =  645 r_center_y =  474 
 gr_center_x =  659 gr_center_y =  477 
 b_center_x =  634 b_center_y =  490 
 gb_center_x =  650 gb_center_y =  464 
 r/gr 0.594155 
 b/gr 0.675348 
 gb/gr 1.000933 
 r_oc_ave 110.417778 
 b_oc_ave 125.506668 
 gr_oc_ave 185.839996 
 gb_oc_ave 186.013336 

 [AWB]
 RGr =  0.594155 
 BGr =  0.675348 
 GbGr =  1.000933 
 r_oc_ave =  110.417778 
 b_oc_ave =  125.506668 
 gr_oc_ave =  185.839996 
 gb_oc_ave =  186.013336 