 LEFT LENS SHADING DATA
 RED Channel
 {
 24.905262  26.829842  29.878021  35.440674  41.625626  46.961872  51.354843  53.975319  54.770103  53.708435  50.981720  46.632713  41.141094  35.179840  29.862080  26.843594  24.554844 
 26.339844  29.711720  35.740936  43.170467  50.374374  56.828125  62.062965  65.492813  66.628441  65.095940  61.676094  56.241875  49.745468  42.751720  35.423752  29.560471  26.662342 
 27.651718  33.653595  41.808750  50.580002  58.806717  66.561874  73.070938  77.482971  78.966248  77.125778  72.559998  65.935783  58.061409  49.935471  41.328438  33.375000  27.882084 
 29.965416  38.026249  47.455467  57.236252  66.771095  76.026093  84.019379  89.626564  91.475471  89.098595  83.285156  75.080780  65.774063  56.429062  46.711720  37.487656  29.849117 
 32.316616  41.681408  51.891563  62.529686  73.388596  84.147034  93.760780  100.233597  102.389374  99.662498  92.900314  83.231873  72.443436  61.707031  51.141563  41.077656  32.114948 
 34.064220  44.136093  54.870941  66.247810  78.160622  90.093124  100.631096  107.367653  109.531563  106.832497  99.852341  89.108597  77.010468  65.411560  54.227966  43.553905  33.698696 
 34.688747  45.257500  56.177658  67.910309  80.289063  92.745941  103.505310  110.226097  112.340469  109.706566  103.097969  91.905472  79.535782  67.434532  55.608284  44.536095  34.500889 
 34.431873  44.685623  55.562187  66.849998  78.767502  90.934219  101.457657  108.227028  110.286407  107.469376  100.927345  90.074684  77.704529  65.836716  54.478752  43.793125  34.071045 
 32.944950  42.573906  52.897186  63.470940  74.565468  85.334686  95.050468  101.679688  103.623596  100.847809  94.132034  84.372345  73.409691  62.596878  51.960625  41.765625  32.620209 
 30.817345  39.114220  48.650940  58.318748  67.998909  77.305626  85.502502  91.088905  93.030937  90.575935  84.786720  76.458435  67.069847  57.498436  47.683125  38.380157  30.523697 
 28.762657  35.010780  43.324688  52.137657  60.536095  68.348907  75.009216  79.440002  81.007813  79.019531  74.184685  67.481720  59.620003  51.242653  42.498436  34.359531  28.539738 
 27.667290  31.164375  37.393436  44.952969  52.181252  58.758904  64.118591  67.744690  68.837814  67.304062  63.550003  58.016716  51.409691  44.194374  36.548126  30.531250  27.302917 
 26.211040  28.266872  31.591770  37.303596  43.326252  48.850365  53.317139  56.183441  57.007805  55.886978  52.937080  48.486931  42.805103  36.555626  30.596874  27.884998  25.865417 
 } 
 GR Channel
 {
 51.173126  55.462288  60.743340  69.919945  79.500359  88.019264  94.529999  98.585564  99.681725  98.159370  94.151146  87.645470  79.047081  69.739059  60.840675  55.658493  51.451408 
 54.508957  60.728127  70.596252  82.616409  93.991409  104.053436  111.971252  117.042038  118.746094  116.583130  111.697815  103.651093  93.504997  82.365311  70.650467  60.840782  55.479736 
 57.195892  67.359840  80.538910  94.363434  107.379372  119.532181  129.318130  135.809067  137.973907  135.607193  129.009216  119.084061  106.883751  94.039215  80.311562  67.399529  57.808075 
 61.131195  74.411407  89.239685  104.524063  119.490784  133.938751  146.323288  154.536255  157.397659  154.297974  146.161255  133.747971  119.119537  104.341560  89.092659  74.124222  61.294014 
 64.931770  80.130936  96.023125  112.507660  129.505463  146.360474  161.104218  170.513901  173.782349  170.209213  160.474213  146.132187  129.220932  112.449844  95.893753  79.807030  65.125572 
 67.768852  84.065941  100.730469  118.181412  136.562195  155.006409  170.910156  181.120941  184.222031  180.615784  170.612976  154.719055  136.230316  118.125473  100.518280  83.683281  67.688492 
 68.822495  85.550003  102.415154  120.305313  139.185944  158.387970  174.827026  184.963913  188.118286  184.729538  175.672501  159.093124  140.332809  121.622971  103.014847  85.242340  68.912971 
 68.038277  84.413910  101.182655  118.501251  136.890152  155.634064  171.939224  182.255463  185.378433  181.899994  173.056244  156.794067  137.535156  119.250931  101.282654  84.179062  68.431984 
 65.527710  81.053123  97.280159  113.612656  130.819687  147.710007  162.644379  172.654373  175.654846  172.115936  162.648590  147.723755  130.872971  114.108597  97.164688  80.830467  65.950676 
 61.914940  75.646408  90.772034  105.854530  120.972183  135.445465  148.087662  156.650314  159.578598  156.366714  148.165314  135.549377  121.032974  106.127190  90.560310  75.450935  62.348022 
 58.457558  69.201096  82.540001  96.261093  109.458595  121.577972  131.715775  138.600937  141.117813  138.338593  131.541870  121.334213  109.199844  96.050468  82.187813  68.806091  58.967133 
 56.221771  62.860939  73.206253  85.117500  96.553749  106.683281  114.943909  120.335159  122.090775  119.971405  114.492966  106.257500  96.012810  84.596405  72.389061  62.419060  56.541153 
 52.993019  57.626770  63.529587  72.765419  82.275833  90.901413  97.665779  102.133278  103.634323  101.847870  97.546516  90.702911  81.860313  71.964943  62.050316  57.549484  53.526146 
 } 
 GB Channel
 {
 51.946671  55.728333  61.144325  70.373329  80.159576  88.642868  95.462654  99.322342  100.747971  99.173851  94.971664  88.117607  79.688438  70.172867  61.128281  55.892868  51.532860 
 54.990005  61.040001  71.102028  83.157501  94.730003  104.860153  112.852036  118.032974  119.698593  117.447189  112.478745  104.192184  93.943436  82.740158  70.802658  61.011406  55.647446 
 57.272972  67.598595  80.879997  94.868591  108.154221  120.176086  130.092651  136.666412  138.909683  136.310150  129.749069  119.653748  107.449219  94.393906  80.522499  67.446564  57.760315 
 61.213646  74.589066  89.702187  105.222343  120.310471  134.772339  147.032654  155.473129  158.298431  155.154999  146.745468  134.322662  119.567505  104.683594  89.222656  74.101097  61.245468 
 64.807137  80.104843  96.356094  113.082031  130.309219  146.961090  161.759537  171.313431  174.618744  171.076096  161.117493  146.615311  129.577972  112.666565  95.954842  79.704376  64.743126 
 67.376770  83.893440  100.702034  118.374374  136.855621  155.048431  171.022507  181.223587  184.610931  181.057343  170.857025  154.925308  136.337814  118.143600  100.379684  83.320465  67.242760 
 68.355515  85.205940  102.204689  120.259216  139.149368  158.210159  174.471878  184.613586  187.944382  184.550476  175.508286  158.893906  140.121094  121.303131  102.704376  84.855003  68.258751 
 67.526459  83.955627  100.859528  118.126099  136.603287  155.149689  171.280319  181.525314  184.892807  181.405624  172.395004  156.078125  137.121246  118.823593  100.844528  83.595314  67.616150 
 64.906662  80.431252  96.704529  113.022339  130.158600  146.900620  161.743118  171.658905  174.884216  171.306412  161.899689  146.997650  130.204376  113.391251  96.612968  80.327499  65.350838 
 61.251610  75.050156  90.096565  105.083282  120.102341  134.326569  146.770630  155.337341  158.359222  155.161087  147.011566  134.577972  120.153442  105.371094  89.829529  74.825623  61.727295 
 58.010727  68.609062  81.870941  95.485779  108.462341  120.323593  130.409851  137.144531  139.579529  136.921249  130.192337  120.079529  108.125938  95.324997  81.495781  68.261871  58.400627 
 55.824585  62.287498  72.437653  84.340309  95.480316  105.476563  113.570313  119.013901  120.742340  118.596100  113.219223  105.048592  94.977028  83.774689  71.656876  61.795784  56.123077 
 52.921661  57.067497  62.739113  72.000732  81.351143  89.799477  96.571144  101.112450  102.464226  100.852966  96.187759  89.580475  80.904739  71.199272  61.478127  56.788910  53.004738 
 } 
 B Channel
 {
 34.388802  37.112137  41.125835  47.947971  54.850677  60.872292  65.254684  67.937134  68.697342  67.639687  65.018860  60.363388  54.440933  47.959164  41.601044  37.740833  34.527500 
 36.859215  41.181095  48.301247  57.036095  64.927971  71.719376  76.855934  80.127342  81.179222  79.699684  76.425934  71.126091  64.288437  56.641251  48.405624  41.547501  37.592499 
 39.057133  46.183594  55.434685  65.158905  74.066254  81.882347  88.123596  92.372810  93.688278  91.913284  87.810623  81.349373  73.316559  64.783440  55.405312  46.352032  39.371822 
 41.783958  51.164375  61.582657  72.090157  81.980782  91.316719  99.148590  104.490311  106.384529  104.070000  98.799217  90.725784  81.282654  71.589844  61.374687  51.080780  42.011410 
 44.447552  55.131096  66.178909  77.304840  88.514221  99.139061  108.660004  114.905945  117.114838  114.654068  108.354691  98.901405  87.966873  77.050316  66.057503  55.113594  44.397549 
 46.327343  57.789215  69.124535  80.653908  92.706093  104.635315  115.104538  121.667496  123.817337  121.337341  114.847656  104.421875  92.352188  80.666092  69.113129  57.867813  46.409061 
 46.988644  58.584061  70.114998  81.939377  94.254372  106.614059  117.365463  123.885162  126.127502  123.662186  117.643433  106.602028  94.403908  82.463440  70.575623  58.840157  47.081196 
 46.447285  57.893127  69.401718  80.661247  92.667503  104.762497  115.149368  121.761414  123.873749  121.447968  115.622650  105.192345  92.846092  80.923126  69.286720  57.987503  46.625828 
 44.603230  55.580315  66.730469  77.552185  88.537498  99.324371  108.875778  115.269684  117.336716  114.993118  108.818283  99.419846  88.367340  77.563438  66.646561  55.718750  44.989166 
 41.994740  51.597031  62.189529  72.277344  82.037346  91.302971  99.127029  104.682816  106.560783  104.675003  99.276253  91.355003  81.962654  72.230316  62.049843  51.819534  42.217239 
 39.384064  47.009064  56.399841  65.861252  74.529373  82.269997  88.687813  92.969063  94.480621  92.820938  88.620781  82.062187  74.163124  65.543747  56.203278  47.067345  39.718803 
 37.585262  42.294220  49.609375  58.018593  65.691559  72.396873  77.685158  81.073441  82.122810  80.848595  77.434845  72.117340  65.289215  57.544373  49.209221  42.388283  37.815987 
 35.551926  38.933178  43.115208  49.859222  56.607399  62.487701  67.083282  69.822189  70.836151  69.817551  66.860054  62.265053  56.117760  49.235626  42.277340  39.043072  35.897240 
 } 


 White Balance Data with optical Center Data
 r_center_x =  642 r_center_y =  472 
 gr_center_x =  649 gr_center_y =  507 
 b_center_x =  634 b_center_y =  502 
 gb_center_x =  638 gb_center_y =  505 
 r/gr 0.597897 
 b/gr 0.671446 
 gb/gr 1.000142 
 r_oc_ave 112.688889 
 b_oc_ave 126.551117 
 gr_oc_ave 188.475555 
 gb_oc_ave 188.502228 

 [AWB]
 RGr =  0.597897 
 BGr =  0.671446 
 GbGr =  1.000142 
 r_oc_ave =  112.688889 
 b_oc_ave =  126.551117 
 gr_oc_ave =  188.475555 
 gb_oc_ave =  188.502228 