 LEFT LENS SHADING DATA
 RED Channel
 {
 24.978802  27.329220  30.439690  35.703697  41.409687  46.702923  50.715996  53.262558  54.040565  52.866714  50.255722  45.937965  40.583019  34.809273  29.538124  26.499115  24.586613 
 26.202969  29.798595  35.590939  42.626408  49.579689  55.748749  60.642029  63.723595  64.863281  63.426094  60.001564  54.766090  48.402191  41.620937  34.575626  28.802658  25.944111 
 27.533958  33.555626  41.364063  49.766876  57.826721  65.156715  71.250465  75.512970  76.937813  75.080154  70.597343  64.011566  56.505783  48.519684  40.309689  32.544533  27.094738 
 29.746826  37.812031  46.831718  56.259689  65.645470  74.475784  82.182030  87.677658  89.441872  86.945465  81.252190  73.180153  64.062035  54.985779  45.622971  36.604687  29.148022 
 32.234322  41.344532  51.222031  61.749847  72.336403  82.649063  91.971252  98.329689  100.426559  97.568283  90.851097  81.293282  70.609528  60.144066  49.915466  40.042030  31.285572 
 33.877239  43.793282  54.422340  65.605156  77.196091  88.711403  98.859062  105.607185  107.781715  104.878441  97.946877  87.252190  75.397186  63.935158  52.912033  42.558125  33.030205 
 34.384743  44.740780  55.748749  67.353279  79.314377  91.505783  102.082344  108.645622  110.667969  107.945160  101.176720  90.318748  77.963127  65.998283  54.361717  43.524532  33.624737 
 33.840626  44.338123  55.280159  66.321877  78.098747  90.045784  100.446091  107.182030  108.985001  106.084999  99.480156  88.803436  76.345779  64.730621  53.677498  42.996407  33.396198 
 32.547031  42.391407  52.601563  63.031250  73.990784  84.864372  94.450157  100.801247  102.736404  99.935471  93.158905  83.308281  72.381409  61.690628  51.205315  41.050312  32.003647 
 30.471302  39.104843  48.398590  57.887810  67.681717  76.944687  84.987030  90.518906  92.280624  89.971252  84.149216  75.749222  66.337967  56.787971  47.109219  37.774532  29.867241 
 28.670418  35.038750  43.047813  51.776718  60.338593  68.120941  74.656563  79.092499  80.495316  78.576561  73.751717  66.908752  59.085159  50.727501  41.990467  33.797501  27.792500 
 27.761978  31.097813  37.165939  44.787342  52.262184  58.690315  63.958282  67.354065  68.445625  67.021095  63.155785  57.607033  51.056717  43.888596  36.138126  29.999062  26.511562 
 26.385731  27.987812  31.209270  37.175468  43.433437  48.894897  52.945160  55.748230  56.586868  55.597549  52.497650  48.138901  42.436512  36.240467  30.028961  26.955315  25.089481 
 } 
 GR Channel
 {
 50.606720  55.633797  61.286880  70.038589  79.248383  87.645943  93.957756  97.815102  99.183640  97.494278  93.350471  86.993546  78.412971  68.929115  60.265884  55.002708  51.446877 
 53.709221  60.249847  69.991875  81.470467  92.473595  102.225937  109.767967  114.700943  116.405319  114.375931  109.323593  101.273125  91.272346  80.402657  68.759842  59.061874  53.984787 
 56.239433  66.727966  79.402344  92.740936  105.638283  117.120621  126.617813  133.122818  135.342026  132.742035  126.036407  116.043747  104.298439  91.673279  78.314377  65.463280  56.152245 
 60.391090  73.596718  88.067810  103.056252  117.746719  131.709839  143.567657  151.924377  154.844849  151.402191  143.097656  130.602493  116.442657  101.917030  87.021721  72.343750  59.650841 
 64.166245  79.426247  95.102654  111.415466  127.888901  144.057037  158.492813  168.048126  171.542038  167.560318  157.809692  143.160782  126.619064  110.077187  93.978905  77.975624  63.422707 
 67.129379  83.245628  99.983124  117.243591  135.098282  153.149841  168.940781  179.029373  182.287033  178.341095  168.173599  152.142181  133.750000  115.820618  98.604218  81.966873  66.123543 
 68.168381  84.734840  102.110626  119.863907  138.253601  157.171402  173.492813  183.479691  186.400162  182.529373  172.989838  156.531876  137.728592  119.294693  101.217972  83.572189  67.242180 
 67.192810  84.037811  101.281715  118.412506  136.268600  154.849380  170.760468  180.886719  183.709213  179.748596  170.306412  154.522812  135.048431  116.996567  99.671249  82.653748  66.704582 
 65.016464  81.213127  97.432190  113.471405  130.156403  147.025620  161.592026  171.175476  173.949692  170.310944  160.432663  145.662186  128.611557  112.110931  95.538437  79.301559  64.389900 
 61.501663  75.894997  90.764847  105.647034  120.775620  134.989059  147.189529  155.479218  158.175003  154.902039  146.521881  133.606094  119.237183  104.345314  89.135468  74.017967  60.677757 
 58.568855  69.329689  82.448906  96.382813  109.826248  121.682495  131.414063  137.973587  140.005783  137.323593  130.234375  120.020935  107.814690  94.802811  80.872971  67.419060  57.136154 
 56.415466  62.814842  72.964378  85.368904  97.126091  107.215622  114.943909  120.057343  121.565628  119.419067  113.730469  105.546875  95.274841  83.820000  71.407654  61.050003  54.897079 
 53.137558  57.119217  62.836876  72.731201  82.886307  91.317299  97.591194  101.733803  103.024796  101.477814  96.934013  90.024788  81.316719  71.440414  60.980370  55.742500  52.060005 
 } 
 GB Channel
 {
 51.656036  56.348541  62.001770  70.934532  80.159637  88.589272  94.997299  99.051514  100.173744  98.479691  94.219849  87.523125  78.793335  69.300308  60.487915  55.192871  51.810776 
 54.275208  60.866875  70.689690  82.292656  93.362343  103.164688  110.833122  115.850464  117.565002  115.294693  110.000465  101.830627  91.711250  80.625313  68.908752  59.150154  54.016617 
 56.540100  67.125938  80.004372  93.598282  106.524216  118.121872  127.636093  134.127655  136.381256  133.632187  126.695786  116.547501  104.622345  91.936096  78.318283  65.312500  55.987083 
 60.278961  73.980621  88.657188  103.823128  118.682816  132.595779  144.466873  152.917664  155.718124  152.006882  143.577652  130.903595  116.688904  102.014534  86.920158  71.936562  59.331978 
 63.977867  79.455154  95.350311  111.815315  128.509216  144.624847  158.933899  168.722504  172.053757  167.995941  157.920944  143.323288  126.604843  109.939842  93.586250  77.357811  62.575310 
 66.781250  82.992500  99.928436  117.344681  135.338287  153.065002  168.668274  178.757965  181.978439  177.962662  167.792664  151.748901  133.245621  115.292816  97.819687  81.091095  65.063805 
 67.431557  84.159065  101.697189  119.635315  137.873901  156.410629  172.467026  182.466568  185.487976  181.561722  171.788589  155.591400  136.830475  118.410309  100.102501  82.438904  66.074951 
 66.319687  83.298439  100.593597  117.872818  135.613907  153.790161  169.520935  179.537338  182.346878  178.343277  168.861557  153.055939  133.802185  115.833755  98.492188  81.272812  65.546562 
 64.042610  80.288437  96.582809  112.597504  129.103287  145.565781  159.826401  169.331406  172.165466  168.401718  158.534851  143.937653  127.170624  110.807030  94.216095  78.024689  63.182610 
 60.504684  75.018440  89.944061  104.680626  119.407349  133.297653  145.169067  153.187653  155.849213  152.723907  144.276093  131.794220  117.449524  102.867188  87.692032  72.617966  59.471092 
 57.670364  68.488907  81.499687  95.188278  108.298904  119.789993  129.261871  135.595306  137.555466  134.827820  127.964691  117.772812  106.021561  93.266403  79.459999  66.133438  56.030106 
 55.688652  61.879059  71.873596  83.991875  95.501877  105.218285  112.737350  117.766556  119.269531  117.069382  111.452347  103.438126  93.439217  82.293121  70.039215  59.905312  53.848236 
 52.652809  56.230316  62.030884  71.500626  81.377296  89.775993  95.822960  100.072403  101.144325  99.666458  94.977135  88.391037  79.819839  70.089378  59.830261  54.641144  51.133224 
 } 
 B Channel
 {
 36.271564  40.242393  44.873283  51.642967  58.287659  64.201302  68.590523  71.197342  72.118484  70.952347  68.161514  63.494263  57.259850  50.190369  43.640835  39.896149  37.992397 
 37.790730  42.860313  50.167656  58.503593  66.183281  72.804840  77.927185  81.186722  82.353279  80.874222  77.520470  72.034691  64.916718  57.180153  48.707497  41.975311  38.844479 
 39.684219  47.416092  56.833595  66.198906  74.839996  82.659531  89.100311  93.387032  94.731247  93.074844  88.539215  81.813904  73.659065  64.811722  55.249687  46.331406  40.465778 
 42.475002  52.341248  62.833595  73.123909  83.041718  92.535934  100.596565  106.159531  107.840309  105.521408  99.917030  91.481407  81.862030  71.799217  61.345467  51.199066  43.085728 
 45.408123  56.275627  67.394997  78.491249  89.750778  100.844215  110.642815  117.010788  118.877182  116.211411  109.446091  99.813126  88.400780  77.199844  65.852654  55.055313  45.662815 
 47.308331  58.792503  70.306091  82.015625  94.321716  106.659843  117.226257  123.841568  125.697662  122.997971  116.195313  105.382660  92.875000  80.747810  68.835159  57.705627  47.537292 
 47.949478  59.615311  71.379219  83.498909  96.260315  109.002029  119.781097  126.220779  128.038757  125.335007  118.914215  107.789063  95.059845  82.781876  70.388435  58.750153  48.239532 
 47.185940  58.860939  70.689690  82.612030  95.019684  107.333908  117.912964  124.381409  126.106873  123.441406  117.139221  106.565468  93.442184  81.283752  69.335625  57.909843  47.915886 
 45.460518  56.704689  68.142342  79.547813  90.812813  101.977966  111.393280  117.487183  119.446564  116.910629  110.397499  100.551720  89.257500  78.107346  66.773903  55.817345  46.082970 
 42.820263  52.951721  63.708595  74.145470  84.320313  93.613907  101.519218  106.772499  108.501717  106.525467  100.938278  92.538750  82.886871  72.863281  62.308907  52.079842  43.386303 
 40.576042  48.433128  57.893753  67.508278  76.456253  84.341095  90.651405  94.885315  96.152969  94.345154  89.876564  83.092499  75.071404  66.140625  56.445000  47.259842  40.516300 
 38.933178  43.706718  51.012810  59.618752  67.672028  74.406250  79.489532  82.822342  83.795937  82.293282  78.693123  73.246094  66.300156  58.348595  49.539841  42.414375  38.545208 
 36.281094  39.459431  43.706978  50.759995  57.791412  63.632912  67.916817  70.492134  71.231354  70.253487  67.263130  62.696297  56.588280  49.431717  42.019222  38.353542  36.128544 
 } 


 White Balance Data with optical Center Data
 r_center_x =  640 r_center_y =  498 
 gr_center_x =  664 gr_center_y =  504 
 b_center_x =  647 b_center_y =  490 
 gb_center_x =  626 gb_center_y =  509 
 r/gr 0.593392 
 b/gr 0.685442 
 gb/gr 0.993449 
 r_oc_ave 111.106667 
 b_oc_ave 128.342224 
 gr_oc_ave 187.240005 
 gb_oc_ave 186.013336 

 [AWB]
 RGr =  0.593392 
 BGr =  0.685442 
 GbGr =  0.993449 
 r_oc_ave =  111.106667 
 b_oc_ave =  128.342224 
 gr_oc_ave =  187.240005 
 gb_oc_ave =  186.013336 