 LEFT LENS SHADING DATA
 RED Channel
 {
 23.531250  25.925835  29.273232  34.582085  40.324215  45.341770  49.409630  52.051872  52.958282  52.098541  49.267448  45.037601  39.833332  34.050106  28.793903  25.507133  23.590885 
 25.164165  28.863750  34.685314  41.693748  48.488594  54.374687  59.388596  62.784378  63.921410  62.608124  59.202660  54.129684  47.875000  41.057186  34.003281  28.272343  25.126717 
 26.592030  32.766407  40.596249  48.702660  56.434372  63.501564  69.727341  73.955467  75.639061  73.916718  69.547028  63.244690  55.752342  47.898594  39.800625  32.126251  26.534580 
 29.038124  37.028126  46.004219  55.130470  63.983597  72.437653  80.175468  85.681564  87.713280  85.557655  79.947655  72.034065  63.090782  54.131096  45.101719  36.269218  28.829842 
 31.438595  40.590469  50.377029  60.317657  70.334999  80.378906  89.457970  96.011871  98.316719  95.722809  89.404846  79.908127  69.435783  59.402344  49.407654  39.802811  31.054062 
 33.038750  43.055000  53.272972  63.776566  74.863747  86.027191  96.157188  102.894844  105.325935  102.860779  96.192970  85.689377  74.045311  63.006096  52.291092  42.229061  32.848644 
 33.904167  43.991249  54.406876  65.345314  76.844063  88.533440  98.917969  105.693596  107.984688  105.557968  99.086876  88.459846  76.309685  64.977814  53.730003  43.153751  33.337498 
 33.440624  43.321877  53.605156  64.253593  75.427811  86.770470  96.915154  103.512032  105.827347  103.304375  96.735626  86.537971  74.491096  63.455154  52.797028  42.422501  32.879581 
 31.849480  41.080311  50.908905  60.949219  71.362030  81.489998  90.777657  97.110939  99.374062  96.754684  90.202812  80.880157  70.392502  60.310783  50.356247  40.465939  31.528439 
 29.743961  37.586876  46.708595  55.973282  65.278435  74.049377  81.729065  87.009689  88.993279  86.915154  81.295937  73.378128  64.376717  55.436409  46.224686  37.167969  29.418594 
 27.764111  33.622658  41.517967  50.042030  58.216873  65.587341  71.832809  76.082970  77.660934  76.075623  71.316559  64.932503  57.455627  49.402657  41.156719  33.243595  27.387550 
 26.766247  29.961250  35.749844  43.080002  50.253441  56.595154  61.711563  65.024841  66.417503  65.002502  61.424065  56.064064  49.577972  42.624687  35.413280  29.457813  26.108646 
 25.106251  27.135002  30.170467  35.850002  41.875103  47.214947  51.369484  54.160469  55.093338  54.041664  51.240311  46.824482  41.282761  35.440105  29.927654  26.734062  24.520729 
 } 
 GR Channel
 {
 48.680107  54.282600  60.562599  69.790314  79.316254  87.705627  94.000214  97.978386  99.715675  98.314430  94.344170  87.978752  79.472130  70.044479  60.733749  54.691879  50.299789 
 52.244690  59.462189  69.772186  81.581566  92.716248  102.449371  110.226875  115.464844  117.317963  115.616714  110.716248  103.035004  93.099846  82.079063  70.385002  60.188126  53.783958 
 55.252663  66.100784  79.326248  92.794685  105.465157  117.210464  126.948120  133.704529  136.297653  134.019531  127.553589  117.844223  106.076408  93.513748  80.113594  66.842346  56.547546 
 59.152084  72.793747  87.487656  102.272034  116.882965  130.886871  143.448914  152.134537  155.485474  152.582184  144.374695  132.045624  117.790314  103.437813  88.641876  73.693283  60.505569 
 62.937134  78.311096  93.989998  109.763123  126.197189  142.843445  157.833282  168.335312  171.890152  168.505463  159.042664  144.459686  127.589066  111.334534  95.322815  79.318123  64.162704 
 65.788849  82.123436  98.398903  115.198120  132.960632  151.391724  168.077347  178.832184  182.579849  179.057495  169.497192  153.227036  134.456558  116.724213  99.646095  83.052658  66.998695 
 66.873123  83.469376  100.091408  117.310471  135.855164  154.929840  171.945938  182.818909  186.462494  183.193436  173.850937  157.524216  138.275162  120.017975  102.033279  84.688591  67.953796 
 66.058128  82.515625  98.934685  115.599213  133.660782  152.236252  168.812195  179.507339  183.230164  179.914215  170.442810  154.662186  135.415161  117.566101  100.351563  83.493439  67.367607 
 63.744583  79.167503  95.086250  111.040001  127.752350  144.364838  159.378433  169.597351  173.267349  169.973434  160.422348  145.803284  128.957504  112.648285  96.619377  80.264221  64.803169 
 60.175934  73.742188  88.686096  103.557503  118.581253  132.665314  145.117966  153.652817  156.801712  154.250000  146.162186  133.891556  119.663437  105.216248  90.224060  74.964531  61.395157 
 56.761612  67.455154  80.648750  94.471878  107.642342  119.460464  129.399368  136.199997  138.718903  136.572189  129.867813  120.232498  108.396873  95.602341  81.961563  68.420784  57.873909 
 54.201874  61.120628  71.249535  83.443748  95.067497  105.223282  113.349686  118.549225  120.470779  118.740463  113.605942  105.687813  95.605156  84.441406  72.283905  61.837967  55.249428 
 50.176453  55.445618  61.715569  71.175003  81.115417  89.912239  96.619270  100.659843  102.334740  101.027763  96.811356  90.083229  81.591614  71.967033  62.540779  56.377762  51.595680 
 } 
 GB Channel
 {
 50.032082  55.301666  61.436874  70.506874  80.141304  88.286926  94.593437  98.457344  100.083069  98.684319  94.559326  88.110260  79.741875  70.199585  60.876465  55.003593  50.565674 
 53.495827  60.626251  70.966873  82.783127  93.896095  103.392967  111.038437  116.151718  117.985779  116.059525  110.984528  103.225471  93.391876  82.377502  70.476875  60.257965  53.901512 
 56.301086  67.300468  80.655312  94.245003  106.828438  118.235779  127.829376  134.332184  136.942505  134.410309  127.924530  118.296097  106.371407  93.762344  80.238594  66.848282  56.652657 
 60.174324  74.194534  89.180000  104.120941  118.575470  132.309525  144.602493  153.045471  156.332504  153.207184  144.826096  132.505157  118.111404  103.715309  88.808746  73.677971  60.500671 
 63.999329  79.760780  95.706253  111.771721  128.064850  144.296402  158.996246  169.325775  172.767654  169.198914  159.482971  144.868286  127.823593  111.625626  95.392815  79.131096  63.951714 
 66.653648  83.380310  99.926720  116.994843  134.606567  152.450150  168.686401  179.168121  182.793747  179.284225  169.502029  153.284378  134.523438  116.889069  99.682816  82.883751  66.592918 
 67.783958  84.656876  101.525314  118.821091  137.141876  155.592499  172.150314  182.646408  186.199066  182.751404  173.410461  156.968445  137.832504  119.772507  101.812500  84.192657  67.555779 
 66.834427  83.489220  100.069221  116.812027  134.497498  152.491257  168.569839  178.919846  182.582962  179.016876  169.769058  153.923279  134.766403  117.041092  99.873596  82.949997  66.548332 
 64.204216  79.856094  95.831253  111.739998  127.987976  144.111404  158.584213  168.450150  171.968597  168.578751  158.934998  144.548904  128.012024  111.898750  95.885628  79.585625  64.076042 
 60.588806  74.207344  89.042030  103.866875  118.217972  131.886414  143.688599  151.697495  154.817337  152.152344  144.103912  132.261719  118.363434  104.171249  89.379684  74.229378  60.607285 
 56.924690  67.634689  80.711876  94.195160  107.016403  118.136093  127.498123  133.843903  136.126099  133.961243  127.481247  118.165939  106.758591  94.335625  80.876877  67.575470  57.131096 
 54.456985  61.045311  70.931564  82.848907  94.078590  103.725471  111.148903  116.072342  117.846725  116.067505  111.164375  103.562187  93.836090  83.033752  71.178909  60.940315  54.649902 
 50.375725  55.213226  61.041977  70.402031  80.023804  88.137764  94.565781  98.533379  99.980675  98.680000  94.604378  88.165520  79.855469  70.615837  61.364113  55.426147  50.734055 
 } 
 B Channel
 {
 33.121040  37.153957  41.661564  48.225266  55.247818  61.038963  65.408127  68.041206  69.191040  68.329216  65.590675  61.169319  55.311203  48.435570  41.794788  37.684273  35.320107 
 35.601875  40.834373  48.084061  56.426720  64.206566  70.768127  75.881874  79.328903  80.635628  79.536095  76.341721  71.108284  64.268906  56.650780  48.374374  41.247189  37.625103 
 37.877132  45.598595  54.868279  64.357498  72.977966  80.583435  86.979691  91.306717  93.074997  91.768127  87.561096  81.143440  73.127029  64.552658  55.262497  46.085155  39.739944 
 40.716663  50.345001  60.700783  71.061874  80.666565  89.693436  97.759377  103.535004  105.930939  104.139847  98.635628  90.412346  81.084534  71.397346  61.292969  50.988907  42.635784 
 43.396408  54.207031  65.257187  76.185783  86.909378  97.419846  107.198280  114.188904  116.823288  114.718750  108.441254  98.644844  87.683746  76.891403  65.980156  55.011093  45.367554 
 45.258640  56.649063  68.000465  79.520782  91.125465  102.745781  113.658600  120.935471  123.515152  121.483749  114.942032  104.305779  92.117035  80.500465  68.963753  57.651405  47.374531 
 45.933022  57.487190  68.985779  80.619530  92.549377  104.677971  115.900467  123.146088  125.930313  123.697968  117.602661  106.676407  94.178909  82.472343  70.556252  58.700470  47.954010 
 45.369423  56.692970  68.091248  79.289063  90.798439  102.672813  113.715622  120.869217  123.464066  121.349060  115.341568  104.994064  92.562813  80.899529  69.295471  57.754532  47.369320 
 43.573231  54.252815  65.327034  76.063751  86.701874  97.441719  107.286873  114.223755  116.801254  114.588593  108.340782  98.984375  88.198753  77.520782  66.672188  55.490623  45.633953 
 40.830936  50.370941  60.819221  70.799217  80.432655  89.622345  97.764999  103.483124  105.555000  103.847809  98.687653  90.968437  81.817184  72.242500  62.129372  51.595467  42.790676 
 38.342548  45.826096  55.061249  64.407188  73.204842  80.989372  87.582970  91.874222  93.521873  92.228592  88.004532  81.815468  74.102501  65.636871  56.183907  46.828281  40.011406 
 36.358330  41.183750  48.312035  56.764687  64.733284  71.602188  76.973282  80.374374  81.614059  80.425468  77.228905  72.088753  65.368904  57.676247  49.286095  41.967030  37.806404 
 33.419586  37.177917  41.423908  48.221771  55.245575  61.248024  65.862656  68.684792  69.633232  68.743591  66.122452  61.500412  55.753700  48.965004  42.280468  37.912659  35.026825 
 } 


 White Balance Data with optical Center Data
 r_center_x =  640 r_center_y =  500 
 gr_center_x =  638 gr_center_y =  482 
 b_center_x =  645 b_center_y =  485 
 gb_center_x =  638 gb_center_y =  500 
 r/gr 0.579434 
 b/gr 0.676268 
 gb/gr 0.998240 
 r_oc_ave 108.266670 
 b_oc_ave 126.360001 
 gr_oc_ave 186.848892 
 gb_oc_ave 186.520004 

 [AWB]
 RGr =  0.579434 
 BGr =  0.676268 
 GbGr =  0.998240 
 r_oc_ave =  108.266670 
 b_oc_ave =  126.360001 
 gr_oc_ave =  186.848892 
 gb_oc_ave =  186.520004 