 LEFT LENS SHADING DATA
 RED Channel
 {
 24.978489  27.476410  31.107185  36.725571  42.334217  47.491356  51.462967  53.915260  54.823753  53.818390  51.185524  46.865726  41.717087  36.139950  30.844791  28.095779  26.261196 
 26.629322  30.624531  36.828438  43.993282  50.712341  56.628441  61.473595  64.607971  65.714996  64.241096  61.015938  56.017815  49.871246  43.226406  36.264374  30.633907  27.751198 
 28.116615  34.818905  42.907345  51.088440  58.747185  65.747810  71.884689  75.932655  77.237343  75.582184  71.366096  65.082184  57.850471  50.287498  42.258125  34.431717  29.001095 
 30.777916  39.285000  48.410622  57.413750  66.228279  74.781876  82.287811  87.614220  89.413750  87.097504  81.754059  73.990471  65.279373  56.619690  47.729530  38.636250  31.035831 
 33.346249  43.003750  52.788124  62.681252  72.727028  82.679062  91.915627  98.190002  100.387970  97.617035  91.294220  82.028748  71.807030  61.930626  52.151405  42.265781  33.268486 
 35.457867  45.548904  55.696716  66.223282  77.507034  88.890160  98.963127  105.699066  107.964531  105.146721  98.372810  87.999222  76.565315  65.749847  55.229378  44.914532  35.085991 
 36.306927  46.580467  56.924217  68.059845  79.732811  91.752815  102.225624  108.881409  111.191872  108.447189  101.811096  91.133278  79.374374  67.992500  56.873123  46.037186  35.809689 
 35.871098  45.894218  56.161720  67.027191  78.415001  90.104065  100.478127  107.120003  109.347031  106.578590  100.012497  89.773590  77.689690  66.638596  55.929222  45.428749  35.527916 
 34.200832  43.661251  53.497810  63.755310  74.445160  85.048126  94.452499  100.963280  103.165001  100.414688  93.760002  84.354530  73.761871  63.583908  53.465935  43.463280  34.257240 
 31.712761  40.159218  49.384216  58.813126  68.316719  77.428436  85.398285  91.041718  92.920937  90.709061  84.939217  76.873909  67.860626  58.752968  49.437347  40.192501  32.165001 
 29.389740  36.098282  44.370468  52.975624  61.355934  69.032188  75.606873  80.006409  81.476097  79.602341  74.913284  68.415627  60.847809  52.864998  44.338749  36.192345  29.873802 
 27.931404  31.949532  38.559689  46.201874  53.477814  59.953903  65.180626  68.620941  69.810783  68.415779  64.788910  59.408752  52.993439  46.004375  38.497501  32.315781  28.704739 
 26.418491  28.625572  32.564270  38.801456  44.982395  50.257866  54.708122  57.568443  58.602234  57.563911  54.657448  50.272087  44.750519  38.610210  32.374165  29.310154  27.159740 
 } 
 GR Channel
 {
 50.321823  55.479324  61.788170  71.090469  80.539375  88.708961  94.854477  98.661926  100.209579  98.606453  95.020676  88.657349  80.360573  71.155365  62.444901  57.256775  53.389275 
 53.844742  61.029533  71.374222  83.004845  93.826874  103.260628  110.772812  115.705475  117.581253  115.741882  111.149216  103.662971  94.070778  83.251404  71.710312  61.894684  56.486359 
 56.654793  68.011871  81.042656  94.257347  106.509064  117.717346  127.194687  133.781403  136.274841  133.953598  127.905472  118.531876  107.083595  94.933281  81.598122  68.448128  58.924377 
 61.059486  74.959061  89.423126  103.856094  117.944534  131.681412  143.604996  152.041870  155.208282  152.225159  144.475159  132.619217  118.913910  104.941093  90.313904  75.363281  62.445580 
 65.128120  80.550629  95.988594  111.560623  127.551559  143.591873  158.105621  167.887497  171.561569  168.316101  159.152817  145.011414  128.752502  112.871872  97.132347  81.033127  65.987709 
 68.309792  84.408127  100.275314  116.687973  134.426712  152.546402  168.396088  178.683746  182.258743  178.976257  169.420624  153.724213  135.588745  118.427338  101.745468  85.199371  68.862709 
 69.738434  86.019684  102.137810  119.047180  137.337967  156.431717  173.114059  183.236252  186.675156  183.605316  174.466873  158.233124  139.840942  121.988907  104.392342  86.750626  70.086044 
 69.260620  85.178123  101.068283  117.687027  135.561401  154.120163  170.488907  180.722351  184.374847  180.827499  171.726089  156.066101  137.062500  119.541245  102.607346  85.651093  69.510048 
 66.672241  81.984528  97.200783  113.043594  129.752502  146.489059  161.557495  171.492661  174.892502  171.423126  161.837967  147.364212  130.788589  114.773743  98.630470  82.496719  67.162758 
 62.719948  76.592659  91.136566  105.671249  120.333588  134.572342  147.260315  155.769684  158.951569  155.981247  147.894058  135.710785  121.521561  107.223122  92.304222  77.161247  63.756668 
 58.789787  70.185623  83.354378  96.820625  109.609375  121.306717  131.426559  138.248901  140.720306  138.304382  131.626099  122.151718  110.532188  97.785156  84.101875  70.575783  59.765572 
 55.900681  63.406715  74.191559  86.293282  97.394997  107.251091  115.234848  120.429214  122.383911  120.495789  115.406876  107.794533  97.839844  86.819061  74.580627  64.044220  57.143181 
 52.634430  57.446930  64.374481  74.125992  83.865417  92.394638  98.682968  102.931099  104.322868  103.034737  99.025215  92.694321  84.181725  74.458649  64.028961  58.563591  53.931091 
 } 
 GB Channel
 {
 51.454269  56.432182  62.632133  72.066872  81.389740  89.417130  95.739632  99.558960  101.084167  99.467812  95.703598  89.091560  80.788437  71.554276  62.784271  57.547348  53.722343 
 54.574684  61.792191  72.289841  84.101875  94.919533  104.301094  111.746094  116.739380  118.595001  116.604065  111.901718  104.292816  94.469688  83.533440  71.847191  62.055466  56.726097 
 57.302864  68.846405  82.018280  95.441093  107.734222  118.832504  128.235779  134.752182  137.197189  134.670319  128.544067  118.985626  107.548279  95.174217  81.704376  68.356094  58.890465 
 61.377808  75.764061  90.532341  105.163284  119.314682  132.858902  144.609222  153.055939  156.145630  152.988129  145.112503  133.115631  119.208435  105.092812  90.321716  75.107498  62.272079 
 65.536560  81.297813  96.979378  112.742966  128.670624  144.544067  158.903275  168.704224  172.191559  168.633591  159.419373  145.224533  128.879837  112.845474  96.921410  80.679062  65.584061 
 68.503075  84.963280  101.058281  117.752655  135.229538  152.988586  168.491562  178.716248  182.276566  178.784531  169.065155  153.437653  135.454224  118.186569  101.257813  84.531715  68.251511 
 69.707504  86.417503  102.692810  119.773590  137.767349  156.347656  172.501724  182.538284  186.109680  182.694534  173.554535  157.519684  139.197189  121.395004  103.635628  85.940155  69.212860 
 69.064842  85.339218  101.243126  117.945618  135.479691  153.599533  169.371399  179.479843  183.123749  179.486557  170.336090  154.757660  136.004211  118.588593  101.738129  84.633125  68.349373 
 66.350464  81.809845  97.120941  112.827026  129.032028  145.309845  159.887192  169.713440  173.052658  169.470001  160.044067  145.723129  129.407501  113.575623  97.601875  81.365311  66.216568 
 62.222183  76.197189  90.714691  104.998283  119.250778  132.956100  145.185623  153.515472  156.556870  153.478119  145.417816  133.455154  119.770309  105.663750  90.992813  75.930626  62.633957 
 58.333336  69.572502  82.700470  95.798752  108.168594  119.418594  128.983749  135.458588  137.783905  135.465317  128.993744  119.766876  108.444687  95.998436  82.688591  69.369690  58.775520 
 55.571877  62.654373  73.372345  85.137032  95.872345  105.407967  112.776093  117.673904  119.620316  117.637344  112.713745  105.356407  95.761253  85.039841  73.123909  62.853439  56.297188 
 52.158546  56.653954  63.277962  72.875992  82.463387  90.391090  96.411308  100.501610  101.946976  100.595467  96.592079  90.381615  82.163330  72.686302  62.669113  57.336769  53.018852 
 } 
 B Channel
 {
 34.284687  37.908020  42.481461  49.243645  55.955002  61.503075  65.598953  68.168800  69.244896  68.325058  65.959694  61.529167  55.762604  49.285309  43.043697  39.398491  37.393906 
 36.380104  41.583439  48.840622  57.171562  64.669998  70.985779  75.789375  79.112343  80.410309  79.223595  76.317184  71.257500  64.764687  57.285309  49.165154  42.420780  39.526825 
 38.457497  46.432499  55.638123  64.861717  73.140160  80.511566  86.604843  90.866722  92.531097  91.206566  87.372498  81.141563  73.635002  65.377815  56.156876  47.041874  41.310627 
 41.676353  51.392189  61.459534  71.326874  80.682655  89.459846  97.171249  102.813591  105.037033  103.307190  98.311722  90.490311  81.496246  72.298126  62.187500  51.941093  43.870052 
 44.470936  55.210938  65.828438  76.408127  86.887810  97.204216  106.785622  113.377029  115.889374  113.881256  107.893440  98.694534  88.070160  77.692032  66.926247  55.993126  46.560619 
 46.580212  57.669373  68.467659  79.495155  91.009689  102.705467  113.258911  120.236404  122.915161  120.735001  114.420776  104.131096  92.535309  81.242035  69.959999  58.691559  48.454063 
 47.431725  58.532341  69.558746  80.916718  92.689529  105.035934  116.017807  123.077347  125.747650  123.497650  117.523438  106.873749  94.994530  83.469528  71.630936  59.818596  49.182968 
 46.926922  57.862968  68.608597  79.681252  91.155624  103.253593  114.175934  121.179214  123.716248  121.568756  115.665939  105.662346  93.415314  81.995628  70.582657  58.974846  48.610466 
 45.197811  55.466560  66.113281  76.460472  87.182190  98.065781  108.078751  114.889526  117.321716  115.010788  108.954689  99.747032  89.287811  78.799843  67.859375  56.828438  46.941769 
 42.269115  51.802658  61.821091  71.430939  80.912811  90.232498  98.704689  104.386871  106.532028  104.748283  99.701561  91.936096  83.018280  73.733749  63.604843  53.088127  44.320210 
 39.448696  47.446407  56.468124  65.410934  73.927971  81.769218  88.402657  92.798592  94.378593  92.874374  88.944061  82.824844  75.397346  67.105316  57.743439  48.389687  41.345104 
 37.374687  42.515938  49.921562  58.151718  65.742340  72.439529  77.767815  81.129845  82.331566  81.210159  78.095467  73.191559  66.831093  59.426247  50.891876  43.448750  39.177498 
 34.887188  38.164684  42.976147  49.784431  56.596306  62.442238  66.736984  69.512558  70.486565  69.706192  67.019424  63.055321  57.458382  50.584167  43.432293  39.473331  36.474583 
 } 


 White Balance Data with optical Center Data
 r_center_x =  662 r_center_y =  491 
 gr_center_x =  681 gr_center_y =  501 
 b_center_x =  644 b_center_y =  482 
 gb_center_x =  652 gb_center_y =  491 
 r/gr 0.595704 
 b/gr 0.673407 
 gb/gr 0.996606 
 r_oc_ave 111.555557 
 b_oc_ave 126.106674 
 gr_oc_ave 187.266663 
 gb_oc_ave 186.631104 

 [AWB]
 RGr =  0.595704 
 BGr =  0.673407 
 GbGr =  0.996606 
 r_oc_ave =  111.555557 
 b_oc_ave =  126.106674 
 gr_oc_ave =  187.266663 
 gb_oc_ave =  186.631104 