 LEFT LENS SHADING DATA
 RED Channel
 {
 25.810364  27.693283  30.774483  36.141720  42.026978  47.050465  51.150047  53.641769  54.320938  53.012924  50.479012  46.087963  40.638699  34.812710  29.777554  26.858643  25.102398 
 27.189529  30.551407  36.480312  43.666092  50.571564  56.433594  61.323593  64.560936  65.415939  64.037498  60.480469  55.194847  48.667656  41.873123  34.978592  29.402813  26.385311 
 28.570522  34.619686  42.669846  51.082970  58.924530  65.963440  72.177811  76.149063  77.485939  75.584061  71.080154  64.273750  56.663910  48.887657  40.828438  33.105156  27.578281 
 30.948280  39.156406  48.429840  57.803284  66.825623  75.413284  83.053749  88.434685  90.018753  87.545624  81.739845  73.225471  64.159065  55.275314  46.167030  37.151718  29.463177 
 33.380730  42.917812  53.087189  63.341248  73.727188  83.856873  93.145782  99.223595  101.315468  98.440628  91.419220  81.335625  70.693436  60.559685  50.463440  40.559689  31.593437 
 35.227341  45.592968  56.313591  67.294373  78.858597  90.128754  100.396095  106.921097  109.060623  106.215469  98.937347  87.562187  75.638283  64.375313  53.664215  43.254063  33.371979 
 36.179272  46.760937  57.737656  69.299217  81.307190  93.335159  103.817345  110.400627  112.457336  109.633591  102.585312  90.835159  78.426247  66.715622  55.218124  44.192188  34.272186 
 35.818699  46.316406  57.170937  68.376404  80.000153  91.823441  102.154060  108.745628  110.867653  107.937500  101.035934  89.470779  76.865936  65.423904  54.466873  43.768593  34.007549 
 34.268070  44.157032  54.519684  65.104065  75.897812  86.656097  96.141403  102.615471  104.609528  101.712814  94.667343  84.350784  73.195778  62.570160  52.129845  42.013439  32.661354 
 32.092606  40.754688  50.275467  60.049217  69.689842  78.907501  86.967659  92.543907  94.274216  91.820778  85.852188  77.143593  67.480156  57.799690  48.236565  38.733749  30.705418 
 30.267498  36.737499  45.082031  53.981873  62.487030  70.243591  76.859375  81.269218  82.561249  80.523125  75.565941  68.706093  60.627968  52.121407  43.192814  34.939686  28.763020 
 29.118595  32.789219  39.103439  46.833908  54.329376  60.887810  66.175781  69.595627  70.636406  68.965622  65.184219  59.570465  52.960785  45.433594  37.585155  31.298904  27.503696 
 27.450260  29.671097  33.122604  39.066616  45.329792  50.851563  55.275154  57.973953  58.924530  57.641869  54.444420  49.927765  44.292652  38.027134  31.845779  28.578701  26.017864 
 } 
 GR Channel
 {
 50.516251  55.487503  61.236511  70.183907  79.381195  87.537971  94.003433  97.729370  98.922188  97.190834  93.656357  87.031250  78.519585  69.086456  60.443909  55.149376  51.222290 
 53.804588  60.473747  70.510468  82.223282  93.196404  102.679840  110.167191  115.081879  116.722183  114.664993  109.905937  101.849998  91.717499  80.769379  69.392029  59.730621  54.083549 
 56.645935  67.308441  80.450470  93.743279  106.312035  117.718750  127.204056  133.492340  135.747650  133.222504  126.945007  116.795471  104.556877  92.261253  79.100471  66.073441  56.411354 
 60.605316  74.222809  89.112816  103.760628  118.184372  131.929382  144.066254  152.406097  155.318436  151.934219  143.772186  130.827026  116.497192  102.220314  87.491409  72.773125  59.856461 
 64.547447  79.983910  96.030312  111.841560  128.109375  144.233749  159.014374  168.476257  172.011246  168.373901  158.595932  143.285629  126.424225  110.192497  94.204842  78.370941  63.343849 
 67.684532  84.220154  100.775940  117.598755  135.412506  153.544693  169.584213  179.569534  182.961868  179.399536  169.389374  152.383743  133.564224  115.972183  99.054840  82.411873  66.146042 
 68.946045  85.911873  102.797028  120.201721  138.654999  157.627808  174.212662  184.043900  187.514374  183.996094  174.458435  157.102036  137.831558  119.500778  101.345001  83.904846  67.603798 
 68.278801  85.026093  101.798126  118.734848  136.827820  155.330780  171.481094  181.653442  185.198914  181.605774  172.162659  155.013596  135.234375  117.317184  99.825157  82.951721  66.991089 
 65.830879  81.807343  97.955002  114.132813  130.848907  147.682816  162.380005  172.313431  175.833908  172.204376  162.505005  146.824692  129.419998  112.749374  96.184372  79.919533  64.571411 
 62.280785  76.536407  91.619217  106.624222  121.541412  135.783600  148.241562  156.777496  159.766251  156.777817  148.472504  135.446716  120.524216  105.357971  89.970779  74.695000  61.122498 
 58.866463  70.063126  83.525002  97.417030  110.616875  122.466400  132.592819  139.184845  141.483749  138.981720  131.985001  121.957962  109.635155  96.265778  81.984528  68.273590  57.684227 
 56.262238  63.480782  74.118752  86.374847  98.067032  108.067497  116.026093  121.244370  123.028122  120.836563  115.453430  107.309532  97.237656  85.502968  72.645782  62.111092  55.288803 
 52.438904  57.692238  64.000832  73.810883  83.704323  92.423752  98.989632  103.101456  104.630630  102.977394  98.479683  91.870163  83.019539  72.918182  62.870995  57.099220  51.792130 
 } 
 GB Channel
 {
 52.121300  56.496719  62.336662  71.284996  80.785675  88.796249  95.047867  98.857811  100.131721  98.385155  94.309380  87.654327  78.966408  69.435829  60.848068  55.399170  51.927498 
 55.133385  61.661095  71.787498  83.578751  94.629219  104.007500  111.581406  116.452820  118.019836  115.842026  110.954376  102.734528  92.344528  81.278748  69.753281  59.927498  54.525002 
 57.598228  68.447815  81.797028  95.296097  107.837341  119.167496  128.628754  134.858749  136.905472  134.404373  127.860474  117.466721  105.337502  92.600159  79.244064  66.101410  56.551201 
 61.419891  75.515312  90.660622  105.448593  119.797028  133.514526  145.483597  153.645782  156.464691  153.126724  144.711090  131.520782  117.007339  102.574997  87.648125  72.625465  59.600258 
 65.200676  81.112968  97.416405  113.375778  129.598907  145.601715  160.181412  169.598755  172.965622  169.228439  159.151093  143.897507  126.803589  110.404373  94.252815  78.061409  62.984535 
 68.228951  85.018127  101.832657  118.775467  136.451569  154.188904  170.080627  180.009216  183.271408  179.687195  169.311249  152.232346  133.468903  115.687027  98.717186  81.872185  65.491776 
 69.356300  86.509842  103.576096  120.964218  139.204849  157.707504  173.818130  183.723907  187.012970  183.334061  173.742661  156.387192  137.250626  118.870621  100.726410  83.127968  66.702759 
 68.323860  85.324684  102.114532  119.056564  136.909225  154.978287  170.632965  180.738434  184.037811  180.398743  170.884689  153.768127  134.199997  116.321091  98.820000  82.009842  66.048386 
 65.882813  81.902809  98.012657  114.033279  130.346558  146.763275  161.107193  170.832184  174.190781  170.562195  160.828598  145.240311  128.075317  111.601563  95.043121  78.858124  63.650627 
 62.217705  76.363129  91.367500  106.199219  120.691406  134.477493  146.498444  154.753754  157.646088  154.544373  146.225159  133.526871  118.771255  103.920311  88.690781  73.578278  60.276825 
 58.699997  69.792503  83.133438  96.675316  109.478279  120.915619  130.540939  136.788132  138.930786  136.395935  129.519684  119.674225  107.670937  94.568596  80.519997  67.132187  56.647194 
 56.125206  62.996872  73.364685  85.350624  96.664528  106.351410  113.965942  119.023590  120.501877  118.395157  112.937195  105.137184  95.332657  83.840782  71.282341  60.881409  54.423698 
 52.358543  57.183952  63.285103  72.793129  82.640572  90.871193  97.330101  101.179222  102.493965  100.817032  96.479271  90.002602  81.265366  71.545578  61.573807  55.842445  51.042030 
 } 
 B Channel
 {
 34.467812  37.963226  42.317810  48.714012  55.573799  61.341461  65.676720  68.054741  68.810570  67.739265  65.365631  60.819214  54.769066  48.034737  41.807346  37.825211  35.977711 
 36.511978  41.341564  48.541565  56.866722  64.586090  71.201874  76.007347  79.159531  80.157028  78.892189  75.885628  70.443596  63.485313  55.882034  47.709217  40.931873  37.768543 
 38.617447  46.118908  55.523438  64.897499  73.502815  81.092812  87.206718  91.278908  92.573593  91.197655  87.140160  80.351875  72.128441  63.630623  54.492500  45.451405  39.479115 
 41.312447  51.148903  61.713905  71.806717  81.543907  90.505783  98.247658  103.590782  105.584846  103.605156  98.307190  89.637657  80.060936  70.505310  60.360466  50.103905  42.012867 
 44.149426  55.157967  66.239532  77.175468  88.089996  98.492188  107.921097  114.341248  116.699997  114.483597  108.065468  97.835312  86.736877  75.934998  64.954689  54.066872  44.509792 
 46.181042  57.745628  69.205467  80.582657  92.358437  104.047188  114.545624  121.323120  123.927811  121.787338  115.014374  103.681564  91.374687  79.631096  68.065468  56.889534  46.460987 
 47.082184  58.682190  70.345154  82.103279  94.169998  106.350311  117.317810  124.099213  126.742493  124.419067  118.012024  106.348122  93.837814  81.898125  69.737503  57.839378  47.331455 
 46.611454  58.153122  69.609688  81.094841  92.675156  104.640778  115.316406  122.151093  124.832962  122.528900  116.248276  105.012344  92.156563  80.342812  68.607346  57.149216  46.953182 
 44.820263  55.796722  67.011871  77.940315  88.688591  99.543434  109.303123  116.009842  118.550308  116.195465  109.774529  99.470001  88.234222  77.263748  66.104691  54.960472  45.181927 
 42.074062  51.946564  62.557655  72.682343  82.304840  91.577499  99.877502  105.633125  107.690468  105.747810  100.341560  91.914063  82.137810  72.271873  61.779373  51.240784  42.465988 
 39.455055  47.404842  56.843597  66.202660  75.008904  82.902191  89.644997  94.043907  95.598434  93.929375  89.419998  82.858124  74.851715  65.849998  56.129372  46.573593  39.745884 
 37.557659  42.678280  50.049217  58.536407  66.424690  73.398590  78.799217  82.192184  83.313591  81.923752  78.352501  73.080940  66.406097  58.363129  49.432190  41.947968  37.747345 
 34.858910  38.393906  42.855679  49.653282  56.851357  62.762970  67.433594  70.144272  71.097977  70.067917  67.132500  62.561356  56.616722  49.671043  42.599686  38.174011  34.955677 
 } 


 White Balance Data with optical Center Data
 r_center_x =  667 r_center_y =  507 
 gr_center_x =  666 gr_center_y =  502 
 b_center_x =  648 b_center_y =  515 
 gb_center_x =  669 gb_center_y =  490 
 r/gr 0.599263 
 b/gr 0.676350 
 gb/gr 0.995678 
 r_oc_ave 112.773331 
 b_oc_ave 127.279999 
 gr_oc_ave 188.186661 
 gb_oc_ave 187.373337 

 [AWB]
 RGr =  0.599263 
 BGr =  0.676350 
 GbGr =  0.995678 
 r_oc_ave =  112.773331 
 b_oc_ave =  127.279999 
 gr_oc_ave =  188.186661 
 gb_oc_ave =  187.373337 