 LEFT LENS SHADING DATA
 RED Channel
 {
 23.228752  25.392498  28.643749  34.131824  40.301666  45.593384  49.748703  52.232452  52.859795  51.793434  49.047447  44.765472  39.384117  33.523125  28.202084  25.180210  23.299377 
 25.192913  28.446251  34.358749  41.967030  49.220001  55.526093  60.511406  63.718903  64.746872  63.142189  59.690155  54.461090  47.900158  40.988125  33.758751  27.996876  25.036457 
 26.620571  32.414532  40.398594  49.223907  57.588127  65.143906  71.464531  75.669220  77.014374  75.031250  70.535469  63.977341  56.181564  48.080940  39.619373  31.795467  26.350262 
 28.835209  36.751877  46.100155  55.892654  65.505623  74.559372  82.369217  87.870316  89.662186  87.002190  81.273903  73.070465  63.891090  54.437035  44.907501  35.836563  28.376144 
 31.002033  40.438908  50.516563  61.248123  72.102966  82.667816  92.147972  98.443909  100.522346  97.673126  90.863747  81.110626  70.263596  59.640778  49.197029  39.261562  30.468227 
 32.670887  42.832344  53.492500  64.796249  76.706566  88.507034  98.879372  105.662971  107.799530  104.867340  97.794685  86.903435  74.821404  63.248283  52.051247  41.656876  32.106873 
 33.454323  43.780781  54.702660  66.385002  78.526878  91.030785  101.624535  108.379845  110.631561  107.724060  100.871246  89.597504  77.041405  65.090622  53.419846  42.544689  32.751354 
 32.827969  43.017345  53.771095  65.057816  76.985153  88.865158  99.482971  106.159843  108.315315  105.285782  98.498596  87.562653  75.074684  63.450623  52.235779  41.790157  32.379116 
 31.410572  40.795780  51.050468  61.645309  72.395782  83.232346  92.901878  99.395470  101.304535  98.365623  91.456718  81.643753  70.675003  60.044533  49.571091  39.687813  31.016979 
 29.240627  37.331875  46.748436  56.394684  65.996872  75.155937  83.094063  88.723747  90.531250  87.902031  81.934372  73.600624  64.363129  54.927811  45.344063  36.335781  28.943069 
 27.427135  33.327343  41.434845  50.084221  58.555939  66.168594  72.606720  77.072342  78.265778  76.320465  71.436096  64.709534  56.815002  48.614685  40.109219  32.457970  27.124844 
 26.304844  29.690468  35.531563  43.000626  50.233749  56.626251  61.827034  65.257813  66.199532  64.600624  60.827660  55.295784  48.715157  41.655468  34.309845  28.859219  26.040260 
 24.546513  27.147346  30.170311  35.743542  41.696247  47.245831  51.377655  54.007393  54.875992  53.538956  50.542442  46.080574  40.531612  34.590263  28.955471  26.481514  24.571926 
 } 
 GR Channel
 {
 47.827763  52.949425  58.748276  68.036880  78.012497  86.358597  92.786827  96.564377  97.703850  96.015358  91.808960  85.207031  76.637085  67.159218  58.212807  52.621254  48.724586 
 52.233177  58.746719  68.743904  81.150627  92.948753  102.937965  110.592033  115.444382  117.064682  114.627655  109.354378  101.118904  90.806252  79.609840  67.791565  57.896248  52.328339 
 55.171196  65.408905  78.790939  93.156715  106.647034  118.577499  128.109848  134.294067  136.285782  133.316406  126.522507  116.383118  104.088905  91.043907  77.261406  64.263596  54.825462 
 58.937241  72.504532  87.789688  103.456879  118.772339  133.205627  145.096558  153.277344  155.953278  152.235931  143.751724  130.996399  116.236252  101.167030  85.713593  70.821564  58.238228 
 62.701775  78.300934  94.656250  111.682968  128.732193  145.671402  160.319214  169.856400  173.036255  168.780945  158.781723  143.626556  126.273743  109.213127  92.507500  76.393127  61.829796 
 65.429062  82.206566  99.244217  117.200470  135.863754  154.617661  170.744995  181.091568  184.225159  180.099838  169.354691  152.494843  133.195007  114.830780  96.955940  80.213127  64.554794 
 66.548065  83.623283  101.099686  119.447495  138.601410  158.186722  174.617966  185.025620  188.567184  184.392807  174.275314  156.875153  137.168747  118.124069  99.417656  81.717812  65.577400 
 65.641556  82.344063  99.690315  117.450150  136.057816  154.978912  171.501877  181.911407  185.289841  180.980942  170.899368  153.937027  134.041565  115.488586  97.477501  80.425468  64.962761 
 63.082291  78.720627  95.276878  112.175629  129.341873  146.466248  161.538437  171.610779  174.630936  170.507034  160.091095  144.623901  127.000305  110.094528  93.187500  77.044060  62.646568 
 59.382813  73.139061  88.448593  104.118279  119.281250  133.824524  146.286560  154.855164  157.549225  153.999374  145.096878  131.964066  117.079376  101.868439  86.412033  71.631721  59.038177 
 56.164375  66.641876  80.014687  94.099373  107.560936  119.641556  129.680618  136.320465  138.373276  135.240311  128.026245  117.508438  104.947029  91.758904  77.873909  65.133125  55.851875 
 53.843956  60.401878  70.350159  82.517654  94.256874  104.286720  112.344055  117.575943  119.119064  116.632187  110.693123  102.132965  91.675934  80.279846  68.337654  58.954376  53.573952 
 50.016876  55.641464  61.247032  70.240364  80.026039  88.750259  95.164482  99.571770  100.586983  98.990105  93.964790  87.110680  77.995522  68.262970  58.850372  54.516045  50.476875 
 } 
 GB Channel
 {
 48.583176  53.244003  59.076202  68.425728  78.406975  86.899529  93.350418  96.955780  98.357552  96.731873  92.481247  85.523445  76.955681  67.448906  58.419838  53.120522  49.218025 
 52.820679  59.160469  69.128906  81.715309  93.494064  103.457657  111.212502  116.188904  117.726089  115.114380  109.897499  101.693436  91.295471  80.034531  68.076721  58.198441  52.810524 
 55.522446  65.811409  79.222969  93.692497  107.222504  119.065781  128.666565  134.974380  137.113129  133.994370  127.249222  117.082809  104.707184  91.542030  77.639061  64.587967  55.144424 
 59.323601  72.856720  88.373749  104.194847  119.623901  133.817337  145.862976  154.242340  157.018753  153.207657  144.545319  131.726410  116.841400  101.689217  86.187035  71.144844  58.399635 
 62.746147  78.639061  95.206718  112.351715  129.543747  146.300476  160.997025  170.800629  174.086411  169.757507  159.658279  144.334686  126.942657  109.829063  92.942497  76.700157  61.998283 
 65.244484  82.367813  99.632660  117.647964  136.305786  154.908752  170.854996  181.474213  184.911087  180.653595  169.997971  153.085632  133.888901  115.442657  97.415466  80.454216  64.474426 
 66.336517  83.719215  101.319374  119.822342  138.853439  158.101089  174.535309  185.138275  188.711243  184.663589  174.408432  157.155319  137.463745  118.531097  99.751404  81.825783  65.440567 
 65.440887  82.378593  99.742035  117.608276  136.072342  154.785782  171.170151  181.735474  185.176559  180.999069  171.018433  154.116882  134.287506  115.753433  97.716560  80.487968  64.831932 
 62.671249  78.608749  95.141090  112.102341  129.085785  146.072189  161.062805  171.227341  174.547348  170.236252  160.015778  144.591095  127.158905  110.108749  93.334686  77.069221  62.448593 
 59.087029  72.918907  88.319534  103.928123  118.970932  133.189529  145.614380  154.162338  156.942810  153.503281  144.686401  131.721252  116.934998  101.854378  86.450310  71.593750  59.015419 
 56.091454  66.496872  79.721252  93.684219  107.034065  118.908279  128.788910  135.488281  137.525787  134.675476  127.508591  117.069839  104.735313  91.656097  77.755157  65.100937  55.815109 
 53.729630  60.177345  70.007965  82.088593  93.516876  103.544533  111.511406  116.669067  118.383286  115.967651  110.101250  101.650467  91.328590  80.083122  68.085938  58.842499  53.617088 
 50.054214  55.319221  60.814850  69.904213  79.335625  87.970566  94.474113  98.914482  99.930153  98.279533  93.412079  86.531509  77.827553  67.966461  58.671776  54.478752  50.662498 
 } 
 B Channel
 {
 33.554169  37.130417  41.197292  48.071770  55.457497  61.347557  65.704170  68.097710  68.932449  67.699112  64.856506  60.401459  54.379639  47.417599  41.045727  37.171566  34.258648 
 36.565002  41.372501  48.429375  57.370941  65.747498  72.594841  77.711250  80.830627  81.717659  80.178909  76.799217  71.395622  64.273590  56.513435  48.030312  41.149063  37.078644 
 38.661041  46.325626  55.839218  65.816254  75.130936  83.218903  89.560623  93.563438  94.800003  92.844688  88.602341  81.945313  73.668121  64.642029  55.039215  46.005936  39.113857 
 41.476147  51.369064  62.225784  73.015160  83.434372  92.998283  100.940941  106.395470  108.107498  105.692970  100.050934  91.660622  81.926720  71.720940  61.171097  50.855934  41.592190 
 43.992138  55.468597  66.965157  78.523438  90.078903  101.232185  110.859222  117.167969  119.355316  116.617035  110.005623  100.055000  88.573593  77.202347  65.806717  54.827972  44.199429 
 45.807034  58.018906  69.977966  82.041718  94.362816  106.727188  117.379532  124.198593  126.301880  123.629684  116.742661  105.637032  92.935310  80.712654  68.785934  57.464691  46.114685 
 46.659534  58.773903  70.992813  83.291405  95.916565  108.696091  119.653122  126.433289  128.683289  126.072037  119.514847  107.975937  95.091721  82.494064  70.134842  58.426872  46.743542 
 45.879944  57.975159  70.057030  82.016876  94.262810  106.625313  117.419525  124.272339  126.341873  123.709686  117.485153  106.372185  93.192497  80.789528  68.852501  57.502190  46.218853 
 44.144428  55.457970  67.140778  78.602028  89.900467  101.076721  110.857185  117.594376  119.559525  117.062653  110.314690  100.258278  88.551407  77.183128  66.045311  55.148125  44.656872 
 41.497082  51.376251  62.354530  73.136871  83.292503  92.737503  100.764061  106.365471  108.192184  106.026878  100.303123  91.753593  81.779221  71.596405  61.297340  51.179222  41.999012 
 39.092396  46.656563  56.391563  66.321251  75.436096  83.463280  89.948441  94.108597  95.463127  93.687347  89.052498  82.116722  73.639061  64.701874  55.186562  46.455780  39.532242 
 37.167866  42.060158  49.387497  58.137497  66.204529  73.098747  78.344688  81.614372  82.646561  81.178909  77.460785  71.716721  64.488434  56.484062  48.224220  41.725468  37.604431 
 34.843281  39.169117  43.485836  50.250008  57.412239  63.557083  67.925522  70.656876  71.322395  70.342445  67.118904  62.235252  55.877190  48.762810  41.859013  38.994846  36.034843 
 } 


 White Balance Data with optical Center Data
 r_center_x =  654 r_center_y =  507 
 gr_center_x =  655 gr_center_y =  503 
 b_center_x =  644 b_center_y =  475 
 gb_center_x =  637 gb_center_y =  504 
 r/gr 0.584991 
 b/gr 0.680910 
 gb/gr 0.998147 
 r_oc_ave 110.862221 
 b_oc_ave 129.039993 
 gr_oc_ave 189.511108 
 gb_oc_ave 189.160004 

 [AWB]
 RGr =  0.584991 
 BGr =  0.680910 
 GbGr =  0.998147 
 r_oc_ave =  110.862221 
 b_oc_ave =  129.039993 
 gr_oc_ave =  189.511108 
 gb_oc_ave =  189.160004 