 LEFT LENS SHADING DATA
 RED Channel
 {
 24.271820  26.483074  29.017502  34.275364  39.854275  44.847549  48.977196  51.365211  52.097649  50.998909  48.304474  44.081196  38.910522  33.172451  28.159683  25.273022  23.848434 
 25.708069  28.712032  34.326248  41.245155  48.022186  54.046097  58.864685  62.008125  62.973282  61.410782  58.080315  52.851410  46.629688  39.986404  33.107189  27.619686  24.781353 
 26.854324  32.520782  40.197498  48.386406  56.296562  63.559219  69.657967  73.877502  75.153282  73.130623  68.629684  62.118904  54.623596  46.921562  38.852188  31.342030  26.019321 
 29.088230  36.914063  45.825783  55.066719  64.213127  72.976715  80.641563  86.208908  87.906715  85.297966  79.592972  71.315781  62.264847  53.257660  44.205002  35.422813  28.110313 
 31.499008  40.526718  50.400154  60.712029  71.169060  81.388596  90.707031  97.075310  99.144379  96.255783  89.402191  79.672501  68.951874  58.532814  48.475159  38.852345  30.239632 
 33.178642  43.114063  53.591721  64.639687  76.230621  87.962654  98.159531  104.842033  106.869217  103.961250  96.887184  86.090622  74.011406  62.528122  51.656250  41.445156  31.915783 
 34.172081  44.387501  55.310471  66.814217  78.901566  91.141563  101.941719  108.480316  110.413284  107.652344  100.772972  89.547653  76.962967  64.942497  53.402969  42.526405  32.827446 
 33.836357  44.025936  54.900154  66.142654  77.956879  90.022659  100.518280  107.158752  109.233597  106.172813  99.394531  88.349846  75.671875  63.867966  52.715935  42.237656  32.728699 
 32.544319  42.110783  52.467812  63.087502  74.010941  84.896721  94.573441  101.186096  103.129532  100.229530  93.155312  83.016876  71.860779  61.087967  50.510780  40.484688  31.475941 
 30.624012  38.987968  48.451561  58.166252  67.797966  77.052345  85.302345  91.021873  92.838127  90.337029  84.240311  75.498436  65.930153  56.249847  46.637970  37.369999  29.519169 
 29.044479  35.245312  43.379375  52.183441  60.564842  68.308746  75.046722  79.573753  80.911407  78.913597  73.930313  66.863747  58.851250  50.342812  41.614845  33.540783  27.714321 
 28.079010  31.671719  37.534061  45.143436  52.380936  58.935783  64.256874  67.783905  68.831718  67.237656  63.325470  57.717186  50.938751  43.562344  35.886562  29.972813  26.611561 
 26.319427  28.887764  31.956562  37.327187  43.468441  48.970993  53.334381  56.065788  56.920258  55.793282  52.739433  48.190521  42.417919  36.103802  30.136147  27.292397  25.108231 
 } 
 GR Channel
 {
 50.200943  54.837601  60.008804  68.749695  77.916199  85.958435  92.274010  96.092079  97.363441  95.615364  91.614426  85.122971  76.731987  67.645363  59.074112  53.973648  51.132401 
 53.417191  59.379684  68.856094  80.359688  91.132660  100.687187  108.197968  113.214996  114.794693  112.500153  107.490471  99.512344  89.630310  78.991409  67.715157  58.262810  53.134064 
 55.792336  65.982971  78.688278  91.923126  104.417656  115.857346  125.334534  131.742188  133.915314  131.081558  124.491089  114.477814  102.629372  90.298439  77.315155  64.651253  55.429169 
 59.789009  73.006721  87.544998  102.202347  116.640320  130.546722  142.512650  150.892029  153.676254  150.147507  141.567963  128.994843  114.698593  100.377342  85.917030  71.476715  58.856514 
 63.758484  78.840782  94.561562  110.703751  127.145309  143.258286  157.846878  167.515472  170.638596  166.753433  156.810471  142.042496  125.229370  108.792816  92.834686  77.108284  62.465576 
 66.738800  83.057343  99.581718  116.862030  134.823914  152.967346  168.803589  178.800003  181.889221  178.041412  167.933121  151.534683  132.897964  114.961563  97.833595  81.352501  65.570419 
 68.263855  84.939690  101.995628  119.845779  138.433594  157.490311  173.863434  183.834839  186.863281  182.972351  173.423904  156.669373  137.506088  118.890152  100.648750  83.121094  66.961723 
 67.811310  84.206093  101.242813  118.600784  136.880783  155.478287  171.683441  181.811874  184.794220  180.828903  171.244064  154.864380  135.144226  116.737656  99.269066  82.421410  66.425369 
 65.441048  81.250626  97.707031  114.031097  130.972031  147.687973  162.658600  172.694061  175.706558  171.743744  161.694061  146.368744  128.975006  112.265625  95.553436  79.345627  64.418541 
 62.139069  76.285309  91.404373  106.610939  121.491714  135.827499  148.399063  157.019531  159.902191  156.405319  147.699692  134.635941  119.816559  104.685158  89.327812  74.221252  61.052086 
 59.153854  70.130936  83.446404  97.314217  110.490784  122.384537  132.630783  139.345306  141.546249  138.633743  131.344223  120.872192  108.545624  95.267815  81.209061  67.927345  57.767555 
 56.842186  63.995941  74.008591  86.154373  97.731873  107.863129  115.941711  121.314377  122.982498  120.700317  114.935776  106.415001  96.024063  84.329689  71.885002  61.835938  55.684692 
 52.521355  58.717186  64.338387  73.631874  83.296455  92.106041  98.675682  102.858543  104.291252  102.625732  98.223915  91.116669  82.137398  72.109268  62.232910  56.805519  52.423859 
 } 
 GB Channel
 {
 51.256569  55.736153  60.665779  69.681717  78.797867  87.056778  93.434898  97.419167  98.593597  96.662140  92.498070  85.694740  77.378387  67.977707  59.352341  54.390053  51.582550 
 54.126144  60.085312  69.593903  81.239845  92.237656  101.782188  109.485313  114.416245  116.045471  113.619843  108.409531  100.252029  90.212341  79.416878  67.869217  58.374847  53.301300 
 56.345573  66.505783  79.448753  92.805000  105.449532  116.986725  126.560471  133.039536  135.102661  132.145462  125.326874  115.122650  103.150940  90.599686  77.394844  64.585938  55.290932 
 60.016823  73.407028  88.267815  103.134064  117.666412  131.545319  143.503128  151.937653  154.865936  151.159851  142.399063  129.635941  115.126724  100.700783  85.828125  71.152191  58.519684 
 63.622505  79.080002  95.134689  111.474220  127.958588  144.058289  158.574997  168.311401  171.473129  167.462494  157.288284  142.383743  125.348434  108.800781  92.596878  76.613747  62.098755 
 66.531036  83.026878  99.827499  117.249527  135.216400  153.222351  168.880463  178.922028  182.107193  178.133286  167.848434  151.390625  132.626877  114.630630  97.276253  80.682503  64.740417 
 67.797081  84.768753  102.009064  119.923431  138.402969  157.201721  173.314377  183.279526  186.327026  182.350159  172.623901  155.937347  136.785156  118.179688  99.893280  82.237968  66.024429 
 67.105522  83.822189  101.040779  118.413589  136.434845  154.793900  170.610779  180.793274  183.841095  179.748444  170.128128  153.669373  134.141724  115.814682  98.320938  81.388748  65.532913 
 64.784889  80.727814  97.160782  113.607346  130.188599  146.714066  161.288757  171.329849  174.385620  170.340622  160.294220  145.048126  127.837189  111.187653  94.476563  78.320465  63.469017 
 61.659943  75.701408  90.756248  105.879059  120.527344  134.646561  146.906876  155.438904  158.221252  154.597031  145.878128  133.004532  118.229843  103.432190  88.169220  73.165779  60.058075 
 58.799171  69.550003  82.743752  96.496094  109.353752  120.932343  130.857498  137.483597  139.515152  136.591095  129.283127  118.985001  106.991096  93.911407  80.073753  66.855469  56.871094 
 56.580887  63.396095  73.209846  85.206406  96.473595  106.338127  114.248276  119.426559  121.017181  118.730164  112.910004  104.574684  94.443596  83.123123  70.778282  60.728127  54.908951 
 52.352142  58.085884  63.540466  72.673698  82.223381  90.753960  97.328079  101.373642  102.950104  101.074944  96.406250  89.480110  80.794220  70.778122  61.200157  55.888123  51.563126 
 } 
 B Channel
 {
 34.409271  38.116768  42.320992  48.911720  55.808960  61.618492  65.986046  68.693695  69.400833  68.216667  65.536087  60.787033  54.768799  48.020569  41.639374  37.984066  36.482395 
 36.297607  40.707188  47.730782  56.103592  63.725624  70.367035  75.493126  78.691406  79.807503  78.292503  75.037971  69.555153  62.597343  54.993279  46.875626  40.195313  37.194897 
 38.088230  45.406563  54.647812  64.157188  72.867653  80.587341  86.972031  91.201408  92.486877  90.610779  86.229843  79.490784  71.365936  62.785622  53.459373  44.692814  38.798645 
 40.738075  50.480782  61.048439  71.431717  81.210938  90.514061  98.487968  104.037346  105.808441  103.413284  97.818283  89.347504  79.535782  69.760315  59.468750  49.450470  41.405674 
 43.462345  54.425468  65.863747  77.057343  88.127815  98.970001  108.637810  115.009064  116.997345  114.240311  107.691254  97.930466  86.621094  75.400467  64.169998  53.377190  43.944271 
 45.558388  57.204842  69.066406  80.817657  92.848907  105.018906  115.686874  122.215622  124.140778  121.539536  114.736557  103.862656  91.424690  79.350471  67.409378  56.257347  46.013378 
 46.504635  58.457344  70.447968  82.534218  95.115623  107.871407  118.739212  125.134842  127.065002  124.433594  118.043900  106.865623  94.108437  81.706093  69.236404  57.386253  46.962498 
 46.227139  57.984840  69.868591  81.838127  94.056252  106.525002  117.087036  123.583588  125.382660  122.802811  116.577347  105.799690  92.773750  80.389999  68.337967  56.861877  46.656036 
 44.776928  55.837967  67.299065  78.791718  90.355156  101.483124  111.049530  117.408279  119.383743  116.844681  110.354218  100.329376  88.856094  77.495468  65.887032  54.781403  45.149532 
 42.440884  52.178596  62.902969  73.608284  83.833748  93.254845  101.265472  106.909691  108.710938  106.521561  100.971405  92.509377  82.505623  72.323906  61.684845  51.254372  42.619793 
 40.144165  47.766251  57.318283  67.134377  76.144066  84.010628  90.602814  95.032654  96.348282  94.599686  90.031563  83.127655  74.834061  65.771873  55.891090  46.717655  39.996201 
 38.261303  43.328594  50.579842  59.169685  67.070778  73.898590  79.257660  82.803284  83.945000  82.535156  78.822189  73.112968  66.074219  58.031403  49.123283  42.111717  38.201092 
 35.177135  39.628384  43.648800  50.176361  56.996407  63.071297  67.661194  70.485161  71.307915  70.365364  67.318855  62.617760  56.364845  49.226616  42.191822  38.312763  35.566929 
 } 


 White Balance Data with optical Center Data
 r_center_x =  662 r_center_y =  507 
 gr_center_x =  641 gr_center_y =  475 
 b_center_x =  663 b_center_y =  501 
 gb_center_x =  634 gb_center_y =  523 
 r/gr 0.590622 
 b/gr 0.680568 
 gb/gr 0.995761 
 r_oc_ave 110.839996 
 b_oc_ave 127.720001 
 gr_oc_ave 187.666672 
 gb_oc_ave 186.871109 

 [AWB]
 RGr =  0.590622 
 BGr =  0.680568 
 GbGr =  0.995761 
 r_oc_ave =  110.839996 
 b_oc_ave =  127.720001 
 gr_oc_ave =  187.666672 
 gb_oc_ave =  186.871109 