 LEFT LENS SHADING DATA
 RED Channel
 {
 25.951981  28.416977  31.452763  36.854530  42.780937  48.142349  52.300934  54.829430  55.491661  54.251717  51.402336  47.019894  41.393803  34.734062  29.529114  26.347446  24.515781 
 27.807396  31.104061  37.051720  44.547657  51.830940  58.180466  63.239685  66.490471  67.481247  65.747345  62.124222  56.615311  49.981094  42.934063  35.396408  29.325157  26.029945 
 28.849583  34.822498  42.973751  51.785469  60.202499  67.689529  74.008904  78.335472  79.678909  77.650467  72.922188  66.025154  58.079216  49.934998  41.242970  33.207188  27.328438 
 30.865105  39.033436  48.461403  58.318436  67.898285  76.903122  84.801559  90.267189  92.088127  89.610626  83.797501  75.350624  65.777969  56.152496  46.593437  37.369843  29.712555 
 33.014427  42.555470  52.857658  63.556404  74.386253  84.862343  94.393280  100.798752  102.773750  100.138283  93.354065  83.491875  72.306091  61.466721  50.878593  40.897030  31.962658 
 34.632919  44.963749  55.799690  67.073441  78.861404  90.558594  100.960159  107.748123  109.966721  107.072189  100.094841  89.171249  76.921875  65.097969  53.699532  43.221092  33.672138 
 35.219269  45.763439  56.820313  68.459373  80.709999  92.880783  103.626564  110.294998  112.514221  109.723282  103.002968  91.935783  79.339844  67.045311  55.117340  44.170467  34.351513 
 34.614479  44.889061  55.813438  67.164688  78.927811  90.793907  101.282501  108.032814  110.121872  107.200623  100.572655  90.004532  77.301407  65.398285  53.981873  43.427032  33.918072 
 32.944164  42.568748  52.912346  63.503281  74.440002  85.015938  94.461403  100.864220  103.032501  100.254219  93.607185  83.978752  72.803284  61.957657  51.381874  41.340000  32.453331 
 30.510002  38.972500  48.512184  58.187035  67.740158  76.789215  84.709686  90.192970  92.056091  89.869217  84.277657  75.915154  66.474373  56.893440  47.315155  38.080624  30.095623 
 28.551197  34.892654  43.216564  51.976715  60.355156  67.893440  74.253441  78.608124  80.167030  78.400314  73.684532  67.006409  59.123436  50.767502  42.218124  34.201717  27.890259 
 27.486092  31.180470  37.542969  45.080780  52.425629  58.657341  63.826721  67.240471  68.455940  67.035934  63.410004  57.994064  51.374222  44.255470  36.709061  30.456093  26.595467 
 26.298176  28.603180  32.039429  38.111404  44.187290  49.788803  53.867340  56.579849  57.447182  56.533859  53.662079  49.196556  43.707760  37.461094  30.934895  27.573803  25.622967 
 } 
 GR Channel
 {
 51.064064  56.307404  61.667664  70.503387  79.781662  88.071671  94.467087  98.083649  99.076141  97.243797  93.001411  86.565567  77.900726  67.542503  59.201096  54.073441  50.600098 
 55.004066  61.372810  71.008278  82.842346  94.271248  103.987503  111.578751  116.510315  118.170319  115.728592  110.469528  102.225784  92.100311  81.192497  69.219215  59.309685  53.570099 
 57.269531  67.541405  80.559532  94.256248  107.144531  118.708282  128.396088  134.901566  137.107651  134.334213  127.493286  117.262650  105.003906  92.195465  78.618279  65.806252  56.054169 
 60.726410  74.164528  88.968750  104.024689  118.855621  132.767807  144.829376  153.201401  156.225632  152.748444  144.414063  131.696091  116.978119  102.107346  87.176247  72.500153  59.856201 
 64.351822  79.713280  95.608437  111.996872  128.487350  144.747650  159.202652  168.988586  172.313126  168.798431  159.004684  144.151245  126.978912  110.142967  93.818596  78.016563  63.697403 
 67.051361  83.483437  100.058281  117.353119  135.529846  153.450623  168.955933  179.219223  182.536255  178.936569  169.038437  152.689850  133.901718  115.672653  98.372032  81.911560  66.323235 
 68.027496  84.660004  101.659378  119.370789  138.015778  156.715775  172.932037  182.925629  186.205933  182.908279  173.344223  156.855942  137.742966  119.071869  100.760941  83.433907  67.523697 
 67.095474  83.478592  100.088905  117.428909  135.321243  153.487808  169.462189  179.522964  182.849213  179.320313  169.936874  154.076874  134.637024  116.227036  98.687187  82.067657  66.664116 
 64.206665  79.781250  95.792343  111.994064  128.547028  144.891724  159.491562  169.210785  172.498444  168.758911  159.220627  144.519226  127.484222  110.709999  94.499374  78.637970  64.112762 
 60.326508  74.132965  89.082344  103.930313  118.436249  132.337967  144.574371  152.919067  155.964539  152.962967  144.872818  132.088120  117.610779  102.793121  88.023750  73.385941  60.366768 
 57.077087  67.742500  80.954689  94.535309  107.183441  118.693130  128.316254  135.269531  137.750626  135.363281  128.433441  118.257339  106.315002  93.464844  80.009529  67.123283  56.714317 
 55.000313  61.712814  72.007347  84.001251  95.124374  104.745316  112.504059  117.763123  119.861877  117.850937  112.485626  104.394997  94.314377  83.286560  71.347969  61.103752  54.462494 
 52.550728  57.121147  63.202545  72.668335  82.345627  90.719063  96.943230  101.140205  102.681038  101.288437  97.059380  90.364578  81.982712  72.254478  61.711517  56.213745  52.685417 
 } 
 GB Channel
 {
 52.000679  57.049004  62.240837  71.105782  80.434174  88.836349  95.378746  99.149956  100.288750  98.241089  93.972816  87.136826  78.353119  67.885056  59.354538  54.096458  50.906044 
 55.715256  62.092972  71.754997  83.783905  95.180000  104.918434  112.639999  117.625153  119.262497  116.732971  111.251564  102.847031  92.493126  81.451096  69.295158  59.284378  53.556870 
 57.836143  68.207809  81.332809  95.247810  108.165779  119.828125  129.479538  135.968277  138.174225  135.318436  128.350159  117.780624  105.397659  92.453751  78.703751  65.535934  55.772606 
 61.074997  74.668747  89.706879  104.885780  119.910461  133.839691  145.893600  154.217972  157.319214  153.700150  145.084534  132.278275  117.240463  102.206093  86.984222  72.009529  59.440567 
 64.384583  80.120003  96.185783  112.759064  129.451569  145.555313  159.931091  169.777496  173.172180  169.407974  159.435471  144.521881  127.114059  110.092033  93.464691  77.494690  62.961357 
 66.827286  83.635628  100.505936  117.864059  135.923599  153.681717  169.134369  179.417496  182.870621  179.031723  168.967499  152.486725  133.687973  115.449997  97.763748  81.136093  65.559639 
 67.707451  84.608910  101.749222  119.572189  138.200317  156.553131  172.550156  182.611404  185.978439  182.384064  172.820160  156.365311  137.220154  118.414368  99.901878  82.578278  66.507660 
 66.529793  83.168121  99.989372  117.347183  135.097656  153.104538  168.865463  179.104843  182.297806  178.572662  169.130463  153.234375  133.828751  115.472504  97.819061  81.024376  65.569794 
 63.654945  79.445160  95.539063  111.745628  128.037338  144.107193  158.572662  168.387192  171.689682  167.838593  158.191101  143.615784  126.584213  109.961716  93.455315  77.708908  63.348282 
 59.844582  73.805000  88.738434  103.561874  117.861725  131.571243  143.547653  151.812805  154.789215  151.724686  143.606247  130.898285  116.615784  101.835159  86.932503  72.366722  59.516098 
 56.533493  67.437035  80.660309  94.029686  106.561249  117.755310  127.261719  133.953278  136.351868  133.870468  127.046570  117.095932  105.187035  92.441406  79.093903  66.231560  55.987816 
 54.802086  61.377502  71.642654  83.616096  94.494530  103.896095  111.385155  116.543442  118.529068  116.459686  110.966721  103.058907  93.183281  82.281715  70.515625  60.403282  53.878494 
 52.399170  56.697502  62.708694  72.320053  81.804741  89.790466  95.770782  99.934685  101.469063  100.017189  95.782341  89.279945  80.921829  71.413177  60.898537  55.515579  51.955566 
 } 
 B Channel
 {
 35.555832  39.367916  43.396931  50.077919  57.111717  63.192291  67.713432  70.182129  70.879219  69.460464  66.825363  62.095047  55.816147  48.096092  41.864483  38.239845  35.830677 
 38.437920  43.207500  50.392967  59.212502  67.474846  74.348122  79.598434  82.941093  83.906097  82.262344  78.676407  72.986092  65.870316  57.899216  49.224060  42.177967  38.186512 
 40.232868  47.838905  57.485001  67.576248  76.760315  84.832970  91.290939  95.468124  96.734688  94.930626  90.437347  83.399063  75.029221  65.969841  56.204842  47.115158  40.291199 
 42.683125  52.540627  63.609840  74.596718  84.874374  94.333282  102.321564  107.783752  109.671722  107.396721  101.824532  93.363907  83.203438  72.864059  62.234688  52.065628  43.243122 
 44.994896  56.294060  68.144997  79.796097  91.109528  102.108124  111.818123  118.380783  120.439850  118.080307  111.709373  101.624222  89.885002  78.201408  66.777809  55.994530  46.024326 
 46.629009  58.734222  70.791565  82.872032  95.197502  107.307503  117.809525  124.669998  127.011093  124.595627  118.002029  106.964531  94.195160  81.623283  69.572815  58.578903  48.002861 
 47.327030  59.396408  71.615158  84.041252  96.554535  109.208595  120.042664  126.791092  129.067032  126.947815  120.695313  109.371872  96.239059  83.528748  71.070313  59.613281  48.652245 
 46.589787  58.503128  70.536247  82.595314  94.829063  107.029221  117.753128  124.420944  126.681564  124.410934  118.381714  107.763908  94.425003  81.835785  69.673904  58.545311  48.014061 
 44.689270  55.992188  67.550316  78.963440  90.257034  101.264534  110.862503  117.296402  119.496719  117.184219  110.891090  101.161873  89.697815  78.160004  66.868439  56.157814  46.245724 
 42.105312  52.106560  63.006409  73.515312  83.597191  92.885315  101.006409  106.377815  108.334534  106.587341  101.200783  92.868279  83.192810  72.955780  62.534691  52.527344  43.457134 
 39.788593  47.840469  57.590782  67.320313  76.354065  84.291718  90.706093  94.935310  96.509842  95.074371  90.693748  83.993439  75.842972  66.774376  57.224846  48.281876  41.054790 
 38.601929  43.620468  51.323441  60.181091  68.210625  75.132347  80.388748  83.775467  85.017189  83.727028  80.295624  74.853127  67.877029  59.891563  51.250000  44.032501  39.482498 
 36.824844  40.070263  44.699688  51.842964  59.113953  65.131302  69.513748  72.338600  73.106766  72.418076  69.546875  65.011047  59.064323  51.780731  43.997498  40.316250  37.617496 
 } 


 White Balance Data with optical Center Data
 r_center_x =  643 r_center_y =  457 
 gr_center_x =  635 gr_center_y =  493 
 b_center_x =  648 b_center_y =  490 
 gb_center_x =  649 gb_center_y =  470 
 r/gr 0.603999 
 b/gr 0.693311 
 gb/gr 0.998738 
 r_oc_ave 112.773331 
 b_oc_ave 129.448883 
 gr_oc_ave 186.711105 
 gb_oc_ave 186.475555 

 [AWB]
 RGr =  0.603999 
 BGr =  0.693311 
 GbGr =  0.998738 
 r_oc_ave =  112.773331 
 b_oc_ave =  129.448883 
 gr_oc_ave =  186.711105 
 gb_oc_ave =  186.475555 