 LEFT LENS SHADING DATA
 RED Channel
 {
 24.554688  26.931774  29.760159  35.066196  40.911354  45.976097  49.787498  52.198799  52.907654  51.617195  48.753494  44.457394  39.194271  33.594635  28.557968  25.828697  23.884113 
 26.201771  29.505936  35.190781  42.427658  49.392189  55.271721  60.080002  63.239845  64.025780  62.319687  58.869530  53.500313  47.182186  40.428593  33.517345  28.015156  25.290363 
 27.391666  33.312500  41.264061  49.846092  57.791092  64.905624  70.821091  74.849686  76.031403  73.953590  69.442032  62.819534  55.268280  47.430000  39.181873  31.578438  26.337605 
 29.663540  37.680626  46.997501  56.554840  65.670784  74.198753  81.644218  86.866409  88.513748  85.801094  80.010155  71.809845  62.778122  53.670784  44.423752  35.487812  28.146980 
 31.926559  41.401562  51.583122  61.983284  72.396408  82.456406  91.471878  97.538750  99.504059  96.373123  89.580780  79.829842  69.191872  58.846878  48.565315  38.776405  30.155361 
 33.692238  43.884533  54.591873  65.770157  77.239220  88.539688  98.521248  105.093750  107.082344  103.906097  96.776718  85.817657  73.929222  62.504219  51.597809  41.248280  31.845573 
 34.429947  45.023907  55.940781  67.559532  79.457970  91.302498  101.669373  108.154060  110.141876  107.174377  100.189377  88.872658  76.454689  64.524529  53.011253  42.211720  32.529011 
 33.989376  44.424374  55.172340  66.433281  77.930153  89.581879  99.753754  106.407814  108.149529  105.174065  98.412659  87.199066  74.750626  63.217972  52.099686  41.661251  32.184582 
 32.472137  42.247345  52.463440  62.908752  73.581718  83.898750  93.222969  99.676720  101.507965  98.543747  91.608437  81.587814  70.680779  60.115158  49.728279  39.772499  30.913334 
 30.232708  38.804375  48.207344  57.729691  67.109688  75.980621  83.821091  89.259529  90.994690  88.449997  82.460625  73.963905  64.667191  55.264061  45.791561  36.624531  28.853489 
 28.031143  34.620312  42.924217  51.570160  59.769218  67.109375  73.575623  77.905472  79.069847  77.085625  72.154999  65.301094  57.436096  49.294846  40.716873  32.779842  26.957134 
 26.739479  30.566563  36.930626  44.412655  51.455154  57.721252  62.824219  66.174843  66.947968  65.459686  61.606407  56.069534  49.523438  42.436562  34.940624  29.048126  25.633121 
 24.986145  27.215309  30.860207  36.669533  42.662449  47.913330  52.096504  54.652969  55.376923  54.316353  51.307449  46.748905  41.355518  35.060310  29.239792  26.188541  23.765625 
 } 
 GR Channel
 {
 48.344734  54.079742  59.524010  68.457603  78.194954  86.377396  92.608643  96.431358  97.690056  96.093437  91.844063  84.936096  76.669952  67.386307  59.013336  54.013901  49.997238 
 52.190987  58.925781  68.759216  80.724686  91.955154  101.460312  108.892815  113.939682  115.497345  113.149689  108.145309  100.009216  90.086403  79.132347  67.626251  58.130783  52.951401 
 54.987915  65.565002  78.591873  92.523903  105.290001  116.622818  125.858902  132.308121  134.282501  131.568756  125.007965  115.035934  103.157028  90.570000  77.062035  64.236717  55.054428 
 58.854378  72.574371  87.595154  102.778435  117.242493  130.971100  142.805313  151.103745  153.844849  150.386719  142.135468  129.592499  115.276245  100.791252  85.737968  70.861404  58.225784 
 62.650726  78.351563  94.491562  110.754845  127.119843  143.062653  157.644684  167.395935  170.820313  166.868118  157.172974  142.375000  125.436249  108.966721  92.502502  76.365936  61.886772 
 65.722450  82.310158  99.105621  116.338440  134.062973  152.059219  168.203903  178.682495  182.093903  178.141556  168.025620  151.475159  132.624069  114.603119  97.195160  80.352966  64.475258 
 67.089218  84.096092  101.069687  118.664993  137.090317  155.888596  172.650940  183.298904  186.510941  182.702026  173.184372  156.011093  136.712967  117.851257  99.642502  81.935158  65.749115 
 66.629799  83.343124  100.044685  117.090775  134.878433  153.282181  169.630157  180.349213  183.573593  179.812027  170.470474  153.597183  133.852814  115.495316  98.029686  80.950470  65.167755 
 64.131096  80.111717  96.136253  112.097183  128.702652  145.301559  160.133911  170.429382  173.725632  169.909378  159.935150  144.607346  127.237030  110.486877  94.000313  77.769066  62.831146 
 60.407143  74.574844  89.522499  104.399376  118.945007  132.923279  145.377502  154.028595  157.156555  153.845154  145.310318  132.307816  117.560944  102.691559  87.603439  72.538437  59.200935 
 56.699844  68.117966  81.533752  95.068909  107.932030  119.390930  129.324524  136.142654  138.290466  135.621872  128.758286  118.419998  106.224220  93.207970  79.424843  66.172501  55.826668 
 53.906876  61.445625  71.951408  84.046722  95.078903  104.822029  112.690308  117.954681  119.430618  117.362808  111.957344  103.723282  93.530785  82.206253  69.939690  59.654686  53.415520 
 50.185623  55.309792  61.844940  71.242760  80.746201  89.144745  95.466560  99.677185  100.871468  99.416145  95.147552  88.465988  79.701408  69.892082  59.777603  54.527184  49.835106 
 } 
 GB Channel
 {
 49.922234  55.088905  60.391403  69.592560  79.296768  87.431351  93.689270  97.364326  98.450005  96.666298  92.408592  85.306091  76.720573  67.469055  59.052971  54.187759  50.278587 
 53.383072  59.910782  69.728279  81.828590  93.157188  102.628441  110.158440  115.043274  116.446243  113.872345  108.560471  100.290466  90.203278  79.144066  67.599846  58.026718  52.942345 
 55.911720  66.396095  79.679222  93.721718  106.617035  117.975006  127.165787  133.423752  135.358444  132.267654  125.597504  115.234222  103.336716  90.610153  76.989059  64.034218  54.887344 
 59.466721  73.331093  88.670784  104.178749  118.751251  132.268127  144.039993  152.256256  154.909683  151.074692  142.471100  129.702652  115.184525  100.517029  85.404686  70.442970  57.897766 
 63.163025  79.117188  95.633438  112.109375  128.551880  144.533127  158.697189  168.327194  171.422180  167.184692  157.190781  142.054382  125.144684  108.523590  91.996246  75.799690  61.115517 
 65.834793  82.879372  99.985626  117.419998  135.144684  152.954681  168.678909  178.899216  182.036087  177.772659  167.273132  150.700317  131.882965  113.906097  96.466408  79.539841  63.538383 
 67.141830  84.557030  101.722031  119.545944  137.778442  156.213745  172.385620  182.686874  185.824692  181.903122  172.052032  154.899841  135.619995  116.837341  98.678123  80.841248  64.641663 
 66.390732  83.422813  100.306404  117.451569  135.082657  153.064682  169.002808  179.469681  182.541092  178.467346  168.934998  152.141724  132.511414  114.225464  96.828278  79.771721  63.854424 
 64.118126  80.114372  96.182190  112.260315  128.588913  144.674683  159.222351  169.037186  172.228912  168.199692  158.128281  142.902649  125.760468  109.221878  92.806404  76.599998  61.577911 
 60.262657  74.584534  89.614059  104.309998  118.687347  132.101563  144.217346  152.458282  155.292496  151.872818  143.285309  130.421570  115.927338  101.277496  86.232971  71.323128  57.941040 
 56.553230  67.937813  81.298279  94.774841  107.179840  118.271408  127.861099  134.321564  136.306244  133.569839  126.586243  116.375153  104.518440  91.802498  78.118904  64.992188  54.814270 
 54.032036  61.131409  71.663597  83.533752  94.284378  103.682343  111.367966  116.254532  117.596100  115.390152  109.947029  102.016090  91.954689  80.811562  68.747032  58.619064  52.499062 
 50.335365  55.099113  61.370880  70.768333  80.196037  88.337135  94.520256  98.380150  99.625053  97.833694  93.469330  86.876297  78.368019  68.516556  58.845993  53.444481  48.919479 
 } 
 B Channel
 {
 33.725471  37.874638  42.099010  48.738129  55.740311  61.658287  66.118858  68.771927  69.477081  68.165413  65.235672  60.482445  54.435364  47.797340  41.629635  38.134792  35.885624 
 35.992134  40.846092  47.950470  56.476875  64.461563  71.130157  76.220940  79.524216  80.313751  78.597504  75.350471  69.821404  63.035156  55.347969  47.083595  40.460625  37.579372 
 37.976254  45.544998  54.920784  64.733910  73.641563  81.483597  87.658905  91.730621  92.860001  90.928123  86.687035  80.105782  72.128593  63.463440  53.850784  44.855469  39.136929 
 40.736507  50.535469  61.198280  71.815781  81.718285  90.951408  98.865158  104.043747  105.564690  103.268280  97.909531  89.784531  80.330315  70.434845  59.859840  49.530937  41.500103 
 43.486042  54.514374  65.931877  77.169373  88.223747  98.875626  108.301559  114.306717  116.276413  113.758438  107.639061  98.064690  87.012032  75.894218  64.448280  53.335472  43.850258 
 45.550724  57.182816  68.848434  80.673752  92.698280  104.543747  114.757034  121.112350  123.154526  120.709534  114.416092  103.798279  91.557343  79.467659  67.396561  55.910309  45.676983 
 46.350880  58.307343  70.081253  82.079376  94.388435  106.670624  117.095001  123.588287  125.552505  123.350632  117.333435  106.364372  93.856407  81.477341  68.932968  56.834534  46.532238 
 45.908440  57.659691  69.262184  80.996407  92.832184  104.738747  115.026093  121.644226  123.720932  121.483902  115.761414  104.903908  92.116409  79.924843  67.813751  56.178909  46.138699 
 44.166615  55.252655  66.498909  77.581718  88.579842  99.090157  108.507965  115.008438  117.193588  115.126404  108.892189  99.042656  87.777344  76.660934  65.172501  54.018440  44.430103 
 41.419216  51.413597  61.978592  72.216721  81.868279  90.749847  98.759216  104.346092  106.385155  104.583908  99.358284  90.972809  81.293594  71.367035  60.769997  50.341408  41.858696 
 38.797031  46.840157  56.424843  65.692657  74.252815  81.773903  88.159843  92.584846  94.014687  92.612343  88.226563  81.587814  73.495781  64.621719  54.963753  45.716721  39.242344 
 36.798595  42.044220  49.523750  57.932816  65.406403  71.911247  77.174843  80.559845  81.530472  80.343750  77.009377  71.641716  64.673752  56.771408  48.122498  41.087189  37.183853 
 34.112762  37.813175  42.316250  49.020729  55.690369  61.441666  65.636719  68.473808  69.404839  68.447083  65.816872  61.225266  55.199165  48.064529  41.045834  37.273022  34.295940 
 } 


 White Balance Data with optical Center Data
 r_center_x =  654 r_center_y =  496 
 gr_center_x =  655 gr_center_y =  482 
 b_center_x =  643 b_center_y =  472 
 gb_center_x =  641 gb_center_y =  506 
 r/gr 0.591812 
 b/gr 0.673355 
 gb/gr 0.996600 
 r_oc_ave 110.639999 
 b_oc_ave 125.884445 
 gr_oc_ave 186.951111 
 gb_oc_ave 186.315552 

 [AWB]
 RGr =  0.591812 
 BGr =  0.673355 
 GbGr =  0.996600 
 r_oc_ave =  110.639999 
 b_oc_ave =  125.884445 
 gr_oc_ave =  186.951111 
 gb_oc_ave =  186.315552 