 LEFT LENS SHADING DATA
 RED Channel
 {
 22.963596  24.991093  27.787811  32.750362  38.269009  43.025311  46.838223  49.177551  49.917137  48.638588  45.998436  41.913071  36.950832  31.536617  26.550835  23.738544  22.334373 
 24.549843  27.506718  32.932812  39.747658  46.251720  51.980316  56.626564  59.642342  60.556091  58.975471  55.594688  50.567032  44.516251  38.147655  31.511250  26.069374  23.280628 
 25.799789  31.160625  38.699688  46.711407  54.262497  61.168907  66.983749  70.988594  72.112343  70.147972  65.702187  59.450623  52.239998  44.761250  36.932343  29.663437  24.503021 
 27.881878  35.389374  44.167030  53.118279  61.837814  70.154060  77.598122  82.752968  84.349060  81.793121  76.166878  68.258591  59.506248  50.862503  42.007343  33.534218  26.391930 
 30.018539  38.926876  48.623749  58.458748  68.404060  78.181564  87.123909  93.189529  95.059219  92.196404  85.483910  76.136406  65.858124  55.858597  46.215000  36.839687  28.458435 
 31.595985  41.392033  51.606094  62.228905  73.242035  84.328903  94.216095  100.527191  102.542969  99.606873  92.691254  82.192810  70.581253  59.593285  49.140160  39.209217  30.196510 
 32.395416  42.503750  53.104843  64.079216  75.618279  87.300003  97.483597  103.888123  105.804375  102.970779  96.192657  85.348122  73.275627  61.753593  50.676559  40.253281  30.756821 
 32.291042  41.966873  52.437035  63.165154  74.448280  85.838440  95.896408  102.251717  104.284691  101.222504  94.555000  83.972656  71.756248  60.478752  49.775314  39.768906  30.484951 
 30.851097  39.936718  49.775002  59.817184  70.285782  80.707344  89.866249  96.059372  97.917343  95.069374  88.228439  78.544533  67.789215  57.525314  47.490002  37.900002  29.251247 
 28.805626  36.566875  45.625782  54.843285  64.019218  72.897972  80.661560  86.048752  87.736252  85.221405  79.351097  70.993279  61.798904  52.694374  43.599220  34.846718  27.147346 
 27.117550  32.832344  40.528126  48.872185  56.888283  64.281250  70.703903  74.847656  76.221565  74.146721  69.307343  62.501404  54.885780  46.834530  38.765156  31.112186  25.261772 
 26.026459  29.230625  34.851719  42.013596  48.924217  55.120941  60.231720  63.489685  64.519218  62.938751  59.073441  53.651093  47.259842  40.351406  33.166561  27.427502  24.056667 
 24.553123  26.373955  29.294846  34.575470  40.348179  45.535519  49.665680  52.141777  52.969009  52.019585  48.993851  44.510883  38.988804  33.259533  27.481564  24.603752  22.639168 
 } 
 GR Channel
 {
 48.037758  53.217346  58.639275  67.341194  76.589058  84.390732  90.212868  93.907341  95.225731  93.309219  89.684746  83.497185  75.524010  66.575264  58.046616  52.830627  49.654793 
 51.938599  58.131721  67.367188  78.838905  89.499062  98.707809  105.986404  110.705467  112.274063  110.161095  105.297028  97.817184  88.426720  77.936722  66.950157  57.443123  51.944374 
 54.588799  64.448593  76.849998  89.941406  102.267967  113.368118  122.574844  128.824066  130.843750  128.177658  121.755463  112.290466  100.958282  88.986717  76.184059  63.750778  54.280571 
 58.282860  71.080154  85.381874  99.676094  113.749527  127.239685  139.045151  147.149536  149.916718  146.505005  138.412186  126.414536  112.542969  98.599373  84.411560  70.283905  57.673279 
 61.822449  76.628906  92.103905  107.455154  123.293121  139.295624  153.729843  163.150467  166.177658  162.521255  153.126556  138.983276  122.418594  106.513908  91.027344  75.704842  61.193802 
 64.684998  80.532501  96.691719  113.118286  130.326874  148.201721  164.014847  173.970001  177.136719  173.453598  163.819382  147.859375  129.609528  112.179214  95.663124  79.634689  64.199272 
 65.834641  82.102341  98.616875  115.869537  133.863281  152.333130  168.456406  178.371399  181.629532  177.957962  168.801712  152.696564  133.915939  115.770782  98.178123  81.227341  65.391304 
 65.312141  81.292343  97.663910  114.288910  132.177032  150.510620  166.364380  176.179382  179.372345  175.427338  166.282349  150.412338  131.151093  113.317657  96.438591  80.170784  64.810158 
 63.142342  78.169220  93.884842  109.666092  126.112183  142.801254  157.700943  167.428909  170.506256  166.506409  156.707809  141.949692  124.953751  108.616722  92.747658  77.307343  62.807137 
 59.886147  73.157814  87.693436  102.130157  116.768600  130.876724  143.327499  151.942810  154.837662  151.599686  143.166565  130.418274  116.077347  101.584686  86.988434  72.422340  59.504639 
 56.717972  67.162346  79.900002  93.082344  105.928436  117.637650  127.612030  134.289215  136.590775  133.997192  126.962036  116.886246  105.006096  92.370941  79.062653  66.116096  55.724640 
 54.370834  61.018753  70.840309  82.521561  93.638596  103.434219  111.226715  116.503433  118.239212  116.106400  110.618279  102.529373  92.609528  81.568909  69.703438  59.790001  53.349167 
 50.620415  55.624580  61.548645  70.396980  79.955055  88.198174  94.713173  98.511772  99.995262  98.650368  94.170158  87.701462  79.058907  69.587860  59.753853  54.465836  50.240005 
 } 
 GB Channel
 {
 49.710518  54.560944  59.697708  68.412552  77.631248  85.368439  91.265778  94.840057  96.098534  94.251564  90.249893  83.925362  75.825470  67.065880  58.411880  53.163124  50.042702 
 53.363022  59.265938  68.684372  80.127342  90.823753  99.953438  107.128906  111.674843  113.191879  110.966560  106.022812  98.433907  88.818596  78.324844  67.245628  57.736877  52.296043 
 55.905472  65.577347  78.209373  91.525467  103.764534  114.768753  123.929993  130.071091  131.967651  129.018753  122.540939  113.089996  101.605469  89.353905  76.570313  63.938438  54.340935 
 59.325729  72.332809  86.947968  101.425629  115.427338  128.918900  140.478119  148.459213  151.185944  147.586411  139.339996  127.137817  113.156403  99.055000  84.679840  70.300156  57.709526 
 62.875000  77.932503  93.728439  109.249374  125.021088  140.810944  155.086716  164.278275  167.396561  163.505005  153.795319  139.556870  122.913132  106.901405  91.185783  75.586250  60.934586 
 65.398277  81.667656  98.260155  114.692032  131.887192  149.354843  164.757187  174.651245  177.728912  173.942810  164.022339  148.093750  129.732025  112.289841  95.583595  79.309998  63.690422 
 66.636047  83.135628  99.963593  117.262192  135.036087  152.908432  168.750305  178.440308  181.607193  177.874847  168.434219  152.258118  133.647659  115.432343  97.834221  80.722191  64.762604 
 65.963074  82.185783  98.631096  115.235474  132.886871  150.835464  166.211243  175.837494  178.866089  174.900787  165.572968  149.664841  130.611725  112.863907  95.911247  79.553123  64.213959 
 63.588951  78.844376  94.613129  110.254532  126.431870  142.609070  157.181564  166.709061  169.665619  165.558899  155.744370  140.963120  124.114532  108.060623  92.197968  76.633278  62.016403 
 60.276299  73.566093  88.051407  102.496246  116.636871  130.340317  142.483124  150.687805  153.615784  150.294220  141.767502  129.303284  114.991714  100.772186  86.302345  71.707031  58.827660 
 57.100945  67.304688  80.048126  93.105156  105.529533  116.821091  126.472809  132.780151  134.921249  132.218124  125.337494  115.314529  103.808128  91.392342  78.209686  65.383591  55.152138 
 54.819847  61.011719  70.678284  82.139687  92.935158  102.449532  109.992653  114.937500  116.543442  114.374222  108.894218  100.997185  91.328751  80.651878  68.931091  59.117653  52.815781 
 51.100258  55.721092  61.259315  69.990097  79.379951  87.506821  93.547867  97.277916  98.532188  97.189430  92.687340  86.211777  77.995003  68.625626  59.011719  53.858284  49.774948 
 } 
 B Channel
 {
 32.667137  36.657555  40.880676  47.271770  53.982758  59.740730  63.961723  66.572708  67.041100  65.864372  63.143646  58.736771  53.024529  46.706356  40.197132  36.392551  34.568382 
 35.075466  39.533592  46.485470  54.753441  62.386719  68.841560  73.874847  76.809372  77.605469  76.079376  72.871559  67.934685  61.473907  54.109688  46.026093  39.164845  35.855049 
 37.085934  44.235939  53.357498  62.634842  71.212341  78.830315  84.930466  88.786560  89.735626  87.947029  83.920937  77.854843  70.287033  61.926247  52.711403  43.819687  37.725521 
 39.575417  49.036247  59.354065  69.518593  79.121872  88.175468  95.806091  100.826561  102.408752  100.097031  95.028908  87.266403  78.128128  68.725937  58.639847  48.422340  40.276722 
 42.340366  52.933907  63.972191  74.782188  85.620468  96.144531  105.243279  111.052498  113.081406  110.544373  104.593285  95.477501  84.818748  74.082344  63.174530  52.273285  42.830990 
 44.148800  55.488594  66.938904  78.250778  90.037811  101.695625  111.652657  117.862808  119.916245  117.739532  111.473907  101.313904  89.383591  77.710312  66.203903  54.969215  44.906094 
 45.065731  56.537811  68.093124  79.845154  91.904999  103.949997  114.332184  120.644226  122.889526  120.605774  114.681412  104.118439  91.754684  79.876877  67.763596  56.063438  45.673435 
 44.700050  55.941093  67.397346  78.798904  90.661095  102.319221  112.445007  118.968277  121.241882  118.929062  113.184219  102.908127  90.284843  78.249687  66.619217  55.320160  45.217865 
 43.083649  53.646561  64.819687  75.707344  86.568436  97.157814  106.452972  112.825470  115.224533  112.952820  106.767654  97.218285  86.131874  75.137810  64.103592  53.131561  43.505726 
 40.548073  49.905785  60.363129  70.487656  80.094376  89.111717  97.149216  102.685471  104.693748  102.712502  97.499847  89.277809  79.760941  69.966095  59.715157  49.434685  40.897606 
 38.163231  45.516563  54.792969  64.095467  72.638596  80.276566  86.870941  91.203590  92.649216  91.174065  86.759064  80.182968  72.130936  63.453751  54.074371  44.898594  38.255466 
 36.320004  41.029999  48.074532  56.378441  63.965622  70.662346  76.017029  79.408440  80.601250  79.393593  75.877655  70.361252  63.584061  55.865936  47.316719  40.234688  36.164684 
 33.464169  37.130001  41.264736  47.570103  54.479378  60.333801  64.718903  67.443436  68.332916  67.606720  64.689117  60.110832  54.048233  47.267193  40.168175  36.276356  33.693439 
 } 


 White Balance Data with optical Center Data
 r_center_x =  641 r_center_y =  505 
 gr_center_x =  656 gr_center_y =  482 
 b_center_x =  654 b_center_y =  505 
 gb_center_x =  657 gb_center_y =  466 
 r/gr 0.583413 
 b/gr 0.676695 
 gb/gr 1.001049 
 r_oc_ave 106.266670 
 b_oc_ave 123.257782 
 gr_oc_ave 182.146667 
 gb_oc_ave 182.337784 

 [AWB]
 RGr =  0.583413 
 BGr =  0.676695 
 GbGr =  1.001049 
 r_oc_ave =  106.266670 
 b_oc_ave =  123.257782 
 gr_oc_ave =  182.146667 
 gb_oc_ave =  182.337784 