 LEFT LENS SHADING DATA
 RED Channel
 {
 35.509167  38.785835  43.654533  51.341042  59.360413  66.228493  71.565002  75.193283  76.377502  75.076355  71.435471  65.958183  58.790260  51.126099  43.912605  39.791927  37.015259 
 37.696667  42.930000  51.242653  61.011871  70.285004  78.422028  85.370003  89.997658  91.471252  89.747185  85.188591  78.386719  69.917969  60.725471  51.078438  43.311718  39.150677 
 39.939945  48.585159  59.404221  70.655785  81.438904  91.327660  99.969688  106.040314  108.047813  105.808746  99.786720  91.137970  80.959534  70.331718  59.037186  48.493904  40.895779 
 43.210938  54.464691  66.830467  79.401718  91.926559  104.055466  114.896713  122.690308  125.434692  122.257813  114.517502  103.677345  91.479065  79.101097  66.464218  54.068123  43.737293 
 46.643024  59.293434  72.678123  86.681404  101.096565  115.419693  128.589371  137.582809  140.865784  137.150467  128.126099  114.901566  100.516716  86.415627  72.429062  58.929688  46.821766 
 49.115883  62.778595  76.907341  91.823593  107.845467  124.061874  138.568130  148.339218  151.654373  147.922028  138.233597  123.425934  107.038910  91.415627  76.538284  62.461250  49.188332 
 50.319794  64.255623  78.725784  94.127190  110.949684  127.899689  142.987976  152.892502  156.194534  152.502350  142.996872  127.679688  110.761566  94.485626  78.612190  63.764534  50.257240 
 49.733910  63.432030  77.638435  92.782028  109.033127  125.591568  140.440933  150.172028  153.376251  149.718750  140.387192  125.367188  108.388283  92.527496  77.414063  62.933594  49.762970 
 47.788799  60.568596  74.154533  88.413750  103.195465  118.345627  131.892349  141.277344  144.528275  140.809219  131.232971  117.666245  102.597343  88.242340  74.020470  60.207970  48.112762 
 44.573597  56.034218  68.597656  81.606720  94.765312  107.555000  118.983444  127.056717  129.986252  126.861557  118.605316  106.983284  94.194061  81.456253  68.535782  55.884529  45.244740 
 41.528336  50.763748  61.757965  73.447342  84.927658  95.523438  104.727188  111.157341  113.530472  111.073441  104.358597  95.095627  84.417343  73.245003  61.585785  50.715622  42.802708 
 39.609325  45.225780  53.868279  64.109222  73.933594  82.832344  90.239220  95.123749  96.955002  95.015472  89.839218  82.482971  73.585625  63.961403  53.928436  45.797970  41.188179 
 37.401405  41.015987  46.194744  54.250252  62.450890  69.900467  75.813171  79.538750  80.862923  79.432343  75.328178  69.389839  62.113953  53.981201  46.516357  42.200256  38.710674 
 } 
 GR Channel
 {
 48.563385  53.620468  59.885262  69.028694  78.247604  85.892761  91.800674  95.700783  97.152710  95.529068  91.846405  85.771935  77.872391  68.799271  60.060989  54.655098  50.140106 
 52.074638  59.472343  69.556717  80.882660  91.475937  100.437965  107.785469  112.461411  114.135620  112.301559  107.573280  100.416718  91.186562  80.690941  69.415779  59.617188  53.654686 
 55.529068  66.521561  79.219215  92.074844  104.069061  114.996399  124.215469  130.611557  132.806244  130.535004  124.266724  115.065475  104.044998  92.174690  79.052032  66.126877  56.450211 
 59.793282  73.591408  88.008904  101.834846  115.783127  129.207657  141.182816  149.467651  152.470001  149.259689  141.270004  129.588593  115.992813  102.354218  87.748283  73.025314  60.180313 
 64.066826  79.439529  94.828751  109.955780  125.656723  141.913910  156.457809  166.393433  169.895309  166.143600  156.680618  142.422974  126.204681  110.482971  94.610313  78.767654  64.101616 
 67.220367  83.446404  99.392967  115.706879  133.035461  151.043747  167.461243  178.090942  181.808594  178.034531  167.904694  151.889374  133.480774  116.313431  99.328438  82.878441  66.971359 
 68.710625  85.178123  101.498436  118.255936  136.668747  155.653595  172.378906  183.105942  186.495468  182.894226  173.159378  156.514999  137.795944  119.805161  101.774063  84.442032  68.254738 
 68.010727  84.302811  100.352188  116.924530  134.711090  153.310623  169.971725  180.352661  183.784378  180.087036  170.334381  153.985153  134.800156  117.278122  100.099220  83.496559  67.696564 
 65.834587  81.160004  96.637184  112.287964  128.608276  145.297180  160.446869  170.601089  174.337662  170.688599  160.462036  145.497650  128.449524  112.407654  96.346405  80.403282  65.582657 
 61.719994  75.826248  90.275780  104.747032  119.080780  133.116257  145.615936  154.320618  157.772964  154.642029  146.147812  133.551559  119.297501  104.915466  90.088440  75.206566  61.981560 
 57.909225  69.407341  82.440941  95.627190  108.115158  119.698746  129.603745  136.437347  139.003128  136.472351  129.462662  119.673599  108.073128  95.466248  81.993439  68.794220  58.616920 
 54.867607  62.428436  73.035309  84.735466  95.607498  105.318748  113.172348  118.246567  120.268906  118.213913  112.863434  105.098595  95.312035  84.352341  72.453438  62.403908  56.057449 
 51.019684  56.397606  63.038643  72.634850  82.047081  90.070000  96.378380  100.505318  102.055367  100.486610  96.148018  89.864220  81.513077  72.062973  63.046768  57.174942  52.013702 
 } 
 GB Channel
 {
 48.729477  54.031975  60.458122  70.000107  79.651871  87.664375  93.871048  97.936302  99.582863  98.033279  93.905678  87.429161  79.090004  69.507133  60.513695  54.808540  50.539375 
 51.818230  59.306564  69.719376  81.418434  92.478127  101.758125  109.556877  114.723587  116.471405  114.585159  109.524216  101.893753  92.087502  81.277344  69.577660  59.599373  53.694374 
 54.923798  66.251091  79.207809  92.336716  104.753593  116.050003  125.805939  132.525467  134.953430  132.577194  126.116714  116.311249  104.783279  92.451561  78.957344  65.810783  56.010574 
 58.914948  72.961403  87.483437  101.700470  115.941559  129.813904  142.197037  150.963287  154.170776  150.970154  142.573441  130.453278  116.369690  102.256721  87.347809  72.269066  59.349899 
 62.679741  78.313278  93.928749  109.294998  125.308289  141.738281  156.762192  167.113434  170.985474  167.175308  157.388596  142.621567  126.051254  110.060310  93.835785  77.741096  62.825050 
 65.629478  82.021561  98.118591  114.524368  131.978119  150.034683  166.831253  177.811569  181.853592  178.152817  167.757034  151.386719  132.782501  115.302185  98.122185  81.469063  65.605316 
 66.963081  83.344528  99.727966  116.655472  135.090622  154.003601  170.851410  182.045319  185.894836  182.371094  172.396881  155.558121  136.753128  118.413437  100.247971  82.837654  66.789108 
 66.233749  82.449997  98.459846  115.018280  132.803284  151.458435  168.135620  178.977661  182.929840  179.240463  169.311249  152.838287  133.457031  115.733597  98.419998  81.775627  66.182709 
 63.927704  79.241875  94.695778  110.410004  126.606094  143.424377  158.771255  169.298752  173.308121  169.585464  159.352188  144.320313  127.185150  110.863747  94.706406  78.775627  64.020203 
 60.079636  74.099846  88.634689  102.980316  117.182037  131.494537  144.101089  153.059998  156.720154  153.675781  145.054214  132.370468  118.032028  103.510315  88.599060  73.604378  60.639374 
 56.385414  67.961250  80.991409  94.081566  106.634842  118.383743  128.313904  135.444687  138.127655  135.612183  128.551407  118.557037  106.876564  94.193909  80.587029  67.461403  57.502029 
 53.726822  61.253281  71.842499  83.602028  94.654999  104.355316  112.413132  117.761566  119.711243  117.698288  112.175308  104.364998  94.408752  83.307030  71.394218  61.303596  55.231720 
 50.183067  55.480576  62.147499  71.801407  81.367920  89.715729  96.180618  100.551567  101.965843  100.330154  95.884071  89.388748  81.050835  71.221825  62.067764  56.304214  51.152138 
 } 
 B Channel
 {
 16.869377  19.181458  22.335258  26.720680  31.196354  34.785313  37.635208  39.186409  39.698174  38.985210  37.331772  34.482502  30.773281  26.288593  22.071873  19.500313  18.216560 
 18.104794  21.441875  26.271717  31.655468  36.592186  40.646561  43.903126  45.884533  46.397968  45.563126  43.568436  40.382500  36.120155  31.211720  25.798126  21.280312  19.309063 
 19.610680  24.750469  30.779842  36.852032  42.256561  47.060001  50.997810  53.499062  54.291405  53.286720  50.730003  46.732967  41.839375  36.311562  30.159061  24.240467  20.543594 
 21.576405  28.080780  34.805626  41.195782  47.382343  53.126404  57.995155  61.257034  62.369690  61.063904  57.757965  52.738907  46.899532  40.779373  34.043594  27.395000  22.272079 
 23.500572  30.622032  37.771095  44.701096  51.551247  58.253128  64.100937  67.892502  69.306404  67.855782  63.973907  57.973595  51.111404  44.187500  37.039063  29.963905  23.969948 
 25.011562  32.446564  39.711094  46.946095  54.432190  61.857033  68.268127  72.406563  73.951248  72.522186  68.415779  61.666092  53.945000  46.465157  38.992657  31.760155  25.278282 
 25.622345  33.071720  40.429218  47.797970  55.588593  63.277191  69.946091  74.275627  75.847504  74.455315  70.419373  63.519379  55.587189  47.872971  39.997189  32.426720  25.851093 
 25.323906  32.603283  39.899532  47.151405  54.603905  62.038910  68.625465  72.999687  74.643127  73.262970  69.360779  62.523590  54.324066  46.800312  39.259064  31.931717  25.578175 
 24.179581  31.064999  38.155312  45.064842  51.849998  58.565941  64.759689  69.056564  70.713127  69.340622  65.172501  58.905472  51.683594  44.756092  37.598595  30.452187  24.497189 
 22.317085  28.583752  35.232498  41.650158  47.618595  53.430939  58.749687  62.456566  63.974846  62.772972  59.126717  53.667191  47.589687  41.347500  34.748905  28.035782  22.838490 
 20.350624  25.571877  31.553123  37.414845  42.795155  47.786720  52.095940  55.175003  56.300468  55.260941  52.283279  47.913906  42.785782  37.180157  31.025780  25.145626  21.163124 
 18.961769  22.375938  27.194843  32.424999  37.327499  41.671093  45.286720  47.669998  48.525780  47.655155  45.221249  41.692501  37.223907  32.253750  26.795155  22.179375  19.817295 
 17.264687  19.523853  22.520054  26.855831  31.299999  35.091305  38.056095  39.969585  40.685574  39.955368  37.830833  34.905418  31.128696  26.703751  22.404530  19.686459  17.881039 
 } 


 White Balance Data with optical Center Data
 r_center_x =  620 r_center_y =  495 
 gr_center_x =  619 gr_center_y =  501 
 b_center_x =  609 b_center_y =  508 
 gb_center_x =  625 gb_center_y =  469 
 r/gr 0.837053 
 b/gr 0.406132 
 gb/gr 0.997148 
 r_oc_ave 156.528885 
 b_oc_ave 75.946663 
 gr_oc_ave 187.000000 
 gb_oc_ave 186.466660 

 [AWB]
 RGr =  0.837053 
 BGr =  0.406132 
 GbGr =  0.997148 
 r_oc_ave =  156.528885 
 b_oc_ave =  75.946663 
 gr_oc_ave =  187.000000 
 gb_oc_ave =  186.466660 