 LEFT LENS SHADING DATA
 RED Channel
 {
 25.240993  27.386826  30.812500  36.461094  42.632656  47.912182  51.984688  54.594742  55.338951  54.373169  51.444527  47.094273  41.675991  35.603439  30.123280  27.055626  25.304375 
 26.900990  30.549530  36.686249  44.276718  51.473282  57.783440  62.777191  66.060783  67.095627  65.585472  62.162659  56.779686  50.182030  43.064686  35.701405  29.834373  26.930210 
 28.228695  34.637657  42.719845  51.433746  59.611092  67.223747  73.525002  77.731560  79.044220  77.284065  72.774689  66.114998  58.447655  50.233437  41.580467  33.708908  28.147861 
 30.530209  38.921875  48.267029  57.915001  67.198593  76.230469  84.125153  89.607185  91.332809  88.906876  83.240784  75.128754  65.958908  56.461403  46.843437  37.679531  30.091824 
 32.629112  42.501408  52.633438  63.083595  73.684059  84.087967  93.498283  99.842972  102.001251  99.285622  92.734222  83.127968  72.287033  61.621246  51.103127  41.087967  32.342346 
 34.241146  44.604061  55.355782  66.495781  78.031715  89.584686  99.806091  106.503281  108.756409  106.179535  99.336563  88.848282  76.744530  65.055153  53.927498  43.400314  33.773647 
 34.988125  45.443127  56.289528  67.819847  79.807343  91.830002  102.375000  109.016251  111.267342  108.815941  102.148903  91.447342  79.045937  66.930779  55.287659  44.244843  34.331303 
 34.548023  44.717186  55.427032  66.538597  78.161247  89.715309  99.998909  106.714066  108.996094  106.356720  99.970779  89.553284  77.047188  65.282188  54.053123  43.443905  33.996613 
 32.775311  42.419064  52.506561  63.069221  73.796410  84.158592  93.395782  99.841560  101.970627  99.518280  93.120155  83.548592  72.635628  62.029686  51.525780  41.429218  32.584007 
 30.221409  38.809532  48.091873  57.678436  67.146561  76.082497  83.968750  89.275780  91.225311  89.177498  83.676094  75.538124  66.201874  56.790466  47.220936  37.995625  30.283127 
 27.923225  34.614063  42.830154  51.467033  59.704063  67.241409  73.642967  77.814064  79.297028  77.498749  72.977501  66.328590  58.680626  50.486252  41.951717  33.967812  27.956142 
 26.473282  30.582657  37.059532  44.504219  51.757660  57.960785  63.101875  66.324844  67.440781  66.049377  62.395782  57.150154  50.609222  43.579220  36.051720  30.061562  26.859898 
 25.321613  27.827450  31.677654  37.744846  43.989532  49.262657  53.253540  55.945053  56.833076  55.858543  53.086403  48.575363  42.991928  36.911510  30.710674  27.709896  25.965313 
 } 
 GR Channel
 {
 50.300987  54.840988  60.554527  69.887131  79.381927  87.515724  93.841820  97.729790  99.067085  97.626091  93.514740  86.903336  78.242607  69.003174  60.159630  55.324577  51.891251 
 53.826401  60.507034  70.422653  82.329842  93.540466  103.282814  110.999535  116.029373  117.856247  115.704224  110.804535  102.866249  92.807190  81.384216  69.724846  60.011253  55.065826 
 56.499428  67.279221  80.214691  93.480934  106.248909  118.145462  127.777344  134.323914  136.598907  134.218597  127.669998  117.837967  105.874535  93.041718  79.429840  66.494217  57.290672 
 60.426613  74.070160  88.794685  103.440468  117.779221  131.909058  144.190002  152.649368  155.679993  152.483124  144.377655  132.052811  117.695786  102.946091  87.748749  72.952034  60.582657 
 64.023338  79.632500  95.302345  111.438751  127.565308  143.639069  158.325317  168.270462  171.884689  168.520782  159.001724  144.523590  127.799683  111.062187  94.620155  78.610001  64.229996 
 66.614738  83.124535  99.571251  116.625305  134.252029  152.075470  167.947815  178.361404  182.263748  178.989212  169.171875  153.216568  134.562805  116.507813  99.074844  82.395782  66.715157 
 67.740318  84.480316  101.035309  118.542969  136.859375  155.479538  171.799530  182.162506  185.925156  182.923904  173.578430  157.297028  138.351257  119.719849  101.434059  83.742500  67.726662 
 66.970055  83.251091  99.716873  116.545471  134.237183  152.300781  168.359070  178.752655  182.365311  179.052032  170.183441  154.565002  135.039536  116.686569  99.214378  82.484840  66.953804 
 64.255882  79.752342  95.281403  111.317497  127.857651  144.077194  158.579056  168.612350  172.123901  168.763901  159.474060  145.012970  128.048126  111.379372  94.848747  78.979843  64.746719 
 60.226822  74.159531  88.562035  103.246407  117.830933  131.932037  144.183746  152.626724  155.699692  152.959839  144.820786  132.423279  117.972183  103.036247  88.116249  73.418594  60.702133 
 56.529434  67.582970  80.468437  93.732658  106.535309  118.277817  128.384995  134.946564  137.267807  134.832657  128.142349  117.973587  106.017815  93.152809  79.753754  66.906403  56.907448 
 53.988022  61.205940  71.518127  83.211403  94.257965  104.105156  112.155945  117.193130  119.185318  117.094681  111.611252  103.645782  93.565781  82.457344  70.418747  60.626877  54.916039 
 51.449684  56.427597  62.836037  72.349953  82.007759  90.427452  96.649269  100.730629  102.412392  101.036354  96.727921  90.074318  81.390572  71.800476  61.638748  56.584373  53.228539 
 } 
 GB Channel
 {
 51.424423  55.567757  61.390884  70.776718  80.434273  88.670624  95.189217  99.067451  100.454529  98.582390  94.224953  87.460205  78.836044  69.234367  60.302551  55.365578  52.181412 
 54.631088  61.224220  71.291092  83.444847  94.824684  104.494377  112.337341  117.423904  119.121399  116.897812  111.581406  103.338127  93.131874  81.656876  69.772346  60.033279  55.050156 
 56.912292  67.866875  81.021721  94.567184  107.469215  119.455307  129.198914  135.760162  137.957962  135.283127  128.570313  118.373123  106.247345  93.161873  79.319061  66.292191  57.028435 
 60.786514  74.646721  89.595154  104.565002  119.115311  133.275620  145.593597  154.144836  156.950943  153.506561  145.135620  132.631714  118.058594  103.013908  87.628906  72.631874  59.991043 
 64.169586  80.144997  96.240623  112.567810  128.845932  144.906403  159.572037  169.551086  173.145462  169.207504  159.423431  144.856873  127.895935  111.005470  94.257660  78.092499  63.522919 
 66.624420  83.459221  100.277031  117.486557  135.161880  152.962494  168.612350  179.045776  182.874695  179.211716  169.134995  153.051712  134.488129  116.186096  98.563751  81.666092  66.009636 
 67.636879  84.689377  101.548904  119.240631  137.507187  155.975784  171.937500  182.329529  185.892654  182.624527  173.175308  156.849213  137.835785  119.123596  100.572502  82.931091  66.642555 
 66.729996  83.336250  100.012970  117.049057  134.766251  152.529999  168.400467  178.732025  182.242188  178.678757  169.469681  153.996399  134.365936  115.977493  98.312965  81.449219  66.006096 
 63.981827  79.782028  95.511566  111.703590  128.127029  144.090622  158.288284  168.243591  171.704681  168.098282  158.683899  144.273743  127.310150  110.700623  93.974373  78.145309  63.646141 
 59.945992  74.082031  88.615936  103.342659  117.783600  131.595779  143.646408  151.847504  154.891876  151.960632  143.725159  131.403122  117.038284  102.219376  87.134064  72.546562  59.746147 
 56.353958  67.489372  80.447502  93.625938  106.246094  117.788757  127.639694  134.059525  136.275787  133.760941  126.955933  116.975632  105.136253  92.350471  78.840157  66.094376  56.146042 
 53.875206  61.088127  71.502502  83.098282  93.856247  103.440155  111.292030  116.288437  118.112350  116.011246  110.515472  102.608910  92.680153  81.697502  69.723907  59.951248  54.339584 
 51.567291  56.489792  62.721252  72.211830  81.552925  89.817863  96.070572  100.007187  101.445885  100.043747  95.786507  89.212029  80.553284  70.963745  61.014526  55.875008  52.777916 
 } 
 B Channel
 {
 35.760159  39.190155  43.559010  50.461868  57.356201  63.196350  67.366402  70.089943  70.910057  69.917816  67.102295  62.589844  56.399948  49.380936  42.968906  39.326355  37.236351 
 38.161823  43.207031  50.721718  59.693123  67.696404  74.397186  79.547028  82.757660  83.804840  82.436562  79.079376  73.634216  66.488907  58.419685  49.900780  43.113438  39.703022 
 40.068279  48.073906  57.883125  67.916565  76.879372  84.920784  91.312187  95.538750  96.779533  95.123909  90.748123  83.985001  75.739532  66.650780  56.980316  47.985783  41.391407 
 42.879528  53.045158  63.935310  74.811096  84.950783  94.515160  102.594688  108.136719  110.012970  107.663284  102.089844  93.783752  83.933281  73.675316  63.014687  52.806877  44.018959 
 45.535313  56.924065  68.375626  79.880157  91.361092  102.449684  112.257660  118.648438  120.906097  118.477814  112.135315  102.230469  90.631721  79.080467  67.684532  56.812500  46.730000 
 47.361977  59.310310  71.171875  83.032341  95.179062  107.602966  118.425781  125.200470  127.480774  125.220779  118.705475  107.760780  95.053123  82.444534  70.630936  59.464844  48.505058 
 48.148537  60.195625  72.074066  84.095314  96.677498  109.328751  120.420151  127.373596  129.720627  127.526718  121.266098  110.158127  97.150627  84.422501  72.039841  60.290627  49.306870 
 47.565624  59.424377  71.248749  82.951721  95.030937  107.126877  117.928589  124.922180  127.467346  125.122192  119.099380  108.652809  95.284531  82.635468  70.666405  59.397186  48.807610 
 45.422398  57.015312  68.388435  79.667969  90.967186  101.707809  111.298904  117.927505  120.388748  118.162811  112.171875  102.271721  90.736717  79.343750  67.894684  57.208435  47.247192 
 42.564114  52.991409  63.654999  74.182190  84.175003  93.393280  101.467812  106.805313  108.862816  107.150780  101.889374  93.763123  83.934372  73.657501  63.154846  53.243439  44.190521 
 39.955257  48.222969  57.931091  67.613907  76.625153  84.444687  90.903282  95.019066  96.445778  94.912346  90.622032  84.004372  75.916092  66.904846  57.332344  48.423279  41.503490 
 38.317554  43.768593  51.811409  60.678284  68.796249  75.559845  80.815315  83.947342  85.073753  83.731560  80.212967  74.753281  67.827972  59.791718  51.094688  44.252499  40.279583 
 36.601299  40.420052  45.687862  53.363068  60.869164  66.880058  71.287392  74.076714  74.963333  73.874901  71.063591  66.256401  60.109009  52.754005  45.140102  41.781670  39.431667 
 } 


 White Balance Data with optical Center Data
 r_center_x =  634 r_center_y =  466 
 gr_center_x =  636 gr_center_y =  469 
 b_center_x =  672 b_center_y =  490 
 gb_center_x =  660 gb_center_y =  460 
 r/gr 0.598569 
 b/gr 0.697603 
 gb/gr 0.999785 
 r_oc_ave 111.533333 
 b_oc_ave 129.986664 
 gr_oc_ave 186.333328 
 gb_oc_ave 186.293335 

 [AWB]
 RGr =  0.598569 
 BGr =  0.697603 
 GbGr =  0.999785 
 r_oc_ave =  111.533333 
 b_oc_ave =  129.986664 
 gr_oc_ave =  186.333328 
 gb_oc_ave =  186.293335 