 LEFT LENS SHADING DATA
 RED Channel
 {
 25.014637  27.165470  30.198647  35.670052  41.523647  46.799580  50.940941  53.351768  54.101410  52.904533  50.204269  46.009945  40.601929  34.754219  29.223278  26.114426  24.661095 
 26.346302  29.596092  35.331562  42.632343  49.694061  55.846252  60.839691  64.058441  65.017029  63.406403  59.965935  54.650154  48.310471  41.473595  34.355156  28.454220  25.575256 
 27.524635  33.408592  41.248749  49.786247  57.825783  65.242340  71.549843  75.764847  77.010628  75.126877  70.611252  64.036247  56.414375  48.483910  40.174530  32.320625  26.666042 
 29.596355  37.695938  46.875156  56.462814  65.696716  74.637497  82.447968  87.924377  89.737503  87.299690  81.557343  73.370155  64.161560  54.943909  45.539532  36.565468  28.906929 
 31.959270  41.337189  51.397346  61.962341  72.559219  83.073128  92.466721  98.639374  100.760315  98.063904  91.577034  81.766403  70.903122  60.254845  49.871246  40.022812  31.069061 
 33.672550  43.773594  54.464531  65.720779  77.390625  89.080940  99.282501  105.959061  108.321251  105.634529  98.806717  87.996407  75.690628  64.052345  52.859528  42.455154  32.968700 
 34.427917  44.847500  55.734375  67.522346  79.615936  91.712189  102.400627  109.168747  111.467186  108.923904  102.282967  91.139534  78.599373  66.276405  54.419846  43.435158  33.704533 
 34.113281  44.342655  55.144844  66.507813  78.305466  90.285622  100.846252  107.615936  109.908127  107.134689  100.576096  89.736092  76.834686  64.824844  53.451561  42.810314  33.403229 
 32.740261  42.395470  52.675316  63.292656  74.163597  85.142654  94.803284  101.353279  103.484062  100.779533  94.088905  84.042969  72.772972  61.768906  51.095779  40.978127  32.067287 
 30.724373  38.993126  48.395782  58.238594  67.945465  77.248749  85.411873  90.991096  92.998909  90.690155  84.759689  76.222343  66.556564  56.808281  47.147186  37.837658  29.756195 
 29.030624  35.000626  43.253437  52.099686  60.717499  68.392029  75.008751  79.432503  80.913284  79.025154  74.091095  67.169685  59.229691  50.788597  42.074844  33.884842  27.724216 
 27.995003  31.490002  37.613125  45.283749  52.574066  59.037971  64.347504  67.734222  68.781715  67.143440  63.436096  57.837967  51.091873  43.917812  36.236717  30.047031  26.495991 
 26.602501  28.916252  32.141045  37.711666  43.768646  49.119843  53.289581  56.076927  56.860672  55.782181  52.890892  48.298180  42.822708  36.614895  30.331093  27.261826  25.170990 
 } 
 GR Channel
 {
 50.695473  55.645889  61.093117  70.141411  79.412712  87.254898  93.858849  97.670631  99.066246  97.506874  93.522873  87.007866  78.641930  69.618080  60.516098  55.165520  52.483017 
 54.031303  60.263596  69.863129  81.553284  92.364372  101.960312  109.729691  114.716873  116.582504  114.221878  109.196404  101.358910  91.511719  80.628281  69.047966  59.348434  54.110939 
 56.403183  66.584221  79.368279  92.570465  104.988434  116.546249  126.322495  132.884064  135.177505  132.451401  125.917343  116.043274  104.155624  91.748123  78.410782  65.670311  55.981979 
 60.037132  73.471092  87.943909  102.514999  116.935623  130.854538  143.025940  151.359528  154.447495  151.348755  143.331253  130.631714  116.346878  101.837029  87.003593  72.463753  59.678749 
 63.953804  79.102341  94.757347  110.760315  127.089218  143.304688  157.878433  167.527191  171.128128  167.790939  158.330154  143.680618  126.934692  110.251251  93.946877  78.164215  63.417763 
 66.730156  83.004532  99.451096  116.636414  134.486099  152.381714  168.361557  178.707184  182.341721  178.708755  169.235001  153.125778  134.404068  116.230942  98.642502  82.114845  66.255890 
 68.067970  84.518593  101.332809  119.191406  137.623901  156.417191  172.895309  183.118591  186.698120  183.441101  174.337814  157.952194  138.829529  119.854065  101.228592  83.616096  67.497963 
 67.336670  83.597504  100.267189  117.634216  135.502350  154.083435  170.059845  180.591400  184.124069  180.693283  171.757965  155.683121  135.886414  117.184525  99.414375  82.487190  66.843018 
 64.922760  80.379219  96.322502  112.575317  129.372818  146.138443  161.007034  171.037506  174.759216  171.125931  161.753754  146.741562  129.189529  112.173599  95.547028  79.412033  64.504738 
 61.490578  75.102028  89.732185  104.772659  119.595779  134.051086  146.835312  155.322968  158.518753  155.536407  147.201874  134.269226  119.369370  104.303749  89.207031  74.346565  60.851143 
 58.439735  68.833282  81.866875  95.508904  108.591721  120.584686  130.796249  137.520157  140.100784  137.462662  130.315308  119.891403  107.806564  94.750626  80.990158  67.830315  57.426559 
 56.149269  62.862190  72.951408  84.777657  96.141251  106.144379  114.114059  119.481094  121.200623  119.107025  113.477493  105.195313  94.983749  83.636566  71.335472  61.285156  55.039948 
 52.755104  58.156349  63.731613  72.785370  82.127495  90.495209  96.764061  101.128380  102.553955  101.012657  96.830002  89.803230  81.127495  71.381561  61.281090  56.152031  52.691612 
 } 
 GB Channel
 {
 51.997192  56.595520  61.951668  71.301094  80.521873  88.735832  95.288383  99.160835  100.300262  98.579269  94.388130  87.836662  79.141563  69.879379  60.679848  55.105103  52.633018 
 54.909691  61.023438  70.743752  82.602966  93.581879  103.252502  111.034843  116.058746  117.830475  115.220932  109.939377  101.830002  91.881561  80.836876  69.131721  59.278435  54.125519 
 56.913490  67.132034  80.148285  93.724846  106.218903  117.814377  127.658279  134.224060  136.341721  133.497025  126.642807  116.485306  104.505310  91.741722  78.319847  65.377342  55.668388 
 60.332443  73.935158  88.751091  103.682190  118.157974  132.098587  144.410934  152.733749  155.603592  152.213593  143.770935  130.991257  116.421402  101.796410  86.704842  71.937500  59.160835 
 63.975578  79.489532  95.410309  111.757034  128.212036  144.567810  159.023911  168.497025  172.001724  168.310944  158.416565  143.681870  126.722183  109.881248  93.317184  77.446877  62.623962 
 66.700256  83.109222  99.926872  117.288910  135.220001  153.199997  168.959381  179.203903  182.494843  178.779694  168.880783  152.747818  133.779068  115.430313  97.802032  81.030472  65.265266 
 67.785362  84.485153  101.583908  119.597351  137.963440  156.663132  172.908600  183.051407  186.456100  182.975632  173.522659  157.045624  137.853287  118.881409  100.177811  82.467499  66.293755 
 66.967400  83.446564  100.416405  117.799057  135.687027  153.914688  169.908432  180.135162  183.579849  179.872498  170.669693  154.503754  134.783432  116.050781  98.309532  81.274841  65.738800 
 64.598122  80.238129  96.341408  112.559845  129.248444  145.827652  160.318756  170.413132  173.894836  170.042816  160.492188  145.434998  127.949997  110.981407  94.305153  78.152344  63.395050 
 61.195518  74.875938  89.541565  104.561409  119.310318  133.527344  145.910629  154.339539  157.313126  154.144379  145.695465  132.774536  117.971405  103.054222  87.983437  73.051407  59.712868 
 58.186928  68.507965  81.525627  95.167030  108.095154  119.779999  129.803436  136.366562  138.784851  135.922028  128.723282  118.331406  106.365623  93.463593  79.742500  66.637344  56.314217 
 56.229225  62.577347  72.700310  84.457344  95.621094  105.249374  113.136093  118.315308  120.013748  117.706558  112.020935  103.803596  93.571716  82.461716  70.235939  60.238907  54.069534 
 53.015884  58.035881  63.361565  72.302963  81.702972  89.913124  96.061722  100.473228  101.570839  99.952812  95.685936  88.664627  80.115265  70.314011  60.490936  55.304947  51.737038 
 } 
 B Channel
 {
 35.419792  38.999794  43.129322  50.235100  57.415260  63.606247  68.289223  70.811768  71.874168  70.645157  67.788223  63.180984  56.855309  49.814323  43.049480  39.144115  37.684113 
 37.161041  41.785625  49.069534  57.850937  66.096718  73.022499  78.396095  81.752190  82.767502  81.224533  77.876564  72.350784  65.209061  57.267029  48.712814  41.710155  38.616196 
 38.541302  45.907345  55.484375  65.294998  74.285469  82.284531  88.820938  92.963280  94.319061  92.579063  88.242966  81.547653  73.415314  64.656250  54.906563  45.923595  39.513802 
 41.002293  50.834373  61.609375  72.328278  82.382965  91.822968  99.913597  105.300316  107.093437  104.879997  99.467972  91.175156  81.506248  71.388908  60.828903  50.568596  42.117970 
 43.540470  54.821091  66.379532  77.863907  89.137032  100.046249  109.721252  116.111725  118.148132  115.688126  109.561409  99.809845  88.465935  77.101097  65.592186  54.572029  44.791821 
 45.472500  57.401253  69.361565  81.482811  93.621872  105.703590  116.419220  123.090317  125.251404  122.889847  116.402191  105.664841  93.168747  80.720627  68.545471  57.180313  46.757401 
 46.280262  58.380470  70.636871  83.007500  95.447342  108.143906  119.025620  125.729996  127.945618  125.540619  119.448288  108.385002  95.700157  82.959534  70.206566  58.234062  47.648228 
 45.855213  57.785622  70.015938  82.050003  94.262032  106.570625  117.228287  123.872650  126.079056  123.607346  117.875778  107.180626  93.845154  81.195160  68.959221  57.351563  47.059479 
 44.202290  55.573128  67.392342  78.961090  90.305626  101.370316  111.095779  117.459686  119.779999  117.581406  111.275154  101.196404  89.592972  77.905785  66.259842  55.219528  45.240993 
 41.829998  51.963753  62.894997  73.527031  83.691559  93.119377  101.260780  106.890472  108.868752  107.088127  101.568748  92.935783  82.983437  72.542503  61.809685  51.497971  42.702343 
 39.863853  47.548439  57.151253  66.946716  75.943123  83.903595  90.673279  95.027809  96.508125  94.890312  90.220154  83.324844  74.999687  65.839844  55.985779  46.772186  39.999271 
 38.407135  43.109844  50.434845  59.194061  67.174530  74.167969  79.626404  82.963753  83.902657  82.410156  78.734840  73.040154  65.903908  57.886719  49.033752  42.045937  38.088856 
 35.899216  39.565884  43.635883  50.427818  57.339745  63.466515  67.737450  70.683754  71.236191  70.177032  67.326721  62.382866  56.187447  49.357338  41.907501  38.196354  35.935520 
 } 


 White Balance Data with optical Center Data
 r_center_x =  646 r_center_y =  493 
 gr_center_x =  652 gr_center_y =  515 
 b_center_x =  633 b_center_y =  496 
 gb_center_x =  645 gb_center_y =  496 
 r/gr 0.596749 
 b/gr 0.685240 
 gb/gr 0.999074 
 r_oc_ave 111.764442 
 b_oc_ave 128.337784 
 gr_oc_ave 187.288895 
 gb_oc_ave 187.115555 

 [AWB]
 RGr =  0.596749 
 BGr =  0.685240 
 GbGr =  0.999074 
 r_oc_ave =  111.764442 
 b_oc_ave =  128.337784 
 gr_oc_ave =  187.288895 
 gb_oc_ave =  187.115555 