 LEFT LENS SHADING DATA
 RED Channel
 {
 37.767189  41.185940  46.284744  54.284317  62.643692  69.917290  75.388542  79.022026  80.183548  78.609589  75.009583  69.223335  61.824585  53.764221  46.377758  41.985157  39.850574 
 39.930107  45.480938  54.192032  64.449532  74.150154  82.583122  89.646873  94.293907  95.775627  93.864998  89.033752  82.012497  73.416252  63.877342  54.019218  45.798283  41.562241 
 42.334221  51.392342  62.829529  74.546562  85.723907  95.806564  104.745316  110.887970  112.789688  110.342033  104.126877  95.236404  84.893753  73.949844  62.433441  51.440315  43.465725 
 45.881817  57.464531  70.475311  83.650780  96.619064  108.986717  120.159225  128.058289  130.715942  127.382965  119.357819  108.146873  95.658279  83.069374  69.934998  57.259689  46.476353 
 49.277397  62.695313  76.870316  91.260002  106.195465  120.920319  134.364532  143.556870  146.690475  142.774063  133.484680  119.727661  104.937035  90.531563  76.127342  62.295784  49.593910 
 52.127502  66.248749  81.165314  96.736404  113.114838  129.648285  144.708908  154.568130  157.732651  153.852966  143.823441  128.553436  111.775467  95.794060  80.525627  65.991875  52.088959 
 53.184952  67.885155  83.093750  99.156715  116.456558  133.785934  149.437027  159.348907  162.570786  158.796249  149.109375  133.241089  115.685318  99.053436  82.815468  67.447655  53.323700 
 52.751350  67.295937  82.209061  97.896095  114.678909  131.592499  146.836716  156.816559  159.931244  156.104843  146.550003  130.959213  113.319839  97.084999  81.523590  66.622971  52.811928 
 51.003647  64.525314  78.714844  93.471092  108.806717  124.060944  137.928909  147.332184  150.685471  146.768600  136.967972  123.130157  107.597969  92.730003  78.224533  63.851563  50.894478 
 47.612705  59.810623  72.897499  86.434685  99.751877  112.788132  124.485474  132.811722  135.713593  132.411255  123.869217  112.075317  98.970627  85.858597  72.471252  59.331566  48.011559 
 44.733955  54.166878  65.793747  77.881409  89.747810  100.584373  110.090622  116.617493  118.879837  116.326096  109.466248  99.916092  88.980621  77.414688  65.284378  53.790466  45.370258 
 43.129223  48.711090  57.658440  68.247185  78.445625  87.647034  95.356560  100.323441  102.220779  100.024376  94.797188  87.009842  77.662346  67.551559  57.180939  48.642502  43.748333 
 40.962139  44.368389  49.464684  57.678436  66.359375  73.978485  80.154480  84.265938  85.594742  84.089798  79.947189  73.896309  65.954216  57.457809  49.527611  44.872498  41.330002 
 } 
 GR Channel
 {
 50.886566  56.269478  62.824951  72.383492  81.858849  89.800056  95.888748  99.649162  101.020828  99.348076  95.790268  89.233437  81.231773  71.885521  62.993484  57.209732  53.488075 
 54.616150  62.162811  72.817657  84.673279  95.567184  104.857346  112.451248  117.452499  119.078751  117.050781  111.922966  104.523438  94.993439  84.155937  72.544533  62.513283  56.715157 
 58.081192  69.435158  82.838593  96.305466  108.843437  120.241257  129.835938  136.501877  138.603439  135.867813  129.465317  119.884537  108.335312  96.053436  82.697502  69.446404  59.499535 
 62.607445  76.616409  91.643280  106.517342  121.010468  135.193130  147.507187  156.005310  158.729538  155.586716  147.176559  135.152191  120.980316  106.618279  91.672653  76.572968  63.272758 
 66.976814  82.648285  98.800629  114.885468  131.595001  148.202972  163.214371  173.217651  176.609848  172.747192  163.323593  148.567337  131.759842  115.400940  98.940315  82.513908  67.363281 
 70.451347  87.225937  104.127190  121.222961  139.519836  158.049225  174.602661  185.191254  188.640778  184.934998  174.660629  158.199997  139.414841  121.303436  103.856873  86.838127  70.350212 
 71.739998  88.987503  106.180939  124.039215  143.293900  162.926712  180.036713  190.556717  193.768280  190.074524  180.112503  163.211563  143.773438  125.096252  106.438904  88.621094  71.723389 
 71.178329  88.180000  105.219063  122.614838  141.427032  160.465775  177.625473  188.314529  191.564850  187.570007  177.612350  160.854996  140.961090  122.459839  104.739059  87.436874  70.922707 
 68.677399  84.935310  101.117035  117.709839  134.992966  152.243118  167.786880  178.034225  181.729996  177.897507  167.612183  152.354370  134.587814  117.587341  100.925156  84.169846  68.742546 
 64.713486  79.344528  94.374062  109.585785  124.807190  139.510620  152.450470  161.294846  164.418442  161.249847  152.485153  139.791092  124.950943  109.953125  94.461563  78.930939  65.262184 
 61.080154  72.689529  86.098122  100.004845  113.213287  125.355942  135.804688  142.577194  145.217651  142.524994  135.489380  125.268433  113.139999  99.821716  85.917191  72.223907  61.617455 
 58.300415  65.690002  76.415939  88.642029  100.090309  110.250938  118.522339  123.801407  125.711716  123.850632  118.275940  110.086716  99.765472  88.228127  76.029060  65.526718  59.032341 
 54.505829  59.664581  66.252182  75.815575  85.639481  94.091766  100.746307  105.069115  106.536934  105.003952  100.579277  93.993599  85.266930  75.513123  66.106979  60.037766  54.790260 
 } 
 GB Channel
 {
 51.283859  56.615936  63.433380  73.465210  83.199844  91.665314  97.915565  102.153328  103.542397  101.903961  97.791618  91.131561  82.456406  72.852188  63.582657  57.715622  54.176872 
 54.647606  62.128441  73.091095  85.364372  96.599220  106.414063  114.394531  119.663757  121.499069  119.358124  113.970154  106.092812  96.032028  84.758438  72.840782  62.529373  56.667290 
 57.641251  69.151253  82.739372  96.705154  109.561562  121.255936  131.473282  138.536407  140.798904  138.054535  131.305466  121.211868  109.168907  96.507187  82.727341  69.124687  59.047600 
 61.681297  75.888596  91.105934  106.360001  121.389694  135.897507  148.753601  157.575470  160.678909  157.349533  148.770462  136.029694  121.468445  106.578125  91.182503  75.882347  62.550468 
 65.694275  81.494690  97.902344  114.344055  131.375778  148.347656  163.626404  174.132660  177.805466  173.968597  164.048431  148.815628  131.611252  114.817337  97.943436  81.412498  66.127922 
 68.779427  85.666718  102.655624  120.023438  138.529846  157.170151  174.055618  185.057190  188.839539  185.099686  174.603287  157.783752  138.762344  120.241257  102.529373  85.398750  68.869171 
 69.941200  87.247658  104.499222  122.487976  141.839996  161.407654  178.830627  189.691559  193.311096  189.540314  179.397659  162.196411  142.583908  123.661880  104.864372  86.885155  69.908279 
 69.538696  86.373909  103.422966  120.835007  139.742661  158.737183  175.982025  187.136566  190.664841  186.824692  176.616882  159.548431  139.568588  120.953598  103.095779  85.600311  69.334900 
 67.070107  83.193436  99.429688  115.984848  133.286087  150.528275  166.246094  176.904846  180.830002  176.911407  166.578903  151.151718  133.242188  115.997498  99.162033  82.463280  67.054321 
 63.137238  77.812035  92.863594  108.075310  123.265472  138.010162  151.154373  160.219849  163.591873  160.460312  151.625473  138.724533  123.591568  108.445465  92.969528  77.423126  63.766876 
 59.747658  71.414528  84.795311  98.651878  111.902344  124.210632  134.772507  141.874222  144.487030  141.854065  134.784683  124.306244  112.041565  98.625153  84.597809  70.945160  60.410774 
 57.238281  64.718903  75.411560  87.711716  99.251251  109.518440  118.016098  123.509689  125.531250  123.444061  117.832962  109.372345  98.879532  87.294373  74.983284  64.509064  57.983643 
 53.983704  58.909119  65.496979  75.422768  85.355835  93.834686  100.825462  105.327187  106.732918  105.327812  100.496513  93.704628  84.752663  74.846039  65.456825  59.340729  54.171974 
 } 
 B Channel
 {
 17.913910  20.449326  23.669685  28.430107  33.107918  37.142708  40.144482  41.827030  42.208176  41.305519  39.491821  36.411148  32.567184  27.983955  23.516617  20.859165  19.877502 
 19.191822  22.655781  27.767189  33.510937  38.662498  43.084373  46.587814  48.598907  49.087967  48.000938  45.757030  42.409061  38.009689  32.950626  27.440155  22.702499  20.633331 
 20.793751  26.095001  32.480312  38.905312  44.654999  49.803284  54.002968  56.650467  57.287498  56.034843  53.196716  49.018593  43.936718  38.305939  32.045155  25.874374  21.891460 
 22.867764  29.526718  36.605625  43.518906  50.104843  56.243279  61.431091  64.782341  65.649376  64.116562  60.616249  55.376564  49.280159  42.849686  35.980000  29.097656  23.640366 
 24.803959  32.233124  39.809532  47.229218  54.606247  61.691254  67.859062  71.648438  72.857971  71.129532  67.149063  60.894218  53.707184  46.525002  39.092655  31.804688  25.535938 
 26.291302  34.154842  41.869373  49.648125  57.744377  65.544846  72.200935  76.292503  77.530785  75.995003  71.722656  64.707657  56.770309  48.843597  41.074219  33.567657  26.862865 
 26.891457  34.804375  42.683125  50.686562  59.017342  67.095314  73.913750  78.058441  79.477028  78.015472  73.856094  66.632965  58.314842  50.322189  42.184376  34.302345  27.438381 
 26.692501  34.470001  42.275002  50.120628  58.074066  65.824371  72.616722  76.849533  78.233437  76.739059  72.778435  65.714691  57.196716  49.279373  41.402187  33.728592  27.030884 
 25.595104  32.947189  40.487343  47.971092  55.210938  62.225784  68.491096  72.729530  74.249687  72.684685  68.427811  61.900780  54.382500  47.090313  39.689999  32.346718  25.975262 
 23.653229  30.356564  37.515156  44.360157  50.652496  56.679840  62.040314  65.747971  67.092346  65.920311  62.237503  56.607033  50.239372  43.636093  36.710312  29.765156  24.195366 
 21.979321  27.323280  33.679531  39.873436  45.610470  50.689064  55.093597  58.082970  59.184685  58.021721  55.099533  50.573280  45.197655  39.267189  32.943283  26.717030  22.436405 
 20.689064  24.095314  29.068748  34.675781  39.842968  44.302658  47.896408  50.216095  50.947815  50.217972  47.784843  44.036877  39.316250  33.996563  28.346092  23.556408  21.122032 
 19.049892  21.286564  24.213753  28.726406  33.306511  37.269947  40.280365  42.113800  42.928646  42.195263  40.129219  37.051876  32.949581  28.288647  23.841301  21.087868  19.341198 
 } 


 White Balance Data with optical Center Data
 r_center_x =  646 r_center_y =  518 
 gr_center_x =  637 gr_center_y =  503 
 b_center_x =  649 b_center_y =  509 
 gb_center_x =  642 gb_center_y =  514 
 r/gr 0.837412 
 b/gr 0.408697 
 gb/gr 0.997010 
 r_oc_ave 163.053329 
 b_oc_ave 79.577774 
 gr_oc_ave 194.711105 
 gb_oc_ave 194.128891 

 [AWB]
 RGr =  0.837412 
 BGr =  0.408697 
 GbGr =  0.997010 
 r_oc_ave =  163.053329 
 b_oc_ave =  79.577774 
 gr_oc_ave =  194.711105 
 gb_oc_ave =  194.128891 