 LEFT LENS SHADING DATA
 RED Channel
 {
 24.631874  27.036873  30.254112  35.817398  41.800262  46.921303  50.992760  53.528542  54.259895  53.079117  50.450310  45.911045  40.587708  34.808647  29.467865  26.659950  24.623699 
 26.052708  29.464375  35.391407  42.819061  49.885468  55.986092  60.979218  64.255623  65.260315  63.635155  60.026566  54.685623  48.201874  41.440311  34.343906  28.761406  25.877449 
 27.300987  33.374531  41.322968  50.031563  58.168594  65.529533  71.829842  76.086403  77.357658  75.222191  70.589218  63.930000  56.196251  48.288437  40.059063  32.388596  27.010883 
 29.520054  37.618595  46.933907  56.536247  65.923904  74.849686  82.626877  88.158127  89.881409  87.175934  81.290001  73.028122  63.840935  54.557655  45.364376  36.430939  29.025936 
 31.784897  41.205311  51.430000  61.919846  72.565002  83.112190  92.438438  98.762970  100.711403  97.794533  90.832344  81.115471  70.231407  59.770309  49.585625  39.802967  31.176094 
 33.550159  43.653282  54.241875  65.488129  77.254845  89.071877  99.331406  105.970154  107.882187  105.007813  97.818909  86.953438  74.883438  63.367966  52.452499  42.183594  32.690887 
 34.236717  44.508595  55.218597  66.863129  79.313278  91.618439  102.096092  108.751564  110.739685  107.959999  100.994843  89.853439  77.423752  65.366562  53.786720  43.101406  33.395367 
 33.594532  43.717655  54.386566  65.854218  77.831093  89.708122  100.118904  106.660156  108.637497  105.682816  98.951096  88.110779  75.561722  63.850624  52.741562  42.370155  32.967861 
 31.982239  41.457031  51.723282  62.470940  73.404373  84.054222  93.534531  99.878754  101.867188  98.969688  92.121094  82.265625  71.319061  60.718437  50.260468  40.341873  31.621044 
 29.718910  38.053280  47.544689  57.138908  66.773125  75.862816  83.852028  89.539375  91.375465  88.890625  82.991249  74.625000  65.247345  55.785156  46.293282  37.227501  29.392082 
 27.702190  34.165939  42.361717  50.946564  59.216873  66.832809  73.391563  77.826721  79.426720  77.406715  72.651405  65.842499  57.964996  49.724686  41.254219  33.349998  27.471249 
 26.870209  30.479374  36.564686  43.914063  51.063751  57.375000  62.654533  66.198441  67.334846  65.857185  62.111877  56.623436  50.101250  42.997501  35.543751  29.571407  26.286194 
 25.665211  27.467293  30.818439  36.418644  42.398746  47.862915  52.045158  54.816353  55.759216  54.692604  51.773537  47.354271  41.825832  35.850834  29.677082  26.850780  24.900368 
 } 
 GR Channel
 {
 49.969322  55.220573  60.675209  69.790108  79.313957  87.480568  93.880157  97.757866  99.082039  97.406197  93.494896  86.795105  78.318230  68.973549  60.186722  55.233231  51.481567 
 53.220161  59.724533  69.419373  81.168434  92.265625  101.800781  109.523285  114.571411  116.327652  114.091400  108.767815  100.775940  90.855316  80.031876  68.627342  59.125313  53.886147 
 55.644424  66.035469  78.859528  92.388123  105.113281  116.627655  126.410934  132.990005  135.183121  132.272964  125.615311  115.483749  103.595001  91.097656  77.937813  65.299690  55.913025 
 59.420937  72.768440  87.409691  102.243439  116.847351  130.999069  143.327347  151.979691  154.800156  151.151718  142.588593  130.059219  115.654694  101.157188  86.408752  71.947655  59.442444 
 63.254112  78.327660  94.120781  110.183441  126.832184  143.405624  158.224060  168.198120  171.519058  167.769226  157.660461  142.830475  125.760468  109.282814  93.226563  77.556404  62.995789 
 66.150314  82.050316  98.516876  115.511093  133.873276  152.486099  168.818283  179.266724  182.494537  178.665939  168.334213  151.738586  132.940628  114.841248  97.754845  81.460472  65.572342 
 67.057922  83.401253  99.837502  117.569382  136.720306  156.124847  172.832184  183.367340  186.701096  183.069382  173.356873  156.451401  137.198746  118.280319  100.165939  83.037659  66.801613 
 66.113594  82.135468  98.568283  116.049225  134.500778  153.275620  169.858749  180.325470  183.592026  179.833755  170.157028  153.999222  134.201569  115.695618  98.370628  81.759842  66.129631 
 63.477287  78.840622  94.714844  111.120003  127.906250  144.878433  160.071716  170.206558  173.479538  169.643906  159.811096  144.632034  127.499847  110.762810  94.413124  78.494690  63.895515 
 59.732292  73.581879  88.425781  103.274689  118.013443  132.422180  145.255157  154.081726  157.216568  153.941559  145.442657  132.606873  117.809372  102.934219  88.028908  73.289215  60.249847 
 56.540253  67.491722  80.681252  93.980934  106.949066  118.792038  128.919846  136.002182  138.536880  135.938751  128.861404  118.550934  106.360153  93.420311  79.855934  66.784531  56.819321 
 54.347504  61.363747  71.372345  83.112190  94.330315  104.215469  112.231873  117.643127  119.560471  117.597961  112.069214  103.933594  93.721252  82.524063  70.469528  60.519844  54.589218 
 51.460419  55.897499  61.705879  70.884682  80.489471  88.748589  95.039795  99.369377  101.170677  99.813599  95.357758  88.694633  80.232506  70.718224  60.724319  55.636299  51.987556 
 } 
 GB Channel
 {
 50.900360  56.087860  61.434692  70.624214  80.038902  88.254631  94.737450  98.617500  99.780006  97.997032  93.768639  86.947601  78.360626  69.094582  60.162239  55.170837  51.338341 
 53.865356  60.358910  70.080940  82.022346  93.213280  102.783592  110.352654  115.414993  117.111252  114.607651  109.150314  101.079689  90.973122  79.991249  68.442032  58.997498  53.842079 
 56.173538  66.626877  79.622498  93.332184  106.057503  117.559845  127.245621  133.854996  135.891724  132.883743  125.908432  115.699692  103.632034  90.968124  77.712814  64.925934  55.668434 
 59.758804  73.359840  88.312187  103.471405  118.054214  132.121872  144.296097  152.882813  155.550003  151.720154  142.885468  130.144226  115.669067  100.909531  86.051720  71.447815  58.964897 
 63.371460  78.889374  95.159691  111.401253  128.005783  144.499847  159.204529  169.013443  172.251724  168.163284  157.821564  142.655472  125.545944  108.889374  92.773750  76.854218  62.282349 
 66.117920  82.618752  99.316093  116.623749  134.842819  153.327347  169.243439  179.583282  182.882660  178.680786  168.086411  151.327972  132.306870  114.242966  96.950623  80.522812  64.778648 
 67.048752  83.837502  100.473434  118.432343  137.535156  156.663589  173.136093  183.310944  186.566559  182.668442  172.659851  155.668594  136.437500  117.538757  99.298904  82.023125  65.840210 
 66.190514  82.448441  99.106094  116.875931  135.168121  153.687027  169.765778  180.205475  183.219055  179.162964  169.204224  152.908752  133.259216  114.732025  97.310623  80.683746  65.211670 
 63.500725  79.057816  95.193748  111.650314  128.371399  145.144226  159.884995  169.760315  172.927032  168.928131  158.760162  143.635788  126.424850  109.787186  93.366409  77.436722  62.951515 
 59.717506  73.762497  88.741562  103.553596  118.260468  132.280151  144.711411  153.221252  156.320938  152.744370  144.083908  131.233276  116.499527  101.856247  86.985466  72.229691  59.369270 
 56.479111  67.523903  80.675468  94.000938  106.720154  118.138748  128.078278  134.936096  137.246567  134.439056  127.317505  117.052185  104.988907  92.295624  78.748123  65.874374  55.849373 
 54.614586  61.348747  71.279686  82.932190  93.977188  103.549065  111.306564  116.498749  118.359222  116.143600  110.673439  102.567657  92.437653  81.383278  69.444687  59.595779  53.864326 
 51.948753  55.860001  61.530518  70.713440  80.086769  88.319481  94.553642  98.834587  100.240669  98.627129  94.161354  87.567024  79.307037  69.715157  59.753014  54.949745  51.197243 
 } 
 B Channel
 {
 34.573177  38.850262  43.505936  50.448799  57.781769  63.881195  68.386879  71.058907  71.727966  70.473068  67.495163  62.761513  56.621040  49.617142  42.840313  39.284065  37.060314 
 36.636093  41.577969  48.880936  57.804840  66.002190  72.857658  78.070625  81.240784  82.117340  80.539528  76.995781  71.479218  64.361877  56.442345  48.006561  41.354061  38.244896 
 38.372555  46.123592  55.723747  65.666718  74.805939  82.822655  89.137970  93.234062  94.318283  92.422340  87.993279  81.199684  72.900314  64.062500  54.438278  45.453751  39.506252 
 41.113281  51.113907  61.997810  72.825783  83.105156  92.568283  100.448441  105.927185  107.479378  105.065155  99.519531  91.092346  81.228905  71.042503  60.483284  50.282028  42.051823 
 43.847393  55.030312  66.767029  78.379532  89.820160  100.692184  110.211876  116.455780  118.532349  115.883743  109.354065  99.380157  87.895622  76.577347  65.233437  54.172813  44.578648 
 45.729168  57.597504  69.540779  81.751091  93.950310  106.146248  116.708908  123.317184  125.238281  122.656555  115.925156  104.908127  92.253754  80.050156  68.099998  56.784843  46.508385 
 46.566296  58.473595  70.529373  82.776566  95.500000  108.157814  119.052658  125.513443  127.473129  125.006882  118.629379  107.457497  94.577972  82.078438  69.590469  57.925316  47.372398 
 45.864059  57.707809  69.657188  81.631248  93.966408  106.363281  117.104370  123.501099  125.405151  122.767349  116.601715  105.950157  92.816872  80.423592  68.440468  56.993439  46.855938 
 44.232136  55.426094  66.737816  78.128906  89.597969  100.863434  110.583435  116.821411  118.560150  116.101089  109.729378  99.854218  88.522034  77.247185  65.738434  54.755936  45.198025 
 41.651615  51.558907  62.150627  72.648438  82.945778  92.400780  100.581879  105.925156  107.733437  105.645782  100.152969  91.857971  82.169373  72.123123  61.512970  51.198593  42.466305 
 39.251301  46.992344  56.492340  66.046097  75.081093  82.924377  89.435158  93.719841  95.175934  93.524376  89.124687  82.476875  74.308746  65.399689  55.745003  46.623123  39.913544 
 37.505520  42.358437  49.790001  58.325623  66.043907  72.761719  77.954216  81.402496  82.439690  81.215469  77.809845  72.409065  65.517502  57.603905  48.871872  41.857033  38.073071 
 35.365520  38.580940  42.847500  49.455627  56.190361  61.970673  66.327347  69.049164  70.248436  69.303177  66.324638  61.962807  56.017502  49.083282  41.725628  38.059322  35.767658 
 } 


 White Balance Data with optical Center Data
 r_center_x =  644 r_center_y =  507 
 gr_center_x =  645 gr_center_y =  499 
 b_center_x =  651 b_center_y =  488 
 gb_center_x =  630 gb_center_y =  501 
 r/gr 0.592135 
 b/gr 0.683001 
 gb/gr 1.000261 
 r_oc_ave 110.955559 
 b_oc_ave 127.982224 
 gr_oc_ave 187.382217 
 gb_oc_ave 187.431107 

 [AWB]
 RGr =  0.592135 
 BGr =  0.683001 
 GbGr =  1.000261 
 r_oc_ave =  110.955559 
 b_oc_ave =  127.982224 
 gr_oc_ave =  187.382217 
 gb_oc_ave =  187.431107 