 LEFT LENS SHADING DATA
 RED Channel
 {
 24.183388  26.505470  29.916512  35.679115  41.697029  46.989006  51.103806  53.566978  54.098389  52.672760  49.883331  45.408016  39.976460  33.940990  28.616146  25.518906  23.739742 
 25.979637  29.862343  36.051720  43.485157  50.637657  56.925468  61.946091  65.115311  66.022346  64.324219  60.568748  55.034691  48.426872  41.382030  34.150314  28.410782  25.581821 
 27.650261  34.076717  42.326405  51.046562  59.230316  66.726875  73.016716  77.198128  78.497498  76.342499  71.458122  64.498749  56.718285  48.476097  39.951248  32.172970  26.898590 
 30.075054  38.619843  48.065628  57.826874  67.287659  76.331406  84.265472  89.637032  91.290939  88.655159  82.548592  73.900002  64.348122  54.921097  45.340157  36.312656  28.989532 
 32.350365  42.131405  52.669533  63.471565  74.323128  84.928284  94.477966  100.722031  102.749374  99.578903  92.358284  82.100471  70.903435  60.132500  49.625626  39.727188  31.210522 
 34.167343  44.654221  55.619690  67.396248  79.562965  91.629059  102.081093  108.602814  110.370003  107.079689  99.540939  88.245628  75.738129  63.790939  52.646095  42.188908  32.956612 
 35.031353  45.648438  56.830467  68.901718  81.671722  94.433594  105.436722  111.788597  113.461868  110.117813  102.877502  91.198753  78.387344  66.004845  54.213127  43.227345  33.508804 
 34.681042  45.079376  55.999535  67.707497  79.990623  92.385941  103.096565  109.721252  111.482185  108.032654  100.824844  89.441254  76.425468  64.535934  53.237503  42.601719  33.225677 
 33.269165  42.939999  53.351875  64.233910  75.566559  86.576408  96.397346  102.812500  104.718903  101.381248  94.115936  83.690941  72.246246  61.320465  50.670158  40.653126  31.923126 
 30.940678  39.494217  48.998749  58.885155  68.833282  78.140625  86.466873  91.892189  93.593437  91.034843  84.731873  75.874062  65.991409  56.324532  46.587345  37.296249  29.831249 
 29.019688  35.378437  43.695625  52.583282  61.116875  68.954689  75.599686  79.877029  81.266090  79.245316  74.088753  66.959373  58.688278  50.152809  41.463593  33.438751  28.049580 
 27.836617  31.606407  37.887970  45.598595  52.934845  59.566719  64.782028  68.127342  69.165779  67.643440  63.616409  57.864845  51.004997  43.514374  35.864220  30.158436  27.159687 
 26.617867  29.318699  32.760677  38.704632  44.887554  50.583595  54.835991  57.552139  58.277237  57.089272  53.984947  49.274635  43.519169  37.020206  31.072346  28.267189  26.264687 
 } 
 GR Channel
 {
 48.574944  53.226616  59.126503  68.363594  77.990257  86.279587  92.721870  96.449318  97.824997  95.682655  91.297142  84.601830  76.162140  66.556976  57.783386  52.583649  49.157394 
 52.387444  59.455154  69.452972  81.274216  92.550468  102.047501  109.789375  114.642029  116.422501  114.178284  108.904846  100.515778  90.456093  79.131561  67.439842  57.795311  52.660728 
 55.447235  66.394531  79.643127  93.191254  105.618752  117.252808  126.791245  133.285629  135.678589  132.771408  125.905624  115.622345  103.597969  90.779999  77.164528  64.243439  54.954689 
 59.537971  73.552345  88.474998  103.519066  118.017975  131.828598  144.093445  152.227966  155.135788  151.749374  143.204376  130.187805  115.460007  100.832184  85.743279  71.020622  58.681458 
 63.232758  79.107971  95.290627  111.785156  128.309067  144.789063  159.551712  169.026413  172.278595  168.043442  157.970154  142.925003  125.750305  109.015312  92.633591  76.696564  62.446144 
 66.334122  83.075157  99.948906  117.596558  136.103439  154.463287  170.625153  180.644531  183.672348  179.228439  168.527817  151.851868  132.840942  114.721405  97.218903  80.581718  65.045677 
 67.563744  84.731247  101.786407  119.939529  139.095154  158.684372  175.321869  185.167191  188.104996  183.888275  173.893280  156.520004  136.931091  118.149368  99.820778  82.023903  65.742035 
 67.056976  83.696564  100.500153  118.150940  136.617493  155.704376  172.094528  182.171875  185.124374  180.774216  170.762970  153.992035  134.205002  115.702194  97.953590  81.024216  65.403587 
 64.564484  80.252815  96.412971  112.853592  130.027817  146.994843  162.138748  172.014999  175.287964  171.004379  160.600784  145.067657  127.441559  110.612343  93.902344  77.912811  63.519897 
 60.771935  74.757965  89.839066  104.973282  119.922501  134.285309  147.056244  155.529694  158.555161  155.075623  146.096252  132.814056  117.764374  102.634377  87.392815  72.461876  60.009369 
 57.342964  68.426094  81.774063  95.339844  108.450310  120.338913  130.669373  137.373444  139.747192  136.987808  129.431870  118.755157  106.289841  92.919533  79.203903  66.082031  57.014320 
 55.052559  62.258591  72.615471  84.579842  95.993591  106.209534  114.343903  119.639069  121.410782  119.215317  113.372345  104.799065  94.149063  82.464218  70.213593  60.680779  55.387657 
 52.175468  57.850471  64.016930  73.313797  83.123802  91.885155  98.687447  102.980309  104.538490  102.689064  98.168388  90.841148  82.068649  71.700264  61.956299  57.168488  53.165573 
 } 
 GB Channel
 {
 49.596718  54.048805  59.906723  69.424324  79.212708  87.733803  94.098648  97.925003  99.048492  96.856255  92.367447  85.489944  76.839119  67.024590  57.980782  52.899529  49.549110 
 53.282127  60.169846  70.446091  82.515778  93.910622  103.544846  111.250313  116.266251  117.957031  115.316254  109.827660  101.372658  91.056404  79.528748  67.650154  57.880157  52.742867 
 56.136818  67.142029  80.619217  94.489998  107.157654  118.675476  128.366089  134.890320  137.126556  133.988754  126.811401  116.311401  104.184685  91.001091  77.205315  64.153435  54.854691 
 59.943695  74.343903  89.542656  104.884377  119.593597  133.532806  145.623901  153.888123  156.682495  152.967499  144.112030  130.966873  115.972031  101.014999  85.740158  70.847656  58.279533 
 63.569839  79.780472  96.430626  113.169693  129.910309  146.207504  160.892349  170.413910  173.528595  169.129211  158.607025  143.305618  125.989532  108.980316  92.297966  76.229378  61.890205 
 66.261307  83.574844  100.726875  118.646881  137.201248  155.591248  171.400162  181.382034  184.292343  179.648438  168.697815  151.756256  132.779846  114.313126  96.687500  79.849998  64.280838 
 67.525734  84.930313  102.332970  120.648590  139.854065  159.237030  175.640320  185.322495  188.114838  183.617340  173.325775  155.885788  136.497818  117.406097  98.989532  81.038597  64.771301 
 66.829483  83.732811  100.813904  118.475311  136.938431  155.701248  172.010162  181.975159  184.834061  180.134216  170.082031  153.221100  133.590775  114.849533  97.083908  80.070000  64.362915 
 64.341614  80.281403  96.616409  113.157181  130.184998  146.766556  161.719681  171.546570  174.726715  170.154526  159.678284  144.150620  126.656097  109.658752  93.001404  76.978752  62.517914 
 60.505989  74.760780  89.899841  104.917191  119.760788  134.073120  146.550476  154.806091  157.637650  154.001724  144.941879  131.696564  116.759064  101.665314  86.400154  71.546875  59.151039 
 57.241356  68.257187  81.639847  95.252190  108.071564  119.818283  129.952347  136.416565  138.624374  135.744370  128.202347  117.690628  105.159218  91.950935  78.253441  65.352341  56.265465 
 55.194580  62.132500  72.431877  84.464844  95.580002  105.518440  113.504059  118.535934  120.168274  117.852341  111.926559  103.495003  93.003754  81.547188  69.318436  59.842659  54.860359 
 52.455002  57.835419  63.773956  73.053802  82.710831  91.231354  97.708649  101.949272  103.244743  101.445473  96.741562  89.680420  81.014992  70.723022  61.146355  56.441200  52.689949 
 } 
 B Channel
 {
 34.273853  37.577606  42.045105  49.126518  56.158600  62.139793  66.466614  68.868492  69.530884  68.202553  65.173340  60.560783  54.330048  47.372814  40.886562  37.288696  35.027031 
 36.818855  41.878437  49.367188  58.196716  66.507965  73.438126  78.665154  81.813278  82.841095  81.011093  77.394997  71.645157  64.409843  56.261566  47.866562  41.118908  37.691616 
 39.087082  46.908749  56.629997  66.744530  75.791878  84.177658  90.714691  94.872345  96.211250  94.266876  89.507500  82.402969  73.898903  64.623123  54.954842  45.930626  39.389793 
 41.889843  52.081718  63.075935  74.084999  84.367653  94.074066  102.488594  108.105316  109.752968  107.280785  101.492813  92.549530  82.342346  71.844215  61.124222  50.975624  42.182705 
 44.516041  56.070625  68.000778  79.843750  91.445313  102.786407  112.716248  119.158600  121.287033  118.469849  111.616096  101.163597  89.292969  77.484688  65.893593  54.925468  44.919842 
 46.583126  58.726875  70.989998  83.513748  96.401093  109.035004  119.963120  126.572342  128.515320  125.611725  118.535156  107.106247  93.919220  81.126564  68.886253  57.540001  46.692913 
 47.248280  59.648903  72.107498  84.957344  98.271248  111.495316  122.705475  129.218750  131.076721  128.172806  121.383286  109.642815  96.384842  83.323441  70.609840  58.387657  47.037865 
 46.757446  58.942657  71.166565  83.833122  96.799843  109.585472  120.512650  127.076401  128.897659  125.935623  119.464844  108.090782  94.534378  81.692657  69.325157  57.748909  46.927448 
 45.046719  56.521095  68.360779  80.330154  92.397972  103.891251  113.896088  120.422974  122.324997  119.488129  112.599533  102.177811  90.118126  78.281715  66.651253  55.617813  45.580723 
 42.373386  52.578590  63.566719  74.678123  85.287033  95.184845  103.618279  109.075783  110.887810  108.606720  102.724998  93.787346  83.372498  72.729530  61.949219  51.719528  43.031826 
 40.026302  48.031097  57.867966  67.971878  77.442345  85.781403  92.604378  96.912186  98.360779  96.579376  91.649216  84.382187  75.615158  66.141716  56.202660  47.232189  40.937187 
 38.651356  43.909687  51.598282  60.705315  69.200623  76.609222  82.193596  85.634842  86.722343  85.269844  81.246407  75.346878  67.676559  59.094841  50.139687  43.575470  40.046093 
 36.734272  40.810936  45.476822  52.786560  60.366035  66.904015  71.768387  74.737968  75.580887  74.522133  71.214539  65.963951  59.619064  51.758804  44.509686  41.395260  38.401508 
 } 


 White Balance Data with optical Center Data
 r_center_x =  652 r_center_y =  502 
 gr_center_x =  627 gr_center_y =  513 
 b_center_x =  641 b_center_y =  476 
 gb_center_x =  623 gb_center_y =  510 
 r/gr 0.602512 
 b/gr 0.696544 
 gb/gr 0.999341 
 r_oc_ave 113.826660 
 b_oc_ave 131.591110 
 gr_oc_ave 188.919998 
 gb_oc_ave 188.795563 

 [AWB]
 RGr =  0.602512 
 BGr =  0.696544 
 GbGr =  0.999341 
 r_oc_ave =  113.826660 
 b_oc_ave =  131.591110 
 gr_oc_ave =  188.919998 
 gb_oc_ave =  188.795563 