 LEFT LENS SHADING DATA
 RED Channel
 {
 24.709843  26.819424  30.051094  35.483593  41.380207  46.677608  51.029381  53.719215  54.719688  53.707870  51.105209  46.643749  41.234009  35.205212  29.707657  26.749165  24.810417 
 25.794842  29.222969  35.171719  42.441719  49.579376  55.825935  61.049377  64.486092  65.760941  64.543907  61.098122  55.911247  49.306717  42.310623  34.867031  29.043751  26.085419 
 26.824062  32.866562  40.889061  49.469376  57.723434  65.359840  71.859062  76.198280  77.820160  76.166092  71.874535  65.454216  57.745781  49.549843  40.859375  32.867970  27.269012 
 28.844898  37.031563  46.294376  55.881874  65.412186  74.516716  82.461403  88.153282  90.209846  88.212502  82.820000  74.703278  65.506874  56.137657  46.441093  37.071251  29.494167 
 31.067448  40.478905  50.617340  61.118591  71.995155  82.575783  92.147034  98.715935  101.138596  98.779221  92.493904  83.057030  72.234840  61.545784  50.868591  40.695000  31.737499 
 32.776924  42.819218  53.475624  64.805466  76.765625  88.559685  99.051872  105.983749  108.532501  106.187187  99.589996  89.040627  77.096405  65.324997  53.942497  43.193127  33.402706 
 33.520676  43.672970  54.776405  66.642654  78.876404  91.316872  102.157501  109.095314  111.659531  109.342499  102.994843  92.146561  79.588593  67.347504  55.557030  44.307655  34.028698 
 32.902344  43.094219  54.060471  65.578278  77.522034  89.598282  100.208435  107.290001  109.813591  107.383751  101.070313  90.409378  77.852654  66.039215  54.461563  43.531406  33.576195 
 31.308804  41.029842  51.494843  62.209686  73.232971  84.178596  93.979065  100.864532  103.398750  100.874222  94.437965  84.724686  73.596405  62.635315  51.916092  41.464375  32.209793 
 29.228489  37.838280  47.362030  57.028908  66.781403  76.134064  84.499535  90.322968  92.648285  90.660622  85.072342  76.767029  67.238907  57.541092  47.678280  37.959061  30.004482 
 27.483955  33.919376  42.124374  50.842659  59.421722  67.181717  74.126404  78.847191  80.549217  78.956253  74.470467  67.676872  59.801872  51.244843  42.232498  33.855625  27.823124 
 26.595783  30.156406  36.258595  43.748592  51.201096  57.935158  63.365311  67.080002  68.360313  67.135468  63.567184  58.084373  51.476250  44.069374  36.307968  30.011719  26.426510 
 25.130363  27.215366  30.497135  36.105888  42.407135  48.062866  52.418228  55.325829  56.385307  55.446930  52.612190  48.248535  42.479168  36.324791  30.084427  27.074844  24.786091 
 } 
 GR Channel
 {
 50.379272  54.773438  60.303123  69.069427  78.514900  86.619637  93.142555  97.126564  98.490257  96.913704  92.789894  86.269531  77.806984  68.191452  59.556046  54.345047  50.830055 
 52.880936  59.064690  68.763123  80.416718  91.587814  101.271095  109.177345  114.226563  115.956726  113.957657  108.855316  100.882660  90.810310  79.665627  67.899376  58.449844  53.332970 
 54.981041  65.213127  78.128754  91.625465  104.511566  116.233276  126.055313  132.507339  134.663910  132.164688  125.806091  116.027817  103.984375  91.120316  77.471092  64.684219  55.253593 
 58.555420  71.873749  86.549690  101.570313  116.425003  130.637497  142.779373  151.036713  154.033279  150.892502  142.812347  130.546249  116.192505  101.473434  86.258904  71.296410  58.847443 
 62.207916  77.307503  93.186874  109.627342  126.514526  143.030624  157.683441  167.366714  170.751404  167.233597  157.951874  143.472656  126.682037  109.928436  93.249222  77.109062  62.462814 
 64.965828  81.182503  97.801720  115.386414  133.801086  152.214066  168.198441  178.429535  181.940308  178.307663  168.581100  152.664063  134.175156  115.877182  98.122185  81.201408  65.298698 
 66.103592  82.596718  99.821091  118.020462  136.886093  156.076248  172.610931  182.996719  186.315628  182.883118  173.633743  157.359070  138.145782  119.264526  100.806404  82.903908  66.400787 
 65.192497  81.541252  98.811722  116.401566  134.867188  153.634995  169.833435  180.162506  183.571564  180.053757  170.906403  154.825623  135.544373  117.094223  99.054222  81.661095  65.637138 
 62.698128  78.420624  94.824371  111.304688  128.473282  145.530624  160.436722  170.656876  174.033752  170.471252  160.816254  145.965317  128.685318  111.694534  94.864372  78.336250  63.291664 
 59.020203  73.299377  88.354218  103.446877  118.663757  133.259689  145.967194  154.679382  158.035934  154.871399  146.423279  133.662338  118.843750  103.658440  88.118752  72.644066  59.680313 
 55.969017  67.039215  80.128281  93.896561  107.280937  119.422806  129.854218  136.805786  139.227966  136.606567  129.795471  119.354370  107.109062  93.636253  79.450310  66.078438  55.923019 
 54.024849  60.680466  70.643280  82.716248  94.334061  104.611717  112.852966  118.292496  120.047653  118.080475  112.673904  104.221565  93.902031  82.317657  70.034378  59.855621  53.715210 
 50.998177  55.265678  60.853485  69.985832  79.732811  88.485260  95.004425  99.309586  100.902451  99.489006  95.043282  88.211151  79.474327  69.655365  59.785210  54.701874  50.713127 
 } 
 GB Channel
 {
 50.685265  54.960678  60.429634  69.315208  78.696930  86.866302  93.662239  97.631981  98.962349  97.338600  93.108017  86.446045  77.924423  68.287292  59.390732  54.277603  50.760109 
 52.947754  59.111717  68.918594  80.710625  91.885468  101.672340  109.578278  114.707809  116.619217  114.435471  109.232185  101.254372  90.934219  79.673126  67.794060  58.202187  53.157600 
 54.793228  65.064064  78.117966  91.833282  104.760315  116.574371  126.477814  133.052811  135.362350  132.736404  126.276566  116.348907  104.200157  91.046875  77.184845  64.192810  54.977394 
 58.085205  71.589378  86.558128  101.805939  116.901871  131.041565  143.107193  151.634064  154.687653  151.452347  143.367188  130.748444  116.267502  101.306404  85.860153  70.740471  58.213593 
 61.482033  76.933907  93.098122  109.810936  126.821869  143.385162  157.931244  167.634216  171.187973  167.697815  158.060471  143.514847  126.520309  109.568283  92.697342  76.275780  61.609741 
 64.092239  80.495781  97.405312  115.305161  133.857819  152.147507  168.044220  178.308289  181.878433  178.147339  168.266098  152.310623  133.715469  115.349533  97.312035  80.235779  64.221825 
 65.214684  81.820938  99.305626  117.720306  136.646713  155.739685  171.931717  182.322037  185.741882  182.241089  173.033127  156.569382  137.322495  118.440628  99.725784  81.771561  65.298653 
 64.120575  80.673279  98.215469  115.879379  134.308441  152.818756  168.926407  179.184067  182.747345  179.045319  169.934067  153.872345  134.702499  116.104065  97.930000  80.485001  64.480827 
 61.735672  77.590469  94.205315  110.725159  127.767181  144.516876  159.379379  169.535004  173.099686  169.442657  159.737808  145.000305  127.676407  110.653595  93.757660  77.170471  62.084007 
 58.336403  72.708282  87.752342  102.859688  117.886414  132.240311  144.754684  153.393127  156.786560  153.629379  145.225464  132.550629  117.755936  102.540001  87.039215  71.576096  58.645470 
 55.418228  66.361565  79.542503  93.284843  106.407341  118.296249  128.576096  135.416092  137.882965  135.239212  128.477814  118.088913  105.904060  92.550003  78.510780  65.075470  55.051514 
 53.660515  60.068436  70.041878  81.967033  93.467346  103.666565  111.730621  117.206253  118.960007  116.767975  111.323753  103.044846  92.840782  81.345779  69.018593  58.949219  52.953178 
 50.842186  54.770523  60.353958  69.327660  79.070885  87.579895  94.256042  98.575829  100.086662  98.642761  94.198753  87.392136  78.534325  68.850990  58.935471  53.941093  50.236092 
 } 
 B Channel
 {
 34.933960  38.737289  43.290524  50.025261  57.053642  62.901512  67.459480  70.167503  70.947556  69.892235  67.045891  62.208900  55.993904  48.934273  42.128124  38.472137  36.506302 
 36.389374  41.205624  48.538437  57.110466  65.049065  71.614220  76.895309  80.197502  81.352341  80.007034  76.656097  71.172028  64.019531  55.925934  47.326874  40.683594  37.730469 
 37.972660  45.650780  55.193123  64.957344  73.756248  81.506409  88.020309  92.202187  93.550003  91.981407  87.734375  81.166092  72.892654  63.848282  54.058907  45.085625  39.071877 
 40.541252  50.459999  61.317657  71.926407  81.921249  91.293282  99.276253  104.827347  106.758591  104.672653  99.262810  90.954216  81.173126  71.085472  60.356247  49.967972  41.726093 
 43.159740  54.395782  65.939842  77.207031  88.469841  99.441719  109.152031  115.711563  117.930161  115.532654  109.154999  99.497345  87.999687  76.591095  65.039688  54.048126  44.376877 
 45.112709  57.005623  68.822189  80.769997  92.975159  105.352654  116.164536  122.966248  125.085007  122.557495  115.893127  105.037186  92.651718  80.292969  68.068596  56.751877  46.311039 
 45.858963  57.904373  69.910782  82.173126  94.782814  107.685310  118.729691  125.489212  127.729370  125.182663  118.894684  107.661247  94.875313  82.204529  69.723907  57.756409  46.914112 
 45.360729  57.137810  69.025940  81.037659  93.474060  105.942970  116.633743  123.432037  125.607819  123.038589  116.973129  106.273438  93.328903  80.899689  68.520782  56.830940  46.278439 
 43.594582  54.773750  66.277031  77.801559  89.332970  100.590469  110.364845  116.887497  119.118744  116.684525  110.344688  100.497498  88.925316  77.480934  65.809532  54.636719  44.604427 
 41.194218  51.103592  61.956093  72.577187  82.763435  92.279999  100.575310  106.086563  108.112656  106.206718  100.773125  92.365471  82.475937  72.140472  61.392654  50.777657  41.954948 
 38.632240  46.542030  56.177971  65.970779  74.974846  82.949997  89.514374  93.860466  95.342499  93.826721  89.517189  82.643906  74.444061  65.289688  55.322502  45.958908  39.115360 
 37.113853  41.933437  49.380310  57.980003  65.944221  72.699532  78.016716  81.490784  82.688591  81.545937  78.031563  72.444847  65.380623  57.266403  48.397186  41.238438  37.157600 
 34.653023  38.073853  42.231144  48.827080  55.699844  61.751404  66.132767  69.036407  70.041718  69.091774  66.123230  61.442131  55.391876  48.294945  40.916775  37.218857  34.656357 
 } 


 White Balance Data with optical Center Data
 r_center_x =  662 r_center_y =  488 
 gr_center_x =  653 gr_center_y =  494 
 b_center_x =  639 b_center_y =  489 
 gb_center_x =  637 gb_center_y =  494 
 r/gr 0.599662 
 b/gr 0.686290 
 gb/gr 0.997526 
 r_oc_ave 112.048889 
 b_oc_ave 128.235550 
 gr_oc_ave 186.853333 
 gb_oc_ave 186.391113 

 [AWB]
 RGr =  0.599662 
 BGr =  0.686290 
 GbGr =  0.997526 
 r_oc_ave =  112.048889 
 b_oc_ave =  128.235550 
 gr_oc_ave =  186.853333 
 gb_oc_ave =  186.391113 