 LEFT LENS SHADING DATA
 RED Channel
 {
 26.995052  29.242970  32.219166  37.820572  43.760784  48.995262  53.035156  55.438484  56.050781  54.999947  52.180626  47.845886  42.432552  36.456459  30.625832  26.869530  24.700783 
 28.360050  31.604843  37.437500  44.883282  51.861404  57.915466  62.733284  65.890778  66.885155  65.271408  61.684372  56.274841  49.978592  43.114376  35.775002  29.497658  25.945366 
 29.507759  35.320469  43.501564  52.034531  60.070625  67.393280  73.437035  77.567345  78.772812  76.856407  72.048439  65.386719  57.777191  49.892967  41.544376  33.548126  27.373959 
 31.433281  39.593906  48.988129  58.595154  67.775627  76.451248  84.114372  89.430939  91.082031  88.409691  82.555000  74.300003  65.193748  55.910782  46.702030  37.646408  29.799946 
 33.787655  43.225780  53.440468  63.916718  74.291565  84.479843  93.672813  99.727814  101.550781  98.630157  91.897659  82.197968  71.376717  60.983910  50.757347  40.973751  32.056667 
 35.379635  45.578594  56.334686  67.409218  78.814842  90.304062  100.224220  106.606247  108.441254  105.558281  98.512970  87.784378  75.783127  64.335159  53.483124  43.312500  33.740833 
 36.128384  46.484844  57.427185  68.839691  80.774216  92.671097  102.831718  109.181404  110.946091  108.160469  101.311409  90.485001  78.175003  66.330467  54.907654  44.213280  34.344322 
 35.656406  45.792030  56.493439  67.574997  79.240784  90.680779  100.493752  106.813438  108.589996  105.673126  99.045158  88.504372  76.172188  64.817184  53.894066  43.512344  34.072968 
 34.062920  43.537498  53.696404  64.320160  74.899216  84.986877  93.962967  100.026566  101.828438  99.019531  92.375000  82.680153  71.993904  61.616875  51.432343  41.588436  32.520519 
 31.577656  39.902031  49.462814  59.120468  68.372185  77.050156  84.637497  89.769066  91.357658  88.999374  83.212502  75.013435  65.889061  56.792030  47.483437  38.365158  30.193695 
 29.849586  36.064999  44.346405  52.959999  61.023750  68.263283  74.506874  78.575157  79.778282  77.841408  73.167816  66.477341  58.947815  50.821877  42.363281  34.300312  27.862812 
 28.991718  32.463593  38.467186  45.833752  52.845001  58.993439  64.041252  67.242966  68.128593  66.529373  62.910934  57.606407  51.200623  44.142345  36.583126  30.232655  26.244530 
 27.596302  29.836304  32.675102  38.189583  44.170414  49.401360  53.473328  56.038185  56.881714  55.582291  52.689278  48.344116  42.897709  36.831299  30.436459  27.034119  24.959949 
 } 
 GR Channel
 {
 52.305672  57.613594  63.009995  72.147293  81.599060  90.093491  96.387810  99.916206  101.011559  99.650261  95.476982  88.855988  80.348801  70.946922  61.450882  55.122185  51.462189 
 55.671089  62.130470  71.773750  83.599373  94.722809  104.318283  111.764061  116.640152  118.397812  116.137970  110.819061  102.735779  92.988594  82.121719  70.164841  59.780937  53.380936 
 58.178024  68.284691  81.225937  94.877502  107.612030  118.963440  128.404221  134.819687  136.971558  134.186096  127.288284  117.256088  105.440002  92.969841  79.652031  66.412659  55.879524 
 61.708488  75.018280  89.845627  104.897812  119.299225  133.109070  145.065002  153.292343  156.068436  152.350311  143.984222  131.341873  117.091721  102.688904  87.990158  73.173904  59.945366 
 65.211044  80.676872  96.700470  112.847183  129.047501  145.131561  159.675476  169.156876  172.255630  168.283752  158.511246  143.727966  126.968277  110.532814  94.434219  78.703278  63.716827 
 68.040733  84.411560  101.144997  118.257034  135.923904  153.947662  169.539993  179.645462  182.877808  178.815933  168.622345  152.561249  133.709381  115.928284  98.846092  82.529686  66.554688 
 69.201775  85.932190  102.933441  120.497345  138.881088  157.367966  173.537659  183.497650  186.510468  182.648743  173.125000  156.651413  137.607651  119.215622  101.261719  84.019997  67.553329 
 68.327972  84.771095  101.556091  118.709381  136.517807  154.452499  170.200470  180.157654  183.280777  179.397507  169.796402  153.819839  134.557663  116.520309  99.394997  82.762344  66.931717 
 65.867287  81.324371  97.444847  113.718750  130.077026  146.080780  160.381561  169.962494  173.145004  169.315002  159.495941  144.713745  127.851089  111.449066  95.332970  79.457184  64.374268 
 62.003487  75.849533  90.904999  105.918747  120.276245  133.911407  145.835007  153.940308  156.796570  153.578125  145.088913  132.613129  118.182495  103.752655  88.934845  74.118439  60.323021 
 58.707817  69.391563  82.809685  96.441559  109.025314  120.374847  130.174225  136.601715  138.670471  135.756409  128.899368  118.925156  107.044685  94.175934  80.671097  67.352654  56.561203 
 56.722137  63.398590  73.279533  85.158592  96.359688  105.988129  113.780151  118.800629  120.364532  118.016403  112.485779  104.433441  94.497971  83.280937  71.119530  60.670937  53.871773 
 53.190468  58.312553  63.441826  72.512138  82.031349  90.391457  96.736610  100.824371  102.094734  100.642448  96.028908  89.550934  81.047752  71.305939  60.864738  55.095100  51.411354 
 } 
 GB Channel
 {
 53.559898  58.570320  63.914116  72.976250  82.480415  90.885422  97.163963  100.723648  101.926674  100.159424  95.952339  89.207764  80.565315  70.937027  61.358131  55.174690  51.282600 
 56.698227  62.835312  72.563904  84.547501  95.781250  105.382500  112.675629  117.494064  119.169998  116.664215  111.159218  102.909218  92.994064  81.955154  69.908127  59.449684  53.148438 
 58.817139  68.962341  82.110779  95.961716  108.731094  120.120468  129.442810  135.695160  137.692337  134.671570  127.540314  117.374222  105.383438  92.757500  79.266403  65.924690  55.380936 
 62.044785  75.603127  90.748436  106.097969  120.514999  134.193909  146.080780  154.234848  156.913757  152.821869  144.103912  131.319687  116.949997  102.370468  87.421097  72.486252  59.243752 
 65.550522  81.235939  97.657654  113.999374  130.126877  146.225632  160.612183  169.894058  172.935318  168.496246  158.495941  143.463913  126.524368  110.034843  93.723907  77.799065  62.829895 
 68.202347  84.862968  101.826408  119.100311  136.783600  154.676254  170.115311  179.956253  182.985779  178.680161  168.225937  151.966568  133.159683  115.207657  97.952660  81.429375  65.473129 
 69.116615  86.190155  103.449844  121.101089  139.346878  157.833908  173.627655  183.329224  186.252808  182.092346  172.311401  155.758438  136.760468  118.258743  100.124222  82.892815  66.431145 
 68.507133  84.971092  101.890160  119.126877  136.916245  154.691406  169.924377  179.824997  182.814377  178.505157  168.764069  152.844223  133.531555  115.477814  98.234375  81.517342  65.847549 
 65.848129  81.366875  97.633751  114.028900  130.206558  146.162659  160.000931  169.440781  172.303284  168.263901  158.342346  143.600006  126.766098  110.480003  94.326561  78.312653  63.315369 
 62.043549  75.695625  91.011566  106.013283  120.259369  133.590149  145.296875  153.023285  155.739212  152.287811  143.814056  131.238754  117.069382  102.685310  87.841560  73.007500  59.398743 
 58.873642  69.464066  82.953125  96.438126  108.892342  120.007660  129.330627  135.402817  137.538757  134.446716  127.590775  117.466400  105.780312  93.006874  79.604065  66.308746  55.535835 
 56.924744  63.418282  73.263283  85.008278  95.989532  105.442497  112.858276  117.771088  119.173279  116.664841  111.207970  103.102341  93.300316  82.220940  70.105621  59.722031  53.007652 
 53.829742  58.416412  63.454742  72.404739  81.857239  89.934998  96.231819  100.097557  101.444328  99.506721  95.070267  88.562553  79.953232  70.357193  60.069374  54.390984  50.570992 
 } 
 B Channel
 {
 37.130524  41.206356  45.585934  52.626305  59.832237  65.835152  70.287552  72.606560  73.198280  72.182922  69.161926  64.459221  58.490883  51.556618  44.365311  40.008541  37.720207 
 39.125107  43.693436  51.048439  59.874847  67.939529  74.674530  79.603592  82.680313  83.622658  81.931252  78.259216  72.844841  66.021095  58.250153  49.664063  42.396873  38.618542 
 40.666096  48.022972  57.656715  67.551872  76.456406  84.160934  90.285469  94.271561  95.323753  93.373123  88.827812  82.123909  74.097809  65.336403  55.904533  46.790939  40.163437 
 43.084480  52.892815  63.881096  74.719841  84.628754  93.786560  101.574371  106.630157  108.225784  105.736092  100.025314  91.647659  81.997498  72.034065  61.639847  51.547340  42.957554 
 45.683910  56.962029  68.635315  80.135628  91.143127  101.823753  111.180779  117.192810  119.146255  116.395157  109.845627  99.771248  88.377502  77.108124  65.956718  55.273285  45.723907 
 47.763695  59.452660  71.536720  83.585785  95.536247  107.274841  117.440475  123.831558  125.720779  123.039688  116.292191  105.254997  92.562187  80.387497  68.627502  57.687500  47.464996 
 48.310570  60.467033  72.720154  84.782654  96.970314  109.183128  119.829376  126.107025  127.923599  125.222809  118.771881  107.452812  94.647499  82.303284  70.073128  58.701721  48.304840 
 47.920006  59.723747  71.717346  83.417656  95.214691  107.076874  117.421722  123.828125  125.617661  122.810471  116.514221  105.793121  92.748283  80.712029  68.911560  57.830780  47.865154 
 46.156147  57.411560  68.776878  79.946251  90.916092  101.586876  110.923279  117.022339  118.710785  115.992035  109.449532  99.553909  88.372498  77.444221  66.427811  55.751404  46.215363 
 43.594688  53.439690  64.128281  74.517967  84.294846  93.421562  101.083908  106.084221  107.588905  105.341408  99.807030  91.475624  82.055000  72.430466  62.132660  52.197502  43.317497 
 41.489582  48.847504  58.327347  67.969528  76.792503  84.261253  90.413437  94.224373  95.266251  93.323906  88.922501  82.362030  74.628593  65.982185  56.574684  47.524376  40.444790 
 39.775627  44.273125  51.529533  60.082497  67.804840  74.241562  79.120468  82.161095  82.879059  81.405159  77.954216  72.789528  66.143906  58.459221  49.876404  42.609688  38.373436 
 37.055626  40.655209  44.583488  51.218750  57.870476  63.547401  67.554428  70.107559  70.942810  69.887451  67.057762  62.633072  56.959526  50.012756  42.436615  38.506355  36.149269 
 } 


 White Balance Data with optical Center Data
 r_center_x =  625 r_center_y =  489 
 gr_center_x =  630 gr_center_y =  501 
 b_center_x =  635 b_center_y =  485 
 gb_center_x =  643 gb_center_y =  508 
 r/gr 0.593727 
 b/gr 0.684735 
 gb/gr 0.998409 
 r_oc_ave 111.137779 
 b_oc_ave 128.173340 
 gr_oc_ave 187.186661 
 gb_oc_ave 186.888885 

 [AWB]
 RGr =  0.593727 
 BGr =  0.684735 
 GbGr =  0.998409 
 r_oc_ave =  111.137779 
 b_oc_ave =  128.173340 
 gr_oc_ave =  187.186661 
 gb_oc_ave =  186.888885 