 LEFT LENS SHADING DATA
 RED Channel
 {
 24.030781  26.515781  29.924793  35.346928  41.100887  46.203487  50.397339  52.852448  53.574532  52.424942  49.820724  45.542500  40.094322  34.227501  28.915310  25.919163  23.584583 
 25.755783  29.377655  35.324375  42.665470  49.561096  55.762032  60.675468  63.813904  64.868904  63.366409  59.962814  54.736252  48.325783  41.480000  34.279064  28.501251  25.225002 
 27.115833  33.217499  41.364220  49.956879  57.878906  65.201248  71.314064  75.369530  76.810936  74.977028  70.498596  63.987343  56.394997  48.426872  40.072655  32.188126  26.568127 
 29.267918  37.496250  46.860626  56.468437  65.608910  74.427971  81.929222  87.289063  89.222656  86.625000  81.073128  72.983124  63.787659  54.714218  45.445000  36.221405  28.506618 
 31.586769  40.982189  51.246872  61.758125  72.310783  82.449997  91.705940  98.014534  100.180939  97.386719  90.508751  80.866409  70.269997  59.928123  49.680939  39.695782  30.605988 
 33.098595  43.515469  54.230316  65.430466  77.047501  88.492188  98.551720  105.581879  107.785469  104.711403  97.478279  86.668434  74.808594  63.546410  52.558746  42.091095  32.365467 
 34.002865  44.426407  55.456253  66.972969  79.017502  91.182503  101.780785  108.621719  110.882187  107.855469  100.834846  89.621719  77.407028  65.571564  54.020157  43.063438  33.107185 
 33.437084  43.786251  54.592346  65.771095  77.559059  89.345627  99.964996  106.707809  108.795158  105.767967  98.958595  87.929222  75.579842  64.124535  53.009529  42.455002  32.651249 
 32.000782  41.636406  51.766403  62.342812  73.210472  83.972809  93.509689  100.063278  102.122032  99.062653  92.179840  82.262344  71.415314  60.843437  50.397499  40.412655  31.238701 
 29.907654  38.129532  47.519218  57.151566  66.758904  76.062187  83.993904  89.468597  91.451874  88.983284  82.980003  74.597343  65.308746  55.917030  46.343594  37.085625  29.140209 
 27.998123  34.123123  42.227032  50.916878  59.493126  67.157188  73.579529  77.946091  79.416718  77.404373  72.606247  65.856094  58.013908  49.851410  41.231251  33.109844  27.198803 
 26.865261  30.317970  36.338749  43.893906  51.129845  57.607498  62.714844  66.244217  67.336403  65.782814  61.999847  56.570625  49.986252  42.864220  35.289219  29.320625  25.894794 
 25.169842  27.465675  30.577087  36.293697  42.234219  47.735416  51.832130  54.668175  55.519112  54.424057  51.352135  46.929379  41.551250  35.384010  29.435677  26.482708  24.273960 
 } 
 GR Channel
 {
 47.419735  53.258492  59.386200  68.212036  77.616669  85.775780  92.115837  95.921043  97.197754  95.711929  91.743439  85.237083  76.649582  67.249062  58.530052  53.088905  48.426819 
 51.493073  58.480782  68.436409  80.402657  91.521248  100.983910  108.558746  113.295624  115.079224  112.900467  107.995941  100.196251  90.257500  79.246559  67.607346  57.867035  51.999733 
 54.410103  64.963440  78.183128  91.977188  104.490784  115.754837  125.230774  131.479996  133.687347  131.130005  124.697495  115.035156  103.313438  90.758751  77.310623  64.217033  54.441826 
 58.094170  71.790001  86.803284  102.134377  116.444687  130.043747  141.838593  149.953278  152.899841  149.582962  141.580002  129.521255  115.249222  100.886253  85.955780  71.007347  58.099213 
 61.906357  77.415939  93.702812  110.100311  126.516556  142.513901  156.897339  166.429993  169.804062  165.965469  156.407028  142.026245  125.452347  109.107498  92.813126  76.691406  61.661194 
 64.918953  81.480621  98.501717  115.554688  133.470306  151.766876  167.341248  177.747498  181.283905  177.277969  167.224380  150.909058  132.463745  114.765472  97.461250  80.622185  64.320938 
 65.924316  82.962029  100.252190  117.882813  136.590622  155.644058  172.087036  182.534058  185.943909  182.047974  172.431244  155.760620  136.684998  118.201401  100.014847  82.131409  65.621613 
 65.239685  81.938438  98.944061  116.080780  134.332336  153.152191  169.624847  180.012817  183.474838  179.450317  169.976410  153.462662  134.039841  116.026413  98.331718  81.225159  64.900780 
 62.914482  78.704063  94.845940  111.256409  128.306717  145.267181  160.168594  170.364838  173.744690  169.846100  159.960632  144.851868  127.648438  111.117188  94.349686  77.927032  62.703072 
 59.419220  73.157341  88.212814  103.260468  118.542038  132.974838  145.594849  154.288132  157.399536  154.259689  145.649063  132.792343  118.165314  103.299690  87.931091  72.591721  59.229424 
 56.062813  66.730316  79.979843  93.778748  107.287811  119.379532  129.523743  136.344849  138.729065  136.294525  129.096558  118.835785  106.610153  93.488281  79.549530  66.075783  55.868073 
 53.617188  60.370941  70.487968  82.647812  94.293594  104.535309  112.649536  117.950775  119.758118  117.607346  112.116882  103.796562  93.611092  82.138283  69.793594  59.825157  53.392029 
 49.606354  54.971352  60.795677  70.062393  79.880470  88.425728  94.977654  99.239746  100.596458  98.891304  94.538963  87.839478  79.233803  69.415573  59.648384  54.490372  49.914116 
 } 
 GB Channel
 {
 48.524590  54.018745  59.972191  69.028435  78.340736  86.442192  93.107193  96.874268  98.140312  96.526306  92.112343  85.707344  76.889893  67.533180  58.510201  53.151405  48.569740 
 52.451256  59.221252  69.254684  81.248436  92.397812  101.960938  109.465935  114.338440  116.019058  113.584839  108.599220  100.604218  90.510315  79.407967  67.580627  57.763283  51.989746 
 55.067345  65.644218  79.096878  93.096252  105.657967  116.875000  126.383118  132.485779  134.643127  131.930466  125.337494  115.501877  103.640778  90.930313  77.206566  63.962654  54.213287 
 58.632446  72.526405  87.847969  103.343437  117.731094  131.319214  143.111252  151.142807  154.085312  150.429840  142.185944  129.968445  115.430939  100.912811  85.854691  70.664215  57.665260 
 62.364273  78.199684  94.762970  111.294533  127.936096  143.837814  158.072189  167.532654  170.990631  166.892349  157.055618  142.417816  125.544693  108.998436  92.626717  76.206253  61.091667 
 65.203285  82.080154  99.301094  116.603592  134.662811  152.833588  168.160934  178.538132  181.964218  177.831726  167.458435  151.004379  132.373123  114.481400  97.080154  79.977188  63.665108 
 66.142715  83.458122  100.984062  118.645935  137.382507  156.421249  172.485306  182.753601  186.245789  182.164688  172.337814  155.441254  136.369537  117.711563  99.365623  81.455315  64.902817 
 65.389427  82.415466  99.587502  116.805161  135.156403  153.642807  169.697342  180.099060  183.370941  179.370163  169.590317  153.073593  133.536087  115.386719  97.652496  80.429222  64.114006 
 63.018379  79.028595  95.193748  111.603752  128.720154  145.354065  160.108749  170.192657  173.574371  169.423279  159.340469  144.316879  127.045471  110.449844  93.771561  77.300629  62.033119 
 59.416611  73.365158  88.389061  103.561249  118.586090  132.922806  145.320313  153.771408  156.940475  153.486557  144.884537  132.055466  117.481720  102.611877  87.286720  71.972031  58.568901 
 56.168129  66.881874  80.098282  93.887497  107.153595  119.167191  128.964844  135.598434  138.027496  135.322815  128.179993  117.939682  105.821716  92.764534  78.862816  65.529373  55.348129 
 53.948334  60.461250  70.467659  82.659218  94.121872  104.125626  112.024536  117.267654  119.011566  116.753128  111.175468  102.883278  92.779846  81.498749  69.199219  59.232346  52.985466 
 50.188751  55.198334  60.739944  70.054428  79.511040  88.139381  94.668068  98.757034  100.174896  98.360207  93.916504  87.148903  78.466301  68.838753  59.051094  53.975471  49.485886 
 } 
 B Channel
 {
 32.581566  36.825314  41.329220  47.898434  54.617607  60.439323  64.852760  67.131821  67.841820  66.789474  64.095161  59.571518  53.710625  46.930569  40.411613  36.534374  34.015209 
 35.448647  40.292812  47.543594  55.978439  63.688438  70.269531  75.127968  78.099533  79.132034  77.710312  74.565781  69.300468  62.554375  54.819534  46.495155  39.534374  36.126045 
 37.417759  45.025467  54.497345  64.104843  72.837029  80.400780  86.302185  90.096092  91.308746  89.737968  85.767654  79.379059  71.479378  62.755783  53.256721  44.059845  37.982555 
 40.131195  50.007660  60.562653  71.156715  80.893906  89.860313  97.372971  102.416092  104.158127  101.971092  96.888123  88.864685  79.429375  69.680153  59.279686  48.870316  40.599476 
 42.837811  53.937813  65.244064  76.422188  87.372810  97.797188  107.095001  113.120316  115.416092  112.913437  106.637970  97.053749  86.045158  75.162659  63.985153  52.798126  43.282291 
 44.851093  56.494217  68.244377  79.959061  91.724998  103.561562  113.609222  120.306564  122.821564  120.269226  113.563278  102.806877  90.536873  78.747345  67.005783  55.507500  45.137501 
 45.684013  57.427971  69.269531  81.266251  93.444221  105.899063  116.441879  123.252350  125.601089  123.259842  116.885788  105.572655  92.984688  80.901878  68.546875  56.541565  46.021984 
 45.093124  56.748123  68.412033  80.109528  92.016563  103.970779  114.639526  121.526718  123.923599  121.407654  115.155777  104.360153  91.422813  79.415001  67.495003  55.852814  45.472393 
 43.499428  54.349220  65.658127  76.760155  87.780624  98.677498  108.394684  115.113754  117.519379  115.039215  108.439842  98.429062  87.161560  76.168434  64.923752  53.684532  43.857243 
 40.838959  50.455627  60.954529  71.268280  81.139061  90.620155  98.805626  104.482498  106.677971  104.585785  99.058441  90.545624  80.924377  70.966408  60.472656  49.941559  41.304478 
 38.303646  45.842812  55.243439  64.582497  73.613129  81.752029  88.384842  92.826248  94.371872  92.803596  88.217812  81.347191  73.276405  64.392342  54.750153  45.341408  38.766197 
 36.436146  41.337814  48.474060  56.873909  64.813126  71.822655  77.295311  80.804375  81.811562  80.402191  76.846405  71.327187  64.414215  56.605316  47.876095  40.710625  36.720623 
 33.356564  37.360729  41.530315  48.069527  55.057289  61.053703  65.501144  68.326462  69.295319  68.179268  65.147865  60.555519  54.555672  47.740314  40.621719  36.801044  33.854790 
 } 


 White Balance Data with optical Center Data
 r_center_x =  646 r_center_y =  473 
 gr_center_x =  651 gr_center_y =  500 
 b_center_x =  646 b_center_y =  493 
 gb_center_x =  649 gb_center_y =  488 
 r/gr 0.596157 
 b/gr 0.675826 
 gb/gr 1.000905 
 r_oc_ave 111.279999 
 b_oc_ave 126.151108 
 gr_oc_ave 186.662216 
 gb_oc_ave 186.831116 

 [AWB]
 RGr =  0.596157 
 BGr =  0.675826 
 GbGr =  1.000905 
 r_oc_ave =  111.279999 
 b_oc_ave =  126.151108 
 gr_oc_ave =  186.662216 
 gb_oc_ave =  186.831116 