 LEFT LENS SHADING DATA
 RED Channel
 {
 22.479271  24.459690  27.239014  32.416561  38.134895  43.166615  47.508953  49.862656  50.850670  49.924057  47.153851  43.086304  37.973698  32.444115  27.531143  24.847294  23.001041 
 24.192188  27.222187  32.615467  39.577812  46.500313  52.651405  57.649376  61.029533  62.214218  60.749062  57.559685  52.387344  46.276405  39.587658  32.652813  27.369373  24.823540 
 25.176979  30.922813  38.399532  46.491718  54.479691  61.821564  68.129372  72.432655  74.019684  72.256248  67.990784  61.660622  54.320625  46.613907  38.437187  31.005001  26.014584 
 27.327396  35.024063  43.795624  52.907028  61.937653  70.815941  78.600311  84.262810  86.397346  84.173592  78.687035  70.807190  61.877029  52.870628  43.745155  34.977032  28.105156 
 29.454060  38.569061  48.309998  58.209999  68.570625  78.783752  88.271561  94.980934  97.358284  94.933441  88.522186  79.093124  68.401718  58.245468  48.152191  38.517502  30.127914 
 31.213802  40.952343  51.310310  61.991096  73.347809  84.965157  95.483749  102.645470  105.206566  102.787971  95.926872  85.301247  73.345314  62.070000  51.172501  40.982033  31.687656 
 32.063122  41.865623  52.488129  63.689064  75.627968  88.006874  98.900467  106.106873  108.860313  106.416565  99.828278  88.750465  76.181404  64.270157  52.732658  42.003593  32.476719 
 31.731148  41.310314  51.799217  62.741562  74.515160  86.381248  97.139061  104.412033  107.073128  104.627342  98.091721  87.322189  74.597031  62.892502  51.805626  41.323437  32.176769 
 30.152866  39.140156  49.113907  59.556252  70.346565  81.194847  91.087189  98.041718  100.608910  98.286873  91.607811  81.677658  70.504219  59.739845  49.305313  39.476093  30.813385 
 27.762711  35.838123  44.942657  54.491409  64.081566  73.342186  81.758125  87.625000  89.954529  88.033592  82.182503  73.882500  64.438126  54.741875  45.291092  36.219219  28.779842 
 25.636822  31.950783  39.959373  48.573280  56.938278  64.658279  71.398125  76.223595  77.956718  76.307030  71.616722  64.932030  57.029846  48.742653  40.263905  32.325470  26.586926 
 24.271980  28.171562  34.432186  41.780155  48.955467  55.455467  60.878441  64.597656  65.912346  64.594528  60.981247  55.548904  49.063278  41.937344  34.555313  28.630001  25.399582 
 23.073647  25.475315  29.155106  34.988281  41.134846  46.667339  51.049683  53.862862  54.945465  54.080986  51.215004  46.851620  41.476822  35.153389  29.294479  26.316250  24.374168 
 } 
 GR Channel
 {
 47.348125  52.261040  57.405777  66.356407  75.823898  84.178078  90.801247  94.902710  96.253593  94.835670  90.712868  84.405838  75.936920  66.914162  58.454948  53.472076  49.127914 
 51.305206  57.620628  66.986404  78.647034  89.857033  99.632034  107.556252  112.800629  114.715469  112.800476  107.903908  100.161247  90.331718  79.373749  67.802658  58.476250  53.215836 
 53.694588  64.108749  76.710472  89.906250  102.584846  114.272507  124.059998  130.945618  133.495163  131.022964  124.671402  114.964691  103.268593  90.771408  77.343903  64.549530  55.605156 
 57.385208  70.936874  85.341408  99.798592  114.174057  128.365158  140.701096  149.537506  152.946091  149.822968  141.613586  129.553909  115.257813  100.849060  85.861092  71.242966  59.101921 
 61.070778  76.463905  92.076721  107.819374  124.126556  140.597183  155.678757  166.251724  170.115463  166.619370  157.085312  142.453278  125.416092  109.058746  92.778435  76.954842  62.512131 
 64.220673  80.207970  96.526718  113.249069  131.190933  149.756088  166.614838  177.832184  181.923431  178.497818  168.428284  151.836411  132.895462  114.873276  97.564377  81.007187  65.385941 
 65.523544  81.749374  98.470940  115.756256  134.456879  154.049377  171.600784  182.872345  187.060944  183.883286  174.129684  156.995789  137.299850  118.503906  100.309685  82.708435  66.550514 
 64.908440  80.782188  97.303749  114.447815  132.790466  151.735153  169.013443  180.450775  184.551407  181.281250  171.497971  154.841721  134.761093  116.268600  98.606560  81.607185  66.065521 
 62.301514  77.479218  93.378593  109.616722  126.816559  143.943436  159.597504  170.480942  174.461563  171.203598  161.332184  146.006882  128.271255  111.247658  94.568748  78.431717  63.837761 
 58.417351  72.199219  86.995316  102.132813  117.159378  131.924683  145.031876  154.164993  157.796097  154.991562  146.702972  133.750473  118.787659  103.406563  88.290627  73.243752  60.417915 
 54.579430  65.730469  79.090469  92.798904  106.096878  118.299850  128.721878  136.025162  138.875153  136.504837  129.640320  119.329056  107.135002  93.988281  80.038597  66.837341  56.784637 
 51.929321  59.244530  69.893906  81.931252  93.489220  103.721252  112.008743  117.736252  119.885620  117.978745  112.518127  104.283592  94.138123  82.653748  70.398438  60.339844  53.974640 
 48.925156  54.368073  61.003281  70.871254  80.906921  89.800415  96.560005  101.019585  102.726463  101.435005  96.917290  90.133804  81.473541  71.405418  61.123016  55.632133  51.477547 
 } 
 GB Channel
 {
 48.232597  52.870934  58.006302  66.852501  76.503075  84.682968  91.237183  95.325058  96.595154  95.046356  91.041458  84.600883  76.232086  67.140892  58.557236  53.633598  49.543587 
 52.236771  58.354691  67.762344  79.440002  90.683281  100.383591  108.190941  113.382339  115.303284  113.244690  108.226875  100.351097  90.522499  79.497345  67.908279  58.606720  53.641090 
 54.217552  64.919846  77.605934  90.941872  103.676559  115.236404  124.932495  131.710938  134.164688  131.627182  125.130005  115.378128  103.682968  91.102188  77.491722  64.671410  55.834106 
 57.816620  71.717659  86.411095  101.079376  115.382507  129.482819  141.699066  150.562653  153.847031  150.624847  142.186249  130.031876  115.617188  101.152496  86.094063  71.311562  59.112396 
 61.387703  77.321877  93.203125  109.013748  125.361099  141.620163  156.638443  167.080475  170.975159  167.354996  157.526245  142.690475  125.755783  109.260628  92.962814  76.962654  62.464539 
 64.347298  80.971878  97.580627  114.612030  132.270309  150.566406  167.141251  178.138443  182.192657  178.699371  168.407974  151.786560  132.992188  114.971100  97.650780  80.938126  65.334793 
 65.789223  82.203590  99.272659  116.729691  135.218597  154.363434  171.544220  182.740936  186.862976  183.531403  173.653442  156.632034  137.145782  118.441559  100.032028  82.553436  66.269264 
 65.164528  81.180153  97.894379  115.122192  133.250931  151.732025  168.649063  179.879532  183.987503  180.647507  170.673752  154.155777  134.281097  115.820786  98.253593  81.342659  65.516190 
 62.324379  77.809372  93.725784  109.910004  126.810776  143.619064  158.862350  169.603912  173.573746  170.238907  160.284378  145.051559  127.612350  110.667969  94.149529  78.116722  63.332336 
 58.291565  72.325310  87.104065  102.031876  116.968124  131.237183  143.984222  153.039993  156.492813  153.684067  145.282501  132.630783  117.790466  102.693596  87.599686  72.726875  59.976044 
 54.624168  65.701248  78.945160  92.560783  105.544998  117.502975  127.465775  134.556564  137.278900  134.864059  128.122192  118.030151  105.998596  93.012810  79.261566  66.206566  56.258652 
 51.987656  59.099533  69.600784  81.501717  92.825470  102.778748  110.830002  116.236725  118.328751  116.367966  110.941254  102.946091  93.069374  81.696091  69.638596  59.733597  53.637962 
 49.219322  54.178078  60.680153  70.399429  80.137756  88.522499  95.162918  99.483589  101.030006  99.586098  95.212090  88.760056  80.209381  70.285049  60.265053  55.108803  50.992134 
 } 
 B Channel
 {
 33.092083  36.579170  40.419846  46.698696  53.441826  59.408646  63.897346  66.578072  67.599380  66.654381  64.064590  59.586617  53.535988  46.933125  40.867657  37.404945  34.616199 
 35.806252  40.426250  47.279221  55.556404  63.459534  70.141563  75.501717  79.007034  80.308128  79.016876  75.820000  70.423904  63.614532  55.731873  47.482033  41.001408  37.522865 
 37.648853  45.187187  54.368439  63.794685  72.570465  80.394844  86.914375  91.478905  93.183128  91.656097  87.609062  80.940941  73.041718  64.118279  54.559998  45.756718  39.216511 
 40.524792  50.014374  60.567184  70.908752  80.633125  90.071877  98.053596  103.938126  106.207970  104.397972  99.185936  91.064377  81.374847  71.306091  60.861565  50.714996  41.978748 
 42.986042  53.901878  65.179840  76.332657  87.339218  98.225471  108.007660  114.852661  117.474533  115.544693  109.393127  99.697342  88.309059  77.019844  65.752029  54.829063  44.504478 
 44.900887  56.484840  68.076408  79.893593  92.069221  104.147499  114.945938  122.050476  124.638123  122.755005  116.544846  105.586876  93.053284  80.722343  68.967346  57.632965  46.431507 
 45.838078  57.403282  69.173592  81.338280  94.025627  106.834061  118.038910  125.109375  127.683121  125.832031  119.960464  108.640472  95.583122  82.974846  70.635155  58.830002  47.412083 
 45.366928  56.716721  68.395470  80.232185  92.773438  105.361717  116.422028  123.511093  126.032501  124.113281  118.177658  107.577347  94.179222  81.508751  69.453278  58.006096  47.032970 
 43.565727  54.406563  65.756874  77.059998  88.775780  100.197968  110.326561  117.235153  119.795151  117.679382  111.409378  101.422188  89.786873  78.095467  66.791252  55.846565  45.414059 
 40.833645  50.711563  61.347031  71.871872  82.312500  92.084061  100.579376  106.580154  108.824997  107.163910  101.705002  93.320000  83.299843  72.852028  62.319687  52.165939  43.051357 
 38.178490  46.182030  55.844376  65.507965  74.697189  82.997032  89.835625  94.444374  96.164841  94.693436  90.308128  83.464844  75.235313  66.092186  56.503593  47.435001  40.244583 
 36.250889  41.598595  49.369843  58.126251  66.202812  73.326408  78.832809  82.485779  83.683441  82.511871  78.949997  73.477188  66.391563  58.274063  49.740623  42.792343  38.366718 
 34.410469  38.724220  43.732971  51.062080  58.395317  64.534111  69.309898  72.316826  73.310097  72.442711  69.328331  64.706352  58.576561  51.105309  43.797707  40.094635  36.968384 
 } 


 White Balance Data with optical Center Data
 r_center_x =  645 r_center_y =  509 
 gr_center_x =  648 gr_center_y =  497 
 b_center_x =  654 b_center_y =  510 
 gb_center_x =  659 gb_center_y =  487 
 r/gr 0.581604 
 b/gr 0.682482 
 gb/gr 0.998698 
 r_oc_ave 109.235558 
 b_oc_ave 128.182220 
 gr_oc_ave 187.817780 
 gb_oc_ave 187.573334 

 [AWB]
 RGr =  0.581604 
 BGr =  0.682482 
 GbGr =  0.998698 
 r_oc_ave =  109.235558 
 b_oc_ave =  128.182220 
 gr_oc_ave =  187.817780 
 gb_oc_ave =  187.573334 