 LEFT LENS SHADING DATA
 RED Channel
 {
 39.560364  43.197029  48.252602  56.401047  64.523697  71.913803  77.337547  80.488174  81.314110  79.598335  75.793282  69.755783  62.582291  54.369949  46.780102  41.981770  39.442188 
 42.192448  47.938908  56.838440  67.054375  76.777657  85.257347  92.159843  96.566719  97.670158  95.276253  90.267654  82.838905  74.121872  64.490158  54.427185  46.098438  41.468437 
 44.454376  53.606873  65.272659  77.152191  88.170937  98.322502  106.980934  112.742035  114.459061  111.441719  104.900940  95.553436  85.042191  73.810623  62.212341  51.335625  43.163540 
 47.567131  59.537346  72.693123  85.857498  98.754997  111.030624  121.629684  129.107193  131.415619  127.588593  119.402496  107.660934  95.067497  82.169846  69.228905  56.783592  45.987133 
 50.853226  64.306564  78.488281  93.083595  107.778748  122.085464  134.685150  143.144058  145.751556  141.476410  132.170624  118.405624  103.431877  89.013123  74.814529  61.222504  49.123749 
 53.339737  67.440781  82.288750  97.725159  113.885941  129.940155  143.656250  152.477661  154.963913  150.855316  140.872650  125.962662  109.499062  93.548752  78.459999  64.146873  51.122711 
 54.101143  68.560310  83.805779  99.723434  116.319839  132.797974  146.910934  155.716873  158.099213  154.194214  144.860153  129.513443  112.429382  95.992188  80.184059  65.342499  51.890007 
 53.352608  67.450935  82.332184  97.711090  113.765152  129.424683  143.253433  152.096100  154.528122  150.391251  141.228592  126.128754  109.580627  93.880310  78.732971  64.380470  51.181923 
 50.815994  64.339531  78.378754  92.931564  107.544220  121.487656  133.908432  142.474686  144.982819  140.845932  131.551880  118.257187  103.746559  89.453590  75.281097  61.726715  49.363594 
 47.673172  59.371719  72.400467  85.683281  98.363907  110.450623  120.770782  127.900787  130.150162  126.803284  118.914063  107.784218  95.333908  82.793594  69.792656  57.260155  46.537029 
 44.655415  53.732498  65.122658  77.097969  88.351410  98.180153  106.652809  112.322495  113.798431  111.318748  104.978592  95.916092  85.688126  74.548126  62.823280  52.005157  43.994114 
 42.825989  48.179535  56.905472  67.229843  77.016090  85.558441  92.305626  96.604530  97.801247  95.724060  90.795311  83.589218  74.911407  65.276405  55.173904  47.011875  42.602295 
 40.560154  44.486404  49.339836  57.270889  65.774216  72.858856  78.653954  81.960571  83.032913  81.426147  77.499481  71.777351  64.237030  55.926193  48.350365  44.043125  41.110207 
 } 
 GR Channel
 {
 50.192551  55.116714  61.108955  70.282028  79.333748  87.134483  93.012131  96.450005  97.402245  95.620888  91.547859  85.029472  77.395264  68.395050  59.365211  53.915680  50.581093 
 53.996719  61.229843  71.541878  82.955154  93.596252  102.820313  109.792343  114.477493  115.708282  113.308594  108.038910  100.336563  90.975471  80.428596  69.006874  59.251717  53.570259 
 57.185463  68.183594  81.364685  94.616096  106.623749  117.546249  126.747818  132.461411  134.513748  131.547806  124.792969  114.862350  103.532188  91.278908  78.406715  65.832970  56.043175 
 61.055725  75.011566  89.828438  104.425156  118.441406  131.871094  143.432495  151.382507  153.681244  149.771255  141.418442  128.900940  115.049530  100.845940  86.492340  72.361252  59.624992 
 64.911148  80.485313  96.458282  112.307816  128.421402  144.190628  158.214371  167.533905  170.251099  165.748276  155.883911  141.074997  124.693909  108.705154  92.944221  77.637657  63.488701 
 67.881302  84.286095  100.747185  117.554688  135.189850  152.994064  168.370941  178.229843  181.030624  176.903275  166.076721  149.692657  131.516876  113.898590  97.208908  81.183594  65.854637 
 68.926041  85.506874  102.493126  119.886414  137.786407  156.415466  172.156555  181.807816  184.811569  180.742188  170.999069  154.068756  135.172974  116.861725  99.355003  82.455627  66.909370 
 67.839165  84.258751  100.791252  117.593277  135.229996  152.840942  168.414688  178.346252  181.182663  177.172180  167.282501  150.592499  131.898743  114.362503  97.545311  81.344688  66.117188 
 64.965630  80.671875  96.314690  112.307663  128.390320  144.218750  158.355621  167.864532  170.703430  166.583282  156.490631  141.600159  125.150162  109.139221  93.433441  77.968124  63.747292 
 61.116875  74.960625  89.527657  104.214996  118.239059  131.701569  143.338120  151.388901  153.858597  150.500931  141.919525  129.501556  115.560150  101.613281  87.175629  72.738434  60.041351 
 57.333855  68.197189  81.229530  94.366249  106.785309  117.710785  127.055466  133.431091  135.334839  132.571869  125.628906  115.849533  104.504997  92.059372  79.039528  66.395309  56.815727 
 54.693077  61.712029  71.538437  83.086876  93.979530  103.339996  110.790466  115.554993  117.065002  114.723587  109.422340  101.563126  92.077499  81.382034  69.865311  60.281876  54.901451 
 51.043488  56.810570  62.705521  71.628128  81.047653  88.996666  95.207344  99.142509  100.357918  98.729225  94.596718  88.072708  79.939583  70.468910  61.786568  56.461464  52.770210 
 } 
 GB Channel
 {
 50.695473  55.789223  61.943436  71.534889  81.137863  89.489738  95.618904  99.483536  100.491615  98.478226  93.991928  87.054634  78.616714  69.037186  59.777039  53.947296  50.556038 
 54.130890  61.616096  72.224686  84.166565  95.303909  104.897034  112.319534  117.285629  118.628906  115.962814  110.441719  101.986092  92.042343  80.829689  68.965157  59.039375  53.186043 
 56.924789  68.216873  81.728752  95.406097  107.966095  119.382965  128.911255  135.053436  137.136093  133.866882  126.687027  116.176712  104.210625  91.375465  77.930626  65.044685  55.285522 
 60.464577  74.809998  89.901718  104.853127  119.292191  133.083908  145.166870  153.510941  155.966721  152.073288  143.035309  129.941406  115.377502  100.648903  85.712654  71.339996  58.551247 
 64.070099  79.934685  96.118752  112.382339  128.729538  145.016724  159.332031  168.918594  171.995941  167.345779  157.001404  141.641556  124.553131  107.999687  91.769218  76.087814  61.953651 
 66.733803  83.246094  99.961563  117.023438  134.960785  153.021561  168.660782  178.814056  181.800156  177.464218  166.339996  149.468903  130.855164  112.884842  95.758904  79.422653  64.144119 
 67.465942  84.359688  101.391563  118.865005  137.089066  155.854538  171.681244  181.773132  184.857651  180.843750  170.791718  153.489685  134.189529  115.536713  97.653282  80.599846  65.210472 
 66.396881  82.973122  99.597191  116.522964  134.378754  152.040939  167.801559  177.960938  181.040787  176.872192  166.848907  149.862808  130.778900  112.865463  95.723434  79.498123  64.341873 
 63.777550  79.372345  95.030312  111.200310  127.482651  143.537186  157.759689  167.467194  170.525467  166.305618  155.977814  140.935776  124.149063  107.894684  91.924065  76.277969  61.903175 
 60.001770  73.815941  88.490936  103.318909  117.501099  131.111252  142.935318  151.108597  153.773743  150.407806  141.509842  128.875000  114.685944  100.461563  85.733749  71.244690  58.455933 
 56.574585  67.561249  80.642502  93.985466  106.476715  117.628754  126.955475  133.517502  135.451401  132.624374  125.525314  115.470001  103.815315  91.222969  77.915154  65.114685  55.720940 
 54.229630  61.238594  71.219063  82.969376  93.960312  103.556252  111.147034  116.076096  117.599060  115.042496  109.643280  101.461563  91.730156  80.698753  69.031403  59.305153  54.057449 
 51.027138  56.570892  62.474472  71.571037  81.354477  89.479584  95.981819  99.871719  100.891975  99.240837  94.842247  88.166977  79.756195  70.054161  61.232452  55.840790  52.305786 
 } 
 B Channel
 {
 18.223907  20.474323  23.447186  27.835365  32.165310  35.997028  38.627342  40.285679  40.760937  39.792973  37.888332  34.743698  30.900311  26.413124  22.095467  19.301666  18.071667 
 19.878906  23.113281  28.204689  33.888905  38.966564  43.255157  46.471718  48.500465  48.869690  47.689842  45.162498  41.547657  37.016563  31.903126  26.383595  21.802502  19.517498 
 20.975727  26.305313  32.740936  39.231564  44.969688  50.034691  54.051872  56.561874  57.188591  55.707809  52.589691  48.019066  42.716095  36.910625  30.712189  24.821407  20.794533 
 22.713909  29.412033  36.686562  43.594376  50.086090  56.190941  61.232346  64.565628  65.466721  63.591721  59.666252  54.030937  47.742031  41.212502  34.440781  27.834373  22.501873 
 24.275520  31.828438  39.494064  47.053905  54.361717  61.292030  67.284691  71.184219  72.195465  70.135941  65.687187  59.024689  51.733284  44.521095  37.286720  30.144688  24.232185 
 25.570732  33.261562  41.205002  49.066254  56.988434  64.591873  70.988594  74.932030  75.899841  74.069687  69.407501  62.337654  54.403122  46.546249  38.979218  31.673595  25.362133 
 25.781616  33.623905  41.685623  49.702660  57.722969  65.653282  72.102501  75.932343  76.934219  75.066406  70.840309  63.644684  55.549377  47.714844  39.871719  32.203281  25.770573 
 25.312553  32.874844  40.690937  48.448280  56.244843  63.774376  70.214066  74.075470  75.115784  73.118904  69.157028  62.065002  54.156715  46.544533  39.008438  31.706875  25.371044 
 23.932240  31.187031  38.533436  45.898594  53.063438  59.878754  65.758438  69.606247  70.562965  68.579063  64.367966  58.084373  51.180153  44.300312  37.211250  30.211094  24.286716 
 22.219009  28.574219  35.425625  42.194218  48.486877  54.351875  59.245781  62.519997  63.453278  61.929840  58.229530  52.950623  47.008125  40.905468  34.295624  27.797813  22.579899 
 20.550259  25.577969  31.693283  37.832031  43.436718  48.281403  52.296722  54.893280  55.621407  54.474686  51.440941  47.230938  42.234062  36.627811  30.548595  24.780155  20.946198 
 19.515522  22.632187  27.365936  32.872814  37.872814  42.085625  45.417187  47.445938  48.034378  47.053905  44.755001  41.237656  36.883751  31.886406  26.451248  22.007187  20.079269 
 18.540939  21.040104  23.943024  28.343643  32.979477  36.635624  39.696358  41.385937  41.890209  41.053696  39.280834  36.224117  32.322086  27.685783  23.312500  20.856770  19.857605 
 } 


 White Balance Data with optical Center Data
 r_center_x =  628 r_center_y =  485 
 gr_center_x =  653 gr_center_y =  478 
 b_center_x =  633 b_center_y =  458 
 gb_center_x =  653 gb_center_y =  475 
 r/gr 0.853740 
 b/gr 0.415296 
 gb/gr 1.000144 
 r_oc_ave 158.511108 
 b_oc_ave 77.106667 
 gr_oc_ave 185.666672 
 gb_oc_ave 185.693329 

 [AWB]
 RGr =  0.853740 
 BGr =  0.415296 
 GbGr =  1.000144 
 r_oc_ave =  158.511108 
 b_oc_ave =  77.106667 
 gr_oc_ave =  185.666672 
 gb_oc_ave =  185.693329 