 LEFT LENS SHADING DATA
 RED Channel
 {
 40.805626  44.591457  49.399330  57.574379  65.953857  73.242714  79.018280  82.557602  83.567451  82.007080  78.003853  71.817657  64.193123  56.028328  48.033073  43.762135  41.307968 
 42.795208  48.023125  56.848282  67.340622  77.278435  86.036873  93.086403  97.598434  99.047653  96.666252  91.669685  84.029533  75.034378  65.306252  55.180779  47.053593  42.595467 
 44.529530  53.232658  64.806091  76.870941  88.594688  99.008278  107.831406  113.853912  115.747498  112.684372  106.071251  96.613434  85.695625  74.412659  62.748596  51.899689  43.880520 
 47.500679  59.096718  72.203125  85.870155  99.203590  111.850937  123.082504  130.692505  132.883118  129.020157  120.767029  108.836250  95.832657  82.728905  69.703125  57.081093  46.487972 
 50.645203  63.804375  78.060783  92.967186  108.273903  123.094376  136.252975  145.037186  147.569687  143.222183  133.508591  119.721100  104.269844  89.461403  75.235466  61.457970  49.354004 
 52.780678  66.842972  81.880623  97.789688  114.395630  130.969849  145.229538  154.199524  156.695465  152.507034  142.263275  127.109222  110.164215  93.965157  78.808746  64.337029  51.065994 
 53.370316  67.797813  83.216408  99.606094  116.615631  133.685318  148.168594  157.240936  159.782349  155.629211  146.273911  130.448120  113.016876  96.266251  80.372810  65.277344  51.907135 
 52.450317  66.621559  81.579063  97.516716  114.035004  130.322968  144.450775  153.593597  156.058899  151.901245  142.682037  127.038757  110.113129  94.119217  78.827812  64.227188  51.304680 
 50.439011  63.469215  77.661560  92.527809  107.525002  122.163284  135.042969  143.676712  146.332031  141.952347  132.598282  118.995163  103.918747  89.370941  75.159691  61.506874  49.183540 
 47.203808  58.587341  71.650780  85.051872  98.072655  110.578903  121.367493  128.793747  131.000153  127.614532  119.469849  107.927658  95.158592  82.394844  69.618439  56.958595  46.335049 
 44.418644  53.116562  64.394531  76.337341  87.765472  98.016251  106.593903  112.447037  114.214996  111.511566  105.094376  95.977501  85.301407  74.340157  62.588127  51.717186  43.874687 
 42.913647  47.969063  56.418434  66.690468  76.510315  85.195465  92.013596  96.437187  97.832184  95.692032  90.741562  83.465622  74.647812  65.066254  55.049217  46.877499  42.442917 
 40.643642  44.177814  48.714272  56.472763  64.784889  71.889427  77.506302  81.057190  81.883858  80.368904  76.484901  70.653954  63.191978  55.118340  47.511925  43.405834  40.377499 
 } 
 GR Channel
 {
 51.736618  57.009956  62.899948  71.736931  81.258537  89.177658  95.402969  99.136086  100.316826  98.298180  94.185524  87.666199  79.500832  70.247139  60.769684  55.653130  52.262703 
 54.869949  61.547653  71.838905  83.614220  94.596878  104.158279  111.607346  116.392975  117.873276  115.352966  110.114685  101.902657  92.148750  81.389847  69.839691  60.141876  54.539375 
 57.269897  67.904060  81.229843  94.671249  107.408279  118.536407  127.938599  134.502182  136.375473  133.144226  126.269531  116.141251  104.331253  91.951408  78.931877  66.087814  56.485733 
 61.228485  74.839531  89.834846  104.875938  119.487656  133.102036  144.981720  153.120316  155.572189  151.241714  142.672028  129.952347  115.787811  101.510780  87.003906  72.463127  59.847290 
 64.968391  80.669846  96.771561  113.125473  129.464844  145.587189  159.660309  169.111099  171.716873  167.205154  156.809219  142.005005  125.223907  109.099846  93.424843  77.714844  63.450890 
 67.829788  84.505623  101.346405  118.537338  136.498444  154.354065  169.797501  179.325943  182.105469  177.602036  166.877182  150.316406  131.786560  114.283600  97.634689  81.216560  65.734482 
 68.686562  85.699066  103.079063  120.804840  139.126556  157.615936  173.253754  182.896561  185.504532  181.119537  171.391876  154.147034  135.335785  117.179688  99.506874  82.388908  66.716202 
 67.538231  84.165314  101.052498  118.429062  136.397186  154.147186  169.514847  179.174225  181.715942  177.381409  167.565628  150.699371  132.052811  114.546875  97.755310  81.160934  65.864693 
 64.753334  80.347504  96.472343  112.781403  129.244064  145.242813  159.114380  168.419693  170.990158  166.383286  156.426254  141.675308  125.032974  109.181091  93.389999  77.772659  63.314110 
 60.855370  74.476410  89.332344  104.256248  118.600159  132.281876  144.044693  151.959686  154.120621  150.539993  141.877975  129.273911  115.308899  101.229843  86.891876  72.429535  59.783905 
 57.263535  67.788124  80.897346  94.363434  106.876564  118.339371  127.827347  133.891098  135.607498  132.454376  125.710464  115.872192  104.177345  91.963127  78.760002  66.169373  56.574791 
 54.846718  61.493591  71.468750  83.221878  94.169220  103.658752  111.305626  116.080627  117.350937  114.806564  109.442810  101.644379  91.997971  81.254684  69.728752  60.027496  54.474586 
 51.337135  56.375465  61.957497  70.943535  80.264008  88.275826  94.501457  98.420204  99.270523  97.219475  92.925728  86.578545  78.380264  69.144272  60.342499  55.194580  51.402496 
 } 
 GB Channel
 {
 52.073853  57.127602  63.591980  72.862663  82.927917  91.344215  97.988960  101.927925  103.349533  101.414055  96.833900  89.694008  80.888390  71.170525  61.214012  55.950783  52.399529 
 54.683441  61.643440  72.190315  84.519531  96.019997  106.082344  114.063126  119.262497  120.733902  118.181564  112.364532  103.685471  93.377342  81.999687  70.019218  60.068909  54.431190 
 56.876511  67.694221  81.276566  95.227654  108.363129  120.182343  130.120163  136.889069  139.078430  135.638123  128.369537  117.739380  105.296562  92.363281  78.846565  65.669685  55.939682 
 60.105881  74.178596  89.388123  104.871246  120.029373  134.242966  146.635468  155.402496  157.754532  153.545319  144.408127  131.156403  116.285156  101.487968  86.483910  71.617966  58.991928 
 63.670570  79.543282  95.832031  112.482651  129.425003  146.009537  160.614380  170.420151  173.456558  168.697968  158.067337  142.746872  125.296249  108.603752  92.423439  76.441719  62.066925 
 66.129845  82.827972  99.942970  117.453125  135.690628  154.059998  169.746719  179.850784  182.836716  178.327972  167.269531  150.375305  131.343445  113.286560  96.262184  79.536247  64.128746 
 66.768852  83.847191  101.355782  119.227661  137.804062  156.715775  172.522339  182.668900  185.597183  181.255310  171.200150  153.839066  134.341400  115.805786  97.847656  80.552658  64.802025 
 65.509735  82.370781  99.310471  116.838745  135.035156  153.053589  168.607651  178.694687  181.475464  177.184525  167.251099  149.975937  130.883286  113.032349  95.913437  79.248596  63.935463 
 63.074005  78.552971  94.732346  111.310310  127.829849  144.111877  158.271713  168.002029  170.652649  166.113281  155.902191  140.932495  123.963913  107.820465  91.717972  76.072342  61.678391 
 59.062813  72.917816  87.922028  102.935936  117.482819  131.402344  143.410629  151.479218  153.803757  150.233902  141.458755  128.650940  114.387970  100.038597  85.417030  70.871559  58.333649 
 55.995522  66.729691  79.885155  93.556877  106.219688  117.781555  127.379684  133.571564  135.439529  132.365311  125.385788  115.296570  103.440155  90.966095  77.648125  64.858910  55.387863 
 53.904266  60.655937  70.777809  82.592186  93.758438  103.469376  111.244843  116.184998  117.606873  115.050476  109.473747  101.473122  91.555000  80.626404  68.864059  59.147812  53.743645 
 50.779686  55.864273  61.632813  70.812607  80.442604  88.552292  94.940056  99.239998  99.961037  98.030251  93.364166  86.834793  78.315414  68.790779  59.869896  54.551979  50.902397 
 } 
 B Channel
 {
 19.680313  21.774479  24.846142  29.498539  34.215363  38.119164  41.191044  42.886665  43.453487  42.476879  40.529377  37.127968  33.057552  28.412132  23.754528  21.208908  20.122654 
 20.778645  24.071564  29.235313  35.296875  40.803905  45.558750  49.084373  51.303749  51.952034  50.731873  48.254372  44.252342  39.408592  34.069843  28.310158  23.547031  21.542656 
 21.752029  26.912655  33.601406  40.399532  46.614220  51.992188  56.323906  59.281715  60.028435  58.553749  55.387657  50.630936  44.984688  38.971405  32.460155  26.272812  22.294064 
 23.306873  29.985626  37.409843  44.703125  51.616875  57.979843  63.361565  66.860001  67.753128  65.871407  62.046410  56.256874  49.718903  42.912033  35.973438  28.922970  23.579430 
 24.847031  32.317657  40.172813  47.983749  55.709999  62.839066  69.112343  73.052498  74.083748  71.998596  67.572502  60.955154  53.345467  45.969219  38.498280  31.074219  25.002346 
 25.966408  33.710781  41.866093  49.991722  58.152031  66.114372  72.778748  76.710159  77.731247  75.805466  71.096252  63.866722  55.743279  47.748123  40.047344  32.402969  25.867344 
 26.138123  34.031876  42.264061  50.459846  58.797501  66.889687  73.640778  77.616722  78.599060  76.766876  72.520309  65.054375  56.763748  48.707344  40.688438  32.768593  26.166302 
 25.602085  33.418751  41.356564  49.355156  57.388435  65.099686  71.654533  75.687500  76.700157  74.798752  70.693123  63.444374  55.241722  47.533127  39.827656  32.191093  25.735054 
 24.339218  31.626095  39.217968  46.807499  54.163437  61.120781  67.045311  70.908127  72.047966  70.068283  65.806404  59.519066  52.263748  45.180939  37.905468  30.697655  24.697033 
 22.428337  28.814999  35.892345  42.871876  49.515160  55.488129  60.564217  63.916252  64.853592  63.303749  59.621872  54.270935  48.088440  41.650314  34.998123  28.219688  22.995937 
 20.705730  25.742813  32.050312  38.487499  44.372189  49.508591  53.614532  56.274689  57.027191  55.661720  52.785156  48.406250  43.202812  37.577030  31.278282  25.319061  21.493229 
 19.829426  22.950470  27.768280  33.400780  38.562656  43.057655  46.358437  48.426872  48.992340  47.997032  45.618439  42.097031  37.591873  32.530155  27.072498  22.464062  20.557396 
 18.456512  20.731094  23.338074  27.683071  32.205780  35.982868  38.865105  40.611458  41.021717  40.293491  38.268436  35.337658  31.370625  26.889946  22.703751  20.216980  18.927811 
 } 


 White Balance Data with optical Center Data
 r_center_x =  625 r_center_y =  483 
 gr_center_x =  629 gr_center_y =  463 
 b_center_x =  620 b_center_y =  467 
 gb_center_x =  635 gb_center_y =  479 
 r/gr 0.860423 
 b/gr 0.422784 
 gb/gr 1.000215 
 r_oc_ave 160.386673 
 b_oc_ave 78.808891 
 gr_oc_ave 186.404449 
 gb_oc_ave 186.444443 

 [AWB]
 RGr =  0.860423 
 BGr =  0.422784 
 GbGr =  1.000215 
 r_oc_ave =  160.386673 
 b_oc_ave =  78.808891 
 gr_oc_ave =  186.404449 
 gb_oc_ave =  186.444443 