 LEFT LENS SHADING DATA
 RED Channel
 {
 40.678905  44.265572  49.194481  57.146767  65.493752  72.522453  77.877090  81.385155  82.228958  80.385468  76.476456  70.209221  62.669846  54.786354  47.279011  43.057446  40.267448 
 42.976826  48.415779  57.267815  67.682190  77.512497  85.977654  92.632500  96.874535  98.024376  95.529846  90.445625  82.879845  73.901718  64.385941  54.477966  46.417656  41.980366 
 45.218956  54.196877  65.812653  77.857346  89.357346  99.385155  107.915939  113.612183  115.136719  111.921562  105.184372  95.629684  84.951721  73.876564  62.396561  51.481407  43.492031 
 48.391090  60.314217  73.692657  86.973595  100.159843  112.353119  123.250473  130.604218  132.424530  128.287186  119.662964  107.950935  95.165466  82.351563  69.411873  56.909218  46.185261 
 51.800728  65.440315  79.904221  94.605782  109.468903  123.870163  136.733124  145.178131  147.373276  142.561569  132.609070  118.704056  103.653595  89.197968  75.063438  61.380310  49.088226 
 54.224373  68.944374  83.990784  99.596405  115.910461  132.107346  146.055786  154.758118  156.894531  152.242340  141.641724  126.463593  109.887184  93.855469  78.863594  64.538597  51.148796 
 55.216347  70.214691  85.625465  101.729065  118.431244  135.210632  149.319839  158.115936  160.180313  155.703430  145.932495  129.985306  112.692963  96.434219  80.746872  65.795624  52.065620 
 54.534637  69.092346  84.357498  100.163597  116.305466  132.113281  145.895157  154.414536  156.732819  152.139374  142.357651  126.743118  110.369690  94.562500  79.433746  64.807655  51.507027 
 52.262398  65.805313  80.458122  95.290939  110.055626  124.226563  136.574066  144.757660  147.117035  142.406250  132.645004  119.276093  104.308594  90.109222  75.961090  62.213440  49.540932 
 49.025261  60.995468  74.503906  87.969841  100.791878  112.768906  123.241257  130.207657  132.042664  128.389221  120.059525  108.733910  96.072502  83.501091  70.451248  57.717033  46.772240 
 46.264217  55.454842  67.063438  79.098907  90.447342  100.568436  108.841408  114.293274  115.721100  112.844849  106.338440  97.137810  86.709686  75.391403  63.533752  52.428436  44.299686 
 44.685837  50.199997  58.722343  69.144684  79.027496  87.543282  94.249222  98.467499  99.798126  97.559532  92.341560  84.866409  76.019997  66.083282  55.751564  47.565781  42.771408 
 42.039169  46.049587  50.574638  58.238434  66.716248  73.766823  79.570259  83.019997  83.955627  82.324326  78.172806  72.165779  64.355415  55.924324  48.283646  43.993073  40.467239 
 } 
 GR Channel
 {
 51.232704  56.207703  62.053017  71.138489  80.371399  88.234848  93.727661  97.478439  98.551048  96.604584  92.484108  85.799110  77.552391  68.561562  60.182396  54.932602  51.447601 
 54.666451  61.519379  71.610939  83.309532  94.152031  103.489220  110.509529  115.200943  116.633118  113.901245  108.503906  100.217659  90.424065  79.744064  68.572815  59.252190  53.775108 
 57.749580  68.334999  81.608124  94.910934  107.821877  119.008118  128.126251  134.305939  136.074844  132.556244  125.350784  114.917343  103.037346  90.696877  77.679535  65.285156  55.750786 
 61.722137  75.399841  90.478905  105.276405  120.059219  133.873444  145.723282  153.519836  155.536407  151.363754  141.974060  129.026871  114.740936  100.331879  85.845940  71.559372  59.040627 
 65.519897  81.231560  97.476875  113.803284  130.376404  146.799850  160.998123  169.751724  172.002182  167.163132  156.599686  141.550003  124.614212  108.221252  92.470940  76.804222  62.611511 
 68.507652  85.437035  102.170311  119.676086  137.863754  155.937653  171.328125  180.466873  182.348755  177.405945  166.252502  150.188751  131.503601  113.699692  96.839218  80.530937  65.098862 
 69.524055  86.695313  103.927345  121.945786  140.334534  159.065933  174.482346  184.034058  185.793747  180.631256  170.992340  153.971405  134.774841  116.553589  98.977188  81.975784  65.989326 
 68.639740  85.260780  102.362816  119.775162  137.837967  155.624527  170.788757  180.068756  182.235153  177.220306  167.287964  150.324692  132.149994  114.235306  97.264687  80.685936  65.326775 
 65.917763  81.494217  98.015938  114.299683  130.756561  146.739838  160.312653  169.217499  171.692337  166.623596  156.517654  141.850311  124.882660  108.840469  93.051247  77.540627  62.903961 
 61.959015  75.916718  91.109375  105.898750  120.115158  133.670624  144.955475  152.585938  154.464066  150.689056  142.046097  129.622025  115.365784  101.284691  86.658440  72.245316  59.489479 
 58.498131  69.393127  82.522659  95.781097  108.308128  119.317505  128.317337  134.095779  135.650162  132.872192  125.962814  116.009842  104.426720  92.020157  78.544373  65.930000  56.305832 
 55.885834  63.147499  72.892815  84.341248  95.110466  104.250778  111.267189  115.948288  117.325623  115.155151  109.667343  101.758438  92.048279  81.146561  69.567345  60.121407  54.257446 
 51.789993  57.428749  62.973228  71.602501  80.706932  88.343071  94.468430  98.142654  99.428123  97.674110  93.221298  86.911354  78.597237  69.047813  60.463799  55.334114  50.902039 
 } 
 GB Channel
 {
 51.714272  56.720940  62.938133  72.334221  82.114380  90.361450  96.430260  100.370415  101.690727  99.559898  95.070465  88.040886  79.063904  69.516563  60.766670  55.459427  51.830673 
 54.656769  61.584686  72.074371  84.189842  95.640625  105.494377  113.000473  118.085007  119.544067  116.755310  110.968597  102.202347  91.712029  80.600311  68.860001  59.280472  53.616508 
 57.235001  68.010002  81.608597  95.432816  108.821404  120.656250  130.325623  136.804214  138.726257  135.122192  127.623596  116.516403  104.025002  91.095314  77.643906  64.927032  55.252655 
 60.652290  74.630623  90.046410  105.211876  120.546875  134.897034  147.293594  155.451721  157.797028  153.554382  143.794373  130.262192  115.340775  100.327660  85.380157  70.789528  58.045990 
 64.135155  80.007034  96.525780  113.110306  130.163437  147.016876  161.665466  170.906097  173.400162  168.551407  157.634537  142.119217  124.688278  107.724998  91.532654  75.596252  61.245415 
 66.684944  83.682655  100.644684  118.289993  136.733124  155.314224  171.115463  180.676712  182.882813  177.940475  166.536407  149.997818  130.986725  112.576721  95.344063  78.938904  63.403694 
 67.504059  84.667816  102.038597  120.159058  138.717651  157.779846  173.525314  183.364532  185.481873  180.308289  170.434845  153.160156  133.666412  115.106567  97.264534  80.094215  64.248177 
 66.578331  83.220001  100.383438  117.830002  136.030777  154.055939  169.361252  179.018433  181.623444  176.688904  166.577499  149.301254  130.728592  112.560150  95.304222  78.767502  63.364159 
 63.889999  79.662498  96.100784  112.536087  129.031250  145.075775  159.088440  168.195618  171.043274  165.989380  155.637970  140.768600  123.596100  107.253754  91.261406  75.676872  61.044373 
 60.399109  74.318909  89.403435  104.268753  118.645630  132.264526  143.851257  151.770935  153.883286  150.089996  141.284058  128.664993  114.126877  99.743904  85.055153  70.574997  58.000008 
 57.247971  68.139847  81.342033  94.568123  107.156715  118.295151  127.456558  133.620468  135.202026  132.483444  125.435318  115.202652  103.405624  90.822815  77.228279  64.585938  54.925934 
 55.114166  62.101250  71.885155  83.417191  94.288124  103.652344  111.082184  115.973755  117.395630  115.177032  109.502815  101.237503  91.304222  80.215622  68.540939  59.023590  53.306305 
 51.425415  56.836243  62.397453  71.052193  80.433540  88.316719  94.648438  98.594582  99.776039  98.145149  93.413643  86.727501  78.060257  68.459793  59.779274  54.548393  50.278801 
 } 
 B Channel
 {
 17.785156  20.096821  23.068645  27.539268  32.211353  36.015049  38.832497  40.550362  40.915676  39.926353  37.924896  34.592815  30.469479  26.053490  21.818699  19.300259  18.125263 
 18.923069  21.989532  26.914063  32.564686  37.759689  42.089844  45.401249  47.360157  47.810471  46.514687  43.961563  40.101563  35.470314  30.420780  25.121407  20.659218  18.630680 
 20.125000  25.187500  31.552345  37.899376  43.916248  48.880470  53.037971  55.577187  56.082031  54.464218  51.044220  46.311405  40.891251  35.201096  29.219532  23.462814  19.549896 
 21.900677  28.400467  35.667500  42.647655  49.354691  55.329529  60.347031  63.602966  64.232185  62.188591  57.961250  52.150467  45.752968  39.382656  32.865780  26.302345  21.035053 
 23.721668  31.102501  38.830154  46.413124  53.777657  60.747971  66.577660  70.215935  70.856720  68.409378  63.657501  57.058907  49.747185  42.756248  35.709061  28.626095  22.742134 
 24.898960  32.835625  40.815155  48.809059  56.693123  64.269066  70.555466  74.137497  74.564064  72.320000  67.373596  60.325157  52.507813  44.978905  37.522499  30.243439  23.794689 
 25.363853  33.434689  41.579376  49.625153  57.598747  65.353905  71.571251  75.015472  75.475784  73.288597  68.957657  61.677658  53.633751  46.110313  38.481876  30.887032  24.140572 
 24.895939  32.908436  40.899220  48.724373  56.367500  63.839844  69.789215  73.125153  73.650154  71.550468  67.258904  60.285156  52.705627  45.146408  37.766251  30.297657  23.847862 
 23.717709  31.265625  38.963593  46.334999  53.305779  59.936562  65.252342  68.490936  69.248123  67.039063  62.802185  56.803284  49.820000  43.017189  35.982811  28.916092  22.720886 
 22.200157  28.714531  35.832970  42.538437  48.709999  54.137344  58.541405  61.438904  62.023750  60.443283  56.927345  51.720154  45.758595  39.660469  33.118282  26.450626  21.142708 
 20.729687  25.733437  31.891251  37.950001  43.369530  47.870155  51.471565  53.789063  54.314064  53.243439  50.340157  46.137032  41.119373  35.552502  29.476719  23.558594  19.658802 
 19.653645  22.817814  27.326096  32.521561  37.225937  41.220470  44.282658  46.220936  46.822811  45.875782  43.593124  40.118282  35.735626  30.686718  25.263596  20.825470  18.561508 
 17.979065  20.326145  22.561298  26.437397  30.640934  34.069427  36.841194  38.612186  39.149483  38.503906  36.543125  33.608910  29.686459  25.286095  21.064636  18.704010  17.075680 
 } 


 White Balance Data with optical Center Data
 r_center_x =  622 r_center_y =  496 
 gr_center_x =  628 gr_center_y =  484 
 b_center_x =  611 b_center_y =  487 
 gb_center_x =  628 gb_center_y =  476 
 r/gr 0.860234 
 b/gr 0.405745 
 gb/gr 0.995863 
 r_oc_ave 160.791107 
 b_oc_ave 75.839996 
 gr_oc_ave 186.915558 
 gb_oc_ave 186.142227 

 [AWB]
 RGr =  0.860234 
 BGr =  0.405745 
 GbGr =  0.995863 
 r_oc_ave =  160.791107 
 b_oc_ave =  75.839996 
 gr_oc_ave =  186.915558 
 gb_oc_ave =  186.142227 