 LEFT LENS SHADING DATA
 RED Channel
 {
 38.563076  42.157242  47.362602  55.345367  63.676666  71.073334  76.735367  80.152084  81.153381  79.719681  75.890419  70.087128  62.818436  54.603340  47.033176  42.847706  40.231045 
 41.294323  47.003281  55.657188  66.152657  76.027496  84.693748  91.636406  96.120003  97.506096  95.329689  90.621246  83.317345  74.442184  64.858749  54.747971  46.564377  42.489376 
 43.535625  52.809372  64.248909  76.205627  87.570465  97.948906  106.577972  112.493744  114.387970  111.676720  105.461250  96.177032  85.636406  74.426094  62.773438  51.835625  44.008961 
 46.850525  58.773438  71.750000  85.008751  98.179375  110.621872  121.483124  129.075150  131.504532  127.925629  119.853287  108.429375  95.623909  82.940941  69.904060  57.308128  46.666874 
 50.251297  63.678596  77.811249  92.377190  107.364845  121.764526  134.625626  143.330154  146.196091  141.967194  132.588913  119.133438  104.202972  89.731094  75.605469  61.923752  49.714584 
 52.934898  66.894066  81.862816  97.355469  113.671570  129.711716  143.853287  152.918900  155.453278  151.555161  141.438126  126.679688  110.363594  94.431404  79.396248  64.931717  51.680679 
 53.937759  68.082970  83.452499  99.680626  116.190308  132.908432  147.243912  156.410309  158.895157  154.998444  145.521881  130.201096  113.261246  96.870003  81.022186  65.949219  52.540680 
 53.219795  67.278122  82.044533  97.729691  113.875473  129.811874  143.822662  153.109375  155.743286  151.509064  142.148285  127.110474  110.447502  94.775154  79.690155  65.119530  51.810150 
 50.779114  64.281403  78.214378  92.876564  107.848434  122.022812  134.730774  143.468445  146.010315  141.918900  132.383286  119.127502  104.465469  90.257813  76.086403  62.371094  49.857552 
 47.412445  59.443909  72.440002  85.565468  98.674217  110.952499  121.336716  128.762497  130.935623  127.683441  119.548752  108.609062  95.972969  83.297653  70.318283  57.678284  47.057240 
 44.279430  53.667969  65.251564  77.178909  88.411873  98.739220  107.335472  112.941254  114.793442  112.025162  105.532028  96.574371  86.113594  74.967499  63.255623  52.318748  44.430000 
 42.579792  48.143127  56.974533  67.212967  77.200310  85.817657  92.694847  97.123596  98.401718  96.318748  91.307343  84.001251  75.203590  65.475311  55.322342  47.236717  43.094845 
 40.184788  43.922291  48.704735  56.700264  65.250732  72.084534  78.134216  81.600044  82.390678  80.960007  77.081299  71.020416  63.495468  55.228645  47.778805  43.606510  41.215263 
 } 
 GR Channel
 {
 49.562187  54.348854  60.170830  69.400993  78.402336  86.409744  92.200569  96.133698  97.275734  95.458183  91.785988  85.654274  77.841354  68.778389  60.097763  55.143227  51.576561 
 53.425529  60.363434  70.261253  81.905785  92.716721  102.215782  109.735779  114.698914  116.124069  113.919220  108.834534  100.882187  91.323441  80.667343  69.272972  59.837814  54.619064 
 56.320625  67.434372  80.295784  93.481094  105.984528  117.428909  127.049683  133.587814  135.371872  132.220001  125.495941  115.561096  103.999374  91.676872  78.740311  66.160156  56.853279 
 60.379005  74.447968  89.074066  103.517189  118.090149  131.987808  144.038757  152.202972  154.588287  150.702347  142.354843  129.814529  115.685944  101.436562  87.016251  72.683907  60.242867 
 64.546722  80.113594  95.892189  111.973595  128.414688  144.627029  158.430161  167.931412  170.948441  166.857971  157.202972  142.532974  125.671249  109.447502  93.701248  78.148750  64.194588 
 67.628029  83.880936  100.584221  117.675156  135.368912  153.096725  168.593750  178.430786  181.383911  177.567184  167.072815  151.043274  132.790466  114.811874  98.002029  81.742188  66.600525 
 68.904221  85.262344  102.486877  120.060776  137.874527  156.535309  172.285934  182.290161  185.053589  181.277344  171.727493  154.997650  136.225464  117.993286  100.102188  83.062965  67.664841 
 68.045578  84.189529  100.695778  117.687195  135.362976  152.926254  168.654373  178.718597  181.577194  177.522659  168.085632  151.683594  132.886566  115.266251  98.387810  81.915314  66.796562 
 65.099480  80.740311  96.133904  112.324219  128.751404  144.592972  158.690475  168.350632  171.152496  167.112503  157.167664  142.635315  125.901566  110.029846  94.246559  78.728439  64.367180 
 61.099426  75.115471  89.495155  104.144531  118.605621  132.190781  143.722504  151.875473  154.243744  151.016251  142.496246  130.331100  116.177338  102.143906  87.630783  73.283905  60.762451 
 57.315361  68.513908  81.503281  94.676247  107.077034  118.211563  127.654526  133.772964  135.980316  133.097961  126.196411  116.481873  104.983437  92.535934  79.545937  66.976097  57.542969 
 54.900108  61.720940  71.833435  83.410004  94.243279  103.520622  111.185623  115.905624  117.446243  115.255630  109.834999  102.021248  92.560310  81.752029  70.240623  60.814377  55.510208 
 51.236351  56.250519  62.081360  71.022499  80.625153  88.138542  94.632706  98.566879  99.625008  97.973953  93.818756  87.453751  79.034485  69.641403  61.099792  56.034378  52.661034 
 } 
 GB Channel
 {
 49.934532  54.764114  61.040833  70.766357  80.248489  88.812347  95.116875  99.285469  100.642296  98.705368  94.605621  87.919479  79.518181  69.966248  60.815422  55.562500  52.122086 
 53.468697  60.548904  70.811249  82.987190  94.322029  104.380470  112.408127  117.747345  119.331879  117.115158  111.586876  103.047813  92.886719  81.650002  69.753754  60.006248  54.845421 
 55.935677  67.184219  80.419220  94.167343  107.183281  119.142807  129.341721  136.271561  138.450317  135.122025  128.074524  117.527191  105.312653  92.290314  78.831253  65.973434  56.513863 
 59.690575  73.722031  88.698280  103.725311  118.752029  133.158432  145.836716  154.445938  157.025620  153.237808  144.454224  131.487183  116.591873  101.768753  86.756561  72.044373  59.466042 
 63.308800  79.046097  95.125465  111.542503  128.366882  145.033432  159.412811  169.299377  172.793121  168.651093  158.671249  143.359848  126.012497  109.169846  92.893280  77.131874  62.986038 
 66.186928  82.354218  99.243752  116.697037  134.563278  152.663757  168.479538  178.819382  182.132034  178.277039  167.690002  151.209839  132.457809  114.070313  96.776093  80.352501  65.039169 
 67.152130  83.596092  100.757813  118.480942  136.608902  155.404694  171.369995  181.951874  185.121872  181.280945  171.480621  154.584061  135.359680  116.660934  98.519531  81.361252  65.975838 
 66.160255  82.447968  98.849846  115.967026  133.747818  151.542343  167.560318  178.005005  181.153122  177.193130  167.575623  150.809219  131.800156  113.959213  96.660469  80.215309  64.881561 
 63.524162  79.071251  94.408127  110.591721  127.217499  143.316101  157.680161  167.557663  170.582809  166.592499  156.455475  141.669693  124.780624  108.571091  92.554840  76.948753  62.672081 
 59.662766  73.492966  87.918282  102.566093  117.149216  130.925781  142.749847  151.060776  153.780472  150.485306  141.782501  129.499695  115.085938  100.706406  85.984528  71.639374  59.263123 
 56.096458  67.086876  80.189842  93.560936  106.021873  117.374374  126.889847  133.267807  135.562027  132.743118  125.571091  115.736404  103.966873  91.342186  78.129219  65.579216  56.336090 
 53.747765  60.672966  70.844841  82.555779  93.451874  103.017189  110.815155  115.717026  117.384537  115.179840  109.713753  101.574219  91.716560  80.792656  69.162186  59.677032  54.561401 
 50.514008  55.441925  61.460052  70.730576  80.286461  88.240097  94.763702  98.951828  100.035568  98.288811  93.706245  87.350677  78.699478  69.064941  60.399681  55.071815  52.007660 
 } 
 B Channel
 {
 17.159740  19.075157  21.863750  26.316563  30.747864  34.668648  37.371040  39.267498  39.711143  38.887600  37.067814  34.129997  30.220623  25.812134  21.662449  19.257294  18.062290 
 18.703907  21.808281  26.561249  32.176563  37.321407  41.762814  45.215626  47.272499  47.755314  46.798439  44.545311  40.966251  36.415627  31.341095  25.876408  21.480625  19.525208 
 20.086143  25.110313  31.267967  37.500313  43.278282  48.449066  52.639061  55.376404  56.127502  54.728439  51.828125  47.344532  42.081093  36.380470  30.221718  24.479218  20.497761 
 22.076820  28.342030  35.258438  42.056717  48.556717  54.715309  59.871246  63.317810  64.238129  62.550156  58.783279  53.306252  47.055939  40.622658  33.917656  27.439686  22.208439 
 23.886459  30.970627  38.268124  45.616875  52.917969  59.863907  65.898125  69.866722  71.045311  69.025314  64.805626  58.415939  51.111717  43.943127  36.794376  29.907658  23.994949 
 25.117706  32.578125  40.153908  47.867813  55.700935  63.301720  69.820160  73.833435  74.815315  73.032341  68.508591  61.614220  53.802185  46.120468  38.626095  31.405781  25.121407 
 25.663071  33.162033  40.871876  48.730621  56.663124  64.486092  71.001717  75.053284  76.004845  74.200783  70.045784  62.992500  55.006561  47.223125  39.372814  31.886250  25.550419 
 25.221043  32.624374  40.149063  47.708282  55.422340  62.939842  69.308128  73.384842  74.389374  72.554375  68.476250  61.599060  53.551720  46.031094  38.568283  31.353905  25.037449 
 23.850624  31.041874  38.103439  45.391251  52.559219  59.268593  65.087654  68.991409  70.078438  68.190315  63.905159  57.734688  50.709999  43.857655  36.773125  29.958282  23.920155 
 22.031872  28.430626  35.218124  41.757656  48.032501  53.915001  58.747658  62.009064  62.964378  61.516251  57.886871  52.695938  46.632343  40.362186  33.741562  27.370312  22.320313 
 20.178596  25.326717  31.488125  37.504063  43.050625  48.014687  52.046875  54.583595  55.344063  54.102341  51.139374  46.846249  41.792500  36.214531  30.123436  24.474842  20.805470 
 19.021248  22.196251  26.983280  32.348751  37.368282  41.577343  44.984219  46.973438  47.466408  46.477188  44.198280  40.632500  36.259842  31.226875  25.843124  21.633438  19.846355 
 17.824581  20.151249  22.890572  27.194580  31.731407  35.267971  38.382347  40.144272  40.426613  39.620102  37.728905  34.782917  30.764221  26.168957  22.040623  19.871769  19.003021 
 } 


 White Balance Data with optical Center Data
 r_center_x =  645 r_center_y =  498 
 gr_center_x =  645 gr_center_y =  498 
 b_center_x =  638 b_center_y =  482 
 gb_center_x =  661 gb_center_y =  513 
 r/gr 0.859027 
 b/gr 0.409896 
 gb/gr 0.999521 
 r_oc_ave 159.488892 
 b_oc_ave 76.102219 
 gr_oc_ave 185.662216 
 gb_oc_ave 185.573334 

 [AWB]
 RGr =  0.859027 
 BGr =  0.409896 
 GbGr =  0.999521 
 r_oc_ave =  159.488892 
 b_oc_ave =  76.102219 
 gr_oc_ave =  185.662216 
 gb_oc_ave =  185.573334 