 LEFT LENS SHADING DATA
 RED Channel
 {
 39.211357  42.934273  47.833908  56.094429  64.442497  72.017708  77.799690  81.169060  82.114693  80.196671  76.323906  70.168900  62.656555  54.378281  46.798904  42.341770  39.438019 
 41.758438  47.635937  56.630783  67.101715  76.956253  85.789375  92.767189  97.326561  98.567184  96.143753  91.250778  83.637032  74.577812  64.773903  54.532028  46.335938  42.030106 
 44.007553  53.467346  65.151566  77.277031  88.565628  99.154999  107.735626  113.625153  115.359680  112.295319  105.914688  96.439377  85.729378  74.455315  62.453125  51.373596  43.635883 
 47.153797  59.429840  72.754684  86.275627  99.468124  111.835938  122.583908  130.070618  132.263443  128.676880  120.441101  108.727501  95.868752  82.874222  69.617500  56.806717  46.123173 
 50.532082  64.172501  78.603752  93.518440  108.539063  123.020462  135.845932  144.246246  146.887970  142.760162  133.205627  119.447189  104.269531  89.680939  75.267967  61.217812  49.053650 
 53.135674  67.392967  82.434532  98.260155  114.670471  130.854218  145.005463  153.862503  156.390320  152.130310  141.972504  126.908279  110.322502  94.343437  78.953903  64.275154  51.100372 
 53.885521  68.564690  83.948280  100.302971  116.908905  133.852341  148.199692  157.131409  159.580780  155.529999  145.945786  130.429688  113.203903  96.761871  80.629997  65.458282  51.858910 
 53.138176  67.530472  82.544998  98.203903  114.402969  130.387497  144.586868  153.550781  156.125305  151.945618  142.623276  127.268280  110.448128  94.567032  79.238747  64.547653  51.337448 
 50.819695  64.398438  78.550156  93.355782  108.088280  122.481400  135.235931  143.858902  146.360931  142.359070  132.894531  119.444382  104.651093  90.148125  75.786873  61.826721  49.411095 
 47.421192  59.472656  72.594688  85.899376  98.823593  111.101097  121.734375  129.043747  131.231247  128.035782  119.979218  108.706253  96.021873  83.247971  70.151878  57.178909  46.544949 
 44.386303  53.649841  65.319847  77.347969  88.582031  98.606094  107.342659  112.975784  114.825150  112.119370  105.630623  96.522972  86.152031  74.827972  63.011093  51.881409  44.069946 
 42.368282  48.058907  57.023438  67.445778  77.312813  85.829689  92.829216  97.089531  98.311409  96.329689  91.343285  83.869843  75.129219  65.317497  55.054840  46.944530  42.728073 
 40.517864  44.126198  49.410942  57.581406  66.060310  73.202187  79.074425  82.580986  83.424530  82.026772  77.881401  71.915466  64.284851  55.888336  48.314636  44.111824  41.297653 
 } 
 GR Channel
 {
 49.667244  54.606415  60.651817  69.744583  78.817558  86.859528  93.121246  96.699318  97.915154  95.668121  91.655884  84.864845  76.786407  67.730103  59.185989  53.901245  50.121666 
 53.392654  60.570778  70.943283  82.568748  93.273590  102.787659  110.311249  114.950775  116.162033  113.739380  108.493591  100.545471  90.797028  79.964691  68.472031  58.972504  53.675415 
 56.475677  67.570465  80.834999  94.257500  106.548592  117.797653  127.241882  133.579681  135.239838  131.892654  125.152649  115.115936  103.436249  91.046722  77.872971  65.218437  56.017181 
 60.253288  74.536407  89.467659  104.292191  118.838440  132.323914  144.052032  152.202499  154.518127  150.651871  142.017975  129.279846  115.152039  100.739845  86.040466  71.553436  59.385521 
 64.230263  80.030472  96.153748  112.311569  128.762970  144.958130  158.908127  168.194382  170.891724  166.532349  156.607819  141.537964  124.705627  108.561722  92.536247  76.822968  62.713593 
 67.423798  83.997345  100.566406  117.759689  135.781250  153.723755  169.239685  179.048752  181.526871  177.386566  166.798904  150.405151  131.969681  114.052658  96.908905  80.515472  65.267342 
 68.675781  85.407654  102.381721  120.098907  138.343597  157.093903  172.798126  182.599533  185.264999  181.329529  171.405319  154.586090  135.610153  117.223755  99.171875  81.782814  66.286140 
 67.639328  84.155785  100.611565  117.646408  135.521255  153.447037  169.083755  178.872192  181.580154  177.547653  167.723282  151.240158  132.252182  114.493912  97.433594  80.637810  65.423645 
 64.955307  80.375313  96.046410  112.200623  128.520157  144.690475  158.823441  168.382034  171.164368  167.175003  156.985474  142.150940  125.399536  109.233749  93.186249  77.364059  63.028648 
 60.740837  74.627502  89.266403  103.831253  118.124527  131.895004  143.720154  151.794373  154.517029  150.981567  142.268127  129.736557  115.493118  101.212814  86.560936  71.957970  59.451927 
 56.857864  68.042656  81.063591  94.215309  106.560623  117.582657  127.300003  133.728912  135.757187  132.774994  125.686569  115.686096  104.035309  91.586563  78.360626  65.652344  56.535889 
 54.312653  61.394531  71.559685  82.983437  93.790001  103.026093  110.695625  115.606567  117.035782  114.693283  109.152191  101.160156  91.472031  80.649376  69.147659  59.684685  54.814270 
 51.500153  56.444328  62.632599  71.653023  80.785416  88.574219  94.895630  98.859894  99.964317  98.477654  94.028847  87.421196  79.269737  69.969376  61.258690  56.257187  52.715103 
 } 
 GB Channel
 {
 50.401047  55.404373  61.572235  71.256828  80.815414  89.534172  96.053596  99.918747  101.337608  98.725426  94.303185  86.876465  78.098747  68.576035  59.474373  54.020256  50.289429 
 53.666878  61.059372  71.834534  83.868279  95.207497  105.308746  113.117966  118.145004  119.438431  116.712494  110.884216  102.354378  91.945000  80.476875  68.538124  58.799217  53.496513 
 56.249374  67.653122  81.263748  95.169998  108.123909  119.939682  129.728287  136.310318  138.136719  134.575775  127.424850  116.616882  104.380936  91.240158  77.458122  64.527657  55.359955 
 59.756516  74.244217  89.523903  104.851410  119.800781  133.766876  146.114532  154.494537  157.035782  152.838913  143.774063  130.396881  115.507339  100.569687  85.332184  70.592499  58.217079 
 63.383698  79.353905  95.803909  112.478119  129.312027  145.883911  160.336563  169.875626  172.804535  168.300476  157.649994  142.097809  124.644531  107.910156  91.512032  75.398903  61.276199 
 66.222816  82.875313  99.747345  117.258118  135.750626  153.871719  169.785461  179.918442  182.581406  178.312347  167.205307  150.481720  131.413284  113.021561  95.467659  78.814690  63.595108 
 67.070625  84.009377  101.266251  119.269684  137.833435  156.704056  172.709213  182.847351  185.612976  181.469681  171.280472  154.142807  134.719223  115.859375  97.380623  79.934372  64.405205 
 66.176674  82.735001  99.339996  116.624069  134.867966  152.962494  168.709839  178.835007  181.662659  177.412506  167.483124  150.375000  131.243286  112.890930  95.662346  78.811874  63.478127 
 63.489326  79.099533  94.775314  111.155624  127.872345  144.231094  158.597809  168.346100  171.266556  166.997650  156.643906  141.447037  124.293594  107.754059  91.470940  75.506409  61.359947 
 59.585571  73.580780  88.292816  103.074371  117.500778  131.422028  143.429535  151.770630  154.416870  150.847504  141.879211  129.112656  114.402969  99.861092  85.083282  70.438278  58.120567 
 56.065628  67.273125  80.363281  93.665779  106.206093  117.513596  127.307190  133.834213  135.876877  132.742493  125.474213  115.134537  103.202034  90.545158  77.131721  64.349998  55.311668 
 53.709793  60.841873  71.107658  82.827812  93.749535  103.208435  111.080154  116.062973  117.531250  115.024689  109.303749  100.946251  90.992966  79.954216  68.248909  58.750938  53.925934 
 51.147713  56.338127  62.519951  71.715317  81.190575  89.150940  95.709946  99.624428  100.791664  98.972603  94.395828  87.685417  79.027351  69.437759  60.677444  55.649689  52.156357 
 } 
 B Channel
 {
 18.161091  20.442341  23.431824  27.958645  32.446095  36.357758  39.171665  40.763386  41.263176  40.090782  38.058437  34.818592  30.809010  26.349113  21.948181  19.478596  18.078598 
 19.700260  23.089218  28.274532  34.012814  39.337967  43.794220  47.183750  49.243591  49.585472  48.258904  45.725937  41.945469  37.227970  31.935158  26.334217  21.771717  19.766510 
 20.826614  26.328907  32.827656  39.396561  45.419220  50.736877  54.907501  57.514999  58.131874  56.411095  53.288750  48.569847  43.016407  37.042187  30.608593  24.677811  20.905315 
 22.544319  29.469532  36.829063  44.017033  50.807190  57.024376  62.241875  65.637184  66.444847  64.543747  60.562813  54.726875  48.165154  41.476563  34.407032  27.627029  22.370159 
 24.247032  31.917656  39.744217  47.389530  54.980469  62.225624  68.416565  72.234688  73.212341  71.141403  66.554688  59.817810  52.182816  44.769688  37.293751  29.998436  24.065937 
 25.553959  33.434376  41.418594  49.536247  57.665466  65.550156  72.203590  76.214378  77.073906  75.156715  70.440002  63.077972  54.966408  46.942032  39.144375  31.554844  25.251717 
 25.886978  33.834061  41.911095  50.200157  58.422028  66.521721  73.133278  77.114532  78.112816  76.272972  71.884377  64.427811  56.132660  48.083282  39.931564  32.078281  25.576405 
 25.379581  33.072498  40.919220  48.844063  56.874062  64.626877  71.324844  75.235626  76.216873  74.317810  70.070465  62.935158  54.723747  46.829689  39.058125  31.532032  25.183907 
 24.047707  31.324375  38.665783  46.174217  53.544685  60.609528  66.704529  70.526718  71.588440  69.684845  65.260468  58.904846  51.688904  44.472031  37.219688  29.968750  24.028336 
 22.202347  28.677967  35.610001  42.369686  48.794220  54.837341  59.906403  63.328590  64.233284  62.682816  58.874535  53.495941  47.290470  40.882187  34.113281  27.439686  22.348022 
 20.437344  25.580467  31.806564  37.995155  43.582813  48.506874  52.665466  55.377190  56.129684  54.800316  51.790939  47.380783  42.191875  36.500000  30.314686  24.457344  20.822552 
 19.360519  22.682186  27.526875  33.088749  38.120468  42.335155  45.628437  47.768124  48.329216  47.332657  44.898907  41.269844  36.820938  31.730312  26.152344  21.827812  20.156563 
 18.494270  20.832191  23.959793  28.583748  33.106094  36.801617  39.895103  41.528957  41.965263  41.221615  39.260361  36.082134  32.095104  27.486145  23.121304  20.780727  19.799065 
 } 


 White Balance Data with optical Center Data
 r_center_x =  642 r_center_y =  482 
 gr_center_x =  637 gr_center_y =  488 
 b_center_x =  646 b_center_y =  470 
 gb_center_x =  633 gb_center_y =  455 
 r/gr 0.859843 
 b/gr 0.420016 
 gb/gr 0.999952 
 r_oc_ave 160.106674 
 b_oc_ave 78.208885 
 gr_oc_ave 186.204437 
 gb_oc_ave 186.195557 

 [AWB]
 RGr =  0.859843 
 BGr =  0.420016 
 GbGr =  0.999952 
 r_oc_ave =  160.106674 
 b_oc_ave =  78.208885 
 gr_oc_ave =  186.204437 
 gb_oc_ave =  186.195557 