 LEFT LENS SHADING DATA
 RED Channel
 {
 39.540260  42.942345  47.733494  55.962242  64.396614  71.955101  77.634636  81.167549  82.141876  80.552917  76.675835  70.527550  62.912132  54.881561  46.912807  41.948437  39.408855 
 41.748177  47.346718  56.244530  66.673279  76.687653  85.470940  92.636093  97.273590  98.545624  96.312500  91.358749  83.792343  74.848595  65.091560  54.812813  46.115936  41.440937 
 43.747707  52.813126  64.378754  76.636566  88.130310  98.554535  107.395622  113.616562  115.439224  112.529221  105.939064  96.599533  85.813438  74.677971  62.752190  51.505157  43.032032 
 46.517345  58.522972  71.836090  85.350471  98.587654  111.261093  122.280624  130.065628  132.757813  129.131714  120.800934  108.970154  95.972031  83.030472  69.844063  57.062347  46.081299 
 49.649223  63.182343  77.449371  92.356873  107.462814  122.177811  135.552811  144.561722  147.464218  143.412338  133.824066  119.862503  104.551559  89.929222  75.461876  61.653748  49.298744 
 52.020988  66.300781  81.217499  97.027496  113.699844  130.049530  144.747192  154.061874  156.890320  152.944061  142.812195  127.444061  110.630310  94.522499  79.253441  64.687653  51.503288 
 52.676460  67.295624  82.535156  98.808441  115.806091  132.944687  147.634369  157.126251  159.859528  156.129211  146.662033  130.936096  113.405624  96.724220  80.704216  65.719528  52.318489 
 51.814690  66.059685  80.953751  96.673752  112.952347  129.159531  143.630310  153.193909  156.031250  152.169067  142.844223  127.402039  110.360313  94.278435  79.244843  64.750000  51.623329 
 49.490311  62.782814  76.872185  91.666878  106.468437  121.019684  133.942810  142.960632  145.890152  142.079849  132.666092  119.179062  104.254532  89.766090  75.555466  61.870316  49.564064 
 46.272861  57.795158  70.707809  84.112968  97.129219  109.474533  120.121872  127.794846  130.341721  127.314377  119.386414  108.256409  95.602654  82.787033  69.802658  57.259529  46.488075 
 43.375889  52.129845  63.400314  75.325783  86.724533  96.911720  105.627502  111.527344  113.506882  111.153908  104.868904  95.897499  85.507347  74.415314  62.669220  51.792030  43.728489 
 41.897816  46.967812  55.243279  65.435471  75.424065  84.094063  91.086716  95.624222  97.060158  95.233910  90.515778  83.223595  74.585785  64.903595  54.766716  46.541248  42.120834 
 39.846565  43.647816  48.032654  55.659012  64.233643  71.429482  77.344841  81.019844  82.228279  81.041618  77.175995  71.303802  63.724327  55.567139  47.954014  43.491669  40.915421 
 } 
 GR Channel
 {
 48.761040  54.368546  60.251305  69.477760  78.958855  87.034790  93.307297  97.275261  98.080002  96.626144  92.512917  85.704010  77.465202  68.498802  59.345680  53.405571  49.805580 
 52.695625  60.029373  70.509842  82.230469  93.185936  102.728127  110.028122  114.966721  116.516251  114.141556  109.089996  101.331718  91.533127  80.598595  68.977966  58.908279  52.754738 
 55.756767  66.752190  80.047028  93.666405  106.310471  117.458282  126.745316  132.929214  134.789063  132.206253  125.475311  115.695160  104.184059  91.828751  78.454842  65.500778  55.257240 
 59.329475  73.537811  88.663437  103.628906  118.078125  131.587036  143.306564  151.427811  153.962189  150.332336  141.970932  129.797806  115.871719  101.536407  86.706406  72.115623  59.209793 
 63.112396  78.915314  95.035934  111.334221  127.693588  143.719528  157.921722  167.331726  170.372818  166.302505  156.577194  141.843597  125.448746  109.349373  93.150467  77.360313  62.962395 
 66.214684  82.499687  99.261566  116.466400  134.374374  152.200150  167.922028  178.027039  180.934692  177.114532  166.851410  150.759689  132.396881  114.565308  97.532341  81.102028  65.614326 
 66.696457  83.686874  100.758125  118.556564  136.730316  155.418442  171.374527  181.440933  184.421570  180.752350  171.430939  154.888901  136.021408  117.528122  99.548279  82.305779  66.661827 
 65.705261  82.250465  99.013435  116.068436  133.920624  151.670151  167.241714  177.571091  180.738586  176.882660  167.481400  151.132339  132.557816  114.657181  97.668907  81.074371  65.730217 
 62.856613  78.461403  94.360001  110.669685  126.918900  143.097183  157.112808  166.921402  170.058899  166.433121  156.669998  142.189850  125.635788  109.479218  93.407814  77.631409  63.174110 
 58.989273  72.690941  87.342812  102.321877  116.685944  130.550003  142.264526  150.498596  153.311874  150.366882  142.073441  129.909851  115.753906  101.495468  86.844376  72.170311  59.568649 
 55.442139  66.056091  78.976715  92.378281  105.099220  116.298431  126.022964  132.581253  134.710632  132.254379  125.451096  115.725937  104.225311  91.827034  78.599846  65.759689  56.098015 
 52.902649  59.747032  69.392029  80.910622  92.117813  101.792969  109.522972  114.683289  116.566559  114.569214  109.231407  101.320625  91.620941  80.831879  69.327972  59.565468  54.032761 
 49.515160  55.192245  60.898071  69.587288  79.301140  87.339424  94.036926  98.257652  99.674896  98.522766  94.323700  87.786873  79.353020  69.946869  61.336510  55.817337  52.199013 
 } 
 GB Channel
 {
 49.800415  55.268745  61.312767  71.167816  81.118332  89.607552  96.390160  100.554688  101.407860  99.473015  94.920052  87.658279  78.892555  69.234947  59.673592  53.507446  49.927856 
 53.293335  60.711250  71.384216  83.656563  95.272499  105.336090  113.014526  118.214691  119.640152  117.070938  111.607346  103.136406  92.667343  81.222656  69.127968  58.671410  52.485779 
 55.893227  67.119064  80.857811  95.023903  108.177658  119.837967  129.597183  135.967026  138.015930  135.106567  127.916718  117.390625  105.289841  92.211716  78.294060  64.900467  54.498177 
 59.117081  73.675003  89.135155  104.649529  119.487503  133.593445  145.783127  154.371872  156.799850  152.921402  144.065781  131.115005  116.595154  101.476563  86.272972  71.214996  58.268333 
 62.693962  78.734375  95.313438  112.124374  128.888123  145.129532  159.884842  169.645630  172.852966  168.493591  158.117966  142.862350  125.765930  109.053284  92.375626  76.219063  61.622810 
 65.266197  82.166405  99.194061  116.794525  134.939056  153.153748  169.085938  179.424057  182.535004  178.450470  167.833435  151.186249  132.150787  113.855469  96.391876  79.708748  64.275833 
 65.697868  83.106407  100.368591  118.443130  137.020309  155.676559  171.790787  182.151413  185.325470  181.401718  171.686096  154.821243  135.552185  116.558746  98.131096  80.753441  65.112602 
 64.820618  81.524376  98.404686  115.737350  133.793900  151.797180  167.455933  177.955933  181.192505  177.328430  167.600464  150.833588  131.778442  113.572815  96.298592  79.410309  64.227394 
 61.993492  77.774529  93.714066  110.175156  126.820160  142.958588  157.195007  167.135788  170.402191  166.590149  156.601563  141.671875  124.884064  108.351875  92.055779  76.078438  61.682602 
 58.260994  72.035782  86.826721  101.862968  116.440308  130.376251  142.317810  150.761246  153.508911  150.556564  142.007507  129.601868  115.182968  100.564690  85.684845  70.910934  58.230110 
 55.137077  65.736252  78.746719  92.254532  105.139534  116.502655  126.235779  132.867340  134.994537  132.321243  125.487656  115.488586  103.720467  90.986877  77.587189  64.644684  55.092598 
 52.905830  59.616249  69.393127  81.149529  92.428596  102.254997  110.177658  115.304840  117.053757  114.979843  109.466721  101.284531  91.378593  80.319061  68.670624  58.789063  53.374901 
 49.857918  55.404160  61.054375  69.910156  79.706299  87.969589  94.847031  99.016304  100.476250  98.989639  94.427345  87.960159  79.109215  69.551567  60.875214  55.264893  51.865318 
 } 
 B Channel
 {
 18.567291  20.937290  23.925728  28.724117  33.319061  37.237862  40.234478  41.999481  42.389633  41.391670  39.368855  36.050674  32.008385  27.376251  22.802189  19.944065  18.436146 
 20.213539  23.573124  28.829063  34.707657  40.197811  44.828907  48.260315  50.429062  50.841095  49.582497  47.129688  43.215469  38.426094  33.108749  27.333439  22.421562  19.901981 
 21.308907  26.734531  33.428123  40.154221  46.344845  51.628906  55.928436  58.669533  59.336563  57.841560  54.599998  49.802032  44.302967  38.230000  31.687031  25.511406  21.144947 
 22.901562  29.969063  37.496563  44.852032  51.665627  57.995155  63.313126  66.795158  67.778282  65.933128  61.941719  56.084534  49.466095  42.650623  35.570625  28.665939  23.108440 
 24.572605  32.377186  40.417343  48.246559  55.961250  63.103279  69.364372  73.382660  74.487816  72.512032  68.056091  61.205002  53.567345  46.108437  38.434689  31.089218  24.941097 
 25.739689  33.889687  42.137344  50.326248  58.651566  66.482498  73.172340  77.262032  78.271561  76.428436  71.804222  64.487343  56.198753  48.130783  40.169689  32.726719  26.082344 
 25.892658  34.183281  42.477345  50.877655  59.283279  67.356720  74.066093  78.095779  79.153908  77.254372  73.059372  65.622810  57.313591  49.152496  40.934532  33.098438  26.639271 
 25.489532  33.303905  41.395313  49.450470  57.491096  65.361565  71.865936  76.059059  77.039063  75.297188  71.100159  63.902496  55.650467  47.765469  39.961407  32.500469  26.086926 
 24.078178  31.456718  39.035313  46.699532  54.040314  61.201408  67.224220  71.207344  72.469841  70.579842  66.242500  59.799065  52.590935  45.283279  38.017502  30.843437  24.829273 
 22.250416  28.746250  35.719845  42.799843  49.294846  55.360313  60.480156  63.905785  64.924065  63.498909  59.798752  54.450470  48.194374  41.740311  34.888439  28.230469  22.912762 
 20.606510  25.617970  31.829220  38.149532  43.966873  48.995781  53.155312  55.862030  56.712502  55.565781  52.613434  48.284691  43.102345  37.364220  31.048126  25.170624  21.281040 
 19.633747  22.782501  27.499374  33.165157  38.404373  42.869999  46.328594  48.494064  49.133904  48.134064  45.892033  42.270157  37.743908  32.486404  26.954063  22.410469  20.412758 
 18.715832  21.139999  24.067707  28.478283  33.423962  37.214584  40.430885  42.275726  42.839115  42.186146  40.195152  37.177868  32.977448  28.287449  23.784061  21.267757  20.259846 
 } 


 White Balance Data with optical Center Data
 r_center_x =  657 r_center_y =  480 
 gr_center_x =  624 gr_center_y =  487 
 b_center_x =  637 b_center_y =  454 
 gb_center_x =  646 gb_center_y =  474 
 r/gr 0.866269 
 b/gr 0.428661 
 gb/gr 1.004390 
 r_oc_ave 160.502228 
 b_oc_ave 79.422226 
 gr_oc_ave 185.279999 
 gb_oc_ave 186.093338 

 [AWB]
 RGr =  0.866269 
 BGr =  0.428661 
 GbGr =  1.004390 
 r_oc_ave =  160.502228 
 b_oc_ave =  79.422226 
 gr_oc_ave =  185.279999 
 gb_oc_ave =  186.093338 