 LEFT LENS SHADING DATA
 RED Channel
 {
 39.996357  43.375523  48.131256  56.088959  64.731300  71.989319  77.779175  80.985313  82.169373  80.399689  76.656769  70.516563  63.090416  55.026558  47.289577  42.777500  39.748333 
 42.045521  47.343437  55.989998  66.456879  76.481094  85.110779  92.113747  96.709061  98.041878  95.909691  90.808441  83.294060  74.261253  64.751564  54.837502  46.500000  41.647503 
 43.680573  52.674530  64.047028  76.244377  87.858437  98.269218  107.118439  113.150162  115.024994  112.198914  105.672966  96.054688  85.319061  74.130623  62.666405  51.578125  43.081455 
 46.768803  58.264847  71.370468  84.993126  98.377190  110.948128  121.992035  129.877655  132.287811  128.643280  120.260468  108.191872  95.389221  82.504372  69.610313  56.915779  45.853077 
 49.671928  62.839218  77.045158  91.889687  107.042503  121.858276  135.079056  143.958282  146.834213  142.677811  132.907654  118.768600  103.595467  89.066093  74.959061  61.174843  48.665054 
 51.642860  65.817657  80.731873  96.565628  112.991882  129.416718  143.908752  153.231094  155.921875  151.797028  141.669525  126.178284  109.394218  93.493439  78.395470  64.011719  50.571098 
 52.267296  66.676872  82.005623  98.326721  115.031403  132.033432  146.522659  155.945313  158.696869  154.767029  145.242661  129.245163  111.985779  95.611717  79.808128  64.935471  51.539421 
 51.367493  65.507500  80.464066  95.987030  112.126724  128.233276  142.532181  151.953903  154.409683  150.546722  141.147339  125.697815  108.840935  93.164375  78.165627  63.803123  50.701462 
 49.270988  62.390778  76.305626  90.919060  105.751564  120.110779  132.901566  141.648590  144.192505  140.291092  130.938431  117.458588  102.747658  88.541405  74.613907  61.053909  48.737038 
 46.286152  57.622810  70.481094  83.580154  96.370003  108.519684  119.188431  126.544998  128.627502  125.790787  117.734528  106.568436  94.010315  81.601410  68.906715  56.502815  45.841976 
 43.690262  52.122971  63.239532  74.906715  86.110626  95.981560  104.565468  110.357346  112.165161  109.739532  103.333122  94.443283  84.105934  73.293282  61.826874  51.064529  43.296406 
 42.478905  47.107033  55.132187  65.064690  74.755783  83.232498  90.099220  94.412033  95.733597  93.932655  89.114372  81.802185  73.293594  63.869690  54.006561  46.070782  41.927654 
 40.430157  43.306404  47.262192  54.498856  62.697655  69.558334  75.364014  78.697243  79.698799  78.264954  74.619797  68.905098  61.659218  53.530518  46.414898  42.456825  39.826408 
 } 
 GR Channel
 {
 51.406456  56.521873  62.495049  71.890213  81.424004  89.531044  95.598541  99.095573  100.065048  98.248222  93.826096  87.338699  78.986359  69.868431  60.866875  55.529114  51.390785 
 54.829796  61.865623  72.389847  84.370628  95.529221  104.968124  112.165619  116.883286  118.108597  115.712814  110.497971  102.358910  92.493439  81.572189  70.094376  60.122658  54.047455 
 57.499428  68.665466  82.085938  96.142502  108.830467  120.039063  129.263596  135.308594  137.035156  133.970779  127.192184  117.033905  105.192497  92.780937  79.482971  66.318596  55.858795 
 61.318283  75.571404  90.832970  106.205002  120.682495  134.097031  145.678589  153.746567  156.111099  152.383591  143.591095  130.866714  116.759842  102.455780  87.733124  72.826874  59.520630 
 65.202232  81.097031  97.521561  114.193130  130.507660  146.294693  160.164536  169.440628  172.206406  167.886871  157.841568  142.888275  126.336716  110.138435  94.139999  77.943436  62.891350 
 67.829216  84.661095  102.019844  119.483902  137.075623  154.667038  169.908279  179.559845  182.187653  177.730164  167.414841  151.113754  132.790161  115.136871  98.212967  81.381409  65.396614 
 68.509949  85.808907  103.396873  121.262970  139.097031  157.495316  172.808289  182.389069  185.116257  181.024368  171.414368  154.592499  135.998901  117.735153  99.941406  82.512810  66.140312 
 67.331665  84.385002  101.441719  118.564377  135.991409  153.248596  168.473282  178.203598  180.604843  176.680313  167.132813  150.545776  132.250931  114.798126  97.832657  81.168121  65.222290 
 64.760780  80.625153  96.646721  112.874847  128.940475  144.579529  158.218124  167.467972  170.035004  165.940002  156.011719  141.533752  125.319061  109.275154  93.551247  77.893127  62.914795 
 60.855164  74.887032  89.687653  104.339066  118.354996  131.758743  143.017029  150.979370  153.161255  150.021255  141.461563  129.343903  115.371399  101.409065  86.909691  72.366409  59.354942 
 57.681038  68.165627  81.068909  94.209686  106.655159  117.543900  126.657501  132.918594  134.785156  131.885788  125.072662  115.353912  103.980934  91.558441  78.407501  65.835312  56.313644 
 55.445679  61.597969  71.149376  82.465935  93.291405  102.647034  109.951096  114.698593  116.012970  113.894531  108.529060  100.672340  91.155624  80.363747  69.052971  59.602966  54.336510 
 51.514839  56.045265  61.022705  69.285942  78.658691  86.127235  92.682968  96.271721  97.230675  95.458488  91.500313  85.329224  77.162704  67.961670  59.677338  54.807343  51.186516 
 } 
 GB Channel
 {
 51.571922  56.825256  63.046097  72.896248  83.197762  91.877235  98.454430  102.328178  103.568390  101.431770  96.946251  89.674271  80.626823  70.908699  61.402031  55.651047  51.549789 
 54.519836  61.676720  72.517967  85.058746  96.935471  107.047028  114.894226  119.951721  121.427338  118.879684  113.127502  104.447189  93.829529  82.361404  70.328903  60.028122  53.765213 
 56.608597  67.934219  81.757965  96.289215  109.686249  121.557663  131.428757  138.213440  140.023743  136.901566  129.556564  118.737808  106.252190  93.080002  79.243279  65.844376  55.350204 
 59.974060  74.354065  89.909531  105.786407  121.039368  135.035782  147.284851  155.928436  158.726868  154.696869  145.481720  131.974213  117.279068  102.363129  87.074066  71.852028  58.259323 
 63.415520  79.404686  96.155159  113.172806  130.084839  146.564056  160.986252  170.917191  174.107971  169.578903  158.998596  143.505630  126.240784  109.481873  93.046410  76.561096  61.347969 
 65.555313  82.564064  99.917343  117.706726  135.862350  154.103439  169.884995  180.024689  183.111557  178.694382  167.988129  151.139069  132.285309  114.144058  96.726250  79.686874  63.538124 
 66.089317  83.443283  101.119064  119.219681  137.441711  156.304214  172.053131  182.260941  185.336243  181.277039  171.494843  154.027969  135.031555  116.317184  98.151405  80.520935  64.245941 
 65.083389  82.011093  99.111092  116.435471  134.190002  151.775787  167.569534  177.886566  180.611404  176.603287  166.747971  149.908752  131.110626  113.232498  96.033592  79.207497  63.254166 
 62.640053  78.513596  94.449997  110.848747  127.195465  143.173599  157.399063  166.958435  169.770630  165.743912  155.641556  140.837036  124.226089  107.859528  91.787659  76.131874  61.146881 
 59.166878  73.095627  87.888435  102.759529  117.050934  130.740463  142.435944  150.650620  153.100311  149.880936  141.081726  128.743912  114.520462  100.139847  85.498749  70.898125  57.820618 
 56.129013  66.864220  79.806091  93.055779  105.772034  116.918274  126.323746  132.936401  134.895157  132.049225  125.057968  115.022339  103.286873  90.633591  77.268127  64.586876  55.029785 
 54.443642  60.567810  70.280472  81.822029  92.959061  102.605316  110.409531  115.219223  116.719376  114.461411  108.908279  100.845627  90.880936  79.795311  68.234375  58.744530  53.471405 
 51.004890  55.421974  60.529427  68.996826  78.686974  86.751976  93.441818  97.434006  98.542290  96.717445  92.306816  85.671043  77.455940  67.848228  59.188118  54.232658  50.520157 
 } 
 B Channel
 {
 18.045673  20.357761  23.230782  27.869373  32.620052  36.396561  39.238438  41.008648  41.416874  40.448074  38.484741  35.255882  31.154274  26.691410  22.409218  19.701405  18.467655 
 19.254841  22.542969  27.648907  33.451874  38.759842  43.054062  46.405937  48.536560  48.994377  47.920780  45.358280  41.601093  36.903439  31.792030  26.283592  21.642033  19.350159 
 20.385159  25.629532  32.192032  38.779686  44.697189  49.773750  53.909378  56.616875  57.186096  55.764221  52.594376  47.976563  42.588280  36.785782  30.612343  24.481094  20.201717 
 22.052082  28.871250  36.184532  43.293282  49.816872  55.849998  60.935310  64.353752  65.244530  63.537186  59.583435  53.826248  47.522030  41.033436  34.245625  27.399220  21.739014 
 23.738281  31.362656  39.084686  46.564064  53.812035  60.739372  66.757187  70.486252  71.593437  69.729378  65.326248  58.668907  51.344528  44.210938  36.980782  29.638126  23.286041 
 24.836769  32.889687  40.833439  48.557190  56.352654  63.930939  70.299530  74.123436  75.216721  73.355934  68.940155  61.723595  53.826408  46.104218  38.596874  30.978439  24.164688 
 25.195313  33.279064  41.233124  49.132965  56.958435  64.707970  71.019066  74.877342  76.044533  74.290154  70.099220  62.716721  54.800468  47.023750  39.137657  31.309063  24.491562 
 24.773701  32.576405  40.236404  47.788593  55.324219  62.618591  68.898590  72.962341  73.957344  72.235466  68.208908  61.112968  53.197029  45.700626  38.197811  30.629219  23.879429 
 23.683647  30.769062  37.988125  45.197342  52.153282  58.713905  64.401878  68.268593  69.305153  67.654221  63.415939  57.226250  50.326096  43.389530  36.353592  29.136875  22.851460 
 21.848488  28.110783  34.842499  41.382030  47.444061  53.168594  58.017189  61.353752  62.242188  60.923592  57.214996  52.084221  46.140625  39.912033  33.329533  26.628124  21.116455 
 20.371044  25.016876  30.857498  36.834843  42.386250  47.091721  51.166718  53.736092  54.519997  53.280785  50.325935  46.188282  41.185471  35.604218  29.557655  23.685158  19.702446 
 19.406300  21.966095  26.273281  31.518436  36.515156  40.802658  44.121563  46.076405  46.609062  45.620312  43.376877  39.872189  35.628437  30.623592  25.263126  20.843906  18.737446 
 17.987965  19.467968  21.645157  25.652607  30.105366  33.619534  36.662395  38.236198  38.580730  37.864479  36.107708  33.242607  29.378021  24.947552  20.987293  18.673698  17.395363 
 } 


 White Balance Data with optical Center Data
 r_center_x =  645 r_center_y =  472 
 gr_center_x =  635 gr_center_y =  476 
 b_center_x =  631 b_center_y =  464 
 gb_center_x =  639 gb_center_y =  479 
 r/gr 0.856924 
 b/gr 0.411035 
 gb/gr 1.001865 
 r_oc_ave 159.315552 
 b_oc_ave 76.417778 
 gr_oc_ave 185.915558 
 gb_oc_ave 186.262222 

 [AWB]
 RGr =  0.856924 
 BGr =  0.411035 
 GbGr =  1.001865 
 r_oc_ave =  159.315552 
 b_oc_ave =  76.417778 
 gr_oc_ave =  185.915558 
 gb_oc_ave =  186.262222 