 LEFT LENS SHADING DATA
 RED Channel
 {
 39.088955  42.568123  47.372547  55.217186  63.299736  70.509796  76.430939  80.063179  80.969116  79.168282  75.530624  69.478798  62.117760  54.266350  46.782398  42.357185  39.730106 
 41.877293  47.165627  55.556091  65.595940  75.254532  83.791878  90.739685  95.405472  96.726410  94.411407  89.528122  82.302345  73.515472  64.098434  54.320313  46.254688  42.030937 
 44.006145  52.874062  63.814377  75.418907  86.512970  96.859375  105.481094  111.562653  113.349838  110.317657  104.006248  94.881874  84.425629  73.481560  62.129219  51.464531  43.780987 
 47.275471  58.801094  71.454376  84.290779  97.137184  109.561722  120.425934  128.276413  130.692963  127.085464  118.722351  107.061249  94.550468  81.929062  69.320313  57.016251  46.652084 
 50.681351  63.768440  77.588905  91.896248  106.417816  120.955780  133.932190  142.836411  145.523590  141.402191  131.947662  118.007034  103.013908  88.911095  74.919846  61.573753  49.773331 
 53.357132  67.237343  81.656097  96.949997  113.031555  129.173599  143.384995  152.699997  155.151245  151.053284  141.069382  125.814850  109.202972  93.599373  78.802185  64.674217  51.767349 
 54.323647  68.457809  83.235779  99.250465  115.710785  132.275620  146.801712  156.145782  158.750931  154.750778  145.274841  129.552505  112.348907  96.218750  80.624222  66.035622  52.592293 
 53.641457  67.569374  81.980621  97.375000  113.398911  129.238907  143.332504  152.720306  155.436569  151.167038  141.675629  126.251877  109.603592  93.978752  79.195313  65.008751  52.159996 
 51.299118  64.428909  78.076408  92.404686  107.202187  121.614532  134.231567  143.083282  145.646408  141.545319  131.797348  118.323288  103.560783  89.497185  75.648903  62.260941  50.160103 
 48.171356  59.582184  72.281250  85.356407  97.976097  110.327347  121.026566  128.304535  130.429382  127.095474  118.933899  107.721252  95.131874  82.790466  70.176720  57.713593  47.285473 
 45.463387  53.989845  65.169533  76.859840  87.993439  98.010315  106.686874  112.445160  114.002182  111.260315  104.927345  95.769531  85.566093  74.508751  63.064064  52.457497  44.799583 
 43.805309  48.797813  57.097191  67.303436  77.039688  85.400940  92.315628  96.889534  98.088753  95.876404  90.934685  83.637344  74.867035  65.254372  55.389534  47.643280  43.568909 
 41.841560  45.195309  49.545525  57.268440  65.630936  72.480103  78.211876  81.760574  82.851662  81.192444  77.247185  71.305466  63.808075  55.586044  48.237244  44.318493  41.774738 
 } 
 GR Channel
 {
 48.869003  54.060677  59.854538  69.040108  78.487755  86.512299  92.566200  96.580994  97.659691  95.947136  92.206825  85.994789  78.173904  68.840996  60.055473  54.526047  50.702713 
 53.106934  60.162971  70.232658  81.787186  92.682968  102.039375  109.686409  114.705780  116.183441  113.916092  108.984528  101.421875  92.062035  81.299530  69.746094  59.964378  54.266045 
 56.255630  67.214378  80.133438  93.385155  105.982185  117.337662  126.925003  133.336243  135.528900  132.522659  125.767807  116.191711  104.688438  92.498909  79.337654  66.524841  56.902977 
 60.342972  74.131096  88.870468  103.565002  117.991562  131.936874  143.952820  152.355774  155.166245  151.482971  142.929688  130.209686  116.422501  102.331879  87.830315  73.323280  60.572662 
 64.221458  79.794373  95.670471  111.693283  128.122498  144.539536  159.120941  168.828125  171.887650  167.977966  158.074844  142.779526  125.981567  110.217186  94.380470  78.834373  64.420212 
 67.279167  83.610001  100.193748  117.438751  135.425781  153.675308  169.774841  179.935944  182.666245  178.758438  168.319061  151.532806  132.835632  115.418121  98.730621  82.600784  67.074326 
 68.449631  85.073593  101.854378  119.900940  138.364838  157.248444  173.423904  183.719223  186.682663  182.330154  172.563599  155.723755  136.457184  118.298431  100.790779  83.905785  68.273911 
 67.449432  84.006721  100.575470  117.767181  135.975006  153.973282  169.798904  179.903122  182.621094  178.553909  168.856400  152.352661  133.597183  115.785934  99.143440  82.755470  67.503181 
 64.768539  80.471878  96.353905  112.505157  129.162811  145.636414  159.548126  168.984375  172.118118  168.171570  158.270157  143.514069  126.990005  110.956566  95.132660  79.579063  65.003227 
 60.974838  74.940468  89.747658  104.676720  118.958282  132.711716  144.385620  152.323120  155.065155  152.062195  143.644531  131.504837  117.455475  103.457031  88.809059  74.167503  61.415001 
 57.567863  68.393906  81.648903  95.072815  107.609062  118.652496  128.065628  134.580307  136.601089  133.915466  127.395935  117.654526  106.309059  93.931717  80.663750  67.913597  58.293388 
 55.205521  62.072189  72.129997  84.017189  95.006096  104.196716  111.693596  116.716721  118.221878  116.033752  110.978127  103.388908  93.781403  82.890938  71.340622  61.722031  56.162651 
 51.361771  57.120102  62.665421  71.615097  81.177551  88.796089  95.115051  99.188179  100.501457  98.877502  94.797707  88.652451  80.394531  70.868019  62.121452  57.138908  52.960159 
 } 
 GB Channel
 {
 49.526360  54.535103  60.751358  70.344795  80.123856  88.550674  95.187813  99.086037  100.466095  98.639267  94.645050  87.931923  79.505882  69.626930  60.434578  54.922867  51.032028 
 53.396767  60.488434  70.783440  82.720627  94.080940  103.867966  111.871559  117.205627  118.852966  116.413437  111.156097  103.127968  93.199844  81.966721  69.907501  59.961403  54.206612 
 56.012138  67.121094  80.432816  93.954063  106.967186  118.733749  128.655151  135.513123  137.822037  134.696091  127.726410  117.669846  105.643440  92.926872  79.162659  66.104378  56.450203 
 59.720207  73.675629  88.636093  103.647186  118.439850  132.768433  145.283600  154.122025  157.185776  153.438278  144.471878  131.320007  116.889526  102.348595  87.387497  72.467186  59.743858 
 63.441666  78.977501  95.022034  111.289215  127.926086  144.706879  159.553131  169.863907  173.335312  169.264694  158.940628  143.286407  126.145309  109.819847  93.523438  77.675934  63.127602 
 66.076202  82.533905  99.048439  116.407806  134.475311  152.909851  169.304993  179.882187  183.021088  179.145157  168.383743  151.352188  132.309692  114.447342  97.522659  81.067657  65.633698 
 67.068077  83.704529  100.480934  118.362503  136.994537  155.876404  172.232971  182.911560  186.145157  181.962814  171.948746  155.018127  135.369843  117.067337  99.186562  82.151718  66.571510 
 66.060310  82.497810  98.938126  116.163757  134.273438  152.233902  168.269226  178.705475  182.022659  177.781250  167.856400  151.283432  132.329376  114.358597  97.356720  80.880623  65.663124 
 63.432808  79.125313  94.819534  111.069534  127.522339  144.035461  158.133438  167.982819  171.217194  167.336411  157.337967  142.358124  125.730942  109.455315  93.463905  77.707031  63.307655 
 59.700256  73.670471  88.554222  103.351410  117.564850  131.449997  143.211243  151.356094  154.238586  151.317810  142.651871  130.362030  116.257507  102.033127  87.187653  72.508904  60.002861 
 56.657089  67.411247  80.645309  94.008591  106.540939  117.645630  127.186722  133.774689  135.789993  133.163132  126.587036  116.798904  105.236404  92.723747  79.336563  66.506874  57.125214 
 54.455994  61.208282  71.231094  83.173752  94.197189  103.527191  111.073280  116.209213  117.712341  115.503906  110.453903  102.639374  92.858910  81.847656  70.188751  60.559685  55.361351 
 50.942238  56.476410  62.119637  71.152084  80.833855  88.620110  95.159317  99.087761  100.424217  98.857452  94.354111  88.153130  79.599533  69.953697  60.977501  56.271355  52.505112 
 } 
 B Channel
 {
 18.007137  19.961304  22.680363  27.188904  31.749477  35.742344  38.699062  40.435467  40.888336  40.135574  38.318645  35.261669  31.419426  26.967030  22.667862  19.949638  18.476715 
 19.751301  22.763596  27.490158  33.020782  38.280312  42.666718  46.246563  48.406097  48.998749  47.877029  45.560314  42.077499  37.555470  32.532658  27.036407  22.392345  20.092968 
 21.143280  26.040157  32.194061  38.397812  44.194687  49.385468  53.595154  56.396095  57.212189  55.747185  52.740471  48.403435  43.177032  37.611404  31.345779  25.448280  21.515156 
 23.033279  29.365158  36.224220  43.044533  49.537346  55.602654  60.837814  64.463440  65.467659  63.717186  59.898285  54.307655  48.134689  41.901405  35.243126  28.630783  23.298489 
 24.838696  32.072655  39.367970  46.715157  53.933594  60.860001  66.960159  70.959846  72.099533  70.212029  65.820465  59.287346  52.124847  45.212814  38.080467  31.057343  25.127552 
 26.072033  33.772655  41.311092  48.994377  56.741875  64.372345  70.958282  74.972343  75.905312  74.094841  69.641876  62.585785  54.685783  47.232033  39.818283  32.613750  26.185417 
 26.439949  34.258907  41.943905  49.879845  57.812187  65.582497  72.081718  76.087341  77.092346  75.249062  71.107185  63.919998  55.866409  48.318283  40.602814  33.146561  26.706146 
 25.986301  33.698593  41.327812  48.916565  56.565155  64.033592  70.384529  74.339378  75.386719  73.561249  69.453590  62.459686  54.536095  47.071564  39.746563  32.515312  26.330730 
 24.611923  32.016720  39.287033  46.482967  53.630936  60.380470  66.127815  69.954063  70.893127  69.131561  64.861092  58.662186  51.652031  44.776718  37.845627  30.970627  25.126877 
 22.760727  29.247814  36.198437  42.895626  49.158279  54.950783  59.781250  62.998909  63.798904  62.235153  58.709221  53.540627  47.469688  41.450939  34.768593  28.375469  23.324429 
 21.152657  26.122032  32.352345  38.523594  44.136719  48.817032  52.861565  55.487190  56.045471  54.813904  51.903435  47.721405  42.707657  37.137501  31.064686  25.410156  21.690365 
 20.059532  23.076405  27.776093  33.350155  38.417187  42.454689  45.728592  47.849686  48.285004  47.277657  44.959999  41.511562  37.152031  32.090000  26.744064  22.461407  20.674950 
 19.000366  21.254112  23.804218  28.119534  32.659271  36.278023  39.115887  40.822189  41.220001  40.576199  38.570835  35.564064  31.555992  27.040413  23.004063  20.720779  19.596199 
 } 


 White Balance Data with optical Center Data
 r_center_x =  639 r_center_y =  461 
 gr_center_x =  633 gr_center_y =  487 
 b_center_x =  627 b_center_y =  480 
 gb_center_x =  633 gb_center_y =  459 
 r/gr 0.850015 
 b/gr 0.412689 
 gb/gr 0.995854 
 r_oc_ave 159.466660 
 b_oc_ave 77.422226 
 gr_oc_ave 187.604446 
 gb_oc_ave 186.826660 

 [AWB]
 RGr =  0.850015 
 BGr =  0.412689 
 GbGr =  0.995854 
 r_oc_ave =  159.466660 
 b_oc_ave =  77.422226 
 gr_oc_ave =  187.604446 
 gb_oc_ave =  186.826660 