 LEFT LENS SHADING DATA
 RED Channel
 {
 41.419792  44.683540  49.865784  57.847809  66.204529  73.037292  78.581558  81.671982  82.625679  80.928543  77.280258  71.100571  63.705360  55.586250  47.936043  43.375938  40.560524 
 43.966877  49.428123  58.273903  68.791565  78.567657  86.923126  93.470314  97.705315  98.841721  96.648125  91.837967  84.220779  75.256409  65.668747  55.630623  47.370937  42.736771 
 46.269737  55.404533  66.918907  78.822029  90.194061  100.163750  108.546562  114.129059  115.714218  112.830627  106.251717  96.859840  86.217659  75.072189  63.571404  52.559998  44.398335 
 49.873749  61.536247  74.514534  87.775154  100.807968  112.868286  123.607025  130.839539  132.800781  129.007507  120.747650  108.983437  96.225471  83.408127  70.492340  58.009216  47.238178 
 53.235786  66.675156  80.705467  95.211563  109.913910  124.180466  137.102036  145.305618  147.545471  143.005630  133.324066  119.602661  104.650002  90.198906  76.113434  62.396408  50.272865 
 55.577553  70.081093  84.959061  100.338753  116.406403  132.540314  146.508438  155.113754  157.377182  152.730316  142.416092  127.243286  110.611877  94.837029  79.822815  65.379372  52.243538 
 56.459373  71.181877  86.560783  102.717812  118.980469  135.654999  149.673126  158.639694  160.846725  156.283279  146.769058  130.893127  113.821869  97.278122  81.610626  66.623596  53.048798 
 55.690788  70.093903  85.184532  100.968750  116.966568  132.645630  146.396255  155.172974  157.515625  153.041092  143.643280  127.833282  111.194534  95.341873  80.235626  65.743126  52.551041 
 53.479057  66.922813  81.237190  95.977028  110.663597  124.984680  137.472809  145.518127  147.970779  143.287338  133.873596  120.364212  105.320160  90.871094  76.690468  63.031563  50.510727 
 50.033913  62.097031  75.321404  88.748123  101.687500  113.693909  124.164688  131.138748  132.887650  129.356094  121.189682  109.874062  97.055626  84.203903  71.173592  58.480934  47.705524 
 46.960884  56.331093  68.069061  80.067497  91.371872  101.376877  109.883591  115.186249  116.586716  113.608276  107.035934  97.962029  87.345154  76.134689  64.106247  53.117500  44.978336 
 45.151459  50.735626  59.612030  70.084686  79.965622  88.360466  95.084686  99.247810  100.404846  98.064217  93.047501  85.486092  76.557503  66.806564  56.390778  48.000313  43.453648 
 42.898956  46.840626  51.735992  59.824684  68.290627  75.487350  81.082184  84.293228  85.197548  83.682755  79.516251  73.307137  65.572495  56.886559  49.163910  44.627399  41.854897 
 } 
 GR Channel
 {
 51.461250  55.753334  61.607132  70.485359  79.625053  87.343697  93.213646  97.094421  97.964584  96.092194  92.161041  85.572296  77.380157  68.283752  59.605156  54.376511  51.105255 
 55.087082  61.681252  71.852341  83.568909  94.357346  103.570160  110.849060  115.330475  116.888748  114.297180  109.108124  100.885628  91.012032  80.223747  68.775780  59.241722  53.702759 
 58.211098  68.879219  82.028282  95.236404  107.975784  118.839539  128.000473  133.866409  135.584839  132.437500  125.589691  115.369690  103.501564  91.091248  78.005783  65.481407  55.852867 
 62.350571  76.160782  90.995781  105.503128  120.025467  133.554382  145.078430  152.619217  154.885315  150.591568  142.013275  129.408600  115.308121  101.010468  86.374222  71.962967  59.456093 
 66.472237  82.197029  98.181564  114.250473  130.341873  146.158127  160.110153  168.852661  171.131882  166.449219  156.191101  141.599060  125.087036  108.873749  92.959373  77.195938  63.051773 
 69.320679  86.234222  103.190315  120.240784  137.756088  155.217026  170.260468  179.503906  181.697189  177.008591  166.217194  149.893600  131.772186  114.290787  97.301559  80.697655  65.428703 
 70.353226  87.522812  105.079216  122.800934  140.712341  158.719681  173.813126  183.200775  185.783752  180.965622  171.106873  154.231873  135.674377  117.288910  99.526718  82.308441  66.538429 
 69.411873  86.220627  103.499847  120.886719  138.437195  155.770782  170.610153  179.646713  182.039215  177.658600  167.738281  150.972351  132.689850  114.985306  97.821091  81.111877  65.779793 
 66.749527  82.455154  98.798279  115.181244  131.566711  147.332336  161.034531  169.527039  171.897034  166.842499  157.139526  142.434067  125.670624  109.578278  93.428596  77.713127  63.290619 
 62.514328  76.619530  91.688904  106.754532  121.077972  134.597961  146.137650  153.595627  155.481247  151.334213  142.700470  130.361404  116.053757  101.559372  86.916405  72.309845  59.657135 
 58.807503  69.736252  83.270470  96.771561  109.372498  120.615005  129.802811  135.721558  137.270004  134.011093  126.637970  116.608444  104.839218  92.144531  78.592033  65.960785  56.384735 
 56.156097  63.134216  73.318596  85.112968  96.187965  105.532967  112.968277  117.501724  118.792038  116.239532  110.460785  102.155624  92.239845  81.159218  69.427498  59.766403  54.356194 
 52.966927  58.104851  64.018799  73.223595  82.604843  90.706093  96.813072  100.527756  101.559319  99.493492  94.950569  88.123123  79.402138  69.724838  60.910416  55.641617  52.370369 
 } 
 GB Channel
 {
 51.997444  56.332863  62.515205  71.919952  81.703018  89.811714  96.445213  100.388176  101.460785  99.227867  94.983017  87.769684  78.918488  69.098282  60.056198  54.669426  51.347343 
 55.277031  62.037659  72.536873  84.751404  96.072189  105.836090  113.548126  118.451721  119.975159  117.348907  111.577187  102.834686  92.310783  80.862656  68.922653  59.105469  53.638176 
 57.877861  68.766403  82.291092  95.972191  109.218597  120.681091  130.274063  136.605164  138.470932  135.182190  127.851089  116.939850  104.481560  91.458435  77.817345  64.887032  55.177246 
 61.580315  75.634064  90.837814  105.716095  120.779999  134.762192  146.747498  154.815628  157.235153  152.931870  143.799850  130.513443  115.849838  100.863129  85.762032  70.923439  58.214272 
 65.223640  81.197815  97.517502  113.908600  130.404068  146.711243  161.003754  170.162964  172.814377  168.031097  157.397507  142.267349  125.076874  108.235466  91.835938  75.867500  61.497086 
 67.756042  84.861877  101.949684  119.266556  137.148590  154.896881  170.372192  179.989212  182.462494  177.565475  166.723755  149.924225  131.169067  113.169998  95.734222  79.007347  63.739220 
 68.641098  85.830467  103.558441  121.514999  139.665939  157.948441  173.255783  183.098434  185.857498  181.049377  171.039688  153.902191  134.709213  115.866562  97.720001  80.280312  64.724068 
 67.566826  84.464531  101.747498  119.367493  137.185150  154.739532  169.743744  179.134537  181.854065  177.387192  167.353745  150.306870  131.535934  113.356567  95.879997  79.110313  63.888641 
 65.019226  80.737343  97.165627  113.793900  130.373123  146.296570  160.108444  168.939529  171.452347  166.503601  156.593277  141.721100  124.580307  108.011871  91.610466  75.843124  61.459373 
 61.147606  75.165939  90.380470  105.559532  120.133438  133.823914  145.425308  153.127350  155.158752  151.107971  142.199066  129.661560  114.996399  100.282188  85.412659  70.666252  58.084167 
 57.655365  68.702660  82.248596  95.991875  108.790314  120.063126  129.474213  135.566101  137.217972  133.909851  126.473129  116.118744  104.080780  91.093437  77.292343  64.572655  55.133698 
 55.391769  62.298439  72.666252  84.668282  95.925003  105.417191  113.122498  117.901718  119.326096  116.536713  110.629372  101.983437  91.639374  80.419373  68.416878  58.710312  53.347397 
 52.418015  57.492188  63.521667  72.905991  82.670418  90.915520  97.315834  101.100266  102.380882  100.151093  95.173538  88.238861  79.226875  69.331459  60.268127  54.854057  51.718224 
 } 
 B Channel
 {
 18.952290  20.764790  23.545208  27.771351  32.140785  35.776409  38.595467  40.176617  40.667133  39.755730  38.096458  34.934845  30.924843  26.516926  22.176613  19.646355  18.445934 
 20.481876  23.495625  28.423126  33.962189  39.053905  43.224533  46.396095  48.345154  48.918594  47.761562  45.415627  41.716721  37.176720  32.041718  26.561405  22.029686  19.803440 
 21.769478  26.786564  33.174530  39.505627  45.320625  50.160934  54.096405  56.499535  57.123436  55.552498  52.546097  48.048126  42.648438  36.972343  30.853592  24.967499  20.992504 
 23.552082  30.063751  37.219688  44.222656  50.872971  56.589844  61.576096  64.606873  65.330467  63.448280  59.578590  53.961250  47.677502  41.237186  34.510780  27.943436  22.658855 
 25.181149  32.680313  40.279842  47.813438  55.178909  62.054535  67.815315  71.335785  72.034378  69.889999  65.355782  58.900154  51.606247  44.434689  37.249531  30.226875  24.385212 
 26.412239  34.308281  42.262344  50.048752  57.959373  65.645470  71.876404  75.550003  76.182816  73.984222  69.237190  62.121094  54.163124  46.460468  38.935001  31.710312  25.404480 
 26.662971  34.733593  42.886250  50.979843  58.877342  66.721878  73.053749  76.812813  77.603752  75.409218  71.023285  63.646248  55.493439  47.572655  39.767189  32.237656  25.884113 
 26.152657  34.063282  42.093124  50.036720  57.733124  65.192032  71.375153  75.167030  76.044373  73.924065  69.632034  62.367653  54.277496  46.564377  38.940311  31.655781  25.467655 
 24.880470  32.302345  39.955154  47.567657  54.772972  61.452812  67.128593  70.651093  71.678436  69.432816  65.143906  58.800316  51.404999  44.298904  37.045624  30.124844  24.195885 
 22.990467  29.572342  36.734844  43.771873  50.156563  56.022346  60.766251  63.775154  64.571716  62.893440  59.130157  53.691719  47.436718  40.901405  34.178123  27.665939  22.485519 
 21.317188  26.455936  32.827187  39.216408  45.055000  50.020622  53.954063  56.251404  56.815941  55.413910  52.327660  47.891407  42.628906  36.793438  30.514843  24.684689  20.840103 
 20.208019  23.374687  28.241875  33.933125  39.125469  43.427032  46.667500  48.547653  49.010941  47.825001  45.378124  41.640312  37.083126  31.962658  26.329220  21.856094  19.954636 
 19.260937  21.710941  24.552708  29.186455  33.911510  37.680573  40.619164  42.314945  42.683437  41.748749  39.556042  36.298649  32.176876  27.421612  23.049011  20.589218  19.635468 
 } 


 White Balance Data with optical Center Data
 r_center_x =  606 r_center_y =  483 
 gr_center_x =  613 gr_center_y =  490 
 b_center_x =  632 b_center_y =  493 
 gb_center_x =  625 gb_center_y =  482 
 r/gr 0.866681 
 b/gr 0.416679 
 gb/gr 1.000715 
 r_oc_ave 161.711105 
 b_oc_ave 77.746666 
 gr_oc_ave 186.586670 
 gb_oc_ave 186.720001 

 [AWB]
 RGr =  0.866681 
 BGr =  0.416679 
 GbGr =  1.000715 
 r_oc_ave =  161.711105 
 b_oc_ave =  77.746666 
 gr_oc_ave =  186.586670 
 gb_oc_ave =  186.720001 