 LEFT LENS SHADING DATA
 RED Channel
 {
 39.268646  43.038227  47.605732  55.470680  63.520729  70.856819  76.569687  80.234161  81.291977  79.459633  75.823853  69.783859  62.502968  54.478851  47.108959  42.746876  39.826878 
 41.911560  47.369064  55.909065  66.096718  75.886566  84.605782  91.768440  96.291252  97.705315  95.607346  90.640938  83.215935  74.298592  64.620941  54.713127  46.619373  42.173958 
 44.014431  52.882965  64.130157  76.017815  87.402496  97.902344  106.779373  112.831726  114.815933  112.078125  105.457497  96.104378  85.410156  74.046562  62.492500  51.747185  43.850941 
 47.100254  58.622971  71.592812  85.053596  98.221405  110.856094  121.927963  129.812653  132.343597  128.679688  120.389526  108.453590  95.714066  82.616409  69.635628  57.126877  46.490627 
 50.418747  63.330002  77.467972  92.276093  107.491875  122.157974  135.401566  144.348755  147.042664  142.882965  133.289841  119.538132  104.312965  89.584999  75.198280  61.536560  49.400307 
 52.793907  66.723282  81.468437  97.222504  113.928131  130.436874  144.637497  153.964996  156.519531  152.561249  142.536560  127.345779  110.594528  94.469215  79.255157  64.654221  51.536514 
 53.370361  67.976410  83.118904  99.360626  116.483902  133.614838  148.125305  157.273590  159.969681  155.846558  146.484848  130.972656  113.617493  96.919685  80.925468  65.915939  52.479691 
 52.626663  66.826248  81.764221  97.257813  113.772964  130.234528  144.668900  153.852036  156.457809  152.439056  143.056564  127.654999  110.746719  94.755783  79.484840  65.137810  51.702393 
 50.476616  63.705154  77.748436  92.590309  107.369843  122.157806  135.377502  144.223129  146.694382  142.706100  133.367661  119.665619  104.756874  90.190315  75.911873  62.269218  49.955261 
 47.299847  58.922966  71.869217  85.278908  98.171875  110.666718  121.568283  129.366089  131.607025  128.339844  120.031723  108.749062  96.056717  83.182816  70.118279  57.505310  46.885315 
 44.573177  53.342972  64.654846  76.665001  88.011093  98.269218  107.043594  113.260315  114.984375  112.147339  105.538284  96.532967  86.101563  74.854218  63.125153  52.216248  44.454166 
 42.741409  48.015778  56.372971  66.659531  76.608597  85.215935  92.160934  96.705315  98.143280  96.012657  91.069061  83.820465  75.122498  65.285782  55.304688  47.286720  42.967342 
 40.360577  44.064327  48.608597  56.460579  64.706306  71.773026  77.538437  81.132401  82.054321  80.919525  76.885735  70.975258  63.588753  55.535988  48.005524  43.873592  41.130260 
 } 
 GR Channel
 {
 49.321091  54.447342  59.904320  69.025108  77.981407  86.252663  92.466248  96.402702  97.696205  95.898018  91.843330  85.358696  77.418022  68.343750  59.754951  54.287704  50.378548 
 53.516098  60.246719  70.210785  81.809685  92.710785  102.160782  109.852501  114.748123  116.363907  114.114685  108.959999  101.043907  91.507187  80.620003  69.205154  59.624374  53.825211 
 56.334114  67.052658  80.149529  93.548904  106.098282  117.450150  126.962341  133.396088  135.599380  132.616409  125.941559  115.994843  104.338593  91.797188  78.660782  66.014534  56.460571 
 60.212135  73.949844  88.912498  103.863747  118.358597  132.196564  144.129532  152.571091  155.213593  151.467819  142.859680  130.268433  116.355316  101.869377  87.290154  72.801094  60.114632 
 64.271927  79.802971  95.831566  112.187805  128.785629  145.063126  159.247192  168.918121  171.831726  167.801254  157.539368  142.477814  125.841400  109.660156  93.705940  78.105934  63.874275 
 67.286766  83.785934  100.410782  117.839691  135.993118  154.151413  169.678436  179.877655  182.507507  178.174530  167.495941  151.085007  132.795151  115.252655  98.438751  81.787811  66.254478 
 68.215057  85.234840  102.360313  120.203751  138.795319  157.823746  173.623123  183.492493  185.784225  181.693283  172.064377  155.587189  136.764221  118.448914  100.702972  83.441254  67.581245 
 67.220055  83.909843  100.897812  118.076248  135.975784  154.266724  169.984528  179.597961  182.233276  178.194839  168.597031  152.042038  133.223587  115.690933  98.902969  82.429062  66.755730 
 64.502754  80.135468  96.261093  112.615936  129.004059  145.408905  159.592026  168.946411  171.764221  167.751099  157.722031  143.136719  126.612030  110.544060  94.630623  79.055000  64.459999 
 60.536568  74.400314  89.402031  104.385468  118.733902  132.306412  144.086563  152.405319  154.897034  151.634537  142.952652  130.859375  116.949524  102.672501  88.012497  73.431564  60.547401 
 57.049538  67.833908  81.070465  94.653122  107.357971  118.081879  127.586243  134.247650  136.366882  133.394379  126.521255  116.961243  105.517815  93.078751  79.711250  66.973282  57.391403 
 54.392868  61.321404  71.333908  83.076721  94.295471  103.473595  110.839996  115.847183  117.552505  115.451248  109.965782  102.278908  92.821716  81.857185  70.278435  60.741562  55.113228 
 50.555359  56.058701  61.802025  70.913597  80.503174  87.994629  94.269585  98.414688  99.682915  98.195419  93.990158  87.538277  79.366920  70.014267  61.208023  55.990311  52.046982 
 } 
 GB Channel
 {
 49.714226  54.881721  60.703911  70.263382  79.729530  88.477753  95.059998  99.438179  100.763237  99.025368  94.548225  87.479637  78.785782  69.280365  60.299065  54.763702  50.831612 
 53.515053  60.429840  70.828278  82.819847  94.275154  104.302971  112.432495  117.751724  119.535309  117.058899  111.539063  103.121094  92.855156  81.450157  69.569061  59.742653  53.901199 
 55.869583  66.863747  80.292343  94.186096  107.258751  119.198914  129.157654  136.130783  138.519531  135.416092  128.293594  117.763443  105.495781  92.345627  78.705467  65.750000  56.115837 
 59.413490  73.327034  88.521408  103.944534  118.907028  133.312027  145.846558  154.746246  157.707504  153.908905  144.869690  131.757965  117.125931  102.068123  86.945160  72.047813  59.251976 
 63.327606  78.688438  94.974220  111.714844  128.846405  145.354996  160.166245  170.361099  173.632965  169.431870  158.919373  143.324371  125.994690  109.225624  92.781403  76.960312  62.630730 
 65.808647  82.306564  99.054840  116.717026  135.212036  153.699219  169.743591  180.335159  183.364380  178.971725  167.913284  151.173431  132.472809  114.382507  97.140625  80.209221  64.698174 
 66.350632  83.556877  100.715157  118.676254  137.486725  156.772186  172.936569  183.096405  185.964371  181.838593  171.978592  155.086868  135.876556  117.163757  99.150314  81.664528  65.765572 
 65.450211  82.215622  99.111717  116.250153  134.381088  153.017181  168.914536  179.030319  181.976410  177.989532  168.178757  151.410309  132.286407  114.332504  97.154060  80.595001  65.026665 
 62.907234  78.485779  94.520782  111.074219  127.506714  144.176407  158.608124  168.293747  171.377655  167.567337  157.307037  142.379532  125.567963  109.213440  93.141876  77.446091  62.779221 
 59.219017  73.044220  88.019531  103.135780  117.554382  131.356400  143.414841  151.954376  154.672180  151.503601  142.514069  130.150467  115.931412  101.341095  86.484840  71.899689  59.074272 
 55.946144  66.711563  80.049690  93.615158  106.562500  117.464066  127.165619  134.074997  136.371719  133.430161  126.274063  116.464691  104.721878  92.021248  78.522659  65.684845  56.226715 
 53.603020  60.448441  70.564377  82.475784  93.804688  103.209221  110.982033  116.059998  117.966095  115.684219  110.169998  102.160622  92.333595  81.174843  69.352188  59.698441  54.376762 
 50.083023  55.498436  61.314796  70.511406  80.356354  88.259842  94.750580  99.180420  100.482140  98.876511  94.466255  87.876465  79.197548  69.586716  60.654686  55.475105  51.621353 
 } 
 B Channel
 {
 17.641716  19.640884  22.023384  26.389633  30.759113  34.724792  37.737293  39.733334  40.196613  39.376614  37.463230  34.341198  30.476044  26.129532  21.878281  19.370991  17.953072 
 19.317139  22.194843  26.801094  32.277344  37.402657  41.873123  45.459373  47.757500  48.475159  47.403908  44.975311  41.303905  36.798126  31.680157  26.238907  21.715782  19.543491 
 20.627708  25.378124  31.484219  37.694843  43.392967  48.624687  52.849060  55.746559  56.688438  55.362343  52.344215  47.816406  42.507030  36.678905  30.537342  24.645626  20.824371 
 22.265522  28.564686  35.500469  42.344845  48.824532  54.870155  59.969063  63.584846  64.769844  63.179535  59.357658  53.795158  47.585468  41.036251  34.322342  27.690155  22.342030 
 23.953854  31.133438  38.524376  45.938595  53.146095  60.040001  65.985626  69.984222  71.218750  69.510780  65.225311  58.839218  51.550629  44.424843  37.145000  30.087032  24.055573 
 25.173958  32.775623  40.471092  48.157028  55.999535  63.583122  69.908440  73.925934  74.977654  73.435471  69.057503  62.155159  54.268906  46.618126  39.075783  31.680000  25.259586 
 25.433231  33.270313  41.174999  49.017342  56.890625  64.669220  71.105156  74.979065  76.043434  74.376717  70.480156  63.504059  55.600159  47.790939  39.919998  32.282345  25.891304 
 24.952293  32.581875  40.250626  47.902657  55.443283  63.000778  69.285004  73.244843  74.279999  72.512184  68.688904  61.857658  54.090157  46.518124  38.991405  31.709843  25.447136 
 23.646198  30.817657  38.191563  45.525623  52.547653  59.282501  65.062347  68.823441  69.847504  68.149529  64.082344  58.001717  51.183128  44.297188  37.103592  30.182968  24.246510 
 21.849117  28.158905  35.114689  41.936562  48.105934  53.870316  58.778748  61.983124  62.957809  61.523125  57.866722  52.841408  46.940155  40.749062  34.120781  27.594532  22.449326 
 20.234062  25.154064  31.279064  37.480312  43.116405  47.905155  51.924217  54.520309  55.288750  54.004219  51.091408  47.003906  42.025936  36.456093  30.362499  24.599064  20.951145 
 19.056824  22.113281  26.749531  32.229061  37.358749  41.589218  44.756248  46.795311  47.419220  46.495625  44.126720  40.735939  36.425938  31.436562  26.066250  21.725937  19.988438 
 17.889740  20.219742  22.966820  27.241562  31.899582  35.399429  38.295418  40.083229  40.546509  39.830627  37.899841  34.962185  31.100937  26.741982  22.460831  20.196354  19.122189 
 } 


 White Balance Data with optical Center Data
 r_center_x =  624 r_center_y =  507 
 gr_center_x =  626 gr_center_y =  485 
 b_center_x =  624 b_center_y =  483 
 gb_center_x =  650 gb_center_y =  487 
 r/gr 0.859525 
 b/gr 0.407898 
 gb/gr 0.999976 
 r_oc_ave 160.391113 
 b_oc_ave 76.115555 
 gr_oc_ave 186.604446 
 gb_oc_ave 186.600006 

 [AWB]
 RGr =  0.859525 
 BGr =  0.407898 
 GbGr =  0.999976 
 r_oc_ave =  160.391113 
 b_oc_ave =  76.115555 
 gr_oc_ave =  186.604446 
 gb_oc_ave =  186.600006 