 LEFT LENS SHADING DATA
 RED Channel
 {
 39.201199  42.373283  47.366974  55.372559  63.729111  70.915993  76.837761  80.226723  81.230942  79.565674  75.615517  69.748802  62.090523  53.867554  46.377239  41.918854  39.171352 
 41.748283  46.601406  55.355316  66.017342  75.932655  84.605782  91.634216  96.141090  97.410934  95.169220  90.140938  82.508591  73.702187  64.053596  53.959534  45.790939  41.420105 
 43.724274  52.099686  63.529686  75.923439  87.630623  97.841095  106.539375  112.524841  114.337189  111.337502  104.799217  95.315468  84.778122  73.581406  61.843285  50.948128  43.141041 
 46.656254  58.074997  71.095467  84.754684  98.273125  110.561874  121.540619  129.089691  131.392029  127.505157  119.191559  107.511253  94.927032  82.076561  68.998436  56.438591  45.989220 
 49.498489  62.978279  76.974846  91.894684  107.029221  121.769684  134.522964  143.399368  146.051407  141.717026  132.067963  118.344849  103.319534  88.785782  74.716248  60.977501  48.890831 
 51.504639  65.999847  80.945313  96.591721  113.235931  129.569534  143.782349  152.832031  155.563751  151.225632  141.088287  125.799850  109.268440  93.350159  78.364059  64.068596  50.957550 
 52.461769  66.834686  82.472343  98.608597  115.535156  132.523911  146.949371  155.966721  158.788757  154.645157  145.182495  129.432343  112.289063  95.728279  80.030785  65.223747  51.937088 
 51.907860  65.678909  80.749535  96.481560  112.828278  129.232651  143.403748  152.500305  155.165466  150.962189  141.602341  126.082657  109.429688  93.695313  78.529221  64.075623  51.016457 
 49.827705  62.596878  76.658592  91.462189  106.429535  120.999374  133.969376  142.812973  145.347809  140.837967  131.547180  118.129837  103.358597  89.174217  74.859840  61.233597  48.946724 
 46.623234  57.860313  70.743752  84.065781  97.106094  109.350784  120.421875  127.926712  130.197968  126.752502  118.597961  107.344528  94.766563  82.222191  69.256721  56.574684  45.967609 
 43.923855  52.387184  63.525002  75.321716  86.695160  97.065468  105.862816  111.675156  113.626556  110.947655  104.456566  95.350471  84.905472  73.827972  62.055000  51.055313  43.145313 
 42.223125  47.170624  55.321404  65.441719  75.206718  83.967346  91.139374  95.751877  97.387497  95.282028  90.213127  82.863907  74.070778  64.314842  54.257500  45.959999  41.549999 
 39.993122  43.349792  47.491619  54.859009  63.179008  70.372963  76.498131  80.256035  81.415840  79.972244  75.808960  69.985786  62.301407  54.212967  46.562920  42.343754  39.539165 
 } 
 GR Channel
 {
 50.042549  54.780464  61.044014  70.180412  79.626770  87.269119  93.255936  96.992188  98.122757  96.339638  92.285675  85.996506  77.788902  68.465263  60.061928  54.492447  50.517868 
 54.285469  60.552345  70.879219  82.798752  93.908440  103.231407  110.694687  115.277191  116.689224  114.294846  109.131721  101.030472  91.473282  80.742966  69.404221  59.763908  53.910362 
 57.271149  67.414063  80.572189  94.249847  107.060471  118.344681  127.530945  133.692337  135.647812  132.602188  125.792664  115.673431  104.211090  91.892502  78.693909  66.153435  56.455521 
 60.914383  74.426872  89.113907  104.218124  119.222961  132.693588  144.561874  152.459381  154.677032  151.025162  142.413132  129.834381  115.770004  101.702034  87.089378  72.704216  60.262756 
 64.411461  80.080627  95.836876  112.288437  129.285629  145.492188  159.522186  168.781097  171.309219  166.984848  157.010162  142.375626  125.301559  109.224060  93.483284  77.919685  63.968857 
 66.657608  83.660934  100.303749  117.568588  136.032349  154.384216  169.645309  178.955307  181.658127  177.167343  166.749695  150.372498  131.835464  114.072815  97.521721  81.232658  66.356613 
 67.803169  84.514221  101.930466  119.766251  138.450623  157.413757  173.203125  182.522339  185.193436  180.687500  171.396881  154.510315  135.675934  117.145935  99.461563  82.527657  67.008698 
 67.236198  83.222656  100.109688  117.389069  135.566406  153.854691  169.399994  178.894684  181.355469  177.195465  167.690781  151.156555  132.469681  114.769684  97.658127  81.280624  66.059792 
 64.634895  79.582809  95.412346  111.827499  128.572495  144.886093  159.346558  168.503601  171.157654  166.673126  156.977188  142.267654  125.660156  109.519684  93.467499  77.978905  63.670364 
 60.820526  74.013435  88.646095  103.496719  118.020935  131.867493  143.951874  152.106400  154.633911  151.097504  142.495621  130.051880  115.995468  101.770309  87.154686  72.724060  60.009895 
 57.220207  67.783127  80.509529  93.707184  106.160004  117.742493  127.447815  133.842499  135.844528  133.132813  125.989685  116.137192  104.438438  92.134689  78.946251  66.238747  56.633339 
 54.714790  61.358124  71.012032  82.253593  93.022034  102.738747  110.496407  115.564682  117.384369  115.021408  109.562813  101.601097  91.910782  81.128128  69.779533  60.076408  54.329948 
 51.003960  56.167702  61.468910  69.679222  78.783905  86.665009  93.414528  97.293022  98.766876  97.264946  92.756561  86.434219  77.970993  68.875206  60.141815  55.064110  51.087029 
 } 
 GB Channel
 {
 50.257240  55.129318  61.520836  71.007759  80.987083  89.191406  95.744110  99.549217  100.798958  98.712860  94.508911  87.428650  78.976669  69.295731  60.308434  54.725418  50.668327 
 54.183487  60.603279  71.101250  83.444221  95.016251  104.869530  112.663910  117.726089  119.190628  116.665161  111.072029  102.565315  92.542503  81.244064  69.475937  59.637497  53.807083 
 56.620674  67.077972  80.457657  94.567970  108.007660  119.664215  129.465775  135.996246  138.106720  134.899841  127.715942  117.088745  104.966095  92.136253  78.595001  65.672188  55.946358 
 59.880211  73.676872  88.740623  104.319687  119.695313  133.775940  146.044998  154.518280  156.991562  153.113281  144.036880  130.939682  116.219376  101.616409  86.596565  71.947189  59.445518 
 63.048805  78.924843  95.119217  111.907967  129.202652  145.790466  160.318283  169.998901  173.152496  168.520782  158.171097  142.914063  125.335632  108.737030  92.577660  76.828438  62.707611 
 65.294998  82.074997  99.021248  116.592499  135.385788  153.935150  169.657349  179.407654  182.592972  177.876724  167.172028  150.364212  131.471878  113.207031  96.224220  79.851715  64.934013 
 66.286041  82.801872  100.288437  118.436569  137.342346  156.429062  172.431717  182.326721  185.249069  180.831558  171.085464  153.982498  134.815475  115.907181  98.026093  80.941559  65.492821 
 65.514633  81.362343  98.208595  115.885941  134.197815  152.494064  168.444534  178.386871  181.133743  177.073914  167.305939  150.268433  131.434067  113.432663  96.231247  79.698128  64.550209 
 63.002602  77.980934  93.684998  110.333122  127.143753  143.692337  158.459213  168.011414  171.082336  166.381409  156.636414  141.628281  124.588913  108.281403  92.015472  76.544373  62.299377 
 59.472076  72.787498  87.217499  102.050629  116.846252  130.860931  143.335312  151.805313  154.443436  151.065933  142.273911  129.408127  115.034378  100.698280  85.916718  71.373596  58.800880 
 56.291824  66.605782  79.443436  92.602501  105.347969  116.996094  126.977341  133.704529  135.838745  133.011566  125.915619  115.651245  103.850624  91.192184  77.878593  65.184845  55.562965 
 54.115517  60.524689  70.197189  81.534065  92.551872  102.372032  110.470154  115.743912  117.604691  115.273911  109.677185  101.440941  91.510315  80.506721  68.957809  59.258125  53.689796 
 50.695099  55.498848  60.743019  69.272812  78.513542  86.934738  93.746613  97.923286  99.303848  97.702446  93.029686  86.590935  77.734474  68.534836  59.721977  54.411873  50.901459 
 } 
 B Channel
 {
 17.611301  19.632969  22.468018  27.074219  31.801876  35.504219  38.250000  40.147449  40.536877  39.736195  37.792919  34.490105  30.539375  25.918121  21.695518  19.103958  17.778122 
 19.422134  22.336094  27.184689  32.999844  38.425625  42.741093  46.126251  48.166405  48.781876  47.646408  45.158749  41.297188  36.708126  31.473125  25.989689  21.505627  19.265209 
 20.613335  25.502499  31.811718  38.360470  44.462814  49.498596  53.612190  56.124847  57.027969  55.530159  52.407967  47.763748  42.400780  36.649220  30.320782  24.475937  20.384274 
 22.344063  28.621563  35.810623  42.878750  49.718597  55.713593  60.855003  64.104843  64.961716  63.217972  59.324371  53.676720  47.345001  40.857346  34.062969  27.496876  22.172707 
 23.992813  31.111561  38.716721  46.272812  53.750778  60.813751  66.799217  70.567032  71.558128  69.525467  65.133751  58.637970  51.244217  44.033127  36.830467  29.828281  23.925571 
 24.927761  32.546719  40.381092  48.294998  56.303284  64.124535  70.614998  74.307503  75.299530  73.346405  68.883125  61.732185  53.811409  46.008907  38.498749  31.278751  24.904167 
 25.474060  32.867813  40.733906  48.898125  56.989998  64.860313  71.445160  75.232658  76.358910  74.374374  70.240623  62.957031  54.917030  46.919064  39.173283  31.715313  25.204063 
 25.050884  32.172344  39.669064  47.504845  55.370941  62.955780  69.391251  73.353592  74.283127  72.309059  68.366096  61.268753  53.402191  45.739220  38.201096  31.019688  24.751770 
 23.861145  30.502811  37.509998  44.766563  52.137032  58.913597  64.846405  68.690781  69.697189  67.571716  63.473907  57.373123  50.347504  43.475468  36.303593  29.451248  23.539997 
 22.127914  27.971249  34.474533  40.965313  47.400623  53.356873  58.284218  61.606873  62.557968  61.043121  57.292656  52.137657  46.138439  39.980469  33.384064  26.958282  21.710571 
 20.413074  25.010780  30.702812  36.489532  42.196720  47.264217  51.252342  53.929688  54.706253  53.482658  50.427185  46.208439  41.210625  35.659061  29.646561  23.988594  20.101299 
 19.167759  21.946720  26.290001  31.312500  36.215157  40.636093  44.049686  46.169689  46.882187  45.911564  43.502342  39.935623  35.666874  30.695625  25.349842  21.090939  19.083019 
 17.924427  20.060677  22.208332  26.039165  30.272865  34.014633  37.242603  39.046768  39.553436  38.823231  36.800884  33.874374  29.938957  25.674793  21.415886  19.129684  17.988018 
 } 


 White Balance Data with optical Center Data
 r_center_x =  651 r_center_y =  495 
 gr_center_x =  634 gr_center_y =  480 
 b_center_x =  625 b_center_y =  483 
 gb_center_x =  641 gb_center_y =  475 
 r/gr 0.854699 
 b/gr 0.410926 
 gb/gr 1.000143 
 r_oc_ave 159.240005 
 b_oc_ave 76.559998 
 gr_oc_ave 186.311111 
 gb_oc_ave 186.337784 

 [AWB]
 RGr =  0.854699 
 BGr =  0.410926 
 GbGr =  1.000143 
 r_oc_ave =  159.240005 
 b_oc_ave =  76.559998 
 gr_oc_ave =  186.311111 
 gb_oc_ave =  186.337784 