 LEFT LENS SHADING DATA
 RED Channel
 {
 40.123493  44.166821  49.222504  57.615776  66.173180  73.408646  79.212242  82.341087  83.313080  81.604523  77.687599  71.560310  64.145569  55.826195  48.264893  43.710316  40.781147 
 42.805157  48.604530  57.595001  68.238907  78.289215  87.116562  93.964531  98.341721  99.508278  97.233910  92.238434  84.772812  75.834534  66.072655  55.829063  47.451561  42.975731 
 45.044998  54.502502  66.206253  78.574371  90.269218  100.708122  109.355156  115.221405  116.909851  113.944214  107.521248  97.986252  87.114998  75.664688  63.879684  52.800781  44.390991 
 48.443703  60.517654  74.005470  87.802811  101.165154  113.896561  124.727966  132.282974  134.449997  130.886566  122.723907  110.644218  97.591721  84.290314  71.042030  58.383438  47.257187 
 51.775208  65.433128  80.130936  95.317810  110.603279  125.370316  138.338593  146.920151  149.453903  145.349686  135.770630  121.709213  106.263596  91.295784  76.670311  62.836876  50.251877 
 54.188225  68.804062  84.198280  100.390472  117.225784  133.651093  148.007965  156.802658  159.091248  155.124222  144.876251  129.330475  112.367813  95.931252  80.622345  65.967972  52.237343 
 55.232086  70.162498  86.010155  102.700157  119.882339  137.005005  151.500153  160.296722  162.831253  158.694534  149.023743  132.932968  115.490158  98.652191  82.389221  67.202187  53.168434 
 54.545471  69.277344  84.754059  100.834686  117.571564  133.922348  148.130936  157.020462  159.566559  155.365158  145.642807  129.873901  112.707184  96.550156  81.068123  66.438904  52.634949 
 52.348587  66.251717  80.834846  96.095467  111.404686  125.916718  139.002502  147.416565  149.996719  145.964539  136.040466  122.077652  106.989059  92.138435  77.645782  63.637810  50.840729 
 49.242653  61.357033  74.713905  88.577347  101.877968  114.545471  125.428589  132.706100  135.039993  131.614532  123.181717  111.504997  98.409065  85.359222  72.042969  59.183746  48.090416 
 46.542759  55.641716  67.381561  79.742813  91.601875  101.926720  110.681564  116.614059  118.477661  115.746567  108.844528  99.272346  88.522499  76.864845  64.893906  53.839378  45.593121 
 44.966251  50.257500  58.961250  69.560623  79.864998  88.637657  95.725624  100.261719  101.627968  99.468285  94.144844  86.372810  77.274841  67.228752  56.972343  48.816559  44.257813 
 42.406666  46.114998  50.524170  58.481041  67.023750  74.198700  80.235207  83.962761  85.038177  83.278069  79.260468  73.091560  65.140892  56.692917  49.255882  45.261150  41.896149 
 } 
 GR Channel
 {
 51.075935  56.493439  62.666771  72.139847  81.423225  89.318069  95.304016  98.417809  99.517036  97.530052  93.373070  86.925835  78.722969  69.934631  61.013649  55.555000  52.070000 
 54.919266  62.297188  72.789688  84.549217  95.351563  104.632034  111.751717  116.144058  117.420151  114.859848  109.657028  101.839996  92.239845  81.401093  69.940315  60.220001  54.612083 
 58.081558  69.526566  82.840782  96.304375  108.724373  119.771255  128.858749  134.697189  136.402039  133.173431  126.496872  116.542664  104.967812  92.614059  79.394379  66.562653  56.597870 
 62.240677  76.647972  91.750938  106.707657  120.917969  134.367661  145.840469  153.687973  155.812973  151.787659  143.378281  130.690155  116.668747  102.382813  87.793282  73.180939  60.097603 
 66.460732  82.351563  98.768753  115.128754  131.352661  147.098282  160.736252  169.597961  172.040787  167.725464  157.999222  143.085312  126.460632  110.273590  94.234840  78.487968  63.793594 
 69.648026  86.477188  103.664841  120.775162  138.689377  156.205307  171.183121  180.138901  182.345154  178.264374  167.906723  151.491089  133.191879  115.469376  98.801720  82.281403  66.239952 
 70.660164  87.972031  105.622185  123.170776  141.233444  159.524368  174.750000  183.757813  186.187195  182.157349  172.654846  155.772034  136.855164  118.692184  100.980316  83.816093  67.630463 
 69.899475  86.951561  104.103905  121.038910  138.677658  156.026093  171.237350  180.436401  182.940781  178.808746  169.084061  152.339539  133.663437  116.103119  99.283905  82.796562  66.977402 
 67.119530  83.407654  99.521408  115.859848  131.780151  147.420319  161.237350  170.295471  172.876877  168.699844  158.384995  143.591568  127.134842  111.088127  95.284843  79.575935  64.642189 
 63.273804  77.622345  92.601410  107.351715  121.290466  134.610779  146.201569  154.038757  156.274841  152.873901  144.066711  131.742035  117.511719  103.495155  88.771561  74.267342  61.125046 
 59.777756  70.815468  83.984840  97.344376  109.872345  120.632187  130.059372  136.327347  138.012344  135.044846  128.040314  118.078598  106.469063  93.861252  80.644218  68.033752  58.074585 
 57.191406  64.093285  74.006561  85.696404  96.685310  106.051559  113.356567  118.120316  119.483902  117.175476  111.554222  103.591721  93.714531  82.636406  71.212654  61.802971  56.164429 
 53.002243  58.268066  63.864479  72.677872  82.019478  89.627396  95.967812  99.811562  100.945786  99.068596  94.795258  88.144005  79.918488  70.336197  61.797035  56.919426  52.520676 
 } 
 GB Channel
 {
 51.292915  56.801666  63.195213  73.175575  83.177078  91.641144  98.206245  101.633179  102.963539  100.621346  96.237968  89.276878  80.630730  70.862236  61.661034  55.898804  52.330055 
 54.546257  62.031250  72.984375  85.327034  96.900002  106.792816  114.431244  119.202972  120.658127  118.062195  112.383591  103.899376  93.761566  82.224533  70.283127  60.179840  54.452972 
 57.146149  68.752815  82.474533  96.538750  109.615784  121.268127  130.803589  137.273438  139.272034  136.000305  128.922028  118.345627  106.151566  93.049690  79.390778  66.144684  55.983437 
 60.732811  75.421562  90.921562  106.336403  121.120941  135.222504  147.180786  155.582184  158.013443  154.169846  145.224060  132.029846  117.378601  102.399841  87.273125  72.305779  58.875572 
 64.575729  80.596565  97.273750  113.918121  130.716248  146.974213  161.134369  170.623596  173.485931  169.156250  159.246094  143.723587  126.483444  109.601410  93.222504  77.086716  62.156929 
 67.218124  84.164375  101.450783  118.832336  137.201248  155.079376  170.517181  180.202026  182.653122  178.629211  168.273743  151.529068  132.698914  114.323914  97.305466  80.432190  64.447601 
 68.036720  85.517342  102.985153  120.842972  139.213440  157.701569  173.407349  183.067032  185.846252  181.816406  172.268600  154.966248  135.705002  117.046570  99.044846  81.620003  65.368752 
 67.420364  84.405159  101.410004  118.604065  136.414536  154.055161  169.470779  179.296875  182.192337  178.053589  168.255936  151.198593  132.261246  114.178589  97.188591  80.499535  64.726402 
 64.678078  80.969528  96.984840  113.210632  129.475464  145.354843  159.449997  168.989212  171.876251  167.620789  157.249374  142.210632  125.488281  109.275154  93.207497  77.424690  62.490936 
 61.235733  75.556564  90.349686  105.102341  119.322037  132.801712  144.666870  152.691254  155.229691  151.852493  143.020630  130.405945  115.994217  101.766563  86.934685  72.287186  59.214684 
 58.124062  68.990311  82.177811  95.527496  108.126564  119.215942  128.792664  135.368118  137.174683  134.213287  127.053589  116.957031  105.110779  92.374847  78.990471  66.319687  56.380104 
 55.914688  62.595940  72.538284  84.369843  95.502029  104.964066  112.795151  117.663589  119.153748  116.762344  111.114532  102.875938  92.807655  81.559372  69.980469  60.408127  54.797287 
 52.059685  57.148857  62.705574  71.815056  81.477242  89.299477  95.880363  99.978386  101.275002  99.470467  94.964745  88.034691  79.333694  69.645622  60.996094  55.913956  51.648125 
 } 
 B Channel
 {
 17.293438  19.841770  22.795990  27.564327  32.073284  35.830833  38.575054  39.994587  40.404167  39.472294  37.486771  34.426666  30.488277  26.042290  21.823383  19.178230  17.995731 
 18.710522  22.109688  27.254532  32.970779  38.048904  42.256248  45.448593  47.257500  47.707500  46.524376  44.112186  40.487499  36.060158  30.963123  25.558594  21.032814  18.931145 
 19.991512  25.389217  31.912186  38.366562  44.079845  48.949219  52.758438  55.209061  55.706406  54.225471  51.266090  46.826561  41.631718  35.936092  29.870468  23.915314  19.815731 
 21.786095  28.601719  35.904221  42.888439  49.204216  55.012657  59.757034  62.964996  63.667030  61.841873  58.207809  52.711090  46.513748  40.178280  33.498749  26.845314  21.416145 
 23.580627  31.186874  38.932812  46.350468  53.414063  60.070625  65.775467  69.276718  70.193283  68.222031  64.151093  57.644997  50.516090  43.399063  36.221718  29.112343  23.025887 
 24.920105  32.927189  40.909843  48.541565  56.231407  63.590309  69.630623  73.256248  74.044373  72.261253  67.949684  60.863281  53.101875  45.450783  38.070625  30.607967  24.104427 
 25.503437  33.623436  41.608124  49.362190  57.144531  64.667191  70.825157  74.397034  75.349686  73.629845  69.508751  62.298279  54.309845  46.559219  38.858593  31.156719  24.510262 
 25.203648  33.145313  40.834686  48.262810  55.777191  63.013123  69.093597  72.820625  73.857185  72.119530  67.982033  60.894531  52.975471  45.413750  38.090157  30.696877  24.188957 
 24.048283  31.495155  38.763283  45.931252  52.782028  59.163910  64.827347  68.561409  69.666405  67.981873  63.591095  57.299377  50.301872  43.415470  36.359375  29.284061  23.137394 
 22.380936  28.787186  35.564377  42.131561  48.169685  53.697655  58.521408  61.811562  62.759064  61.362656  57.612343  52.307816  46.281250  40.127655  33.512344  26.877499  21.543335 
 20.828072  25.634533  31.589531  37.541561  43.073906  47.770939  51.822029  54.510155  55.246246  53.972656  50.964378  46.619530  41.574219  35.946564  29.824375  24.052345  19.946301 
 19.727135  22.486095  26.911095  32.234375  37.287811  41.470470  44.860313  46.948437  47.467968  46.454533  44.027031  40.450783  35.956406  30.913906  25.618752  21.259064  19.055729 
 18.066299  19.872967  22.125469  26.203541  30.728230  34.364845  37.348644  39.053436  39.553177  38.722237  36.780155  33.754322  29.739948  25.338696  21.308750  19.064480  17.506145 
 } 


 White Balance Data with optical Center Data
 r_center_x =  640 r_center_y =  492 
 gr_center_x =  648 gr_center_y =  497 
 b_center_x =  639 b_center_y =  489 
 gb_center_x =  661 gb_center_y =  509 
 r/gr 0.874216 
 b/gr 0.403630 
 gb/gr 0.997862 
 r_oc_ave 163.528885 
 b_oc_ave 75.502220 
 gr_oc_ave 187.057785 
 gb_oc_ave 186.657776 

 [AWB]
 RGr =  0.874216 
 BGr =  0.403630 
 GbGr =  0.997862 
 r_oc_ave =  163.528885 
 b_oc_ave =  75.502220 
 gr_oc_ave =  187.057785 
 gb_oc_ave =  186.657776 