 LEFT LENS SHADING DATA
 RED Channel
 {
 41.464325  44.864742  49.682182  57.633385  65.829628  73.022079  78.621773  81.904167  82.454941  80.855568  76.835991  70.813278  63.510002  55.568123  47.900883  43.630520  40.838856 
 44.073074  49.547028  58.228439  68.546097  78.216095  86.702499  93.679688  97.724998  98.745155  96.293282  91.429535  84.058907  75.198753  65.599373  55.599846  47.468437  43.249271 
 46.219738  55.393280  66.859528  78.732185  89.791878  100.029060  108.502190  114.265320  115.620468  112.553909  106.005310  96.840157  86.285004  75.060783  63.438278  52.660622  44.656044 
 49.621826  61.483284  74.638596  87.801247  100.714378  112.949692  123.461563  130.784531  132.861099  128.896561  120.450775  108.834373  96.274529  83.401093  70.527031  58.019218  47.548180 
 53.117294  66.680626  80.751717  95.286407  110.069687  124.311569  137.065475  145.327026  147.573593  142.936569  133.319214  119.514374  104.545158  90.177971  75.973747  62.426247  50.522499 
 55.972450  70.115158  84.923439  100.625153  116.838120  132.760788  146.554382  155.095779  157.179214  152.708435  142.279526  127.120316  110.626717  94.792656  79.714066  65.491875  52.493546 
 56.957031  71.587654  86.613434  102.919998  119.563431  136.229065  150.347351  158.972031  160.969849  156.531403  146.992340  131.089539  113.779068  97.329063  81.644684  66.876091  53.440475 
 56.294006  70.665466  85.413910  101.065468  117.418274  133.447968  147.249527  155.897339  157.925156  153.487808  143.766876  128.176407  111.302811  95.446251  80.326874  66.052185  52.908020 
 53.873955  67.648125  81.671097  96.291718  111.196564  125.727188  138.274689  146.805618  148.795151  144.354691  134.357651  120.514526  105.652344  91.178436  76.981560  63.412033  51.039322 
 50.426308  62.578590  75.801872  89.175629  102.055466  114.419373  125.067963  132.100311  133.893906  130.215317  121.574066  110.045311  97.319534  84.597809  71.467972  58.912186  48.075523 
 47.244011  56.926720  68.708595  80.778908  92.010941  102.025314  110.549377  116.158905  117.500626  114.528275  107.783279  98.382965  87.782028  76.631874  64.791092  53.718124  45.656040 
 45.336514  51.336716  60.322502  70.970467  80.781097  89.184998  96.022186  100.217033  101.214844  98.910934  93.723907  86.137032  77.284065  67.471718  57.146095  48.716095  44.303802 
 43.217762  46.961514  52.108749  60.285263  68.857140  75.722923  81.393028  84.696404  85.478798  83.725517  79.761200  73.538490  66.045319  57.409012  49.646713  45.109219  42.361301 
 } 
 GR Channel
 {
 50.714165  55.207504  61.020470  69.987190  79.261139  87.273804  93.294327  96.774170  97.755104  95.795418  91.771095  85.193016  77.127144  68.197441  59.604683  54.664268  50.966774 
 54.694168  61.389999  71.449844  83.070938  93.857811  103.154846  110.528282  115.188751  116.365936  113.798752  108.685471  100.880936  91.289841  80.613907  69.083435  59.629684  54.405525 
 57.658691  68.575157  81.570465  94.879532  107.227814  118.308289  127.493744  133.685944  135.143753  132.130310  125.359070  115.623749  104.182968  91.744843  78.684998  66.035782  56.575157 
 61.968750  75.848747  90.679840  105.253281  119.444839  132.793900  144.233749  152.175781  154.607498  150.483444  141.870316  129.390930  115.668900  101.650780  87.121246  72.730316  59.959068 
 66.149216  81.832344  97.711716  113.525787  129.680466  145.303284  159.134995  168.344055  170.962662  166.513901  156.584686  141.654373  125.159851  109.362816  93.493439  77.917656  63.863701 
 69.416618  85.818909  102.481094  119.364380  136.924057  154.528595  169.736725  179.125153  181.661255  177.261246  166.373901  149.959534  131.744995  114.565308  97.833908  81.591873  66.295631 
 70.645203  87.589378  104.401405  121.913132  139.846725  158.238907  173.631882  183.048279  185.308441  180.910004  171.171570  154.346725  135.653595  117.727493  100.312500  83.192970  67.723587 
 69.609161  86.448753  103.041565  120.050003  137.672348  155.097809  170.364838  179.640472  181.824997  177.536407  167.692032  151.441254  132.900162  115.517654  98.638435  82.321877  66.893539 
 66.778069  82.944534  98.840309  114.842194  130.867966  146.764374  160.435776  169.447815  171.885468  167.794525  157.548431  142.880005  126.495789  110.464378  94.646561  79.098282  64.584740 
 62.696198  77.032654  92.070778  106.799530  120.650787  134.196869  145.617966  153.255630  155.596558  152.260788  143.209061  130.968445  117.029373  102.916092  88.302498  73.794060  60.994896 
 58.754005  70.380470  83.944061  97.321404  109.516876  120.296722  129.520630  135.701248  137.323288  134.498749  127.333130  117.468445  105.956406  93.685623  80.272499  67.401878  57.803123 
 56.286873  63.596878  74.060310  85.984840  96.810623  105.859528  113.319061  118.017975  119.300476  116.896088  111.583122  103.535622  93.898438  83.050781  71.292343  61.355934  55.693436 
 52.901039  58.028954  64.248230  73.597137  83.103958  90.735161  96.831566  100.808594  101.713173  99.864220  95.657707  89.089371  80.625938  70.963493  61.934219  56.556770  53.005524 
 } 
 GB Channel
 {
 51.354118  56.004524  62.127090  71.567711  81.337082  89.960884  96.397552  100.228645  101.194275  99.282715  94.584686  87.710419  78.986923  69.377968  60.262810  55.266243  51.492088 
 54.882446  61.752655  72.224998  84.325623  95.668747  105.497345  113.369843  118.312805  119.609680  116.916870  111.333435  103.051247  92.872971  81.467346  69.494064  59.751251  54.342079 
 57.458122  68.548126  82.037971  95.745781  108.569221  120.250473  129.960312  136.408600  138.154221  134.972656  127.733276  117.471405  105.307816  92.365784  78.624374  65.755936  56.001778 
 61.223541  75.335625  90.569061  105.474998  120.216873  134.205002  146.182190  154.574371  157.065781  153.010941  143.780945  130.852493  116.460785  101.685623  86.692184  71.973907  59.123695 
 65.185623  80.903122  96.962029  113.303909  129.762650  145.948120  160.286255  169.868912  172.699371  168.255005  157.939682  142.426086  125.440781  108.934998  92.561096  76.636253  62.522911 
 68.061668  84.417503  101.339218  118.492035  136.329849  154.240158  169.888443  179.731873  182.485779  178.053436  166.903122  149.999374  131.470779  113.676086  96.490784  80.041565  64.737816 
 68.943962  85.855621  102.748596  120.449219  138.601715  157.155319  173.049377  182.825317  185.340149  180.816406  171.048599  153.871399  134.705002  116.390930  98.554688  81.402657  65.743698 
 67.988434  84.657188  101.262970  118.232346  136.132965  153.781097  169.186569  178.902496  181.393753  177.183899  167.298126  150.572968  131.722656  114.004684  96.786247  80.394531  64.930153 
 65.154587  81.105003  97.056877  113.007660  129.315933  145.328125  159.278275  168.540939  171.397339  167.239838  156.765625  141.879532  125.206253  108.971878  92.861565  77.255936  62.614273 
 61.223747  75.451248  90.547653  105.310310  119.320313  133.033905  144.613754  152.635315  155.089371  151.640930  142.642975  130.149216  115.944839  101.498749  86.535782  72.006096  59.409630 
 57.689537  69.125153  82.693748  96.124535  108.402657  119.413284  128.770309  135.209213  136.919846  134.061722  126.832336  116.660004  104.954529  92.457497  78.824532  65.958595  56.438797 
 55.289009  62.684219  73.268906  85.201561  96.117188  105.403595  113.109222  117.866409  119.234222  116.783127  111.286095  103.053123  93.037346  81.914528  69.964691  60.079216  54.688171 
 52.191933  57.287758  63.503700  73.163231  82.999687  90.835472  97.038597  101.217026  102.129845  100.375626  95.870468  88.701462  80.222130  70.323494  61.081352  55.622765  52.478600 
 } 
 B Channel
 {
 18.406357  20.165520  22.834793  27.275364  31.770309  35.527294  38.434898  40.081409  40.398071  39.679482  37.524639  34.504635  30.635468  26.278748  21.995571  19.547970  18.037552 
 20.002186  22.955936  27.684376  33.192657  38.325314  42.659374  46.107811  48.042030  48.458282  47.230312  44.948593  41.358593  36.798595  31.771252  26.257030  21.839844  19.638805 
 21.506771  26.233437  32.422188  38.633438  44.276405  49.213127  53.361252  56.011719  56.522812  55.085472  52.054222  47.760780  42.449688  36.820156  30.610626  24.837967  20.927761 
 23.372604  29.645939  36.564686  43.295937  49.617653  55.427032  60.361092  63.655472  64.533279  62.715622  58.933746  53.491722  47.377499  41.043125  34.376095  27.843437  22.676353 
 25.258904  32.403282  39.645470  46.874062  53.965309  60.587341  66.420784  70.141716  71.051094  69.070313  64.741875  58.258751  51.202499  44.264061  37.129375  30.246250  24.314167 
 26.622238  34.132030  41.691250  49.263596  56.886566  64.195160  70.450310  74.097969  74.999535  73.123283  68.504845  61.539215  53.884529  46.367031  38.947033  31.820625  25.492290 
 27.011982  34.780312  42.428905  50.161407  57.897499  65.584999  71.804375  75.333282  76.304688  74.368904  70.260315  63.060783  55.173279  47.563438  39.832657  32.391563  26.068645 
 26.497654  34.162033  41.774376  49.199219  56.873596  64.119217  70.288437  73.873596  74.685783  72.818283  68.773438  61.708435  53.990311  46.531719  39.052811  31.949844  25.743382 
 25.223698  32.503906  39.847813  46.963593  53.928284  60.573593  66.147812  69.768127  70.521408  68.610939  64.285622  58.069847  51.173439  44.331406  37.294376  30.485001  24.567081 
 23.188019  29.823437  36.741718  43.443283  49.448441  55.189064  59.978127  62.973907  63.735001  62.127655  58.359062  53.151093  47.180939  41.061405  34.434689  28.049217  22.876514 
 21.489582  26.701248  33.010311  39.148907  44.573280  49.268440  53.182030  55.625153  56.235313  54.845467  51.836250  47.535000  42.508595  37.001251  30.852032  25.084061  21.290314 
 20.303646  23.574062  28.470470  33.986095  38.960312  42.948280  46.210155  48.144066  48.578278  47.435623  45.079689  41.519218  37.185158  32.210468  26.686874  22.312344  20.371304 
 19.259476  21.402813  24.398590  28.878384  33.290730  36.851826  39.590363  41.250313  41.652660  40.878128  38.896355  35.788593  31.804951  27.249428  22.902294  20.419632  19.661720 
 } 


 White Balance Data with optical Center Data
 r_center_x =  608 r_center_y =  499 
 gr_center_x =  646 gr_center_y =  483 
 b_center_x =  621 b_center_y =  473 
 gb_center_x =  639 gb_center_y =  477 
 r/gr 0.867982 
 b/gr 0.410560 
 gb/gr 0.998831 
 r_oc_ave 161.679993 
 b_oc_ave 76.475555 
 gr_oc_ave 186.271118 
 gb_oc_ave 186.053329 

 [AWB]
 RGr =  0.867982 
 BGr =  0.410560 
 GbGr =  0.998831 
 r_oc_ave =  161.679993 
 b_oc_ave =  76.475555 
 gr_oc_ave =  186.271118 
 gb_oc_ave =  186.053329 