 LEFT LENS SHADING DATA
 RED Channel
 {
 41.488335  45.324165  50.176460  58.301765  66.820000  74.325470  80.117500  83.514168  84.726768  83.045212  79.207443  73.216774  65.670837  57.129738  49.587036  44.889687  41.747601 
 44.401665  49.525002  58.340622  69.150940  79.512497  88.401093  95.503754  100.002502  101.318436  99.158127  94.276405  86.705940  77.801247  67.885780  57.556404  48.972191  44.110935 
 46.371197  55.073906  66.726875  79.279373  91.209534  101.895622  110.861877  116.794220  118.438904  115.619843  109.268127  99.798752  89.071404  77.534843  65.632187  54.180466  45.785679 
 49.340363  61.006409  74.389374  88.397659  102.039215  114.812347  125.985931  133.633286  135.822342  131.961090  123.896088  112.203278  99.397034  86.074997  72.760628  59.658752  48.613335 
 52.176140  65.831566  80.420311  95.820778  111.133751  125.994995  139.229065  148.128433  150.799683  146.387024  136.817963  123.082504  107.887184  92.930626  78.428123  64.098747  51.473328 
 54.369888  69.002815  84.334999  100.550156  117.290619  133.913437  148.292816  157.630310  160.324066  156.121872  145.785004  130.581558  113.862976  97.425316  82.011566  67.120316  53.369896 
 54.932655  69.952034  85.802971  102.508904  119.745941  136.711411  151.283279  160.678589  163.674377  159.480164  149.944687  134.003128  116.760315  99.765778  83.650467  68.090782  54.124321 
 54.051559  68.780312  84.183746  100.403282  117.163589  133.534531  147.829056  157.077820  159.964218  155.879059  146.403122  130.610931  113.847031  97.576408  81.984222  67.059845  53.427132 
 52.006248  65.512497  80.146721  95.436249  110.766876  125.471725  138.455475  147.173599  150.050934  145.757813  136.082962  122.486877  107.385628  92.596878  78.143127  64.026405  51.332443 
 48.877815  60.739059  74.083595  87.937965  101.369530  113.952347  124.747192  132.180786  134.388123  131.137817  122.884689  111.201561  98.373596  85.391403  72.338905  59.268127  47.963543 
 46.158070  55.104530  66.681091  79.102341  90.891403  101.251564  110.079689  115.936096  117.721558  114.944839  108.439064  99.059998  88.345314  76.876091  64.991562  53.719841  45.250053 
 44.362553  49.792343  58.318596  68.967659  79.165939  87.910469  94.894379  99.436249  100.736092  98.586090  93.424065  86.213905  77.139687  67.195938  56.936562  48.361252  43.565414 
 41.859219  45.463383  50.035461  57.844948  66.394272  74.033600  79.900208  83.280830  84.257973  82.392143  78.554474  72.673691  64.873024  56.584274  48.817398  44.300831  41.074585 
 } 
 GR Channel
 {
 50.356255  55.685417  61.575104  70.647972  79.778854  87.704216  93.687340  97.212395  98.461403  96.897972  92.931778  86.835831  78.748276  69.586868  61.105522  55.654167  51.265831 
 54.836250  61.283752  71.422188  83.258591  94.264687  103.668594  110.935471  115.671570  116.948288  114.747345  109.844688  101.989998  92.651405  81.975624  70.528435  60.760002  54.890831 
 57.928909  68.219528  81.290314  94.871246  107.480316  118.750626  127.935776  134.184692  135.672501  132.858124  126.360779  116.699371  105.268280  93.100471  79.981560  67.145935  57.440521 
 61.764008  75.200470  90.101250  105.121872  119.635788  133.261871  144.982346  152.743744  154.981567  151.165161  142.869843  130.762817  116.817505  102.707809  88.108910  73.609840  60.933807 
 65.258804  80.941093  96.968597  113.458435  129.838745  145.740631  159.812347  169.024063  171.819382  167.322662  157.579224  143.081879  126.568756  110.541565  94.727501  78.880157  64.608276 
 68.020828  84.736252  101.671875  118.924057  136.797348  154.591568  169.968750  179.465775  182.333755  178.068756  167.699844  151.567184  133.435944  115.788132  98.957809  82.507500  66.972916 
 68.706100  85.892967  103.236092  121.018753  139.167969  157.656876  173.294373  182.815155  185.765930  181.851410  172.367813  155.646255  136.930161  118.708130  101.001877  83.731873  67.925209 
 67.660675  84.295471  101.299065  118.522186  136.322495  154.245316  169.647964  179.326401  182.284225  178.400940  168.797348  152.124222  133.888901  116.267029  99.078125  82.431404  67.104530 
 65.016251  80.557503  96.630157  113.036407  129.471878  145.562653  159.575317  168.902649  171.878281  167.666870  157.760315  143.208282  126.611404  110.702034  94.778595  79.033752  64.455833 
 61.150467  74.856094  89.675934  104.659218  119.063599  132.650467  144.494217  152.581406  155.042969  151.778275  143.312347  130.826874  116.874222  102.679062  88.251251  73.570160  60.692444 
 57.764221  68.253593  81.317657  94.812813  107.428596  118.701248  128.095627  134.289993  136.190002  133.566559  126.984680  117.127655  105.488907  93.010315  79.855469  67.087341  57.191307 
 55.333908  61.905785  71.619530  83.242653  94.342972  103.939377  111.295937  116.077347  117.523590  115.241409  109.951096  102.402344  92.722504  81.970467  70.413597  60.637184  55.073441 
 51.580566  56.556412  61.829330  70.359535  79.656090  87.853127  93.853027  97.820053  98.762970  96.971611  92.932968  86.593803  78.605003  69.296097  60.517136  55.540108  51.882607 
 } 
 GB Channel
 {
 49.878288  55.163696  61.373123  70.788383  80.685570  89.101715  95.744530  99.582657  101.083900  99.296776  95.048691  88.198181  79.779793  70.057968  61.087967  55.428223  51.146561 
 53.941200  60.502655  70.820625  83.131096  94.787033  104.773590  112.552658  117.719528  119.202026  116.840942  111.682655  103.252968  93.353127  82.072342  70.263596  60.202812  54.454483 
 56.569160  66.938751  80.261871  94.244843  107.511093  119.319214  129.110474  135.681870  137.636093  134.618912  127.828430  117.632507  105.650467  92.782654  79.348282  66.261871  56.452705 
 59.853127  73.404373  88.492188  103.793747  118.917664  133.013748  145.421875  153.772034  156.319534  152.545471  143.828903  131.166870  116.740936  102.039528  86.980782  72.297653  59.468697 
 63.075462  78.697342  94.826721  111.451561  128.410629  144.787964  159.374222  169.385941  172.443130  167.981247  158.010941  143.042664  125.955002  109.435936  93.158279  77.213440  62.859688 
 65.409218  81.991096  98.972656  116.463440  134.600632  152.830307  168.714691  179.009216  182.214371  178.124527  167.434372  150.941406  132.261566  114.180313  96.917030  80.457184  64.837189 
 65.807289  82.915627  100.245003  118.055313  136.666245  155.426407  171.502808  181.865784  185.196869  181.288284  171.638596  154.559998  135.466095  116.781097  98.685310  81.497658  65.639114 
 64.905891  81.327347  98.283592  115.649063  133.787033  151.981873  167.843750  178.078278  181.564224  177.696243  167.926880  150.811569  132.086243  114.197495  96.785622  80.165466  64.843178 
 62.622505  77.801247  93.816559  110.368439  127.047974  143.496094  157.968903  167.795944  171.208588  167.188431  156.985779  142.053757  125.198914  108.852028  92.702812  76.926872  62.362297 
 58.873230  72.592812  87.260780  102.399376  116.993912  131.023590  143.249069  151.757813  154.542496  151.259689  142.710464  129.869064  115.638748  101.055939  86.530312  71.815468  58.913589 
 55.986092  66.437965  79.425468  93.051094  105.889221  117.625473  127.406250  134.026093  136.148285  133.595306  126.733902  116.502182  104.624062  91.876251  78.498749  65.697189  55.830521 
 54.020210  60.476875  70.215157  82.039215  93.350784  103.236717  110.972031  116.134995  117.846405  115.589844  110.072968  102.216408  92.207344  81.250465  69.480003  59.672653  54.070366 
 50.591042  55.365211  60.828285  69.633179  79.159317  87.711929  94.298904  98.340004  99.466614  97.706299  93.278175  86.896194  78.433807  68.859840  59.764580  54.765366  51.166611 
 } 
 B Channel
 {
 18.142502  20.116669  22.810257  27.325573  32.088280  35.951355  39.116093  40.696301  41.146091  40.230625  38.338852  35.354061  31.413750  26.829426  22.592606  19.959167  18.451668 
 19.876251  22.685001  27.470470  33.305782  38.743908  43.380936  46.881718  49.003593  49.497971  48.298126  45.978439  42.296562  37.744999  32.472969  26.927189  22.322498  20.057083 
 21.040524  25.882187  32.057655  38.612812  44.675781  49.994377  54.250938  57.031876  57.596565  56.158127  53.169060  48.691559  43.339844  37.558281  31.280155  25.281406  21.137451 
 22.700832  29.067501  36.188282  43.155781  49.925781  56.072029  61.350471  64.805939  65.591873  63.784378  59.909691  54.436562  48.233124  41.737656  34.896252  28.222813  22.749897 
 24.323021  31.563438  39.145626  46.626095  53.961250  60.924065  67.227341  71.173592  72.269684  70.128593  65.770935  59.317810  52.086250  44.980938  37.710468  30.550156  24.414532 
 25.487762  33.070469  40.962345  48.725784  56.474998  64.265160  70.791718  74.926872  75.983749  74.118752  69.381874  62.406403  54.610939  46.878124  39.305939  32.014061  25.440727 
 25.668018  33.320938  41.299686  49.285782  57.117500  64.840157  71.555779  75.622345  76.860466  75.051720  70.820000  63.517029  55.641716  47.798904  39.966564  32.417656  25.752865 
 25.132504  32.562500  40.308907  47.983437  55.645309  62.990311  69.352654  73.507965  74.808441  73.042969  69.005623  61.847969  54.025002  46.500782  38.929062  31.771252  25.357918 
 23.808178  30.762970  38.082500  45.441250  52.402657  59.065628  64.779999  68.692657  69.961876  68.213280  63.985001  57.841873  50.739685  43.911877  36.879845  30.041874  24.043541 
 21.977917  28.146252  34.775623  41.574062  47.842655  53.472504  58.189377  61.560783  62.659843  61.254059  57.708748  52.475937  46.417500  40.263596  33.817814  27.427502  22.266251 
 20.393021  25.007187  30.912033  37.024376  42.663437  47.451096  51.299065  53.844063  54.680313  53.661407  50.912811  46.608906  41.515469  36.053123  30.054375  24.455624  20.551460 
 19.199326  22.032032  26.450783  31.807499  36.794533  40.973438  44.112186  46.102032  46.750782  45.908279  43.695469  40.299061  35.950314  31.035469  25.720936  21.484688  19.535103 
 17.773487  19.812241  22.078487  26.128754  30.466408  34.171772  36.953857  38.580574  39.063908  38.290573  36.510674  33.732395  29.892815  25.514427  21.404686  19.268852  18.275936 
 } 


 White Balance Data with optical Center Data
 r_center_x =  638 r_center_y =  473 
 gr_center_x =  635 gr_center_y =  505 
 b_center_x =  619 b_center_y =  473 
 gb_center_x =  646 gb_center_y =  478 
 r/gr 0.880726 
 b/gr 0.412151 
 gb/gr 0.997311 
 r_oc_ave 164.484451 
 b_oc_ave 76.973335 
 gr_oc_ave 186.759995 
 gb_oc_ave 186.257782 

 [AWB]
 RGr =  0.880726 
 BGr =  0.412151 
 GbGr =  0.997311 
 r_oc_ave =  164.484451 
 b_oc_ave =  76.973335 
 gr_oc_ave =  186.759995 
 gb_oc_ave =  186.257782 