 LEFT LENS SHADING DATA
 RED Channel
 {
 40.452240  43.686825  48.542183  56.603493  65.210777  72.789536  78.758331  82.172081  83.404846  81.653069  78.217812  72.018333  64.668488  56.718224  48.732452  43.868649  41.146145 
 42.777660  48.188278  56.894684  67.385780  77.572655  86.423904  93.748749  98.565002  99.944221  97.807030  93.096565  85.653748  76.673279  67.057816  56.777657  48.166565  43.298229 
 44.761356  53.814690  65.307816  77.435471  89.202187  99.890938  109.008438  115.369217  117.327194  114.518600  108.052971  98.720467  87.938751  76.726563  64.866249  53.714218  45.154846 
 47.849533  59.642654  72.951561  86.490784  99.974846  112.833588  124.082962  132.196091  134.824219  131.215149  122.968750  111.242340  98.459686  85.367653  71.983437  59.177658  48.135361 
 50.992348  64.409218  78.984840  93.855782  109.198128  124.095932  137.514374  146.591873  149.655624  145.619217  136.014694  122.197342  107.036407  92.359840  77.550316  63.673752  51.351669 
 53.643700  67.562653  82.770935  98.876877  115.586243  132.206726  146.708130  156.380783  159.178589  155.187500  145.151413  130.042969  113.233276  97.060310  81.501717  66.916092  53.228386 
 54.304016  68.849220  84.220001  100.962502  118.251099  135.333435  150.133438  159.652649  162.478912  158.744064  149.312653  133.534531  116.182037  99.478905  83.221092  68.038597  54.143799 
 53.486671  67.803749  82.894218  98.861877  115.769226  132.145935  146.443130  155.938599  158.873276  154.870163  145.528122  130.003601  113.137650  97.033279  81.614059  66.998909  53.469948 
 51.214996  64.657501  78.902809  93.855003  109.286095  124.194534  137.150620  145.990936  148.684692  145.001251  135.474686  121.889847  106.994530  92.341873  77.879845  64.062187  51.377609 
 47.958385  59.587341  72.905472  86.463280  99.662498  112.514847  123.577972  131.034225  133.429688  130.282806  122.263123  110.886566  98.191559  85.306404  72.123283  59.274376  48.176453 
 45.299217  54.022346  65.596718  77.819847  89.310783  99.779221  108.751251  114.953125  116.553131  114.043747  107.663750  98.533752  88.024841  76.727028  64.897186  53.729378  45.450207 
 43.808643  48.834061  57.300781  67.859688  77.920624  86.653122  93.970154  98.598122  99.973122  97.906403  92.990784  85.635155  76.813438  67.050629  56.785782  48.400627  43.822704 
 41.570313  45.231564  49.476830  57.201767  65.725624  73.078133  78.818275  82.630623  83.632706  82.409950  78.440575  72.527863  65.010521  56.739784  49.076408  44.656872  41.724789 
 } 
 GR Channel
 {
 50.828957  55.675621  61.518959  70.695572  80.133545  88.137970  94.360054  98.293602  99.574844  97.812866  94.366196  87.952179  80.274376  71.339897  62.279945  56.365990  52.378494 
 54.833542  61.623123  71.623123  83.353279  94.256874  103.616096  111.204842  116.412964  117.940475  115.632660  110.932655  103.565941  94.249374  83.769066  72.125153  62.159531  55.935989 
 57.737137  68.422340  81.551094  94.739220  107.217346  118.474533  127.861557  134.461243  136.823441  133.874374  127.533600  118.081726  106.883125  94.860466  81.711090  68.952499  58.675835 
 61.398071  75.293282  90.081718  104.657501  118.949371  132.662186  144.535156  152.895157  155.795319  152.438278  144.064056  131.876877  118.458588  104.496559  90.011871  75.482811  62.509483 
 65.298279  80.725159  96.700623  112.626404  128.840469  144.845627  159.270782  168.746094  172.102493  168.335007  158.805939  144.324844  128.013443  112.270782  96.408905  80.871719  66.153587 
 68.247498  84.571251  101.205315  118.349213  135.966721  153.791092  169.281097  179.439377  182.517349  178.747498  168.769684  152.972031  134.970627  117.675156  100.907341  84.662971  68.834846 
 69.370728  85.855316  102.779221  120.570313  138.826401  157.045471  172.924057  182.830933  186.006409  182.452652  173.380630  157.095001  138.454224  120.590942  103.022659  85.977028  70.117233 
 68.223175  84.565468  101.108910  118.215622  136.188278  153.761566  169.032974  179.215622  182.199524  178.515930  169.421249  153.156097  134.970474  117.472351  100.905159  84.589691  68.927605 
 65.287498  80.748749  96.620628  112.597183  129.112976  145.104065  159.151413  168.636871  171.794220  168.036087  158.494217  144.112030  128.022507  112.348282  96.726097  81.079529  66.400574 
 61.133965  74.826874  89.842346  104.677185  118.592499  132.424225  144.170624  152.094681  154.895630  151.985474  143.836243  132.057968  118.442963  104.538437  90.091873  75.504684  62.463432 
 57.670891  68.376091  81.527969  95.083748  107.565628  118.685776  128.279068  134.691406  136.589218  134.158905  127.697037  118.272339  107.078751  94.879532  81.758904  68.824371  58.875633 
 55.434685  62.155937  72.133438  83.789215  94.780785  104.195000  111.667343  116.568756  118.196243  116.138748  111.174065  103.624062  94.278908  83.620468  72.061562  62.282814  56.548225 
 51.769684  57.056358  62.608017  71.389839  80.943069  88.712494  94.888382  98.646248  100.001671  98.441666  94.523643  88.666977  80.408279  71.149849  62.300308  57.119476  53.417397 
 } 
 GB Channel
 {
 51.196457  56.098122  62.186401  71.935364  81.852654  90.429474  97.234062  101.341141  102.834068  100.819687  96.855843  90.177757  81.549164  72.062553  62.414848  56.355568  52.477661 
 54.815620  61.728127  72.120781  84.243904  95.648285  105.635315  113.680313  119.215317  120.886566  118.469681  113.289993  105.266716  95.253754  84.214844  72.082970  61.827034  55.563904 
 57.209213  68.176094  81.503441  95.200623  108.238747  119.950775  129.946869  136.914063  139.277969  136.358444  129.546249  119.372971  107.568748  94.922340  81.334686  68.170158  57.861198 
 60.552917  74.528748  89.672028  104.750626  119.518753  133.750305  146.247025  154.994217  158.191559  154.589066  145.739380  132.916245  118.671722  104.145309  89.160469  74.401093  61.140892 
 64.128548  79.655624  95.798904  112.055161  128.834213  145.375626  160.198746  170.160309  173.760788  169.847351  159.803589  144.618591  127.727493  111.390472  95.123596  79.242966  64.600685 
 66.816246  83.011253  99.762810  117.139694  135.103439  153.452347  169.346725  179.792664  183.273590  179.483902  169.159531  152.589218  134.172806  116.266876  99.189377  82.709534  67.014740 
 67.506767  84.288437  101.089378  119.044373  137.509064  155.999374  172.184692  182.559219  186.095306  182.435776  172.906876  156.193130  137.098907  118.885315  100.999847  83.953125  68.014793 
 66.441612  82.663910  99.235313  116.405472  134.592819  152.373901  167.959381  178.578598  181.998276  178.267654  168.797653  152.094223  133.361404  115.616882  98.824066  82.459221  66.901093 
 63.481613  79.041405  94.886406  110.995155  127.597031  143.882660  158.088440  167.896713  171.275314  167.578903  157.888123  143.055466  126.639221  110.675156  94.676094  79.096878  64.379372 
 59.651405  73.503281  88.365471  103.234528  117.358444  131.429840  143.433899  151.592026  154.519379  151.671402  143.325470  131.157654  117.154373  103.016403  88.326096  73.707031  60.690155 
 56.490730  67.256561  80.471092  94.139534  106.673126  118.053131  127.755936  134.394058  136.492966  134.168442  127.398285  117.690308  106.268753  93.748283  80.399841  67.413437  57.545937 
 54.618958  61.266876  71.347191  83.152809  94.370781  103.997658  111.795624  116.912659  118.565002  116.448914  111.243591  103.424065  93.730316  82.691719  71.044998  61.200783  55.551826 
 51.378540  56.703545  62.125107  71.249893  80.787247  88.899948  95.512291  99.529533  100.986244  99.279533  94.915886  88.515732  80.226982  70.712341  61.630417  56.305573  52.643074 
 } 
 B Channel
 {
 17.900677  19.669426  22.271774  26.837029  31.324791  35.448593  38.370575  40.095417  40.593441  39.890205  38.209064  35.195782  31.409843  26.991669  22.591354  19.679585  18.288334 
 19.569431  22.455467  27.080936  32.593906  37.818127  42.264217  45.813282  48.147499  48.663437  47.638126  45.516563  42.011406  37.514217  32.547501  26.959686  22.250000  19.859585 
 20.949684  25.660938  31.748749  37.904373  43.680157  48.841873  53.059372  55.919373  56.744377  55.391716  52.568123  48.308594  43.180470  37.520626  31.331249  25.341095  21.159637 
 22.577919  28.847500  35.700783  42.406563  48.742966  54.779846  59.952660  63.545937  64.668747  63.037811  59.299065  53.926559  47.946720  41.690624  34.949219  28.364063  22.864899 
 24.239426  31.375469  38.679844  45.855312  52.956718  59.759842  65.890160  69.795624  71.012970  69.283752  64.990471  58.667191  51.661873  44.750156  37.630314  30.628437  24.583439 
 25.425732  32.964062  40.537968  48.109688  55.688278  63.129997  69.583748  73.647812  74.799530  73.117966  68.671249  61.839844  54.232185  46.726719  39.353283  32.168907  25.646614 
 25.748802  33.393593  41.092968  48.798279  56.621872  64.168907  70.595940  74.527496  75.736092  74.069221  70.130936  63.027191  55.225937  47.720470  40.069687  32.574688  26.125103 
 25.143490  32.695782  40.262657  47.654999  55.249687  62.562035  68.669685  72.686249  73.862968  72.175468  68.304535  61.362968  53.705780  46.345936  39.057499  31.960625  25.617710 
 23.670990  30.867031  38.116405  45.234531  52.081718  58.777657  64.420158  68.110779  69.167969  67.679688  63.568436  57.567345  50.760002  44.121407  37.143436  30.309063  24.443645 
 21.732658  28.074532  35.000469  41.622501  47.610470  53.361717  58.121719  61.230003  62.127342  60.910622  57.445938  52.449371  46.622345  40.647812  34.182655  27.733593  22.524216 
 20.159115  24.986404  31.125000  37.217812  42.677032  47.376877  51.359528  53.901566  54.571404  53.502190  50.706406  46.653751  41.842499  36.430470  30.465469  24.741718  20.885674 
 19.046665  22.061249  26.662811  32.035000  36.992657  41.123436  44.358906  46.412498  46.976719  46.022186  43.829533  40.470779  36.272186  31.399532  26.020157  21.675156  19.792866 
 17.857914  20.100002  22.587399  26.761253  31.217449  34.816353  37.638279  39.260838  39.826927  39.088856  37.169739  34.405991  30.659687  26.228493  22.032444  19.704533  18.672451 
 } 


 White Balance Data with optical Center Data
 r_center_x =  635 r_center_y =  459 
 gr_center_x =  617 gr_center_y =  487 
 b_center_x =  637 b_center_y =  475 
 gb_center_x =  653 gb_center_y =  480 
 r/gr 0.873243 
 b/gr 0.406397 
 gb/gr 1.000381 
 r_oc_ave 162.951111 
 b_oc_ave 75.835556 
 gr_oc_ave 186.604446 
 gb_oc_ave 186.675552 

 [AWB]
 RGr =  0.873243 
 BGr =  0.406397 
 GbGr =  1.000381 
 r_oc_ave =  162.951111 
 b_oc_ave =  75.835556 
 gr_oc_ave =  186.604446 
 gb_oc_ave =  186.675552 