 LEFT LENS SHADING DATA
 RED Channel
 {
 41.823902  45.017239  50.341774  58.465942  66.985001  74.339890  79.855888  83.278282  84.228386  82.427605  78.439583  72.458488  64.942032  56.543694  48.772346  44.083279  41.284115 
 44.513905  49.615784  58.673439  69.174690  79.172501  87.751564  94.751091  99.197655  100.506096  98.038437  92.897499  85.334534  76.396408  66.706406  56.407967  47.995155  43.390781 
 46.849377  55.700623  67.126404  79.231560  90.740623  100.894066  109.785934  115.637970  117.452652  114.317810  107.572502  98.027031  87.272346  76.194221  64.444687  53.352028  45.251823 
 50.267914  61.947502  74.932503  88.037498  101.330627  113.780945  124.895157  132.531250  134.645157  130.793274  122.044373  110.173592  97.292343  84.384529  71.479218  58.833282  48.167656 
 53.674217  67.008591  81.088440  95.529060  110.491875  125.253281  138.295624  146.990936  149.544846  145.026566  135.006714  120.951248  105.715157  91.153908  77.132034  63.386406  51.142868 
 56.007500  70.351250  85.258591  100.548904  116.988434  133.333435  147.667664  156.622345  159.085938  154.572342  144.096558  128.464371  111.646873  95.796722  80.921875  66.547501  53.300003 
 56.768173  71.369217  86.898590  102.930626  119.342499  136.274994  150.667343  159.793900  162.230316  157.867188  147.930161  131.962814  114.679062  98.240623  82.477814  67.610939  54.315933 
 55.674278  70.238434  85.113594  100.750938  116.893433  132.762970  146.954681  156.097504  158.433441  154.026245  144.297180  128.539368  111.757500  96.161407  81.028908  66.549065  53.506981 
 53.084892  66.925316  81.156097  95.690315  110.439064  124.572342  137.372498  145.848907  148.528900  143.692184  134.162033  120.514999  105.713440  91.680466  77.360466  63.649216  51.271507 
 49.416512  61.760468  75.046722  88.256409  101.101563  113.107651  123.589539  130.845306  132.885162  129.367340  120.984222  109.733284  97.172966  84.650467  71.736877  58.968597  48.158386 
 46.672295  55.901878  67.569061  79.472656  90.651253  100.694061  109.093437  114.608124  116.237030  113.497192  106.780159  97.799377  87.458595  76.398285  64.606720  53.434059  45.708645 
 45.344582  50.382500  59.099998  69.412811  79.164215  87.727966  94.622658  98.858597  100.019218  97.999535  92.731094  85.419060  76.540627  66.878441  56.519218  48.294685  44.325523 
 42.844166  46.359169  50.927917  58.844063  67.207344  74.300682  80.019531  83.544212  84.414017  82.724319  78.740059  72.652397  64.987289  56.758850  49.021927  44.959270  42.170101 
 } 
 GR Channel
 {
 50.758858  55.294273  61.602921  70.713387  80.039322  88.051926  93.774948  97.482140  98.898232  96.872444  92.935516  86.769478  78.581665  69.256096  60.515053  54.930679  51.316933 
 54.945938  61.443436  71.764999  83.456093  94.567032  103.869217  111.325157  116.119843  117.585312  115.163910  110.115936  101.969063  92.347504  81.527969  70.086090  60.251717  54.562759 
 58.235313  68.660309  81.507034  94.940315  107.871559  119.111877  128.552658  134.797974  136.816101  133.666412  126.813599  116.794846  105.022659  92.681877  79.618591  66.808594  57.018799 
 62.430519  75.949684  90.404846  104.953590  119.729996  133.451721  145.554993  153.540787  155.912338  151.971725  143.235931  130.865784  116.595932  102.467186  87.974846  73.488281  60.600159 
 66.102859  81.748909  97.410309  113.324219  129.734680  145.922974  160.266098  169.504837  171.991257  167.481567  157.561096  142.975311  126.320007  110.256248  94.522659  78.710159  64.252449 
 68.966148  85.412811  102.044060  118.775787  136.638596  154.530624  170.201401  179.481873  182.001099  177.639221  167.299683  151.261246  133.070938  115.424057  98.607971  82.287033  66.842239 
 69.838379  86.347343  103.803909  121.339844  139.237030  157.738907  173.436722  183.007187  185.455002  181.256882  171.676254  155.318130  136.720154  118.460312  100.661720  83.451248  67.840004 
 68.477287  85.124374  101.801247  119.080780  136.693588  154.207657  169.401245  179.139526  181.690933  177.567184  168.119537  151.881088  133.597961  116.091721  98.821091  82.184685  66.744278 
 65.276146  81.297813  97.339066  113.629211  130.001877  145.721252  159.422653  168.414688  171.275787  166.663757  157.241089  143.138443  126.822495  110.918747  94.735001  78.945313  64.253639 
 60.838493  75.304535  90.428749  105.274529  119.698914  133.039063  144.411255  152.138123  154.515152  151.169998  142.963120  131.051880  117.227341  103.011093  88.266716  73.525780  60.738907 
 57.417549  68.518593  82.158279  95.520309  108.059998  119.307343  128.335159  134.235779  136.136414  133.346558  126.691711  117.320786  105.872185  93.305000  79.889061  67.027191  57.614265 
 55.227135  61.994843  72.257347  84.022659  94.995781  104.389374  111.842972  116.448593  117.878281  115.732971  110.401878  102.724373  92.993439  81.965935  70.193123  60.709999  55.614998 
 51.579224  56.754219  62.484634  71.491615  80.647659  88.541046  94.823174  98.664223  99.646828  97.972343  93.694366  87.227707  78.782188  69.477600  60.868538  56.176666  52.532501 
 } 
 GB Channel
 {
 51.042709  55.534798  62.277809  71.726974  81.501152  89.752037  96.048592  100.120888  101.367661  99.439377  95.098076  88.337708  79.649841  69.740204  60.610939  54.927963  51.200050 
 54.733536  61.346878  71.934059  84.054062  95.662811  105.440155  113.256714  118.414841  120.099533  117.440628  111.938278  103.393127  93.204216  81.954376  69.973434  59.959846  54.155884 
 57.670158  68.282028  81.397186  95.190468  108.519844  120.326401  130.177338  136.893127  138.916718  135.713120  128.476089  117.916870  105.606407  92.760780  79.238129  66.174217  56.283173 
 61.472816  75.092812  89.937965  104.588905  119.835938  134.033127  146.649689  155.151413  157.618591  153.687973  144.495468  131.497498  116.702652  102.083122  87.170471  72.334061  59.382401 
 65.133278  80.501404  96.289215  112.486252  129.127182  145.643906  160.536713  170.142502  173.067657  168.412506  158.086090  143.041870  125.923599  109.384216  93.260941  77.308746  62.679169 
 67.562195  83.888435  100.410004  117.283432  135.479843  153.489838  169.502975  179.344528  182.171570  177.807663  167.137344  150.633911  132.081253  114.179535  97.103752  80.465157  65.030365 
 68.138176  84.555466  101.829689  119.497971  137.543274  156.160629  172.063904  182.025940  184.794525  180.671570  170.857346  154.165161  135.331100  116.798126  98.754997  81.500778  65.857246 
 66.669952  83.243904  99.828590  117.051254  134.808441  152.460785  167.904068  177.995163  180.877350  176.653748  166.997025  150.452652  132.033752  114.253906  96.893906  80.236252  64.922081 
 63.527191  79.480934  95.506248  111.793747  128.192505  144.040939  158.019836  167.451874  170.532028  165.912659  156.171875  141.856873  125.353439  109.264061  92.854065  77.100624  62.499374 
 59.250832  73.816254  88.922501  103.763435  118.160461  131.795471  143.294693  151.324997  154.038437  150.698288  142.146255  129.941879  115.775940  101.449219  86.560158  71.828903  59.177864 
 56.318436  67.154686  80.776566  94.275627  106.934059  118.306412  127.521088  133.710632  135.859848  133.114212  126.161880  116.438904  104.731560  91.996719  78.438278  65.600311  56.261147 
 54.329269  60.935936  71.239059  83.125938  94.247498  103.891716  111.618591  116.460938  117.852814  115.747818  110.208908  102.224220  92.118439  80.964218  69.154060  59.609688  54.672188 
 51.000519  56.033020  61.740730  70.985100  80.412498  88.497765  95.030884  99.071770  100.039894  98.232811  93.615364  87.024841  78.266357  68.721512  59.910316  55.282181  51.880104 
 } 
 B Channel
 {
 17.984997  19.695000  22.748646  27.299793  32.021461  35.889481  38.602551  40.271095  40.779999  39.915314  37.984947  35.064896  30.952080  26.344322  22.047501  19.399788  18.083958 
 19.591667  22.599998  27.534061  33.241875  38.566875  42.994064  46.348595  48.440468  48.987503  47.837814  45.406406  41.584061  37.073750  31.904530  26.330002  21.730625  19.403961 
 21.046822  25.980782  32.199688  38.574688  44.634842  49.716095  53.910309  56.528122  57.186874  55.712967  52.599533  47.964218  42.578594  36.865780  30.666092  24.756248  20.774586 
 23.306664  29.372501  36.303436  43.096249  49.774841  55.912033  61.103592  64.378593  65.112816  63.236092  59.247185  53.683128  47.347500  40.975311  34.303123  27.733280  22.232239 
 25.295521  32.045937  39.383438  46.813126  54.120941  61.043747  67.072342  70.732811  71.522346  69.440628  64.995003  58.594688  51.301094  44.209530  37.083595  30.002342  23.940052 
 26.370575  33.753281  41.292187  48.891090  56.824219  64.340622  70.709534  74.333748  75.199066  73.122032  68.619690  61.665939  53.814217  46.256405  38.788280  31.578594  25.112549 
 26.459946  34.210155  41.963436  49.840782  57.649063  65.346405  71.643280  75.293121  76.123596  74.125626  69.930779  62.905472  55.022972  47.255936  39.451717  31.986404  25.517864 
 25.558857  33.517189  41.067657  48.555000  56.279686  63.604065  69.581406  73.362503  74.144684  72.178596  68.184685  61.344528  53.619530  46.148750  38.586563  31.335625  25.069790 
 23.926929  31.582970  39.028751  46.147186  53.187965  59.774376  65.318436  68.787033  69.682030  67.582970  63.473434  57.486877  50.615784  43.886250  36.730156  29.834530  23.897655 
 21.859219  28.623592  35.791092  42.392189  48.600159  54.178909  58.876877  61.839996  62.597191  61.070625  57.464996  52.373749  46.452812  40.366249  33.715000  27.249531  22.111824 
 20.320210  25.353127  31.803593  37.939999  43.413280  48.199997  51.942345  54.330627  54.921097  53.613434  50.732498  46.625782  41.602188  36.067501  29.931564  24.240936  20.603024 
 19.372608  22.170937  26.975155  32.567032  37.502186  41.685780  44.860313  46.781876  47.225468  46.242031  43.865311  40.387501  35.976093  31.042656  25.571877  21.347813  19.701981 
 18.193020  20.078438  22.619949  27.125992  31.509689  34.975574  37.953648  39.621876  39.989845  39.099739  37.096981  34.074585  30.205467  25.850365  21.663540  19.629478  18.664894 
 } 


 White Balance Data with optical Center Data
 r_center_x =  660 r_center_y =  497 
 gr_center_x =  612 gr_center_y =  482 
 b_center_x =  627 b_center_y =  471 
 gb_center_x =  650 gb_center_y =  485 
 r/gr 0.874946 
 b/gr 0.410703 
 gb/gr 0.996391 
 r_oc_ave 162.693329 
 b_oc_ave 76.368889 
 gr_oc_ave 185.946671 
 gb_oc_ave 185.275558 

 [AWB]
 RGr =  0.874946 
 BGr =  0.410703 
 GbGr =  0.996391 
 r_oc_ave =  162.693329 
 b_oc_ave =  76.368889 
 gr_oc_ave =  185.946671 
 gb_oc_ave =  185.275558 