 LEFT LENS SHADING DATA
 RED Channel
 {
 40.594532  43.824116  48.779846  56.837715  65.300781  72.875885  78.628754  82.152863  83.351151  81.760422  77.965363  71.753067  64.209167  56.021881  48.292137  44.012867  41.342445 
 43.174114  48.418907  57.187965  67.688126  77.780159  86.691093  93.875000  98.595154  100.047813  97.696251  92.807655  85.288284  76.150002  66.319374  56.038597  47.857655  43.587864 
 45.125103  54.164688  65.625153  77.775002  89.443283  100.119064  109.198280  115.421097  117.304535  114.326401  107.877342  98.437653  87.472809  76.049377  64.006409  52.884216  45.109844 
 48.070831  60.135002  73.270935  86.865471  100.240936  113.143433  124.444687  132.332657  134.896881  131.078903  122.699524  110.793121  97.718750  84.477966  71.146095  58.342033  47.556828 
 51.280617  64.893127  79.186096  94.037186  109.475311  124.419220  137.864212  147.091248  149.687973  145.539841  135.884995  121.682190  106.349060  91.451721  76.816093  62.845314  50.594063 
 53.458595  68.024216  83.119690  99.060783  115.849380  132.664368  147.173126  156.610153  159.172974  155.090149  144.960785  129.363586  112.361557  96.102341  80.616875  65.934845  52.587135 
 54.457031  69.102654  84.819374  101.295784  118.408279  135.870468  150.636093  159.787506  162.346252  158.511246  148.998749  132.913132  115.335312  98.422966  82.278435  66.985779  53.445580 
 53.913849  68.003441  83.214844  99.264534  115.784225  132.494064  146.950150  156.253601  158.932495  155.026413  145.192337  129.505005  112.290787  96.138908  80.627655  66.091560  52.742813 
 51.692657  65.084534  79.195938  94.292030  109.441559  124.270309  137.468445  146.405945  149.225006  145.067963  135.084686  121.428757  106.191406  91.465469  77.136406  63.256561  50.726563 
 48.551613  60.236404  73.144997  86.770782  99.982971  112.580933  123.487808  131.321716  133.574371  130.235153  121.737183  110.327347  97.448441  84.516251  71.269066  58.535004  47.868744 
 45.467709  54.496872  65.952187  77.994217  89.605156  99.982346  108.847343  114.843903  116.558594  113.941559  107.256721  98.037498  87.383278  76.055939  64.132034  53.120003  45.298332 
 43.828800  49.149841  57.724998  68.026718  78.191559  86.977814  93.897812  98.323593  99.715782  97.591721  92.557968  85.217346  76.313904  66.470940  56.263123  48.173752  43.914581 
 41.645054  45.224216  49.747498  57.539841  65.780731  73.026146  78.987808  82.344643  83.371819  82.034012  78.119850  72.039635  64.640358  56.360931  48.757713  44.542919  41.858749 
 } 
 GR Channel
 {
 50.034996  54.893753  60.823181  70.383385  79.706665  87.870155  93.982498  97.844170  98.996712  97.401512  93.178391  86.482819  78.203850  68.837601  59.993340  54.772141  51.074219 
 54.272911  61.042503  71.225471  83.124847  94.355003  103.945778  111.428749  116.403748  117.844849  115.414215  110.322342  102.407814  92.439690  81.518440  69.691254  60.067345  54.557968 
 57.247391  68.120316  81.328125  95.023590  107.563904  119.074371  128.580002  135.028748  136.909058  133.635788  127.134689  117.262192  105.495468  92.771721  79.282188  66.293434  56.796356 
 61.123276  75.273903  90.171097  104.966721  119.490463  133.353745  145.297653  153.534378  156.028595  152.056412  143.613281  131.180161  117.082657  102.586876  87.628281  72.776253  60.073334 
 65.025574  80.958282  96.882813  113.045944  129.666718  145.926086  160.135468  169.656723  172.335785  168.068436  158.221558  143.387024  126.729843  110.506721  94.296249  78.292969  63.863594 
 67.695419  84.642502  101.489998  118.723129  136.664215  154.828430  170.419525  180.291092  182.795944  178.708282  168.180618  151.688751  133.354538  115.631256  98.532654  81.857185  66.166359 
 68.765572  85.819534  103.274376  121.091248  139.446716  158.204224  173.984848  183.633438  186.075943  182.219849  172.312195  155.442184  136.619843  118.382813  100.542191  83.018593  67.419220 
 67.995468  84.443596  101.523750  118.722961  136.519379  154.527649  170.085464  179.704056  182.239838  178.389694  168.530624  151.964066  133.446091  115.942657  98.623596  82.036095  66.353806 
 65.156975  80.827812  96.708595  113.220779  129.568130  145.583908  159.719223  169.119843  171.868591  167.932037  157.782181  143.269226  126.716721  110.649376  94.560158  78.609688  63.986771 
 61.062134  75.156097  89.873436  104.736877  119.199997  132.633911  144.315155  152.579376  155.006409  151.613586  143.132187  131.035782  116.987656  102.767029  88.013123  73.103752  60.317497 
 57.295891  68.313591  81.566406  94.976563  107.588905  118.817337  128.065628  134.497818  136.399063  133.564377  126.727661  117.017502  105.600784  93.123909  79.604530  66.652496  57.290833 
 54.863335  61.800003  71.850311  83.567657  94.752029  104.163597  111.476563  116.117493  117.596100  115.468124  110.088905  102.474686  92.801720  81.889221  70.201248  60.579689  55.329689 
 51.656662  56.662498  62.119476  70.942444  80.367241  88.126724  94.553230  98.422920  99.212555  97.747704  93.600777  87.063438  78.925674  69.657341  60.903755  56.047188  52.219269 
 } 
 GB Channel
 {
 50.107872  55.079109  61.294685  71.125206  81.119377  89.967033  96.552971  100.605057  101.824318  99.891869  95.589630  88.523026  79.523903  69.738487  60.449692  54.986977  51.244476 
 54.052864  60.813904  71.364685  83.804375  95.593124  105.758904  113.762344  119.106094  120.620789  117.973129  112.563599  104.160934  93.632034  82.032028  69.809685  59.846565  54.399483 
 56.592972  67.573593  81.065628  95.149529  108.388748  120.349213  130.418442  137.372498  139.369995  135.910309  129.089218  118.772034  106.323753  93.124687  78.989220  65.748596  56.182556 
 59.967392  74.245316  89.450623  104.738434  119.744217  134.114532  146.692184  155.416870  158.160309  154.134689  145.254532  132.223434  117.613281  102.401093  87.058746  71.895157  59.016197 
 63.314323  79.463280  95.671562  112.227188  129.222809  146.044067  160.746399  170.993118  173.985474  169.555939  159.359375  143.925476  126.673126  109.927811  93.210938  77.013908  62.358696 
 65.775253  82.754219  99.733749  117.181091  135.539536  154.073746  170.028595  180.536255  183.458588  179.253433  168.494064  151.568283  132.751724  114.605942  97.123909  80.289063  64.625732 
 66.719734  83.674530  101.189217  119.344849  137.807663  156.933289  172.893600  183.060944  186.049057  182.087189  172.070618  154.733124  135.620941  116.988281  98.742500  81.203751  65.266670 
 65.987030  82.252655  99.247658  116.750000  134.705780  152.852036  168.755157  178.859680  181.766556  177.918121  167.895935  151.045471  132.135620  114.302963  96.837502  80.134377  64.534370 
 63.117188  78.738434  94.577499  111.267815  127.716400  143.948914  158.453430  168.202026  171.419220  167.411255  157.197815  142.207962  125.486557  109.066719  92.770157  76.798279  62.178490 
 59.331871  73.336876  88.021095  103.080315  117.543442  131.306870  143.234375  151.899368  154.488281  151.194534  142.512817  130.207184  115.876251  101.440781  86.409691  71.489532  58.878075 
 55.860466  66.874847  80.189377  93.600937  106.485001  117.885620  127.465622  134.093597  136.096725  133.463440  126.411713  116.501404  104.781097  92.024376  78.366562  65.358284  55.975990 
 53.898491  60.685783  70.752502  82.629845  94.066872  103.735779  111.350159  116.258911  117.898911  115.617493  110.132660  102.111092  92.260468  81.108284  69.221092  59.619217  54.353592 
 50.802238  55.773911  61.452087  70.470474  80.028542  88.196831  95.155365  98.900360  100.044945  98.447502  94.044945  87.155884  78.651512  69.134743  60.262970  55.259010  51.698593 
 } 
 B Channel
 {
 17.847340  19.782345  22.457813  26.932343  31.461514  35.379272  38.463699  40.250988  40.824116  40.049061  38.023960  34.778126  30.569740  26.074741  21.832813  19.347500  18.092918 
 19.521091  22.560471  27.300312  32.884220  38.122971  42.650936  46.160156  48.560783  49.222656  48.041565  45.651875  41.795624  37.000782  31.689529  26.092812  21.661251  19.637081 
 20.735519  25.848438  32.035469  38.297970  44.066563  49.262810  53.536720  56.454689  57.323906  55.987968  52.977188  48.373436  42.771252  36.749531  30.428280  24.513596  20.605469 
 22.603279  29.075157  36.125313  42.930626  49.303909  55.338905  60.602341  64.204063  65.288124  63.590157  59.857971  54.171722  47.737499  41.016720  34.121563  27.431717  22.154846 
 24.364063  31.584061  39.123280  46.439686  53.574066  60.407501  66.431877  70.527809  71.703590  69.947029  65.626091  59.062500  51.718124  44.356407  36.905312  29.819218  23.802345 
 25.383228  33.179062  40.940937  48.682343  56.361252  63.886566  70.211876  74.267815  75.312965  73.669533  69.377190  62.201721  54.285622  46.491718  38.694218  31.336563  24.794895 
 25.852814  33.550312  41.430782  49.448753  57.234222  64.843124  71.207809  74.919373  76.175629  74.609840  70.571251  63.406097  55.355934  47.376720  39.388905  31.761719  25.229427 
 25.475258  32.926720  40.580467  48.236877  55.823753  63.148590  69.223434  73.056564  74.158127  72.716095  68.705002  61.824684  53.829689  46.124844  38.479374  31.238750  24.753750 
 24.167343  31.199219  38.393124  45.701561  52.734375  59.317657  64.894531  68.574066  69.657188  68.039528  63.936722  57.907188  50.886093  43.829220  36.662033  29.686562  23.652813 
 22.230888  28.516094  35.203907  41.902187  48.111565  53.817497  58.405785  61.611092  62.498123  61.111717  57.634689  52.613129  46.637188  40.375626  33.583908  27.116718  21.935677 
 20.425625  25.399376  31.371563  37.427811  43.115936  47.879219  51.659531  54.082497  54.746094  53.557030  50.844528  46.753593  41.681564  36.077812  29.918125  24.216251  20.434166 
 19.362968  22.333595  26.933125  32.285782  37.340939  41.530155  44.621407  46.410782  46.917187  46.043594  43.775936  40.435001  36.130936  31.084999  25.633125  21.393906  19.581196 
 18.184635  20.269634  22.826042  26.875156  31.288857  34.986198  37.826618  39.303074  39.584686  38.853802  37.143440  34.161247  30.400940  25.962086  21.803959  19.782032  18.536198 
 } 


 White Balance Data with optical Center Data
 r_center_x =  642 r_center_y =  480 
 gr_center_x =  609 gr_center_y =  479 
 b_center_x =  659 b_center_y =  470 
 gb_center_x =  644 gb_center_y =  467 
 r/gr 0.871473 
 b/gr 0.408273 
 gb/gr 0.999738 
 r_oc_ave 162.822220 
 b_oc_ave 76.279999 
 gr_oc_ave 186.835556 
 gb_oc_ave 186.786667 

 [AWB]
 RGr =  0.871473 
 BGr =  0.408273 
 GbGr =  0.999738 
 r_oc_ave =  162.822220 
 b_oc_ave =  76.279999 
 gr_oc_ave =  186.835556 
 gb_oc_ave =  186.786667 