 LEFT LENS SHADING DATA
 RED Channel
 {
 41.022655  44.873486  50.052910  58.487450  67.089737  74.820992  80.626244  84.242294  85.807762  84.375572  80.567909  74.472610  66.850464  58.511559  50.267967  45.570362  42.322033 
 43.433491  49.062035  58.108749  68.855156  79.094528  87.989532  95.141251  100.055626  101.677971  99.692032  94.971252  87.502190  78.439842  68.584061  58.013596  49.346405  44.344116 
 45.515057  54.664841  66.525940  79.024689  90.709061  101.252342  110.355621  116.589066  118.780319  116.160629  109.817184  100.467659  89.758125  78.276253  66.216721  54.803596  45.984219 
 48.529480  60.596565  74.199684  87.790314  101.318283  114.035004  125.239685  133.266724  135.982498  132.712662  124.552338  112.779846  99.993439  86.906097  73.476875  60.453278  49.036827 
 51.775475  65.467346  79.966873  94.946404  110.280624  125.094681  138.401093  147.538132  150.689056  146.665466  137.382034  123.569214  108.537498  93.823593  79.227501  65.089844  52.065887 
 54.061928  68.722969  83.939690  99.815628  116.437195  132.881714  147.355942  156.725632  159.713593  155.978439  146.189224  131.094681  114.477188  98.483910  82.956406  68.198593  54.090469 
 54.905624  69.784378  85.337341  101.842812  118.832809  135.752350  150.405319  159.717346  162.711090  159.156876  149.961243  134.492966  117.477036  100.837967  84.716095  69.342186  54.945099 
 54.179321  68.620781  83.943596  99.857498  116.232025  132.393127  146.672501  156.060776  158.928436  155.322662  146.044373  131.027969  114.347656  98.492035  83.104218  68.370781  54.358078 
 51.918022  65.468437  79.991409  95.121094  109.998283  124.455307  137.309692  146.221252  149.097809  145.400787  136.117340  122.860779  108.118439  93.763283  79.440781  65.449532  52.368904 
 48.628334  60.691254  74.269218  87.984528  100.895782  113.254684  123.822342  131.347031  133.945160  131.060623  123.122025  112.065155  99.499222  86.861252  73.646873  60.726410  49.402443 
 46.050049  55.278595  67.140778  79.245155  90.832809  101.007034  109.570625  115.514069  117.452820  115.109528  108.889847  100.106407  89.653435  78.463280  66.465935  55.193436  46.660099 
 44.769844  50.205467  58.749687  69.299065  79.469528  88.123596  95.073753  99.616249  101.106560  99.445000  94.595154  87.342186  78.583282  68.700623  58.397034  49.935158  45.302029 
 42.399010  46.259846  50.659271  58.501556  67.155991  74.320045  80.412918  83.975006  85.164063  83.932495  80.160370  74.210526  66.699318  58.175209  50.530571  46.292030  42.838280 
 } 
 GR Channel
 {
 50.706459  56.066872  62.022346  71.155670  80.571930  88.520058  94.584740  98.547768  100.145569  98.846870  94.818703  88.329170  80.157394  71.042862  61.961258  56.468391  52.598801 
 54.120628  61.168121  71.377968  83.051720  93.984222  103.513596  111.144531  116.270462  118.142029  116.050629  110.860153  103.014999  93.342812  82.552658  71.067497  61.293594  55.394638 
 57.110939  67.730934  80.958282  94.492500  107.150940  118.537811  128.279526  135.001404  137.317184  134.459381  127.692184  117.823914  106.155472  93.680626  80.463280  67.711250  57.340836 
 60.610786  74.485153  89.588127  104.617813  119.210312  133.020309  145.081726  153.545944  156.345154  152.667496  144.338593  131.853592  117.764999  103.474846  88.803596  74.235153  60.971611 
 64.404640  80.077347  96.166252  112.659058  129.339691  145.558594  159.812027  169.277191  172.262344  168.059525  158.728119  144.107498  127.594681  111.370155  95.365623  79.536873  64.674789 
 67.233749  83.797501  100.716721  118.083755  136.226257  154.195786  169.590149  179.086716  181.516098  177.922028  168.151245  152.484680  134.488907  116.886246  99.647972  83.169060  67.113235 
 68.070984  85.118279  102.379845  120.383438  138.974533  157.270309  172.840149  182.086243  184.628906  181.051086  172.160782  156.267029  137.816559  119.668900  101.766403  84.567970  68.171921 
 67.387505  83.848747  100.870155  118.212494  136.130157  153.692963  168.947342  178.213745  181.097351  177.243118  168.358124  152.743744  134.373123  116.710464  99.802971  83.442657  67.402443 
 64.692863  80.312653  96.469215  112.890472  129.236404  145.169525  158.850464  168.012650  171.018753  167.103912  157.735306  143.634064  127.273132  111.365311  95.549843  79.870316  64.832390 
 60.846199  74.771408  89.757347  104.624535  118.825943  132.399216  143.774216  151.673279  154.375000  151.457031  143.342819  131.430313  117.431870  103.449997  88.974060  74.373123  61.423538 
 57.908653  68.597809  81.682190  94.899529  107.441254  118.399994  127.715317  133.795319  136.037186  133.696716  127.027039  117.466873  106.206879  93.935623  80.693123  67.932968  58.091087 
 55.597450  62.441406  71.998749  83.577660  94.482033  103.749222  111.083595  115.962814  117.736099  115.925308  110.752342  103.028435  93.552811  82.863594  71.429222  61.830627  56.176453 
 51.891197  57.147453  62.357918  70.951195  80.232651  87.576927  94.054634  98.041977  99.280472  98.023232  93.870468  87.596359  79.719475  70.414642  61.934013  57.033958  52.913963 
 } 
 GB Channel
 {
 51.361412  56.606407  62.903442  72.612556  82.372505  91.132660  97.987129  102.205986  103.815987  102.140358  97.700371  90.539055  81.792709  72.131615  62.598236  56.904526  52.902863 
 54.175148  61.398285  71.957184  84.174843  95.731247  105.897034  114.032349  119.654526  121.570786  119.288910  113.685150  105.151566  94.841873  83.428909  71.376564  61.276405  55.282448 
 56.513802  67.611092  81.168594  95.200310  108.465935  120.484222  130.851257  137.922806  140.428436  137.422028  130.081879  119.489380  107.221878  94.141563  80.468124  67.225471  56.850677 
 59.763748  73.866249  89.223282  104.655937  119.963913  134.425476  147.009216  155.983902  159.094376  155.179214  146.355164  133.118591  118.413910  103.555000  88.321877  73.363434  59.973854 
 63.065834  78.928749  95.286247  112.114685  129.344376  146.116089  160.859375  170.761871  174.131714  169.866409  159.963440  144.767181  127.544998  110.825783  94.275467  78.169220  63.207344 
 65.419060  82.200310  99.185471  116.886719  135.592972  153.911713  169.687805  179.620163  182.442963  178.713120  168.617188  152.399689  133.789841  115.643600  98.097969  81.395782  65.390160 
 66.262344  83.224220  100.595627  118.782501  137.638596  156.395630  172.198746  181.813126  184.711868  181.124847  171.954849  155.580475  136.697037  118.148743  99.855316  82.529221  66.195259 
 65.396400  81.859528  98.955154  116.535004  134.644684  152.505783  167.995789  177.583908  180.809998  176.904526  167.679535  151.744690  132.816711  114.974686  97.777191  81.329063  65.352814 
 62.833702  78.445160  94.656715  111.279686  127.781403  143.718597  157.833755  167.405151  170.532349  166.649994  157.063126  142.623596  125.846100  109.583435  93.649529  77.944847  62.848381 
 59.319839  73.159218  88.188904  103.196877  117.566711  131.266876  142.846405  151.076096  153.821564  150.958130  142.669373  130.490463  116.127975  101.929222  87.278282  72.689064  59.698647 
 56.397133  67.232346  80.388123  93.714066  106.438278  117.572189  127.019836  133.395935  135.904221  133.412964  126.594223  116.688431  105.197502  92.718285  79.295784  66.540154  56.727867 
 54.794327  61.440781  71.133278  82.745781  93.812653  103.394997  110.939377  116.026245  117.973129  115.923279  110.525154  102.622345  92.882965  81.909691  70.314377  60.710312  55.079903 
 51.625572  56.436821  61.821823  70.640579  80.085785  87.675827  94.555626  98.575417  99.922287  98.665161  94.214951  87.546722  79.364014  69.859268  61.156456  56.148643  52.132401 
 } 
 B Channel
 {
 17.599010  19.919010  22.872032  27.462399  32.054585  36.021149  39.045414  40.894009  41.776199  40.967396  39.183804  36.033230  31.968174  27.271252  22.795570  19.983021  18.607601 
 18.618179  21.807968  26.698906  32.337814  37.553749  42.050312  45.638748  48.060471  48.802658  47.815311  45.514843  41.826561  37.136719  31.939999  26.355782  21.594688  19.214687 
 19.797031  24.816406  31.119373  37.570313  43.479530  48.785004  53.210938  56.143280  57.053596  55.839844  52.823441  48.170784  42.689220  36.824062  30.550312  24.432655  20.152031 
 21.328594  27.854218  35.026093  42.005157  48.787659  54.987816  60.432190  64.153282  65.292969  63.663750  59.721092  53.999374  47.585155  41.023907  34.192345  27.430000  21.697914 
 22.987083  30.271252  37.884842  45.462502  53.014847  60.288124  66.540627  70.571091  71.817497  69.832657  65.389061  58.772034  51.417343  44.197342  37.005001  29.749374  23.398544 
 24.175991  31.863281  39.757343  47.764530  55.825783  63.702812  70.356247  74.362816  75.360779  73.375778  68.880623  61.746559  53.863907  46.249687  38.727032  31.234844  24.372139 
 24.517918  32.326248  40.323280  48.666252  56.820160  64.837814  71.336716  75.210312  76.062500  74.170784  70.091560  62.879845  55.039375  47.303436  39.488594  31.725468  24.757343 
 24.073074  31.768280  39.774063  47.630157  55.531403  63.112503  69.461563  73.227654  74.089691  72.230934  68.178596  61.353127  53.548752  46.089687  38.601719  31.202499  24.470417 
 22.792446  30.215157  37.872345  45.396561  52.564217  59.259216  64.867813  68.479065  69.446251  67.691254  63.520157  57.553749  50.654060  43.792343  36.820000  29.677658  23.250778 
 21.140472  27.804844  34.955002  41.810936  48.013123  53.653435  58.204689  61.320465  62.175468  60.850624  57.376877  52.349686  46.480000  40.359062  33.900623  27.159218  21.651096 
 19.959061  24.976563  31.172501  37.287498  42.820156  47.474064  51.272972  53.785309  54.562813  53.505470  50.650467  46.600780  41.767189  36.119217  30.080154  24.206562  20.113647 
 19.117500  22.131248  26.720470  32.017033  36.897968  41.003593  44.180782  46.163906  46.797188  46.052502  43.840313  40.382343  36.090626  31.152344  25.824375  21.399063  19.200314 
 17.777081  19.904583  22.125679  26.046822  30.345676  33.911304  36.745987  38.423698  39.066769  38.505001  36.664063  33.721718  29.961460  25.540882  21.487293  19.209061  17.800312 
 } 


 White Balance Data with optical Center Data
 r_center_x =  675 r_center_y =  483 
 gr_center_x =  665 gr_center_y =  485 
 b_center_x =  644 b_center_y =  457 
 gb_center_x =  669 gb_center_y =  481 
 r/gr 0.880650 
 b/gr 0.411933 
 gb/gr 1.000432 
 r_oc_ave 163.151108 
 b_oc_ave 76.315552 
 gr_oc_ave 185.262222 
 gb_oc_ave 185.342224 

 [AWB]
 RGr =  0.880650 
 BGr =  0.411933 
 GbGr =  1.000432 
 r_oc_ave =  163.151108 
 b_oc_ave =  76.315552 
 gr_oc_ave =  185.262222 
 gb_oc_ave =  185.342224 