 LEFT LENS SHADING DATA
 RED Channel
 {
 39.995209  43.610622  48.514694  56.589996  64.907394  72.291092  78.044945  81.604324  82.787819  81.204849  77.408745  71.472084  64.013954  55.712341  48.062134  43.549477  40.946144 
 42.441875  47.911877  56.844688  67.282501  77.065315  85.905472  93.133904  97.762032  99.114059  96.986717  92.072502  84.687500  75.725624  65.947968  55.819847  47.504063  42.957813 
 44.384636  53.438591  65.000313  77.160156  88.681877  99.200935  108.032188  114.163757  116.075775  113.219849  106.778908  97.439690  86.803123  75.459221  63.580940  52.591248  44.600002 
 47.598385  59.299843  72.375938  86.040001  99.373283  111.944221  122.958130  130.829849  133.199371  129.613434  121.531876  109.809845  96.852028  83.832344  70.668121  57.964218  47.145676 
 50.803436  64.090935  78.208122  93.046097  108.390938  123.202820  136.288589  145.091873  147.928436  143.691254  134.378433  120.448120  105.351715  90.625778  76.271721  62.381409  50.183281 
 52.813492  67.180779  82.153595  97.829529  114.554062  131.085464  145.290939  154.520782  157.035309  152.945007  142.971405  128.084839  111.272812  95.076248  79.810471  65.381096  52.111717 
 53.384590  68.173752  83.572815  99.900002  116.782028  133.835464  148.534851  157.587662  160.060471  156.143280  146.951569  131.492340  114.124222  97.430000  81.402969  66.283752  52.864998 
 52.525940  66.955940  81.967346  97.779060  114.149689  130.367813  144.617493  153.987183  156.475632  152.267502  143.217499  127.911255  111.108284  95.091873  79.715622  65.227341  52.064224 
 50.411201  63.717659  77.929062  92.839996  107.918434  122.416412  135.161880  144.026718  146.791565  142.691879  133.202026  119.806717  104.914688  90.267342  75.890625  62.261253  49.964996 
 47.207294  58.799377  71.768127  85.360001  98.510315  110.967186  121.552811  129.009842  131.490158  128.327347  120.144684  108.887032  95.929062  83.173126  70.155472  57.628441  46.988853 
 44.573437  53.185936  64.527031  76.577187  88.125153  98.411560  107.003593  112.869690  114.528900  112.021561  105.653435  96.527344  86.002342  74.773903  63.108749  52.205780  44.415573 
 42.845364  47.868908  56.211876  66.483284  76.401878  85.059372  92.052185  96.408127  97.714218  95.775154  90.954689  83.680153  74.775154  65.111252  55.118752  47.169220  42.930264 
 40.835365  44.201614  48.567291  55.974319  64.458122  71.518539  77.419273  80.919792  81.882339  80.495789  76.578438  70.789108  63.387451  55.194168  47.689999  43.705677  41.056927 
 } 
 GR Channel
 {
 51.040421  56.070419  62.125877  71.270836  80.342865  88.449059  94.483543  98.208183  99.590836  97.831406  94.163338  88.010834  79.900108  70.749329  61.822189  56.246407  52.328903 
 54.846672  61.693748  72.076096  83.812500  94.538910  103.797813  111.274376  116.225464  117.793747  115.595779  110.647499  102.988747  93.527191  82.883278  71.310936  61.415779  55.548492 
 57.635315  68.529060  81.769379  95.168434  107.543747  118.534378  127.840622  134.208130  136.226410  133.433121  126.844055  117.288757  105.982498  93.745941  80.617340  67.836563  58.017815 
 61.731041  75.461876  90.416252  105.108749  119.397034  132.818436  144.442032  152.648132  155.186722  151.509995  143.096100  131.004211  117.277191  103.268593  88.931404  74.368591  61.584633 
 65.555107  81.150940  97.047966  113.170776  129.366714  145.189377  159.072968  168.529526  171.454681  167.238129  157.563904  143.010315  126.770630  111.084534  95.372810  79.753906  65.332863 
 68.065155  84.885780  101.572655  118.525787  136.361099  154.074997  169.360779  179.094681  181.627182  177.512817  167.279846  151.556870  133.433441  116.099213  99.608284  83.351563  67.775307 
 68.856773  86.004684  103.192657  120.635788  138.840149  157.286087  172.962341  182.693130  185.112350  181.178757  171.754379  155.533600  136.881256  119.013443  101.547028  84.504684  68.775101 
 67.739525  84.522659  101.320313  118.330002  135.910004  153.560471  168.919373  178.931564  181.560776  177.410934  167.962036  151.727966  133.476563  116.172653  99.488129  83.106720  67.738594 
 65.023849  80.733437  96.703903  113.090942  129.270462  144.985153  158.860474  168.382965  171.349380  167.303131  157.227493  142.742188  126.506088  110.701721  95.028435  79.575310  65.160309 
 61.126091  74.955467  89.750153  104.636093  118.992661  132.420471  143.835632  151.963745  154.553436  151.456406  142.888901  130.743286  116.769058  102.850311  88.403435  74.032341  61.436302 
 57.648392  68.316093  81.431252  94.889687  107.478279  118.652649  127.868744  134.088440  135.863907  133.179688  126.777817  117.017029  105.598122  93.302811  80.157814  67.620781  58.014328 
 55.074211  61.888596  71.683746  83.407028  94.287498  103.906403  111.557190  116.018753  117.397339  115.240784  109.992188  102.457657  92.960312  82.088280  70.662033  61.266090  55.756302 
 51.752968  56.948799  62.328758  71.183067  80.695419  88.522034  95.106773  98.908745  99.760887  98.213074  94.086357  87.701614  79.585312  70.144318  61.583908  56.447968  52.882141 
 } 
 GB Channel
 {
 51.501305  56.507553  62.787292  72.543953  82.370987  90.937294  97.647865  101.769325  103.181358  101.367805  97.234741  90.488754  81.703957  71.890991  62.444016  56.579582  52.802498 
 55.007133  61.908592  72.569374  84.951874  96.292030  106.256874  114.212662  119.560776  121.275940  118.977814  113.523285  105.324997  95.111877  83.798279  71.681717  61.527496  55.548744 
 57.272552  68.501091  82.044373  96.052345  108.937035  120.599533  130.526413  137.429382  139.574371  136.551254  129.600311  119.288910  107.314529  94.462502  80.693283  67.595627  57.613960 
 60.894119  74.957657  90.278748  105.472191  120.364059  134.410461  146.674057  155.434525  158.205780  154.513901  145.689224  132.825623  118.318283  103.627029  88.721092  73.782814  60.795319 
 64.424683  80.250938  96.436409  112.998901  129.751556  146.136093  160.635315  170.586868  173.970474  169.507813  159.576721  144.287964  127.396255  111.034065  94.797966  78.776253  64.267494 
 66.602760  83.597969  100.490158  117.740311  136.050156  154.237030  170.030319  180.208130  183.231094  179.107651  168.452820  152.274689  133.500778  115.609848  98.581566  82.012344  66.469643 
 67.310257  84.369217  101.843750  119.429214  137.979370  156.813126  172.882813  183.173431  185.918747  181.985931  172.356720  155.656876  136.577026  118.084839  100.184059  83.067345  67.285881 
 66.088020  82.958435  99.970940  117.201721  134.914688  152.914215  168.637344  179.099380  182.184372  177.929993  168.230621  151.564529  132.871872  115.000931  98.038124  81.501877  66.125206 
 63.445831  79.226250  95.293594  111.810310  128.201096  144.223587  158.558746  168.451096  171.786560  167.783752  157.453903  142.630630  125.979538  109.786720  93.838593  78.143753  63.665825 
 59.669586  73.754997  88.648903  103.721718  118.296570  131.954681  143.740158  152.130936  154.916092  151.856094  143.145630  130.657974  116.260162  102.002029  87.311096  72.810783  60.197655 
 56.812454  67.446404  80.734840  94.387970  107.214218  118.636246  127.988434  134.518280  136.606247  133.839844  127.152817  117.107971  105.423279  92.839844  79.400154  66.614372  57.153961 
 54.591980  61.324066  71.333908  83.277031  94.415627  104.240471  112.011566  116.888123  118.429993  116.177658  110.916565  102.914063  93.017502  81.924530  70.266876  60.629532  55.326408 
 51.664482  56.679054  62.236618  71.271408  80.989792  89.220261  95.813652  100.116035  101.170418  99.501198  94.975311  88.453644  79.973335  70.278496  61.413544  56.242241  52.683487 
 } 
 B Channel
 {
 18.588802  20.520885  23.206821  27.492344  31.912243  35.838955  38.785992  40.675625  41.401669  40.606720  38.703903  35.721508  31.734997  27.219742  22.804585  20.125988  18.701824 
 20.182137  23.156094  27.970779  33.557968  38.535782  42.944374  46.472031  48.704376  49.421249  48.481094  46.227032  42.644218  37.992500  32.817032  27.241249  22.589531  20.313488 
 21.316410  26.338280  32.620625  38.968437  44.623592  49.664528  53.720314  56.517342  57.394379  56.179375  53.356094  48.927498  43.615780  37.889530  31.501564  25.573280  21.509327 
 22.993698  29.546406  36.617188  43.540314  50.018753  55.968903  60.926559  64.318748  65.316093  63.741722  60.244064  54.765312  48.494217  42.067501  35.272343  28.567501  23.151669 
 24.615311  32.025314  39.499218  46.984688  54.260002  61.093903  66.965309  70.677498  71.726875  70.002968  65.883125  59.548279  52.418121  45.316250  38.053593  30.943436  24.933853 
 25.603073  33.459530  41.290001  49.080002  56.882347  64.554535  70.821091  74.602501  75.482811  73.688751  69.377968  62.655785  54.880470  47.256092  39.749374  32.403595  25.989216 
 25.874687  33.732189  41.823437  49.737343  57.638123  65.436249  71.931717  75.628128  76.533592  74.784218  70.685310  63.786407  55.918434  48.182816  40.409687  32.771717  26.392761 
 25.205154  32.990780  40.872971  48.503906  56.183594  63.550781  69.923439  73.846718  74.758278  72.867035  68.842972  62.040154  54.336876  46.889843  39.406250  32.135311  25.786560 
 23.870831  31.195000  38.585155  46.020939  53.123436  59.797188  65.474533  69.337814  70.327347  68.429062  64.162659  58.090309  51.297813  44.424999  37.449375  30.472187  24.576355 
 22.099323  28.499531  35.447498  42.332344  48.590935  54.414528  59.139061  62.303123  63.315002  61.854378  58.217346  53.032501  47.000782  40.924374  34.359375  27.940311  22.826145 
 20.429897  25.401562  31.576248  37.810314  43.516563  48.431717  52.346092  54.905159  55.519531  54.372032  51.563126  47.313126  42.293438  36.699532  30.701717  24.993282  21.291821 
 19.401093  22.371719  27.014530  32.560471  37.662342  41.968437  45.223751  47.204220  47.705936  46.780468  44.572968  41.112968  36.726250  31.723907  26.351250  22.040314  20.250729 
 18.474426  20.659847  23.304325  27.680264  32.276718  35.920101  38.945831  40.684429  41.065102  40.306511  38.421925  35.396511  31.567501  26.966614  22.777916  20.459896  19.454060 
 } 


 White Balance Data with optical Center Data
 r_center_x =  649 r_center_y =  476 
 gr_center_x =  631 gr_center_y =  494 
 b_center_x =  620 b_center_y =  487 
 gb_center_x =  649 gb_center_y =  475 
 r/gr 0.864125 
 b/gr 0.412783 
 gb/gr 1.003199 
 r_oc_ave 160.857773 
 b_oc_ave 76.839996 
 gr_oc_ave 186.151108 
 gb_oc_ave 186.746674 

 [AWB]
 RGr =  0.864125 
 BGr =  0.412783 
 GbGr =  1.003199 
 r_oc_ave =  160.857773 
 b_oc_ave =  76.839996 
 gr_oc_ave =  186.151108 
 gb_oc_ave =  186.746674 