 LEFT LENS SHADING DATA
 RED Channel
 {
 41.133488  44.754322  49.972397  57.802185  66.090210  73.302139  78.599327  81.992966  82.864792  81.117714  77.291458  71.244995  63.830208  55.657921  47.857765  43.263542  40.744377 
 43.848072  49.334534  58.326561  68.807190  78.454376  86.794846  93.580780  98.021095  99.024376  96.809372  91.854378  84.385002  75.394379  65.692497  55.532967  47.114376  42.618958 
 46.046776  55.247185  66.787811  78.804840  89.918121  99.964218  108.512497  114.237808  115.827499  112.922806  106.399216  96.992813  86.319374  74.989998  63.270157  52.288124  44.078541 
 49.520935  61.468437  74.417969  87.744690  100.709061  112.903122  123.633286  131.085938  133.172348  129.374069  120.965775  109.173439  96.259064  83.340469  70.306404  57.672966  46.802757 
 53.049423  66.560471  80.559532  94.945778  109.778122  124.297501  137.070786  145.720154  148.071564  143.499847  133.807037  119.936569  104.834686  90.217186  75.857498  62.090157  49.828705 
 55.375885  69.973595  84.707970  99.985939  116.145782  132.319214  146.442657  155.436401  157.644058  153.103592  143.050156  127.766876  110.809219  94.930939  79.642342  65.200470  51.937347 
 56.248016  71.062187  86.400314  102.402344  118.683746  135.394836  149.811249  158.718124  160.886871  156.585785  146.718750  131.155319  113.821869  97.226563  81.240311  66.316406  52.769951 
 55.562080  69.964996  84.982971  100.558281  116.485626  132.235626  146.191101  155.368439  157.580780  153.087814  143.411560  128.003601  110.966560  94.951561  79.951248  65.431091  52.310883 
 53.060944  66.673439  80.820160  95.595779  110.235779  124.350784  136.715469  145.341095  147.730469  143.549850  133.804382  120.085159  105.187035  90.653595  76.482658  62.789375  50.347290 
 49.772758  61.736717  74.915779  88.253906  100.994064  113.007187  123.242188  130.428284  132.514526  129.105469  120.965942  109.362190  96.724846  83.903748  70.877190  58.219376  47.448124 
 46.938648  56.029060  67.596252  79.513283  90.889999  100.871559  109.092346  114.631882  116.035309  113.168594  106.694374  97.559372  86.987190  75.641876  63.871559  52.910469  44.839840 
 44.933285  50.406403  59.023438  69.357033  79.262810  87.752029  94.451561  98.528122  99.463593  97.292030  92.274841  84.929222  76.068909  66.230003  55.985779  47.770157  43.255783 
 42.463699  46.124115  50.981773  58.849739  67.256149  74.141823  79.791985  83.346458  83.820885  82.300575  78.207550  72.194016  64.721619  56.345825  48.640991  44.213284  41.670780 
 } 
 GR Channel
 {
 51.704323  56.638069  62.587296  71.651772  80.819794  88.647186  94.418800  98.237389  99.359161  97.528328  93.468491  87.080360  78.879425  69.691872  60.620110  55.267189  51.891350 
 55.540161  62.542030  72.935623  84.647186  95.316872  104.370941  111.583595  116.366562  117.596252  115.246246  110.159531  102.255157  92.544220  81.609375  70.057190  60.130936  54.699692 
 58.412338  69.690468  82.775627  96.038437  108.535934  119.329056  128.241257  134.377029  136.226089  133.178284  126.555618  116.586411  104.923126  92.472969  79.220940  66.385628  56.667297 
 62.771507  76.802971  91.670784  106.337654  120.434372  133.616089  144.967346  152.809067  155.119995  151.232651  142.860153  130.443436  116.506561  102.292191  87.529999  73.054222  60.125671 
 67.016197  82.843903  98.593437  114.512817  130.424850  145.950317  159.561096  168.455627  170.984070  166.607193  156.812805  142.436401  126.116409  110.212502  94.278748  78.418907  63.964111 
 69.841873  86.885628  103.423592  120.277496  137.714996  154.660004  169.636871  179.035782  181.215942  176.910934  166.784225  150.840149  132.770309  115.593597  98.702972  82.196716  66.694008 
 70.944946  88.278908  105.522659  122.798904  140.443756  158.183594  173.029526  182.536407  184.984222  180.600006  170.949692  154.752182  136.559845  118.553589  100.739220  83.520622  67.895203 
 70.020737  86.982811  103.818123  120.735626  137.753754  154.775314  169.664368  179.170471  181.532654  177.252029  167.644379  151.582504  133.154373  115.752350  98.995155  82.462341  67.170052 
 66.990204  83.081879  99.006561  115.320007  131.156876  146.457336  159.763123  168.834381  171.258438  167.446091  157.403900  142.998901  126.669846  110.761093  94.966408  79.195160  64.742439 
 63.114899  77.201561  92.178596  107.070778  120.979370  134.059525  145.017349  152.726563  154.993912  151.743744  143.320618  131.080780  117.095474  102.989845  88.337502  73.777496  60.962502 
 59.302078  70.428749  83.676559  97.251564  109.797966  120.600159  129.498444  135.479538  137.051880  133.977036  127.266098  117.582657  106.109062  93.554222  80.238594  67.477814  57.661560 
 56.561668  63.574997  73.721405  85.484375  96.483597  105.954063  113.132187  117.682037  118.700943  116.284851  110.892815  103.105469  93.549843  82.444847  70.760628  61.044373  55.548546 
 52.768333  58.120415  63.953697  73.129791  82.596718  90.391563  96.706772  100.625984  101.165939  99.327545  95.021561  88.643593  80.243805  70.668388  61.827705  56.486046  53.141045 
 } 
 GB Channel
 {
 52.165627  57.083961  63.332291  72.929428  82.721252  91.045052  97.439995  101.288490  102.368904  100.495262  95.776566  89.038284  80.064430  70.485313  61.050888  55.516769  52.106773 
 55.769791  62.878128  73.495628  85.685471  96.882500  106.483597  114.177505  119.305786  120.542038  118.027969  112.579056  104.025154  93.662971  82.171562  70.126091  59.934685  54.349693 
 58.211769  69.474686  82.954842  96.764687  109.651405  121.093903  130.418274  136.999847  138.899216  135.743744  128.607193  118.161880  105.846252  92.590469  78.880936  65.802032  55.896400 
 61.970573  76.283279  91.456253  106.483284  120.934998  134.896088  146.684692  154.857498  157.285156  153.291245  144.509842  131.556870  116.975006  102.030472  86.770935  71.876877  58.849373 
 65.907341  81.905472  97.850159  114.171249  130.492661  146.344681  160.486252  169.788284  172.604691  168.100464  157.894684  142.962036  125.983276  109.416092  92.937187  76.817032  62.263077 
 68.378540  85.353127  102.180153  119.123276  136.874222  154.178909  169.448120  179.396881  181.830154  177.355164  166.996094  150.656723  132.188431  114.298599  96.995468  80.230469  64.640259 
 69.219383  86.543121  103.829376  121.366882  139.029068  157.220932  172.277191  182.228439  184.832504  180.559525  170.748901  154.214996  135.487808  116.908432  98.745628  81.384064  65.634483 
 68.112869  85.102654  102.040779  118.885620  136.188126  153.446091  168.634995  178.535004  181.043900  176.861557  167.094055  150.750473  131.831879  114.107971  96.910309  80.219376  64.933540 
 65.366463  81.403122  97.439842  113.858597  129.799530  145.364532  158.772034  168.160461  170.915619  166.994537  156.859848  142.115631  125.387497  109.044060  93.013748  77.076721  62.670677 
 61.720421  75.936249  90.967346  105.967812  119.956879  133.154526  144.456726  152.338120  154.632339  151.276718  142.802338  130.300934  116.024689  101.552345  86.581879  71.982346  59.057968 
 58.367714  69.443123  82.801407  96.396873  109.071877  120.124527  129.252502  135.239059  137.030319  133.940475  127.061722  117.067963  105.310471  92.320000  78.932030  65.971878  56.258537 
 55.881981  62.897812  73.180466  84.980003  96.292656  105.853127  113.410156  118.023743  119.070160  116.766098  111.052971  103.000778  92.979843  81.636406  69.717659  59.898750  54.442917 
 52.314896  57.561562  63.739426  73.009171  82.696198  90.548958  97.231621  101.450836  101.959534  100.007553  95.485680  88.779739  79.923386  70.237450  61.029114  55.722504  52.248749 
 } 
 B Channel
 {
 18.920315  20.817398  23.586254  27.888489  32.289425  35.980522  38.745834  40.478542  40.922813  40.115105  38.311718  35.195732  31.290939  26.769115  22.456821  19.829479  18.596977 
 20.451565  23.679062  28.561249  34.093281  39.034218  43.248436  46.455002  48.553123  49.014061  47.970936  45.692345  42.057812  37.455936  32.352657  26.800781  22.141563  20.012810 
 21.811722  27.006092  33.282032  39.602188  45.238438  50.022346  53.877968  56.433594  57.098122  55.702034  52.842499  48.386719  43.091721  37.349533  31.090626  25.153908  21.054115 
 23.636303  30.377342  37.463905  44.417656  50.666252  56.446564  61.212341  64.432503  65.194374  63.424690  59.705467  54.215782  48.086250  41.634533  34.843906  28.228748  22.847919 
 25.393593  32.942970  40.547657  47.883125  55.124847  61.803436  67.462029  71.017967  71.818596  69.692497  65.414688  59.119530  51.918747  44.870468  37.665314  30.529221  24.554844 
 26.580521  34.643436  42.429844  50.206253  57.939064  65.336716  71.529686  75.124535  75.727966  73.692497  69.282501  62.267967  54.489059  46.975624  39.486095  32.169376  25.782707 
 26.966251  35.076248  43.155624  51.079689  58.874847  66.504059  72.769066  76.337814  76.945313  74.891563  70.544220  63.577812  55.734528  48.026253  40.179531  32.630314  26.239063 
 26.425831  34.419998  42.293438  49.987968  57.559998  64.930779  71.153748  74.892189  75.460159  73.395782  69.123283  62.151253  54.257347  46.786407  39.377029  32.161407  25.966614 
 24.923748  32.522499  40.048439  47.495155  54.575623  61.078278  66.678436  70.359375  71.163750  69.220627  64.818283  58.542030  51.504219  44.615780  37.547344  30.591095  24.739635 
 23.190990  29.768280  36.947811  43.839531  50.117340  55.769844  60.384377  63.502029  64.273438  62.732498  58.981247  53.629845  47.540001  41.281406  34.679062  28.110470  23.023174 
 21.440102  26.645939  32.983437  39.409687  45.132969  49.951096  53.714844  56.126404  56.693283  55.284691  52.376717  47.942032  42.809689  37.093124  30.961563  25.168907  21.372868 
 20.289845  23.477970  28.345158  34.032970  39.186562  43.452343  46.612812  48.421562  48.846718  47.727188  45.387501  41.798904  37.331562  32.179375  26.694061  22.165001  20.301250 
 19.149010  21.563591  24.469948  29.009842  33.769478  37.367138  40.440727  42.041561  42.192345  41.375935  39.325836  36.359531  32.209480  27.607292  23.167393  20.708748  19.699165 
 } 


 White Balance Data with optical Center Data
 r_center_x =  619 r_center_y =  490 
 gr_center_x =  660 gr_center_y =  504 
 b_center_x =  626 b_center_y =  489 
 gb_center_x =  611 gb_center_y =  472 
 r/gr 0.871023 
 b/gr 0.415033 
 gb/gr 0.999832 
 r_oc_ave 161.720001 
 b_oc_ave 77.057777 
 gr_oc_ave 185.666672 
 gb_oc_ave 185.635559 

 [AWB]
 RGr =  0.871023 
 BGr =  0.415033 
 GbGr =  0.999832 
 r_oc_ave =  161.720001 
 b_oc_ave =  77.057777 
 gr_oc_ave =  185.666672 
 gb_oc_ave =  185.635559 