 LEFT LENS SHADING DATA
 RED Channel
 {
 40.908279  44.297451  49.500206  57.834267  66.513756  74.079788  79.928856  83.696609  84.633018  83.175781  79.190727  73.315414  65.592865  57.408234  49.548538  45.174274  42.214687 
 43.416615  48.862656  57.970627  68.807190  79.157501  88.071877  95.408440  100.212654  101.695938  99.472656  94.620316  87.048752  77.916405  68.065315  57.594376  49.105934  44.479271 
 45.583492  54.455780  66.463440  79.132347  91.054688  101.635468  110.759689  117.014221  119.095001  116.175308  109.713280  100.270782  89.529060  78.053596  65.961403  54.477188  46.338852 
 48.563072  60.582031  73.999374  87.989998  101.834221  114.524536  125.877350  133.875473  136.430786  132.719528  124.442032  112.617661  99.576561  86.655159  73.216095  60.021561  48.981979 
 51.697861  65.275154  79.891716  95.110313  110.690155  125.754379  139.335938  148.389999  150.999527  147.052185  137.448120  123.303284  108.251877  93.498749  78.984688  64.655312  51.884476 
 53.912659  68.452034  83.831566  99.902191  116.754532  133.447968  148.354996  157.644058  160.449524  156.342026  146.198120  130.806717  114.199692  98.196251  82.857346  67.746094  54.115883 
 54.634796  69.573128  85.203590  101.677811  118.988907  136.350937  151.296097  160.955475  163.335632  159.632660  150.366409  134.312347  117.022507  100.435623  84.350471  68.834061  55.081558 
 53.665215  68.454376  83.721092  99.797340  116.409378  133.025787  147.659531  157.232498  159.914215  155.809692  146.609528  130.971558  113.964539  98.011566  82.638748  67.824219  54.224426 
 51.260674  65.059219  79.705940  94.719841  109.898903  124.571869  138.030151  147.074524  149.669693  145.614685  136.164841  122.760315  107.708748  93.049377  78.867813  64.890472  52.049431 
 48.212395  60.076561  73.585312  87.308594  100.414841  112.886093  124.206100  131.894379  134.193283  130.967819  122.957336  111.619843  98.972969  86.017815  72.790314  59.896561  48.855728 
 45.204632  54.254845  66.019684  78.391090  89.949844  100.480156  109.438438  115.654221  117.337814  114.755630  108.249687  99.213905  88.631248  77.343285  65.373596  54.183746  46.164997 
 43.634480  48.952812  57.517502  68.118279  78.467812  87.219215  94.456253  99.077034  100.605316  98.639534  93.640472  86.241249  77.393753  67.429535  57.067970  48.914375  44.507290 
 41.130730  44.730732  49.223335  57.058914  65.745728  73.082344  79.088333  82.954323  84.216980  82.783066  78.988594  72.775002  65.304161  56.757660  49.148598  44.935207  41.751041 
 } 
 GR Channel
 {
 50.760521  55.505943  61.659897  70.850990  80.170677  87.845833  93.726044  97.599846  98.503647  96.610832  92.834694  86.743752  78.810883  69.803185  61.177605  55.737389  51.769890 
 54.770935  61.523438  71.711563  83.550781  94.461716  103.712502  111.176872  115.987976  117.361557  114.936249  110.098434  102.361252  92.753593  82.195465  70.675934  61.147812  55.481560 
 57.968536  68.361877  81.627815  95.257500  107.951096  119.015778  128.377029  134.679062  136.660629  133.567337  126.913437  117.079681  105.737816  93.541092  80.255623  67.502190  57.986351 
 61.966042  75.411873  90.206718  105.201248  120.013123  133.637817  145.375931  153.223755  155.853287  152.151093  143.568909  131.145935  117.321869  103.308128  88.742966  74.150627  61.470627 
 65.625366  81.031403  96.966248  113.347351  130.111099  146.290619  160.580933  169.482651  172.071869  168.104065  158.214066  143.392349  127.149689  111.123749  95.465469  79.551407  65.151619 
 68.416565  84.822815  101.541252  118.861725  137.100464  155.114685  170.717194  179.978119  182.406876  178.354538  168.113907  151.943283  134.036255  116.696564  99.871407  83.307968  67.630264 
 69.243591  86.146721  103.278595  121.137344  139.523438  158.353592  174.008118  183.507965  185.762650  181.878281  172.696091  156.071716  137.724060  119.701401  101.853439  84.611877  68.913963 
 68.077866  84.862656  101.551720  118.987976  136.884369  154.731873  170.488129  180.045319  182.502502  178.498276  169.152344  152.858276  134.421570  116.971252  100.043282  83.514847  67.948380 
 65.451874  80.993126  97.107498  113.421722  129.868912  145.866409  160.347183  169.724380  172.300308  168.061569  158.351563  144.230316  127.622650  111.487343  95.922653  80.140160  65.682449 
 61.495102  75.188438  90.229218  105.204063  119.434845  133.028595  145.301880  153.479218  155.689377  152.376404  143.974838  131.747025  117.859848  103.764687  89.155312  74.565628  61.694786 
 57.784218  68.522346  81.797813  95.281563  107.762184  119.067963  128.689850  135.271881  137.235001  134.332504  127.357651  117.636871  106.255470  93.980621  80.788284  68.023590  58.537971 
 55.480049  62.146095  71.943748  83.585312  94.792816  104.095467  111.663597  116.788437  118.362976  116.222961  110.814377  103.125153  93.620003  82.733749  71.217812  61.723282  56.329735 
 51.829636  56.778389  62.010002  70.894058  80.241142  88.087349  94.199638  98.222183  99.617340  98.066925  93.953117  87.587456  79.518326  70.321251  61.676559  56.675987  52.801407 
 } 
 GB Channel
 {
 50.329163  55.073334  61.385414  71.097603  81.109688  89.324692  95.899689  100.169434  101.361458  99.453644  95.223122  88.562912  79.896507  70.717400  61.508179  56.000160  51.843491 
 53.733757  60.559998  71.065002  83.363434  94.883438  104.757187  112.744690  118.099213  119.780624  117.312805  112.015625  103.798752  93.739220  82.605316  70.792969  60.914528  55.204323 
 56.341095  66.855469  80.305000  94.301094  107.618752  119.418747  129.335632  136.327026  138.496872  135.461716  128.427032  118.266098  106.276718  93.615311  79.923592  66.927185  57.310524 
 59.693077  73.423279  88.230782  103.643753  119.026093  133.242661  145.627029  154.281876  157.020309  153.463440  144.639221  131.715149  117.529999  102.972969  87.955940  73.135628  60.309792 
 63.105209  78.463127  94.400467  111.105316  128.410782  145.194687  159.993591  169.575623  172.625473  168.842651  158.651413  143.548279  126.592026  110.284065  94.155624  78.142502  63.675423 
 65.316246  81.856247  98.556404  115.975006  134.751556  153.125000  169.404846  179.181412  182.263596  178.265778  167.800003  151.421249  133.106873  115.337036  98.296410  81.515625  65.994377 
 66.074532  82.872658  99.859375  117.733902  136.579681  155.962341  171.964371  182.093124  184.952347  181.401718  172.010162  155.040466  136.321091  117.911407  100.122032  82.745003  67.025002 
 64.860519  81.542191  98.097343  115.616409  133.760315  152.103439  168.243286  178.535934  181.686249  177.592026  168.200775  151.564682  133.010468  115.199219  98.074997  81.603279  66.119324 
 62.426826  77.884529  93.928436  110.271721  126.943436  143.330307  158.429840  168.264694  171.306412  167.230774  157.352341  142.985474  126.181564  109.734222  94.128441  78.332184  63.814690 
 58.963593  72.409218  87.437653  102.321716  116.937805  130.807968  143.489685  152.207031  154.858749  151.579849  143.214691  130.813278  116.646561  102.285469  87.678909  73.042343  60.287971 
 55.697914  66.276253  79.422028  93.084221  105.755470  117.429535  127.490005  134.395782  136.671097  134.030624  126.939056  117.017181  105.415154  92.819061  79.625313  66.797188  57.350105 
 53.779480  60.292816  70.167191  81.929840  93.397186  103.011093  111.097191  116.362030  118.252029  116.252182  110.775780  102.771721  93.022346  81.992035  70.297653  60.882660  55.376198 
 50.601563  55.390724  60.791359  69.617973  79.276360  87.505882  94.164688  98.627235  100.070152  98.628029  94.386826  87.518600  79.318802  69.898491  61.060783  56.055779  52.208282 
 } 
 B Channel
 {
 17.723545  19.585625  22.481251  27.019169  31.790108  35.568436  38.453281  40.259270  40.750679  40.024845  37.994534  34.904320  30.924534  26.492138  22.198959  19.753384  18.319218 
 19.528542  22.399376  27.169998  33.055000  38.432186  42.885937  46.373905  48.594688  49.222969  48.041718  45.708908  41.954533  37.295155  32.062344  26.563126  22.169846  19.837967 
 20.780521  25.613438  31.797344  38.281250  44.365623  49.597031  53.787659  56.645622  57.495468  56.061249  52.953751  48.416092  43.041405  37.197811  30.910625  25.074844  20.908802 
 22.479477  28.866562  35.692501  42.632343  49.524689  55.666565  60.959846  64.340309  65.406097  63.741096  59.803284  54.231407  47.880157  41.359219  34.602814  28.069218  22.534012 
 24.123123  31.268124  38.651875  46.017811  53.592346  60.842812  67.055466  70.863281  71.882965  70.176872  65.680153  59.039688  51.794060  44.648438  37.382187  30.464062  24.131145 
 25.287292  32.838123  40.415314  48.022346  56.005470  63.898125  70.644218  74.572342  75.620155  73.817032  69.282028  62.135780  54.355782  46.599998  39.130001  31.957657  25.239117 
 25.474216  33.231094  40.935001  48.649529  56.629372  64.742500  71.454376  75.502502  76.491249  74.703125  70.600937  63.323280  55.365936  47.532032  39.741562  32.396252  25.723335 
 24.976509  32.487968  40.080780  47.532345  55.124535  62.841873  69.502655  73.552498  74.530312  72.768440  68.692497  61.705627  53.842499  46.204533  38.754688  31.766407  25.137451 
 23.599899  30.580311  37.956249  45.011562  51.955154  58.653595  64.791252  68.714691  69.693123  67.935310  63.727341  57.670471  50.686562  43.678123  36.803436  30.094063  23.985313 
 21.754372  27.870625  34.694218  41.278126  47.312500  52.978439  58.164215  61.532654  62.426720  60.992340  57.402344  52.256409  46.369217  40.195782  33.692188  27.500938  22.130939 
 20.025154  24.745781  30.771717  36.865936  42.148281  46.919376  51.041878  53.849998  54.565315  53.407341  50.490471  46.260468  41.354843  35.827343  29.866249  24.469688  20.625938 
 19.009739  21.700783  26.150002  31.487186  36.399063  40.465939  43.840157  45.966251  46.672188  45.729843  43.415627  40.051720  35.782658  30.795937  25.528282  21.554531  19.645988 
 17.584740  19.488071  21.734997  25.772602  30.034897  33.572601  36.449947  38.375832  38.908440  38.224216  36.552708  33.497341  29.772034  25.392189  21.363487  19.430573  18.180992 
 } 


 White Balance Data with optical Center Data
 r_center_x =  646 r_center_y =  479 
 gr_center_x =  646 gr_center_y =  488 
 b_center_x =  639 b_center_y =  502 
 gb_center_x =  646 gb_center_y =  477 
 r/gr 0.878441 
 b/gr 0.410539 
 gb/gr 0.993785 
 r_oc_ave 163.960007 
 b_oc_ave 76.626663 
 gr_oc_ave 186.648895 
 gb_oc_ave 185.488892 

 [AWB]
 RGr =  0.878441 
 BGr =  0.410539 
 GbGr =  0.993785 
 r_oc_ave =  163.960007 
 b_oc_ave =  76.626663 
 gr_oc_ave =  186.648895 
 gb_oc_ave =  185.488892 