 LEFT LENS SHADING DATA
 RED Channel
 {
 39.057709  42.787292  47.720104  55.794479  63.987602  71.171043  76.905006  80.245056  81.404533  79.916458  76.119743  70.095886  62.921776  54.830887  47.056095  42.685783  40.184532 
 41.510624  47.124374  55.834686  66.276566  76.180939  84.988129  92.016251  96.496094  97.812653  95.689377  90.749535  83.334846  74.465935  64.851097  54.674217  46.586407  42.279949 
 43.715466  52.598595  64.041878  76.164528  87.704063  98.235313  107.184059  113.252655  115.206406  112.238281  105.733437  96.277031  85.644684  74.213905  62.494377  51.673126  43.739376 
 46.638226  58.362816  71.441719  84.999374  98.376717  111.153122  122.358444  130.357346  132.699692  129.055161  120.635941  108.746559  95.714066  82.699066  69.581406  57.005936  46.512608 
 49.792603  63.272186  77.300316  92.153282  107.420311  122.422653  135.819687  144.841400  147.547028  143.496872  133.911880  119.873901  104.353279  89.547813  75.151718  61.505310  49.233643 
 52.242607  66.379684  81.379059  97.159378  113.945160  130.699219  145.179382  154.490005  157.088287  152.988434  142.815475  127.563751  110.603439  94.324371  78.889847  64.476875  51.368118 
 52.971718  67.588593  82.880783  99.208908  116.450775  133.822968  148.521561  157.733597  160.196564  156.278595  146.916565  131.044525  113.449844  96.702034  80.666565  65.650154  52.193703 
 52.270309  66.529060  81.557503  97.339996  113.844055  130.383118  144.809067  154.111725  156.709381  152.777344  143.350311  127.768753  110.810623  94.693123  79.199684  64.718750  51.560417 
 50.124634  63.489845  77.740471  92.567345  107.663124  122.353592  135.541245  144.438751  147.016876  143.127975  133.492661  119.970001  104.768593  90.087189  75.679375  62.010628  49.710205 
 47.100834  58.695000  71.670937  85.196251  98.268593  110.817657  121.685623  129.349686  131.586563  128.600784  120.452194  108.943596  96.037498  83.210159  70.123749  57.535004  46.714581 
 44.500572  53.135780  64.515938  76.507347  87.920937  98.293907  107.054375  112.983124  114.736099  112.214218  105.796097  96.603592  86.084846  74.759689  62.988434  52.172188  44.291355 
 42.892815  48.090309  56.387497  66.683594  76.825310  85.489059  92.631561  97.187500  98.504059  96.536720  91.514999  84.213905  75.352501  65.552811  55.398285  47.359062  43.098228 
 40.894894  44.799065  49.325417  57.127556  65.786980  72.983231  78.971153  82.789581  83.824898  82.340256  78.456673  72.350777  64.844589  56.389900  48.814735  44.572811  41.596149 
 } 
 GR Channel
 {
 49.066925  54.329422  60.182129  69.487656  78.639275  86.954689  92.972191  96.952713  98.065361  96.126984  92.094009  85.561615  77.544945  68.427292  59.758125  54.441772  51.011353 
 52.953171  60.004219  70.316093  82.353279  93.434685  103.074684  110.657188  115.469376  116.741409  114.376556  109.031715  101.106407  91.486404  80.783127  69.136871  59.498436  53.980942 
 55.770309  66.832809  80.178749  93.994377  106.765938  118.269379  127.674530  134.131409  136.005936  132.848434  125.910934  115.998444  104.335625  91.872658  78.655159  65.923904  56.188278 
 59.507446  73.733910  88.951874  104.106407  119.000931  132.722961  144.595154  152.858749  155.330475  151.412506  142.951248  130.338745  116.173279  101.848907  87.003128  72.406876  59.659378 
 63.398697  79.458908  95.735626  112.326096  128.937347  145.051254  159.237030  168.753433  171.606720  167.363281  157.437500  142.524063  125.889069  109.859528  93.818436  77.874222  63.370674 
 66.200783  83.210159  100.410622  118.015320  136.039368  153.988129  169.535461  179.350464  182.100784  177.839371  167.219055  151.101089  132.895309  115.158752  98.256874  81.644844  66.197128 
 67.282143  84.664841  102.167030  120.050781  138.614685  157.240936  172.933289  182.806870  185.550003  181.629837  171.817337  154.977966  136.195313  118.059692  100.418747  83.012657  67.171616 
 66.352394  83.302811  100.521721  117.835938  135.659531  153.569382  169.108902  178.957962  181.715622  177.746719  167.924377  151.307343  133.039536  115.518280  98.527809  81.654373  66.133537 
 63.540840  79.580002  95.942345  112.317810  128.672501  144.610306  158.847809  168.230164  171.164215  167.117188  157.080154  142.511871  126.095306  110.136719  94.179535  78.283592  63.600052 
 59.619995  73.727501  88.707497  103.809059  118.089691  131.707504  143.538910  151.667664  154.162338  150.975632  142.407806  130.219849  116.285629  102.101875  87.409218  72.778908  59.923279 
 56.280670  66.991722  80.292969  93.864372  106.452034  117.722504  127.169998  133.681091  135.635315  132.881088  126.084061  116.256882  104.738907  92.300934  79.099686  66.151093  56.720055 
 54.126778  60.822189  70.642967  82.557190  93.859528  103.352966  111.083908  116.122498  117.621719  115.327499  110.008904  102.034378  92.362656  81.507347  69.832970  60.225471  54.821091 
 50.872604  56.391350  62.291504  71.226349  81.084320  89.267761  95.720779  99.663750  100.949425  99.402084  95.214531  88.566872  80.156609  70.579636  61.890259  56.484840  52.524841 
 } 
 GB Channel
 {
 49.472557  54.706299  61.079422  70.935944  80.718597  89.448807  96.026619  100.278442  101.511726  99.339371  95.002235  87.810890  79.279839  69.409538  60.302498  54.770676  51.206924 
 52.866722  60.092346  70.844215  83.392189  95.010468  105.287346  113.433899  118.552185  120.007339  117.413132  111.580780  103.201096  92.929222  81.502655  69.402496  59.441719  53.881508 
 55.304222  66.472343  80.256096  94.612343  107.832184  119.935944  129.957809  136.854065  138.820160  135.698288  128.322815  117.689056  105.414063  92.293747  78.488281  65.411720  55.617348 
 58.611099  72.925468  88.430939  104.199371  119.399368  133.803757  146.167496  154.935776  157.591873  153.720932  144.729065  131.446091  116.695465  101.706253  86.355156  71.378441  58.499268 
 62.102081  78.196251  94.613747  111.734062  128.793121  145.304214  160.077820  170.016724  173.279694  168.884995  158.541412  143.115631  125.895462  109.221718  92.640312  76.384377  61.989792 
 64.520882  81.466095  98.860153  116.736557  135.166092  153.362183  169.367813  179.696243  182.692505  178.396408  167.589996  150.958282  132.327820  114.119843  96.599060  79.797028  64.118073 
 65.344215  82.643593  100.205154  118.354218  137.125000  155.957031  172.121719  182.344681  185.439529  181.407028  171.521881  154.384689  135.157028  116.611877  98.549530  80.943909  65.153282 
 64.249382  81.231873  98.438438  115.960312  133.985626  152.137192  167.849686  178.136093  181.277344  177.306244  167.318436  150.512192  131.819534  113.874527  96.474686  79.477028  64.100571 
 61.682816  77.615311  94.012497  110.486404  126.986877  143.210785  157.679993  167.357346  170.611252  166.545944  156.376099  141.430466  124.780472  108.459999  92.276878  76.208122  61.622711 
 58.062912  72.056252  87.099533  102.352966  116.750626  130.573288  142.567184  150.865936  153.591400  150.498276  141.673279  129.219055  114.926407  100.531715  85.657654  70.860626  58.155632 
 54.951508  65.615471  79.058746  92.690468  105.388283  116.742035  126.489685  133.281403  135.308594  132.578903  125.636566  115.557343  103.732498  91.062035  77.598747  64.634529  55.370155 
 53.035408  59.847504  69.708435  81.697968  93.155624  102.880936  110.812500  116.044998  117.675781  115.421097  109.962814  101.692032  91.710472  80.532501  68.778748  59.059059  53.859070 
 50.276665  55.759163  61.478020  70.781097  80.845207  89.204269  95.769997  100.061256  101.273491  99.735054  95.101555  88.520988  79.773590  69.947083  60.925835  55.693649  51.820313 
 } 
 B Channel
 {
 17.621456  20.005627  22.948959  27.622398  32.222652  36.146408  39.072189  40.843231  41.244843  40.539532  38.459114  35.359688  31.421043  26.953438  22.574947  19.927708  18.649792 
 19.218960  22.568127  27.578125  33.451561  38.794533  43.330780  46.893436  48.990311  49.545471  48.453903  46.022655  42.298439  37.709373  32.498436  26.910156  22.248123  20.238125 
 20.319790  25.626877  32.107346  38.721092  44.756405  50.002968  54.238594  57.122032  57.925468  56.462502  53.382500  48.870155  43.445938  37.548439  31.247971  25.266876  21.269375 
 21.949738  28.697033  36.015781  43.238438  50.070160  56.316254  61.548279  65.107811  66.071091  64.347809  60.509216  54.808594  48.479218  41.847969  34.957970  28.169846  22.813801 
 23.513905  31.079533  38.806095  46.678123  54.261406  61.487030  67.736404  71.633751  72.717499  70.805939  66.498909  59.807503  52.433907  45.134533  37.780624  30.490623  24.566044 
 24.690052  32.581093  40.584373  48.671410  56.934532  64.899376  71.567497  75.650780  76.697502  74.822189  70.243126  63.166718  55.181564  47.369686  39.646873  32.063282  25.736820 
 25.152187  33.165939  41.202969  49.336403  57.711403  65.802185  72.457809  76.551559  77.641563  75.953903  71.759689  64.560471  56.327660  48.451408  40.474377  32.568748  26.097919 
 24.748539  32.576874  40.508907  48.375153  56.257965  64.027969  70.485153  74.603439  75.752815  74.111404  70.113594  63.010155  55.096092  47.345627  39.629532  31.978905  25.729115 
 23.492081  30.971249  38.497814  46.009689  53.220467  60.155159  66.137184  70.070465  71.244377  69.548439  65.364685  59.171875  52.068748  44.992657  37.756718  30.529999  24.464584 
 21.729168  28.413750  35.393749  42.324062  48.804535  54.720467  59.674377  62.989685  64.035469  62.750938  59.087967  53.874222  47.750469  41.512814  34.716408  28.000000  22.682499 
 20.312294  25.226875  31.538124  37.933594  43.683750  48.633751  52.697029  55.362030  56.126877  54.972191  52.050934  47.834061  42.725624  37.080780  30.877342  24.908749  21.178753 
 19.527344  22.664219  27.375626  32.967968  38.380314  42.835312  46.259998  48.412971  48.969688  48.069687  45.660625  42.094688  37.573593  32.472969  26.915783  22.440311  20.650314 
 18.585258  21.130257  23.948544  28.426094  33.258228  37.295731  40.389587  42.350258  42.776356  42.125935  40.185207  36.954273  32.852554  28.256096  23.848488  21.364063  20.205727 
 } 


 White Balance Data with optical Center Data
 r_center_x =  639 r_center_y =  481 
 gr_center_x =  638 gr_center_y =  485 
 b_center_x =  642 b_center_y =  478 
 gb_center_x =  643 gb_center_y =  462 
 r/gr 0.863329 
 b/gr 0.418387 
 gb/gr 1.000167 
 r_oc_ave 160.813339 
 b_oc_ave 77.933334 
 gr_oc_ave 186.271118 
 gb_oc_ave 186.302216 

 [AWB]
 RGr =  0.863329 
 BGr =  0.418387 
 GbGr =  1.000167 
 r_oc_ave =  160.813339 
 b_oc_ave =  77.933334 
 gr_oc_ave =  186.271118 
 gb_oc_ave =  186.302216 