 LEFT LENS SHADING DATA
 RED Channel
 {
 39.989899  43.735733  48.529579  56.654892  65.075516  72.472923  78.188850  81.639847  82.854271  81.300522  77.600571  71.608177  64.299995  56.042130  48.267242  43.733231  41.154060 
 42.013229  47.377811  56.097504  66.500313  76.422188  85.001251  91.955940  96.612968  97.968437  95.987190  91.225784  83.896721  75.181252  65.522346  55.394531  47.175312  42.524895 
 43.784168  52.756248  64.155624  76.190315  87.471718  97.869530  106.640312  112.720154  114.750931  111.999062  105.742966  96.574844  86.139534  75.021095  63.252029  52.326874  44.115627 
 46.675053  58.388596  71.553436  84.900154  97.917030  110.474998  121.483902  129.286560  131.940308  128.516251  120.585312  108.888283  96.298126  83.434845  70.493279  57.766876  46.768963 
 49.789421  63.120468  77.260155  91.951874  106.904373  121.554214  134.600464  143.616714  146.577820  142.782181  133.464844  119.775620  104.840935  90.261871  75.978279  62.309998  49.927917 
 52.110992  66.213280  81.131409  96.822655  113.124069  129.294525  143.732193  153.169067  156.034851  152.360626  142.425156  127.478745  110.827347  94.876404  79.783905  65.410469  51.991096 
 52.861717  67.252342  82.507813  98.602654  115.392654  132.331726  146.998276  156.394684  159.320160  155.549530  146.520309  131.000000  113.724838  97.255783  81.554375  66.529999  52.790833 
 52.042236  66.238281  81.130623  96.627342  113.191406  129.272339  143.562347  153.054214  155.852036  152.153122  143.026566  127.701401  111.152344  95.419220  80.315002  65.667191  52.260109 
 49.910004  63.245003  77.365471  92.155312  107.020622  121.494064  134.316406  143.182968  146.167496  142.552185  133.309372  120.001404  105.259377  90.905312  76.733284  62.981247  50.309586 
 46.915779  58.466408  71.480621  84.888748  97.775627  110.230156  120.993286  128.660934  131.282654  128.304688  120.402039  109.279060  96.664215  84.006721  71.106560  58.391716  47.331097 
 44.336147  53.059059  64.446251  76.338593  87.722031  97.832497  106.807190  112.813599  114.865936  112.383118  106.065941  97.205627  86.797340  75.715469  64.070465  53.086563  44.642811 
 42.768490  47.895782  56.487968  66.806717  76.705467  85.315002  92.479691  96.975624  98.387810  96.642342  91.855934  84.624847  76.006721  66.441406  56.200470  47.920155  43.326195 
 40.756405  44.091404  48.705261  56.510674  65.004013  72.116249  77.834694  81.598122  82.731979  81.409218  77.793854  71.930885  64.635681  56.188698  48.593597  44.144531  41.350784 
 } 
 GR Channel
 {
 50.413956  55.838127  61.789581  71.083275  80.325264  88.377502  94.521248  98.470985  99.717766  98.216927  94.094223  87.727661  79.719894  70.454849  61.596092  56.309326  52.929741 
 53.859787  60.718124  70.843750  82.456406  93.406715  102.739998  110.311249  115.355774  116.857971  114.735474  109.666092  101.860779  92.364059  81.550468  70.149216  60.548279  54.830162 
 56.375313  67.199066  80.271095  93.612503  106.002190  117.366882  126.890320  133.392502  135.518127  132.665939  126.121567  116.198441  104.820160  92.535156  79.425316  66.673126  56.857292 
 60.197136  73.939842  88.878281  103.608437  117.964691  131.721725  143.495163  151.622650  154.484375  151.027039  142.802811  130.357651  116.652969  102.358284  87.774529  73.206718  60.389427 
 64.098328  79.533752  95.498909  111.724373  128.081879  144.006256  158.012192  167.531723  170.804062  167.057343  157.565781  142.972183  126.654221  110.469528  94.369690  78.778908  64.292862 
 66.820572  83.338280  100.067970  117.395630  135.148285  152.829056  168.218124  178.241089  181.459686  177.697815  167.427811  151.672028  133.525940  115.747818  98.870781  82.522972  66.825676 
 67.915466  84.592346  101.721405  119.415619  137.769058  156.334839  171.903900  181.880936  185.062500  181.427032  172.317337  155.766556  137.100937  118.963120  101.142815  83.941406  67.834953 
 66.956726  83.206093  100.158752  117.245621  135.201401  152.897034  168.431564  178.529526  181.602493  177.901413  168.647507  152.497650  134.154526  116.571411  99.420624  82.771873  67.183548 
 64.177605  79.715935  95.688278  112.092026  128.573120  144.563751  158.660309  168.182663  171.354843  167.623276  158.097183  143.599838  127.155472  111.083122  95.284531  79.658440  64.768852 
 60.380630  74.150627  88.904846  103.816406  118.158905  132.047348  143.867493  152.068283  154.999695  151.910782  143.586090  131.298599  117.399368  103.257034  88.665939  74.158440  60.881348 
 57.085106  67.738434  80.620316  94.096092  106.815155  118.047806  127.812195  134.464996  136.556412  134.020309  127.205475  117.473129  105.970627  93.643906  80.443748  67.684372  57.600204 
 54.884682  61.493439  71.333595  82.972656  93.957184  103.589844  111.478752  116.374847  117.935471  115.889526  110.803909  102.890625  93.354691  82.634529  71.065468  61.364845  55.688797 
 51.598022  56.480522  62.087135  70.694527  80.275108  88.196716  94.220825  98.119225  99.584846  98.360573  93.988274  87.752289  79.485519  70.143494  61.682343  56.441299  52.544220 
 } 
 GB Channel
 {
 51.082970  56.504639  62.608749  72.362762  82.254944  90.830421  97.415359  101.584114  103.083694  101.329895  96.815414  89.899223  81.305679  71.446869  62.256462  56.622765  53.119011 
 53.794640  60.966095  71.488747  83.600471  95.106407  104.927498  113.052658  118.505157  120.117661  117.594055  112.236252  103.779846  93.684219  82.275627  70.401878  60.512970  54.756508 
 56.039268  66.945938  80.483124  94.334999  107.391716  119.271881  129.353119  136.170319  138.412186  135.342346  128.335464  117.911255  105.760941  92.908440  79.227028  66.160309  56.164482 
 59.308907  73.358284  88.609222  103.860939  118.739838  132.999847  145.359375  153.983124  156.950150  153.306244  144.682190  131.631882  117.259216  102.380783  87.242966  72.285782  59.230156 
 62.751404  78.487030  94.717499  111.397346  128.293594  144.607498  158.990784  169.108276  172.402496  168.580307  158.631256  143.493118  126.572815  109.857811  93.268440  77.415939  62.829269 
 65.313393  81.791092  98.811874  116.391098  134.588745  152.639374  168.313126  178.860153  182.207504  178.438126  167.901245  151.640778  132.920944  114.772964  97.406715  80.890625  65.136040 
 66.056870  82.721878  99.980934  117.956726  136.461090  155.328430  171.255463  181.623749  184.983124  181.316559  171.868118  155.047180  136.028595  117.540787  99.410309  81.974846  66.006714 
 65.076355  81.342186  98.276093  115.601868  133.785309  151.741257  167.404373  177.770630  181.075623  177.277496  167.864838  151.308899  132.792496  114.841095  97.518127  80.741562  65.170311 
 62.472076  77.851250  93.841095  110.355316  127.017502  143.285309  157.568909  167.480621  170.707504  167.005005  157.277344  142.546097  125.821091  109.407654  93.426872  77.671410  62.972443 
 58.836510  72.550468  87.195625  102.273438  116.850311  130.860474  142.916412  151.318909  154.398590  151.318588  142.784683  130.278122  116.099838  101.625000  86.958435  72.442345  59.405884 
 55.830521  66.497185  79.376564  92.898750  105.705002  117.137497  127.110779  133.997192  136.183899  133.488907  126.555939  116.537964  104.951096  92.316872  79.025314  66.239845  56.279633 
 53.791039  60.560623  70.371246  82.218903  93.359062  103.256721  111.178596  116.304382  117.962189  115.804688  110.538124  102.299065  92.506874  81.663597  69.925316  60.220001  54.609581 
 50.991463  55.763130  61.484589  70.314537  80.055725  88.208595  94.591713  98.724373  99.938019  98.658440  94.222702  87.708641  79.177711  69.705467  60.987816  55.599579  51.849159 
 } 
 B Channel
 {
 18.544010  21.046509  24.110416  28.885937  33.771931  37.879841  40.995991  42.826878  43.274170  42.476093  40.360001  37.148129  32.991352  28.265415  23.798855  21.040939  19.896351 
 19.438175  22.775467  27.782501  33.655937  39.050468  43.574219  47.077030  49.211876  49.716248  48.669220  46.264999  42.546875  37.909687  32.642502  27.010937  22.335938  20.205105 
 20.464428  25.541718  32.040157  38.587502  44.487343  49.726097  53.879219  56.593285  57.377342  55.993591  53.001877  48.442497  43.090000  37.253593  30.999687  24.933750  20.824585 
 22.057083  28.683750  35.980312  43.070782  49.653282  55.774841  60.903748  64.297188  65.423752  63.850311  60.156403  54.415779  48.171875  41.622345  34.780312  27.901093  22.332550 
 23.791668  31.111252  38.811718  46.442345  53.753281  60.770157  66.818436  70.780937  71.938438  70.259689  66.043434  59.528282  52.186249  44.872971  37.579845  30.299999  24.067501 
 24.778904  32.580780  40.499844  48.452034  56.345940  64.009377  70.561096  74.630936  75.763596  74.240936  69.746719  62.811096  54.800934  46.984219  39.317970  31.779373  25.195210 
 25.062241  32.970779  40.925468  48.978127  57.082344  65.022034  71.565941  75.627968  76.802185  75.135468  71.278122  64.053284  55.892654  48.026253  40.129532  32.266094  25.585052 
 24.583073  32.174530  40.036877  47.772968  55.775154  63.407341  69.934998  73.882347  75.069847  73.434372  69.583908  62.508438  54.576408  46.948750  39.373436  31.736561  25.139061 
 23.161041  30.433125  37.882813  45.468281  52.756409  59.592499  65.544060  69.365784  70.605934  68.935471  64.833908  58.621094  51.623123  44.626408  37.438908  30.255627  24.039375 
 21.371822  27.887032  34.891876  41.748905  48.192032  54.141716  59.177971  62.547813  63.542343  62.197342  58.655312  53.475937  47.382500  41.100937  34.511875  27.720314  22.293232 
 19.959946  24.910156  31.149063  37.432968  43.214844  48.115784  52.293434  54.975784  55.784843  54.631096  51.738129  47.454220  42.325157  36.768280  30.680782  24.708126  20.623123 
 19.045834  22.123749  26.875938  32.437344  37.565624  41.889687  45.245468  47.223438  47.849533  46.854687  44.641094  41.083126  36.680157  31.743282  26.300625  21.744064  19.658230 
 17.846252  19.992504  22.674686  26.853386  31.462708  35.132191  37.802761  39.482185  40.056824  39.318855  37.378384  34.538956  30.580364  26.166405  22.071457  19.534481  18.209476 
 } 


 White Balance Data with optical Center Data
 r_center_x =  638 r_center_y =  479 
 gr_center_x =  636 gr_center_y =  474 
 b_center_x =  653 b_center_y =  467 
 gb_center_x =  643 gb_center_y =  475 
 r/gr 0.859983 
 b/gr 0.412531 
 gb/gr 0.996730 
 r_oc_ave 160.128891 
 b_oc_ave 76.813332 
 gr_oc_ave 186.199997 
 gb_oc_ave 185.591110 

 [AWB]
 RGr =  0.859983 
 BGr =  0.412531 
 GbGr =  0.996730 
 r_oc_ave =  160.128891 
 b_oc_ave =  76.813332 
 gr_oc_ave =  186.199997 
 gb_oc_ave =  185.591110 