 LEFT LENS SHADING DATA
 RED Channel
 {
 39.951355  43.706772  48.463326  56.385361  64.379265  71.552605  77.220421  80.552399  81.756516  80.079430  76.341141  70.398178  62.671303  54.499794  46.828545  42.304321  39.685154 
 42.452606  47.988438  56.722504  67.207657  77.097191  85.653435  92.503754  96.826561  98.212967  95.991722  91.185310  83.655472  74.672340  64.854378  54.619377  46.174530  41.720158 
 44.575783  53.680153  65.312813  77.465935  88.837029  99.244064  107.996407  113.764069  115.520004  112.537506  106.107498  96.680000  85.902031  74.443123  62.606873  51.547966  43.385262 
 47.768230  59.761566  72.902657  86.472343  99.765778  112.294067  123.136719  130.736725  133.024689  129.227341  121.025940  109.109222  96.131561  82.992340  69.739220  57.012970  46.222759 
 51.393387  64.879845  79.190781  93.943283  109.118904  123.832962  136.594849  145.378906  147.924850  143.700943  134.215775  120.292664  104.993126  90.137497  75.567345  61.617813  49.196144 
 53.932083  68.256248  83.249687  99.089996  115.540619  131.849380  145.887024  154.886719  157.432343  153.393906  143.301254  128.123276  111.319534  94.931564  79.379059  64.808128  51.395622 
 54.845367  69.527657  85.006561  101.262184  118.219055  135.126404  149.572968  158.461563  161.025162  156.971100  147.563278  131.892975  114.382507  97.590782  81.323128  66.024689  52.292183 
 54.190514  68.538437  83.795624  99.610153  115.999695  132.236404  146.377350  155.482651  158.011246  153.798279  144.264999  128.845474  111.857346  95.595627  80.130783  65.251251  51.819580 
 51.647911  65.419998  79.854378  94.750778  109.940941  124.484680  137.416092  145.958130  148.507813  144.277191  134.705475  121.168594  105.888596  91.278435  76.721405  62.666565  50.057808 
 48.512817  60.504059  73.717812  87.441872  100.725159  113.149994  123.977493  131.167496  133.434998  130.074844  121.766098  110.485313  97.379997  84.349686  71.035934  58.170784  47.164742 
 45.588490  54.785782  66.456253  78.823593  90.264999  100.657188  109.412811  115.184525  116.812805  113.970154  107.469376  98.239532  87.413124  75.886093  63.952499  52.725471  44.565678 
 43.929741  49.512032  58.333595  68.844376  79.093124  87.821404  94.839066  99.194687  100.442657  98.246246  93.244217  85.683441  76.489685  66.503281  56.078590  47.791874  43.361042 
 41.772655  46.022240  50.835052  59.023964  67.824379  75.083282  81.206978  84.594276  85.429955  83.879173  79.948593  73.725929  65.870522  57.163490  49.529640  44.961460  42.356876 
 } 
 GR Channel
 {
 50.620201  55.646461  61.331932  70.053070  78.797707  86.594795  92.542137  95.936302  97.264381  95.255203  91.029793  84.885468  77.008484  68.025726  59.065628  53.874527  50.795364 
 54.409798  61.096878  71.172966  82.764534  93.511871  102.916878  109.969841  114.661087  115.783127  113.255630  108.170624  100.312347  90.717033  80.004059  68.724373  59.048904  53.515366 
 57.018440  67.959686  81.094841  94.515472  106.985939  118.158905  127.292969  133.571243  135.385315  131.957657  124.942963  114.879837  103.390778  90.967186  78.041718  65.434532  55.849327 
 61.105675  74.991722  89.793434  104.646408  119.201874  132.737808  144.463287  152.434692  154.987808  151.060471  142.214691  129.281555  115.008286  100.628593  86.177658  71.756248  59.115005 
 65.388176  80.986717  96.864220  113.047501  129.615784  145.432190  159.372650  168.903275  171.689682  167.229218  157.278122  142.100937  125.191711  109.021873  93.064529  77.265778  62.870575 
 68.303337  84.945000  101.690002  118.939377  136.755005  154.509216  169.895630  179.548431  182.280151  178.131561  167.479691  150.927185  132.463287  114.604538  97.583435  81.053749  65.432922 
 69.531403  86.465782  103.703125  121.347809  139.632034  158.280945  173.978119  183.560318  186.228119  181.998749  172.247498  155.191254  136.097656  117.782501  99.989220  82.610939  66.725937 
 68.514534  85.240158  102.135628  119.157974  137.031555  154.813904  170.275467  180.247345  182.890320  178.697662  168.676880  151.908752  133.131088  115.279694  98.335785  81.649841  65.900055 
 65.737289  81.629372  97.655785  113.779373  130.286880  146.369690  160.520462  169.897339  172.723282  168.264221  157.912964  143.128906  126.243744  110.121872  94.190628  78.495941  63.724693 
 61.704269  75.884689  90.620003  105.556404  119.914215  133.551880  145.373749  153.363754  155.734528  152.286255  143.319839  130.865631  116.557816  102.398750  87.756721  73.169373  60.197296 
 58.227348  69.195465  82.430000  95.870003  108.425316  119.497345  128.974060  135.302811  137.128906  134.071243  127.027969  116.977341  105.373749  92.893753  79.606873  66.756874  57.080627 
 55.775314  62.801559  72.949684  84.749062  95.871872  105.349686  112.863754  117.489685  119.016556  116.507965  111.161247  103.097343  93.208122  82.263283  70.622032  60.913750  55.397507 
 52.540306  58.090317  64.159683  73.260315  83.076042  91.048851  97.452080  101.190102  102.251564  100.682762  96.310417  89.850464  81.396873  71.580574  62.793488  57.378746  53.699585 
 } 
 GB Channel
 {
 51.068855  55.965523  61.981873  71.304062  80.624268  88.950363  95.375572  99.199844  100.433182  98.556198  94.042976  87.057922  78.530983  68.956673  59.605461  54.002449  50.807030 
 54.278023  61.205940  71.635628  83.765312  95.128441  104.905159  112.548279  117.621719  118.929214  116.212662  110.666092  102.212502  92.049530  80.737503  68.858597  58.876404  53.291618 
 56.488121  67.593124  81.134377  95.061562  108.026253  119.760620  129.450150  136.170151  138.083755  134.717499  127.254379  116.440002  104.266876  91.330154  77.729530  64.849846  55.044640 
 60.139633  74.191093  89.477188  104.672653  119.730942  133.814056  145.958130  154.478745  157.250153  153.122971  143.853439  130.453278  115.514069  100.533752  85.480934  70.757034  57.931816 
 63.953903  79.637032  95.901093  112.474533  129.417038  145.893906  160.145782  170.031250  173.156723  168.570313  158.289536  142.588287  125.180939  108.320778  91.879059  75.761566  61.360725 
 66.553223  83.297813  100.190002  117.726089  135.862350  154.095779  169.768906  179.873749  182.757339  178.544846  167.686722  150.842819  131.829056  113.378281  95.823441  79.179688  63.499268 
 67.478958  84.540627  101.810623  119.737656  138.165161  157.033127  173.037033  183.153595  185.965469  181.850464  171.872498  154.535782  134.976089  116.149063  97.894997  80.441093  64.579216 
 66.449844  83.206718  100.140938  117.337662  135.372498  153.509216  169.181564  179.533127  182.375778  178.130936  168.019836  150.911560  131.854691  113.509369  96.253906  79.438591  63.993393 
 63.896454  79.738129  95.741249  112.115311  128.753281  144.980621  159.488434  169.122498  172.133743  167.661713  157.203125  142.017807  124.768753  108.493439  92.295624  76.441559  61.700737 
 60.089111  74.231407  89.102814  104.052658  118.563751  132.348282  144.459534  152.606247  155.209213  151.617966  142.640930  129.956100  115.320938  100.760315  85.922501  71.258125  58.371040 
 56.941406  67.865784  81.131874  94.760628  107.327660  118.689529  128.367188  134.808289  136.880005  133.724533  126.537811  116.304062  104.288910  91.526405  78.056091  65.191719  55.569839 
 54.842140  61.763596  72.042969  84.009689  95.284378  104.893280  112.620621  117.545776  119.034378  116.472961  110.976875  102.623909  92.474686  81.246094  69.429375  59.669220  54.189003 
 51.974632  57.455055  63.457764  72.891769  82.843544  91.080162  97.799370  101.750572  102.569374  100.887764  96.548126  89.624527  80.783028  70.977547  61.914368  56.354851  52.909424 
 } 
 B Channel
 {
 18.120884  20.533386  23.356251  27.891876  32.199478  36.003174  38.783646  40.368023  40.910782  40.024166  38.038071  34.894737  30.886303  26.480415  22.105885  19.471825  18.410572 
 19.835052  23.037342  27.930000  33.683125  38.881561  43.265469  46.571564  48.649689  49.101410  47.977501  45.555782  41.889530  37.219845  31.973751  26.461094  21.870781  19.753490 
 21.001404  26.164532  32.605938  39.134842  44.968437  50.131409  54.202499  56.885780  57.575157  56.078903  52.928284  48.326096  42.959843  37.017654  30.818748  24.947968  20.964008 
 22.752293  29.413124  36.652657  43.735313  50.396095  56.489685  61.671249  65.066872  65.957657  64.070625  60.125153  54.361565  47.924843  41.298283  34.493908  27.835468  22.570259 
 24.438488  31.958282  39.624687  47.327030  54.927032  62.007187  68.045624  71.910469  72.849533  70.791405  66.426247  59.578590  52.062500  44.682030  37.380783  30.219219  24.319012 
 25.756664  33.650002  41.547031  49.588593  57.681404  65.552658  72.116409  76.006721  77.007813  75.060471  70.363747  63.031876  54.901718  46.970314  39.220470  31.854061  25.479061 
 26.245052  34.278595  42.290627  50.417969  58.705154  66.810310  73.525314  77.472504  78.413750  76.453903  72.093285  64.619377  56.186562  48.171875  40.171093  32.420780  25.949741 
 25.859951  33.753906  41.567345  49.436562  57.396248  65.182030  71.817345  75.944847  76.922653  74.976875  70.599220  63.353279  55.077499  47.115002  39.437344  31.894218  25.585258 
 24.588123  32.121876  39.643749  47.206562  54.565781  61.515625  67.560310  71.457031  72.529373  70.513596  66.119843  59.636253  52.266403  45.097031  37.779221  30.578594  24.597549 
 22.790520  29.473438  36.518906  43.489220  50.069374  55.964996  60.986717  64.267654  65.224533  63.648750  59.878906  54.443123  48.139687  41.647655  34.833752  28.118595  22.874634 
 21.213333  26.333752  32.723595  39.130001  44.953438  49.942970  54.006721  56.573753  57.245628  55.870316  52.840157  48.475159  43.193748  37.396873  31.137814  25.171719  21.339428 
 20.328388  23.612343  28.575314  34.323437  39.702656  44.176250  47.545937  49.479065  49.947968  48.837967  46.494999  42.789845  38.130936  32.917030  27.256718  22.777657  20.905361 
 19.353386  21.930050  24.991146  29.657188  34.577030  38.492500  41.629688  43.446980  43.744843  42.911510  40.929169  37.658386  33.470104  28.692654  24.168594  21.654945  20.749111 
 } 


 White Balance Data with optical Center Data
 r_center_x =  650 r_center_y =  476 
 gr_center_x =  634 gr_center_y =  502 
 b_center_x =  619 b_center_y =  519 
 gb_center_x =  650 gb_center_y =  487 
 r/gr 0.864173 
 b/gr 0.419243 
 gb/gr 0.997695 
 r_oc_ave 161.631104 
 b_oc_ave 78.413330 
 gr_oc_ave 187.035553 
 gb_oc_ave 186.604446 

 [AWB]
 RGr =  0.864173 
 BGr =  0.419243 
 GbGr =  0.997695 
 r_oc_ave =  161.631104 
 b_oc_ave =  78.413330 
 gr_oc_ave =  187.035553 
 gb_oc_ave =  186.604446 