 LEFT LENS SHADING DATA
 RED Channel
 {
 40.701878  44.338955  49.284119  57.511406  65.974899  73.309372  79.226608  83.017654  84.089523  82.464951  78.794167  72.761513  65.357292  57.241409  49.399223  44.737347  41.413177 
 42.820625  48.321877  57.192657  67.709534  77.671562  86.404373  93.650154  98.185783  99.592659  97.526405  92.842499  85.526718  76.689377  66.998283  56.716095  48.307968  43.346512 
 44.810989  53.957031  65.577187  77.659531  89.100784  99.820160  108.610779  114.681244  116.543121  113.796570  107.586250  98.424377  87.849373  76.717499  64.811249  53.580940  45.054268 
 48.064743  59.809532  73.116562  86.517342  99.916252  112.475311  123.486725  131.201096  133.774841  130.197342  122.255005  110.699844  98.070938  85.165466  71.874847  59.129845  47.847141 
 51.291672  64.668747  78.978905  93.807816  109.036247  123.657501  136.682663  145.639999  148.467194  144.354065  135.005783  121.445618  106.594215  91.909218  77.430779  63.541878  50.846870 
 53.536827  67.867035  82.957344  98.893906  115.334061  131.596878  145.874847  155.225784  158.063126  154.071091  144.051559  129.205307  112.806564  96.695465  81.364845  66.711090  52.905884 
 54.494164  69.221252  84.686409  101.089531  117.769226  134.904694  149.492035  158.803589  161.448120  157.663437  148.433121  132.916870  115.856094  99.271095  83.142502  67.957809  53.832809 
 53.854744  68.229530  83.526566  99.194061  115.565475  131.939056  146.155319  155.267807  158.059067  154.127975  144.902191  129.674225  113.071243  97.078590  81.744530  66.980156  53.147446 
 51.701668  65.211250  79.485939  94.459846  109.568596  124.312027  137.099686  145.785156  148.414536  144.640778  135.259842  121.864380  107.035469  92.504059  78.251717  64.207184  51.160522 
 48.469063  60.281563  73.429840  87.255157  100.493591  112.955154  123.702026  131.103287  133.522507  130.413284  122.354538  111.039215  98.550934  85.782028  72.521408  59.583595  48.147552 
 45.676041  54.751877  66.476715  78.767189  90.274216  100.518753  109.236252  115.203903  117.104218  114.515778  108.087189  99.124535  88.686562  77.416252  65.498596  54.159691  45.528435 
 44.239376  49.621872  58.533440  68.983749  79.018906  87.711716  94.764847  99.434372  100.774841  98.752655  93.780159  86.452499  77.631561  67.838753  57.499847  48.944847  44.029217 
 42.150208  45.937710  50.467186  58.406258  66.921616  74.180260  80.028389  83.692711  84.750053  83.392860  79.420784  73.602921  66.039894  57.492500  49.781715  45.258385  41.910053 
 } 
 GR Channel
 {
 50.838020  55.985939  61.835518  71.102966  80.325317  88.330261  94.191040  98.021515  99.334373  97.740471  93.885941  87.795151  79.641922  70.527809  61.555679  55.941093  51.814430 
 53.994270  60.948441  71.183441  82.877342  93.716560  103.196716  110.298126  115.010468  116.653122  114.403595  109.623436  101.724533  92.252968  81.751564  70.316719  60.571716  54.634850 
 56.821777  67.764687  80.968750  94.351563  106.712814  118.239380  127.227341  133.305939  135.436722  132.656723  125.922974  116.135315  104.823753  92.647034  79.698906  67.085312  56.836563 
 60.765305  74.532814  89.568748  104.297501  118.853287  132.751404  144.177185  152.088745  154.765152  150.913437  142.372498  130.000626  116.313278  102.321404  87.912186  73.493439  60.430939 
 64.537346  80.264221  96.178749  112.392029  129.221405  145.213593  159.457504  168.593597  171.295319  166.898132  157.164536  142.199066  125.998444  110.199371  94.271095  78.707809  63.996986 
 67.582657  84.217033  100.972191  118.238281  136.272964  154.225159  169.937195  179.499695  181.814682  177.497498  167.071869  150.941879  133.002029  115.489059  98.740936  82.438904  66.607452 
 68.824371  85.551872  102.868752  120.724533  139.113281  157.914215  173.867966  183.517502  185.708755  181.500931  171.929062  155.313751  136.590469  118.502975  100.952187  83.896561  67.801979 
 67.802399  84.466560  101.492035  118.716095  136.682343  154.769226  170.437500  180.069061  182.390152  178.085159  168.320007  151.584381  133.067963  115.813431  99.129845  82.733124  66.753540 
 65.065529  81.035934  96.980316  113.398743  130.049850  146.372971  160.239380  169.509216  172.139221  167.957504  157.556091  142.729538  126.316879  110.617813  94.982033  79.392502  64.426659 
 61.116196  75.208908  90.130470  105.377342  120.006714  133.377808  144.892654  152.849533  155.343597  152.236404  143.379059  130.965622  116.893280  102.997658  88.497658  73.951408  60.813278 
 57.776413  68.715782  82.184059  95.878593  108.262032  119.324371  128.700470  135.061722  136.968277  134.141876  127.275940  117.575943  106.224846  93.807816  80.449997  67.580627  57.588539 
 55.563911  62.723282  72.907341  84.452499  95.397972  104.836403  112.277191  117.036880  118.440628  116.175308  110.861252  103.069687  93.680779  82.852188  71.232033  61.394531  55.435997 
 52.408073  57.498489  63.080887  71.891251  81.241928  89.076614  95.249687  99.203537  100.296867  98.881149  94.495003  88.212601  79.975159  70.755936  61.866402  56.452240  52.150993 
 } 
 GB Channel
 {
 51.174065  56.270317  62.650414  72.356567  82.256348  90.773438  97.198906  101.339111  102.906456  100.955940  96.796036  90.066620  81.252602  71.633331  62.129845  56.361298  51.918388 
 53.888649  61.097809  71.663750  83.902809  95.249687  105.304688  113.059525  118.292664  119.989380  117.608444  112.349380  103.813904  93.729691  82.628754  70.651718  60.589844  54.429634 
 56.152031  67.361404  81.006561  94.875778  107.887497  119.981720  129.534058  136.138748  138.499695  135.619690  128.317505  117.947189  105.900467  93.175003  79.679222  66.606094  56.327965 
 59.685257  73.741722  89.064217  104.329063  119.333130  133.879379  145.942963  154.558594  157.434845  153.412033  144.433899  131.395630  116.923279  102.338593  87.400467  72.604065  59.252808 
 63.226463  78.919373  95.164841  111.747345  129.015778  145.651566  160.366882  170.091873  173.109680  168.661087  158.384369  142.940933  126.019226  109.629997  93.245941  77.345001  62.628754 
 65.777290  82.345627  99.255783  117.004379  135.369370  153.797028  169.855164  179.930313  182.521255  178.290939  167.510162  150.873749  132.455627  114.428436  97.190628  80.725624  64.712288 
 66.631096  83.510468  100.975624  118.920151  137.476257  156.711563  172.959839  182.989685  185.682190  181.417496  171.505005  154.582809  135.546097  116.992966  99.050629  81.834846  65.625046 
 65.733231  82.309059  99.364845  116.725311  134.802338  153.192810  169.155945  179.167343  181.907349  177.540619  167.725784  150.574997  131.905624  114.122650  97.238907  80.671410  64.852036 
 63.052185  78.872185  94.957031  111.507187  128.196411  144.754684  158.951874  168.389999  171.371094  167.335632  156.914536  141.696411  124.998444  108.915779  93.113907  77.407501  62.484993 
 59.391930  73.524216  88.369690  103.763908  118.366882  132.077347  143.762970  151.985306  154.792038  151.562500  142.603592  129.846252  115.586411  101.518906  86.766716  72.177185  59.032600 
 56.286613  67.383904  80.860466  94.542503  107.096878  118.260620  127.824524  134.455475  136.536407  133.747025  126.725006  116.804214  105.156715  92.490311  79.122810  66.160004  56.199585 
 54.520836  61.566254  71.878906  83.558746  94.567657  104.175003  111.931404  116.904526  118.547028  116.193588  110.779846  102.705002  92.923279  81.958282  70.153595  60.324371  54.410210 
 51.790413  56.832085  62.339111  71.344582  80.949951  88.977501  95.417862  99.630165  100.735161  99.217140  94.840462  88.183754  79.772240  70.076820  61.081299  55.686882  51.446877 
 } 
 B Channel
 {
 18.035469  20.395470  23.510159  28.219688  32.729687  36.606094  39.792656  41.648022  42.224117  41.361095  39.534740  36.467030  32.491825  27.910938  23.468071  20.721825  19.127655 
 19.003799  22.186092  27.147030  32.752186  37.929688  42.345470  45.807030  48.090935  48.741409  47.686718  45.444530  41.876408  37.344532  32.295937  26.764530  22.009533  19.703487 
 20.076351  25.250938  31.526562  37.872971  43.679218  48.936249  53.147812  55.939529  56.824532  55.444061  52.593124  48.134377  42.943283  37.237499  31.023438  24.896252  20.622082 
 21.829117  28.301407  35.409218  42.319530  48.900627  55.061722  60.242653  63.752029  64.783592  63.161407  59.370628  53.893906  47.776562  41.379375  34.539532  27.738750  22.006252 
 23.501564  30.779064  38.256405  45.731564  53.179840  60.199371  66.339378  70.268280  71.402969  69.526566  65.205940  58.758591  51.616096  44.464062  37.132969  29.905312  23.613228 
 24.700050  32.352345  40.167656  47.993595  55.920471  63.731094  70.343903  74.307503  75.355156  73.527031  69.019218  61.985779  54.170624  46.417500  38.900780  31.404999  24.627502 
 25.050468  32.802345  40.835312  48.846565  56.876404  64.884216  71.532188  75.547653  76.610313  74.783752  70.532341  63.251404  55.250778  47.429844  39.660469  31.893280  25.032658 
 24.525570  32.260780  40.198906  47.941719  55.767654  63.419220  69.832497  73.850311  74.763435  72.972191  68.779373  61.603752  53.772812  46.201248  38.799686  31.317501  24.629166 
 23.277397  30.700314  38.221249  45.688438  52.846252  59.748909  65.643127  69.300781  70.187035  68.354691  63.993752  57.716248  50.827499  43.985313  36.989532  29.848438  23.575104 
 21.586197  28.161407  35.177658  42.104843  48.466560  54.281250  59.081253  62.090157  62.839996  61.358124  57.683441  52.535622  46.642502  40.545780  34.035156  27.418438  21.850937 
 20.190418  25.303749  31.570313  37.838749  43.448124  48.186096  52.003906  54.458435  55.074997  53.830154  50.900627  46.723282  41.874687  36.367188  30.392345  24.463280  20.429325 
 19.430309  22.545311  27.334530  32.722813  37.627811  41.696877  44.866249  46.788593  47.298126  46.357033  44.108280  40.615158  36.399220  31.475155  26.118126  21.580467  19.388176 
 18.310726  20.435726  22.916824  26.856560  31.058647  34.645622  37.390419  39.025887  39.582291  38.877659  37.041824  34.185364  30.469425  26.046200  21.906872  19.426510  17.864010 
 } 


 White Balance Data with optical Center Data
 r_center_x =  658 r_center_y =  480 
 gr_center_x =  654 gr_center_y =  477 
 b_center_x =  618 b_center_y =  479 
 gb_center_x =  626 gb_center_y =  487 
 r/gr 0.869563 
 b/gr 0.412187 
 gb/gr 1.002553 
 r_oc_ave 161.982224 
 b_oc_ave 76.782219 
 gr_oc_ave 186.279999 
 gb_oc_ave 186.755554 

 [AWB]
 RGr =  0.869563 
 BGr =  0.412187 
 GbGr =  1.002553 
 r_oc_ave =  161.982224 
 b_oc_ave =  76.782219 
 gr_oc_ave =  186.279999 
 gb_oc_ave =  186.755554 