 LEFT LENS SHADING DATA
 RED Channel
 {
 40.682758  44.511929  49.507500  57.707863  65.908958  73.423859  78.824844  81.829742  82.572556  80.445633  76.247238  69.793434  62.221458  54.026306  46.492558  42.296982  39.944477 
 43.271511  49.171722  58.315002  68.688904  78.640625  87.330940  94.147972  98.177032  99.003593  96.364372  90.852028  83.089691  73.938126  64.049843  54.034843  45.971561  41.288643 
 45.721409  55.379532  67.127655  79.335785  90.856247  101.163124  109.611404  114.888123  116.123276  112.693909  105.773438  96.021561  85.066719  73.717499  62.069534  51.113434  42.650105 
 49.381035  61.843124  75.257660  88.914063  102.203590  114.508438  124.890472  131.699066  133.405319  129.271713  120.590942  108.384842  95.326721  82.187500  69.190468  56.551559  45.354477 
 53.124687  67.218437  81.761093  96.752968  111.791718  126.054840  138.422806  146.290161  148.151245  143.403900  133.573914  119.381088  103.977028  89.251404  74.881721  61.138123  48.486458 
 55.858383  70.758591  86.141251  102.133125  118.389847  134.257507  147.801407  155.935623  157.771255  153.103912  142.602966  127.034058  110.138748  94.141090  78.671722  64.347656  50.664528 
 56.934952  72.178909  88.090622  104.526093  121.086243  137.566879  151.226715  159.512497  161.406097  156.684372  146.810471  130.780945  113.359528  96.664528  80.624222  65.663124  51.557289 
 56.305466  71.296097  86.866562  102.735466  118.899216  134.560623  148.030472  156.514999  158.459839  153.671402  143.759842  128.052032  110.769379  94.770622  79.421410  64.791252  51.060837 
 54.006042  68.288124  83.092033  98.173904  112.853439  126.873749  139.158127  147.056870  148.923904  144.284851  134.442184  120.541870  105.204529  90.542503  76.112656  62.238907  49.251610 
 50.812248  63.328278  76.974060  90.722809  103.715157  115.642975  125.822037  132.438751  133.959213  130.419846  121.997498  110.287033  96.999847  83.998123  70.725159  57.871872  46.463547 
 48.069374  57.541878  69.448280  81.777191  93.383591  103.272499  111.668907  116.791245  118.040939  115.023285  108.122032  98.478905  87.502190  75.861092  63.980003  52.735626  44.126461 
 46.376667  51.958748  60.900627  71.579529  81.805626  90.414688  97.117340  101.059059  102.108437  99.602814  94.167191  86.259689  76.868752  66.668434  56.173126  47.809219  42.892761 
 43.387081  47.471249  52.253960  60.289742  69.089798  76.279274  82.146301  85.366982  86.066353  84.335724  79.944687  73.295937  65.125000  56.257187  48.664795  44.114426  40.843594 
 } 
 GR Channel
 {
 51.858337  56.597084  62.694588  71.617287  80.570938  88.417603  93.923180  96.937813  97.634422  95.076874  90.945152  84.324844  76.290993  67.596664  59.309639  54.332191  51.208855 
 55.320007  62.617500  73.046249  84.578125  95.219688  104.280937  111.206718  115.215317  116.050476  113.051880  107.410782  99.492966  89.978279  79.355003  68.179840  58.818436  53.101357 
 58.437347  70.005470  83.301407  96.618439  109.102188  119.942963  128.753281  134.202499  135.296875  131.554993  124.421097  114.387817  102.756721  90.518127  77.510315  64.928749  55.003334 
 62.850883  77.591095  92.629684  107.554222  122.070313  135.277649  146.313126  153.292343  154.747818  150.461411  141.460159  128.679382  114.557663  100.230156  85.774216  71.271095  58.110054 
 67.360619  83.810623  99.995316  116.535934  132.885941  148.433746  161.613434  169.832809  171.417969  166.447662  156.274368  141.321411  124.434525  108.265312  92.317184  76.543747  61.784164 
 70.686874  87.939377  105.129997  122.538284  140.504837  157.658752  172.037964  180.324844  181.816254  177.382187  166.770935  150.395004  131.892807  113.978119  96.837814  80.519844  64.204636 
 71.928383  89.641090  107.397972  125.338440  143.514847  161.424057  175.922653  184.342651  186.000153  181.371399  171.677658  154.939529  135.652039  117.132187  99.087814  81.870781  65.116409 
 71.040367  88.540154  105.839218  123.239685  140.943756  158.121872  172.691406  181.237656  182.891403  178.343597  168.634689  151.972183  132.800156  114.735626  97.558746  80.821877  64.513123 
 68.398651  84.972809  101.345467  117.826874  134.002029  149.318756  162.860626  171.275940  173.278442  168.665314  158.246719  143.237350  126.290466  109.894684  93.741875  77.862030  62.391411 
 64.619690  79.245941  94.344688  109.389221  123.382813  136.488754  147.791092  155.076401  156.986252  153.237503  144.295471  131.435471  116.952499  102.426247  87.548439  72.741409  58.947861 
 61.158951  72.384377  85.732811  99.114059  111.601563  122.325150  131.476715  137.326248  138.958130  135.626251  128.318588  117.912186  106.231407  93.322815  79.804062  66.693123  56.092712 
 58.704582  65.639999  75.663910  87.363907  98.553436  107.690315  114.989532  119.459061  120.431091  117.864838  112.269531  103.887657  93.775627  82.594688  70.803596  60.867813  54.437393 
 54.527504  59.632088  65.035774  74.117027  83.780937  91.644058  97.584320  100.916145  102.039635  100.062553  95.425987  88.486618  79.931458  70.340103  61.422554  56.191566  51.811562 
 } 
 GB Channel
 {
 52.342453  57.649948  64.234581  73.889320  83.443336  92.087708  98.298798  101.758484  102.452446  99.840942  94.903961  87.618385  78.836555  69.358803  60.257759  54.951454  51.567711 
 55.444946  63.167656  74.141251  86.329529  97.773750  107.571877  115.216095  119.647034  120.581406  117.427185  111.161873  102.419846  92.104065  80.589844  68.837967  58.886871  52.966881 
 58.173599  70.051720  83.815781  97.862968  110.972656  122.699692  132.155472  137.984222  139.271408  135.393280  127.673599  116.715622  104.145157  91.188904  77.574219  64.460159  54.283279 
 61.895889  77.036095  92.463440  107.915779  123.090149  137.003906  148.726089  156.320160  157.872971  153.349060  143.808289  130.090775  115.134369  100.167030  85.070000  70.166878  56.846039 
 66.041878  82.538124  99.079063  116.026718  133.097504  149.154526  163.073441  171.773911  173.558441  168.400940  157.742813  141.997025  124.382813  107.378281  90.844063  74.901093  59.996307 
 68.841461  86.099373  103.361717  121.294220  139.575775  157.321869  172.311401  181.087814  182.872818  178.115784  167.087967  149.987183  130.711243  112.270935  94.638596  78.104691  62.032608 
 69.651199  87.325157  105.269997  123.319214  141.878601  160.050308  175.117035  183.892807  185.809372  181.005783  171.125473  153.705627  133.950623  114.868744  96.536247  79.269066  62.772392 
 68.709587  86.092499  103.495628  120.901093  138.806870  156.261719  171.119843  180.276566  182.137192  177.451096  167.322342  150.235306  130.735474  112.282028  94.847969  78.060471  61.972763 
 66.251823  82.720779  99.028435  115.619537  131.817032  147.491257  161.381256  170.131256  172.325317  167.555786  156.997345  141.494995  124.021713  107.396561  90.995781  74.966560  59.740730 
 62.725883  77.218597  92.309998  107.320465  121.444382  134.833588  146.345001  153.937347  155.916565  152.142807  142.845306  129.572342  114.676254  100.008438  85.000313  70.082657  56.552864 
 59.582504  70.766251  84.062035  97.474533  110.035469  120.955780  130.339371  136.359680  137.923431  134.608276  127.034225  116.353592  104.035004  91.107346  77.417969  64.356873  53.832710 
 57.514526  64.257660  74.293282  86.071716  97.223747  106.660004  114.142029  118.857651  119.863434  117.133118  111.221565  102.479065  92.048752  80.619064  68.745628  58.815628  52.715202 
 53.697449  58.579109  64.095154  73.172760  82.824173  90.966667  97.297661  100.795784  101.605103  99.728966  94.587807  87.452812  78.561668  68.649895  59.868546  54.589790  50.404793 
 } 
 B Channel
 {
 18.172554  20.433800  23.542343  28.266872  32.916145  37.049896  39.737553  41.279221  41.493073  40.241562  38.112865  34.743385  30.707085  26.390053  22.206665  19.527657  18.408909 
 19.341301  22.802345  28.037968  33.911877  39.377811  43.792812  47.114845  48.884842  49.129532  47.664063  44.918907  41.078594  36.551250  31.428593  26.064999  21.498280  19.036407 
 20.572083  26.115002  32.753281  39.486252  45.569843  50.657188  54.766876  57.006874  57.339691  55.457497  52.132813  47.507656  42.174843  36.414063  30.285938  24.224377  19.826874 
 22.394218  29.503593  36.977501  44.375782  51.275314  57.229530  62.157814  64.992035  65.319374  63.157654  59.156563  53.400940  47.095779  40.645626  33.900467  27.073437  21.286354 
 24.272659  32.297031  40.283905  48.280937  55.787659  62.747032  68.474686  71.652496  71.974373  69.686409  65.205315  58.646095  51.227188  43.987656  36.689529  29.413906  22.898281 
 25.739948  34.080154  42.475780  50.590622  58.691093  66.290314  72.351250  75.547188  75.872185  73.845154  69.241562  62.075310  53.990936  46.086720  38.404373  30.879845  23.937969 
 26.251514  34.752968  43.312500  51.496719  59.681404  67.435623  73.452972  76.567810  77.250626  75.240936  70.992188  63.519218  55.147659  47.252811  39.249374  31.454063  24.232395 
 25.879009  34.299217  42.521873  50.404221  58.221252  65.486717  71.532654  74.933594  75.705154  73.775002  69.559372  62.385315  54.076721  46.184532  38.526562  30.881405  23.904533 
 24.826721  32.773594  40.451248  47.910469  54.936722  61.509689  67.135315  70.565628  71.484222  69.567497  65.180466  58.678436  51.223282  44.080936  36.846718  29.477501  22.831249 
 23.204529  30.085155  37.136719  43.958439  50.105003  55.699997  60.472504  63.610939  64.518593  63.025314  59.159843  53.500313  47.129063  40.729687  33.962814  27.133438  21.200939 
 21.890259  26.891720  33.015469  39.095314  44.709217  49.351250  53.402344  55.951721  56.716560  55.413910  52.184845  47.531406  42.364845  36.506405  30.311718  24.293594  19.780048 
 21.027760  23.685471  28.134533  33.423752  38.517502  42.719845  46.138748  48.111404  48.663910  47.606094  45.046093  41.233749  36.669376  31.511250  26.018436  21.450157  19.007030 
 19.288177  20.846096  22.953487  27.172501  31.635418  35.310467  38.346252  40.069946  40.462032  39.586720  37.472134  34.194584  30.309376  25.729584  21.621769  19.214531  17.789116 
 } 


 White Balance Data with optical Center Data
 r_center_x =  638 r_center_y =  485 
 gr_center_x =  655 gr_center_y =  511 
 b_center_x =  624 b_center_y =  453 
 gb_center_x =  643 gb_center_y =  478 
 r/gr 0.867222 
 b/gr 0.414401 
 gb/gr 0.998453 
 r_oc_ave 161.919998 
 b_oc_ave 77.373337 
 gr_oc_ave 186.711105 
 gb_oc_ave 186.422226 

 [AWB]
 RGr =  0.867222 
 BGr =  0.414401 
 GbGr =  0.998453 
 r_oc_ave =  161.919998 
 b_oc_ave =  77.373337 
 gr_oc_ave =  186.711105 
 gb_oc_ave =  186.422226 