 LEFT LENS SHADING DATA
 RED Channel
 {
 41.147968  45.178383  50.165985  58.422707  66.937813  74.205780  79.927246  83.306404  84.570778  82.862190  78.902443  72.654221  65.010468  56.691406  49.069008  44.618126  42.097294 
 43.259220  48.943596  57.958282  68.415627  78.439064  87.066406  94.134529  98.639534  100.006409  97.767189  92.787659  85.201096  76.154846  66.277031  56.039215  47.820625  43.501041 
 45.283123  54.566872  66.224686  78.423126  89.900467  100.354065  109.100937  114.958435  116.854065  114.015152  107.403282  97.952347  87.065781  75.745628  63.916565  52.950623  44.988956 
 48.373024  60.630936  73.932030  87.489059  100.742653  113.302185  124.433121  131.955154  134.344681  130.765778  122.369995  110.379059  97.499062  84.275627  71.204063  58.393753  47.631252 
 51.803078  65.594528  80.036095  94.875313  110.052185  124.850159  137.985306  146.671249  149.396561  145.161560  135.585312  121.486557  106.128754  91.410469  76.903122  62.934372  50.677292 
 54.175781  68.812653  84.099686  99.927185  116.485153  133.126724  147.440155  156.550629  159.115631  155.181717  144.896255  129.337189  112.443909  96.186874  80.772346  66.134216  52.746094 
 55.103333  70.128754  85.673439  102.054840  119.084381  136.310944  150.910934  160.195465  162.692810  158.737030  149.325943  133.261093  115.572037  98.727654  82.590309  67.352501  53.826660 
 54.575317  69.252815  84.536247  100.300003  116.938904  133.279694  147.653275  157.042969  159.534531  155.579056  146.111725  130.389694  113.089844  96.741249  81.404533  66.648903  53.274117 
 52.384430  66.315468  80.717812  95.700623  110.883438  125.691559  138.785461  147.621872  150.065308  146.061096  136.526413  122.559067  107.267654  92.504059  78.084061  64.008904  51.377037 
 49.348854  61.493439  74.790939  88.392502  101.632660  114.100006  124.970154  132.511414  134.812027  131.629684  123.330475  111.777496  98.800316  85.794373  72.370941  59.514687  48.336769 
 46.234215  55.632347  67.394684  79.632500  91.327812  101.570000  110.267654  116.282806  118.089066  115.420776  108.876251  99.622498  88.804840  77.470940  65.476250  54.061722  45.787342 
 44.444843  50.331718  59.245628  69.917343  80.167816  88.851715  95.789215  100.284065  101.555153  99.442810  94.427185  87.016716  77.939377  67.984840  57.483124  48.954063  44.256145 
 42.433598  46.379429  51.260208  59.209641  67.851982  74.906929  80.664009  84.211563  85.307869  83.814484  79.713020  73.648178  66.017288  57.397133  49.638954  45.084480  42.086979 
 } 
 GR Channel
 {
 50.189682  55.624275  61.450264  70.360001  79.527496  87.779640  93.968910  97.760521  99.202965  97.241409  93.114326  86.478493  78.141769  68.915726  60.130577  55.171562  52.405731 
 53.633026  60.605934  70.720467  82.328751  93.372498  102.727341  110.324532  115.243439  116.722351  114.344528  109.015778  101.035782  91.188438  80.242813  68.712029  59.160309  54.268227 
 56.360367  67.227654  80.386406  93.961250  106.528595  117.716873  127.211090  133.711563  135.565155  132.670944  125.745163  115.710785  103.773125  91.125153  77.739998  65.112343  55.781715 
 60.315781  74.511406  89.468750  104.407654  118.756714  132.503601  144.231094  152.383743  154.990631  151.298126  142.682495  129.814377  115.682968  100.973434  86.243126  71.644066  59.079895 
 64.349480  80.370316  96.441559  112.781250  129.207336  145.054993  158.988907  168.173904  171.177032  166.983749  157.142029  142.284225  125.513443  109.105621  92.812187  77.003593  62.397552 
 67.388802  84.244843  101.363747  118.617188  136.365631  154.117340  169.289993  178.864212  181.603912  177.669998  167.239532  151.147339  132.610626  114.738129  97.447815  80.792503  65.135002 
 68.638382  85.926094  103.357185  121.242493  139.459839  157.835312  173.236557  182.824692  185.378754  181.647339  172.113754  155.462341  136.430939  117.933594  99.761566  82.287186  66.274681 
 67.791351  84.829689  101.957970  119.332336  137.123123  154.566559  169.681091  179.486252  182.137497  178.387192  168.798279  152.366409  133.609222  115.569687  98.264061  81.487656  65.912453 
 65.234116  81.311409  97.608437  114.180313  130.607346  146.470627  160.301880  169.570007  172.119537  168.099838  158.368286  143.684845  126.928589  110.559845  94.313278  78.144218  63.421509 
 61.317032  75.615158  90.661407  105.787971  120.318130  133.925629  145.487030  153.432495  155.844681  152.500000  143.949371  131.686096  117.250931  102.757347  87.706879  72.872185  59.957603 
 57.587662  68.805779  82.214844  95.886093  108.873596  120.171249  129.623901  135.888123  137.609070  134.587967  127.802185  117.805466  106.022346  93.266251  79.726875  66.629845  56.947968 
 55.151039  62.283127  72.661560  84.698593  96.122032  105.712189  113.463913  118.085632  119.355621  116.915787  111.425468  103.484375  93.470001  82.395470  70.533279  60.638596  55.242134 
 51.683952  57.133537  63.021980  72.039635  81.692657  89.515526  95.986191  100.105202  100.869377  99.094322  94.478172  87.995628  79.691254  70.029839  61.105995  55.986305  52.287971 
 } 
 GB Channel
 {
 50.726616  56.162025  62.172554  71.658653  81.329163  90.078751  96.714577  100.596199  102.042244  100.116257  95.443184  88.261299  79.310989  69.476974  60.469841  55.248856  52.315521 
 53.647034  60.725159  71.146095  83.132813  94.724998  104.607498  112.695007  117.966400  119.472031  116.822495  111.150467  102.559845  92.024529  80.590309  68.544220  58.878441  53.962189 
 55.870567  66.904533  80.401878  94.441559  107.567810  119.300156  129.136566  135.842346  137.958755  134.805939  127.524368  116.864059  104.394997  91.229691  77.263748  64.430779  55.041824 
 59.288803  73.727341  89.018440  104.486877  119.329376  133.433746  145.667496  154.175156  156.883743  153.002029  143.994370  130.609528  115.794846  100.660934  85.331566  70.478752  57.932083 
 62.913849  79.095940  95.452499  112.135941  129.008591  145.242966  159.696243  169.205780  172.322815  167.929840  157.862808  142.415314  125.093750  108.206879  91.523285  75.370468  60.909431 
 65.615570  82.587029  99.855156  117.425781  135.539215  153.536560  168.992188  178.983276  181.869995  177.834534  167.142807  150.633591  131.678589  113.282806  95.630157  78.694221  63.192757 
 66.524429  83.899216  101.494064  119.664215  138.113434  156.727966  172.350632  182.278748  185.020935  181.235626  171.518280  154.448593  135.036087  116.217026  97.622498  80.021721  64.164429 
 65.707809  82.769066  99.980156  117.534058  135.711411  153.301559  168.686096  178.806091  181.543274  177.779526  168.093445  151.243591  132.152496  113.717651  96.144844  79.237503  63.587082 
 63.149010  79.400467  95.750465  112.486404  129.235306  145.404373  159.342819  168.792969  171.501877  167.537964  157.581726  142.707657  125.512024  108.727501  92.281250  76.060783  61.523491 
 59.663277  74.130157  89.183594  104.623123  119.288132  133.051712  144.690155  153.002502  155.414841  152.028122  143.214996  130.658752  116.018600  101.154999  85.900780  71.043594  58.140884 
 56.473282  67.643906  81.222656  95.082344  108.222191  119.690781  129.306870  135.761871  137.459534  134.417816  127.335312  117.050476  104.968285  91.951096  78.279373  65.011566  55.420723 
 54.438385  61.489845  71.994064  84.168907  95.819534  105.643440  113.586868  118.441406  119.713745  117.093903  111.327972  103.118126  92.899689  81.445160  69.465622  59.522186  54.130104 
 51.469215  56.738380  62.778641  72.080780  81.973900  90.159271  96.778542  100.747032  101.874580  99.916199  94.961090  88.264374  79.493019  69.620361  60.450211  55.119270  51.604271 
 } 
 B Channel
 {
 19.042236  21.580574  24.454269  29.097813  33.917347  37.958229  41.033176  42.743069  43.202450  42.204006  40.140938  36.765728  32.544010  27.838337  23.434425  20.899216  19.964638 
 20.243073  23.710781  28.949688  34.920311  40.502968  45.034061  48.614220  50.780785  51.346405  50.115471  47.518436  43.625313  38.712967  33.320000  27.489220  22.876095  21.108383 
 21.246300  26.618595  33.255001  39.999687  46.133595  51.422188  55.752815  58.529373  59.245941  57.749062  54.510468  49.752655  44.034218  37.939220  31.477188  25.331718  21.616508 
 22.850830  29.706249  37.119064  44.392967  51.203590  57.488747  62.716248  66.154373  67.014999  65.256096  61.277809  55.358437  48.757500  41.919064  34.932655  28.053280  22.789322 
 24.533909  32.229530  40.123749  47.896408  55.496719  62.723907  68.789215  72.627190  73.617966  71.523285  66.982811  60.214066  52.581406  45.099220  37.575470  30.258125  24.226875 
 25.770367  33.836407  42.069687  50.218124  58.390778  66.309219  72.809998  76.646873  77.518440  75.719063  70.965935  63.629997  55.404999  47.326874  39.448280  31.832970  25.396923 
 26.288696  34.520157  42.800625  51.131409  59.480934  67.547188  74.059532  77.962967  78.802345  76.970001  72.700310  65.224686  56.753281  48.603127  40.392811  32.427189  25.951771 
 25.861618  33.967655  42.175938  50.197968  58.257500  65.975784  72.355621  76.424217  77.286873  75.506248  71.250153  63.981247  55.631248  47.559845  39.735783  32.058907  25.702862 
 24.719166  32.345001  40.135155  47.720627  55.175316  62.189690  68.196716  72.032501  72.999687  71.113907  66.700623  60.324219  52.809532  45.384998  38.010624  30.648125  24.588543 
 22.826252  29.698750  36.909687  44.044376  50.727501  56.724846  61.718285  65.078751  65.897972  64.350624  60.502029  55.048904  48.601715  42.000782  35.036407  28.207344  22.942554 
 21.177086  26.583752  33.066875  39.621250  45.617500  50.660004  54.672188  57.298279  57.999222  56.614372  53.542969  48.995003  43.682812  37.791718  31.393593  25.298283  21.474323 
 20.282814  23.595314  28.662655  34.445156  39.801876  44.174686  47.500626  49.523125  50.066559  48.953125  46.457500  42.772186  38.193283  32.889374  27.160938  22.542500  20.524170 
 18.799061  21.208229  24.056618  28.522446  33.208961  36.918022  39.810623  41.561043  41.961563  41.194794  39.168331  35.998856  31.892239  27.188541  22.884689  20.280830  19.113335 
 } 


 White Balance Data with optical Center Data
 r_center_x =  640 r_center_y =  502 
 gr_center_x =  655 gr_center_y =  497 
 b_center_x =  639 b_center_y =  514 
 gb_center_x =  653 gb_center_y =  480 
 r/gr 0.875725 
 b/gr 0.424339 
 gb/gr 0.997684 
 r_oc_ave 163.044449 
 b_oc_ave 79.004448 
 gr_oc_ave 186.182220 
 gb_oc_ave 185.751114 

 [AWB]
 RGr =  0.875725 
 BGr =  0.424339 
 GbGr =  0.997684 
 r_oc_ave =  163.044449 
 b_oc_ave =  79.004448 
 gr_oc_ave =  186.182220 
 gb_oc_ave =  185.751114 