 LEFT LENS SHADING DATA
 RED Channel
 {
 38.689011  42.311512  47.353180  55.415627  63.729378  70.866196  76.452347  79.947914  81.046036  79.470734  75.594009  69.615211  62.304848  54.121933  46.731922  42.463646  40.078644 
 41.489841  46.852970  55.666718  66.246872  76.108124  84.620155  91.585472  95.964996  97.379372  95.282814  90.222969  83.130623  74.276718  64.550468  54.421722  46.339062  42.240311 
 43.680466  52.624847  64.040779  76.224686  87.549843  97.918121  106.345940  112.198288  114.162033  111.635315  105.145470  96.060310  85.448280  74.317970  62.475937  51.502029  43.720989 
 46.908962  58.530624  71.554688  84.989220  98.158440  110.407341  121.270157  128.755005  131.155777  128.072968  119.848129  108.218124  95.460785  82.737030  69.582657  56.885780  46.367653 
 50.193390  63.518593  77.479691  92.065628  107.111565  121.548431  134.559692  143.142807  145.964066  141.990463  132.657349  118.898590  103.845627  89.606247  75.221565  61.430153  49.279526 
 52.556664  66.861252  81.507813  97.005623  113.329529  129.633286  143.750305  152.885620  155.332657  151.333435  141.553757  126.630783  109.867813  94.224373  78.932190  64.492653  51.379120 
 53.573334  68.181252  83.275780  99.268127  115.893906  132.791870  147.414215  156.458755  159.047653  155.083588  145.664993  130.433289  113.077026  96.741096  80.681877  65.646248  52.022079 
 52.623276  67.151405  82.055939  97.544220  113.826248  129.842499  144.090317  153.324844  155.818283  151.675156  142.466568  127.356720  110.459061  94.706718  79.319374  64.703903  51.491196 
 50.471245  63.981247  78.228905  93.003906  107.805000  122.156555  135.030472  143.802338  146.367813  142.308594  132.944534  119.519058  104.684372  90.194687  75.672340  61.794685  49.448029 
 47.139008  59.167969  72.427032  85.896248  98.845154  111.176720  121.714691  129.252350  131.547501  128.095932  120.012024  108.865936  96.107658  83.419060  69.970779  57.172340  46.470882 
 44.113956  53.471878  65.208282  77.355003  88.839844  99.008751  107.438751  113.343597  115.143433  112.535004  106.043282  96.860626  86.257347  75.109688  62.891563  51.792816  44.014065 
 42.351665  48.151253  56.889847  67.487816  77.625313  86.143127  93.145622  97.564529  99.054062  97.054222  91.858597  84.290001  75.352188  65.487816  55.045624  46.913437  42.607189 
 39.848747  43.785419  48.671303  56.561554  65.228226  72.290215  77.956871  81.527237  82.643639  81.219009  77.150887  70.945831  63.208855  54.689056  47.287708  42.882603  40.026352 
 } 
 GR Channel
 {
 49.561615  54.597862  60.590988  69.594421  78.710938  86.416298  92.518852  96.380730  97.651253  95.488380  91.578545  85.273697  77.194893  68.363907  59.826202  54.946877  51.579376 
 53.974945  60.660156  70.850784  82.612968  93.547188  102.683594  110.088440  114.865311  116.383743  113.934845  108.739372  101.051407  91.559059  80.909531  69.440155  60.101875  54.766457 
 57.218231  67.755310  80.671722  94.090469  106.715622  118.039993  127.300934  133.718124  135.831100  132.838913  125.912186  116.225159  104.710159  92.303909  79.013435  66.404221  57.032341 
 61.233490  74.918282  89.467499  104.308281  118.827652  132.619690  144.497345  152.571411  155.319061  151.782181  143.141876  130.572342  116.375000  102.299217  87.519218  72.925781  60.401405 
 65.317757  80.731720  96.434372  112.436401  129.132339  145.358597  159.477341  168.731247  171.809692  167.584061  158.002808  143.114685  126.392654  110.345154  94.143440  78.377342  64.024643 
 68.229424  84.704216  101.175316  118.262024  136.305939  154.307495  169.790161  179.552032  181.928757  178.169067  168.026413  151.759842  133.494064  115.751556  98.491875  82.095467  66.496506 
 69.170525  86.215935  103.080002  120.792816  139.019379  157.648590  173.365311  183.177963  185.740158  181.997498  172.500778  156.155777  137.429993  118.915314  100.802185  83.498749  67.603333 
 68.293488  84.825783  101.646873  118.731567  136.715317  154.346558  169.868591  179.817184  182.378433  178.618591  169.113754  152.835312  134.291718  116.375473  99.071564  82.268753  66.652504 
 65.468231  81.199066  97.232498  113.507187  129.983124  145.932968  159.929382  169.529846  172.354538  168.436401  158.625626  144.104538  127.463913  110.983284  94.627655  78.871407  64.047867 
 61.213333  75.413750  90.353127  105.250000  119.618591  133.337036  145.011246  153.320786  155.917969  152.507965  144.137024  131.792664  117.547806  103.120628  88.101715  73.417030  60.500580 
 57.445152  68.693283  81.974373  95.430000  108.124374  119.278595  128.699524  135.229218  137.414993  134.614532  127.659378  117.646408  106.099846  93.347656  79.628593  66.974220  57.562347 
 54.908119  62.105621  72.291405  84.015938  95.090782  104.618279  112.194061  116.946411  118.919693  116.601089  111.129684  103.073753  93.218124  82.175934  70.499222  61.052971  55.563591 
 51.091461  56.467293  62.315361  71.030106  80.716820  88.450989  94.756981  98.431190  99.703850  98.414635  93.941353  87.526665  78.837715  69.533440  61.056931  55.952759  52.121513 
 } 
 GB Channel
 {
 49.216980  54.318642  60.538445  70.154114  79.977501  88.164635  94.665779  99.020103  100.424744  98.328224  94.018547  87.199791  78.637192  69.270683  60.308594  55.193123  51.616875 
 53.181557  59.979065  70.457184  82.752655  94.138748  103.908592  111.801407  117.080933  118.982025  116.420319  110.959373  102.743126  92.592186  81.352966  69.501717  59.924377  54.620628 
 55.922813  66.642815  79.815155  93.720001  106.702187  118.794525  128.555466  135.465317  137.869843  134.982346  127.677963  117.485306  105.341873  92.443283  78.799065  65.887970  56.431091 
 59.525566  73.222031  88.087029  103.124847  118.255463  132.743286  145.189850  153.883118  156.830154  153.430313  144.535004  131.390152  116.721405  101.932655  86.818909  71.994377  59.380630 
 63.142654  78.627029  94.341560  110.648750  127.868118  144.717026  159.473282  169.338120  172.806412  168.633591  158.889694  143.332962  126.127502  109.593124  93.033752  77.051872  62.528961 
 65.586929  82.116722  98.557343  115.922180  134.463120  152.981400  168.947815  179.450317  182.205780  178.269379  168.007660  151.608124  132.799683  114.468445  97.014061  80.528908  64.684944 
 66.281090  83.274216  100.124847  117.930161  136.505936  155.717346  171.920151  182.316254  185.263748  181.634216  172.108444  155.333282  136.252808  117.333755  98.911407  81.650780  65.916405 
 65.317291  81.920624  98.656876  115.786560  134.106873  152.224380  168.180939  178.787811  181.802505  178.036407  168.478592  151.947968  132.992813  114.610306  97.087502  80.314842  64.885468 
 62.777863  78.383904  94.342033  110.722191  127.499527  143.902496  158.462341  168.590149  171.877808  167.891556  158.070618  143.159851  126.190155  109.345940  92.947968  77.156250  62.389587 
 59.009583  73.068748  87.954376  103.077660  117.652649  131.828903  143.912506  152.556244  155.502350  152.395630  143.703278  131.065933  116.679214  101.830780  86.635941  71.912659  59.060783 
 55.502129  66.854843  80.145782  93.844063  106.650314  118.180466  127.988281  135.019379  137.342972  134.774216  127.617813  117.382187  105.307968  92.320625  78.478127  65.785622  56.382294 
 53.528023  60.648438  70.932190  82.825310  94.170311  103.979530  111.981407  117.178284  119.426407  117.123123  111.417343  103.026093  92.797501  81.523903  69.661720  60.076874  54.786461 
 50.181358  55.476768  61.330101  70.518646  80.239487  88.307236  94.940361  99.170158  100.665359  99.265213  94.582558  87.692970  78.968742  69.187447  60.617767  55.443962  51.646873 
 } 
 B Channel
 {
 17.150780  19.149117  21.880989  26.570000  31.119900  34.885731  37.763332  39.151615  39.535419  38.876877  36.888386  33.803177  29.607864  25.286617  21.115364  19.004738  17.846409 
 18.967861  21.887657  26.713280  32.511250  37.802811  42.114063  45.503750  47.358906  47.662498  46.829376  44.302345  40.759220  35.843906  30.772655  25.337658  21.090782  19.133076 
 20.326145  25.172813  31.279221  37.712032  43.638126  48.884689  52.879845  55.525154  55.926407  54.622658  51.713280  47.191093  41.608437  35.795624  29.582031  23.955311  20.120731 
 22.023853  28.420937  35.298752  42.142189  48.841721  55.101097  60.122498  63.495003  64.005783  62.345627  58.742035  52.984840  46.527813  40.073437  33.297657  26.862186  21.739689 
 23.708908  31.020782  38.310936  45.551250  53.010941  60.180779  66.275467  70.055939  70.715622  68.560936  64.558746  57.893280  50.413750  43.251564  36.047501  29.147186  23.226353 
 25.007347  32.577969  40.229218  47.787186  55.621559  63.649529  70.214531  74.013435  74.734528  72.541252  68.283127  61.209686  53.067497  45.244373  37.669533  30.685623  24.204376 
 25.459896  33.069061  40.980938  48.706879  56.455467  64.596252  71.340309  74.996094  75.992813  73.806091  69.549217  62.735153  54.344528  46.398438  38.471718  31.130783  24.648907 
 25.068020  32.383438  40.190781  47.718594  55.286873  62.905159  69.597656  73.352966  74.352028  72.101410  67.945625  61.265312  52.987968  45.215939  37.611561  30.519531  24.201824 
 23.812344  30.717968  38.032032  45.362499  52.252342  59.049065  65.169533  68.946877  69.830315  67.972031  63.466095  57.342033  50.152657  42.945313  35.772343  28.947811  22.981564 
 22.078487  28.072033  34.903439  41.661564  47.835312  53.602341  58.664528  61.970627  62.824219  61.462654  57.451248  52.170784  46.033279  39.577656  32.871250  26.510468  21.318176 
 20.606300  25.079845  31.126095  37.324375  42.865467  47.555313  51.717659  54.519531  55.112343  53.921562  50.808907  46.419846  41.158905  35.384842  29.152657  23.611095  19.997551 
 19.661198  22.082657  26.626877  32.062500  37.127342  41.180939  44.664375  46.772968  47.371719  46.334999  43.980312  40.230156  35.630157  30.459217  24.997658  20.964687  19.118439 
 18.079945  19.742447  22.076874  26.327499  30.698803  34.173019  37.143124  38.919846  39.332760  38.531254  36.779480  33.557865  29.625366  24.946930  20.864529  18.878021  17.897606 
 } 


 White Balance Data with optical Center Data
 r_center_x =  627 r_center_y =  489 
 gr_center_x =  619 gr_center_y =  481 
 b_center_x =  632 b_center_y =  484 
 gb_center_x =  628 gb_center_y =  496 
 r/gr 0.857013 
 b/gr 0.410061 
 gb/gr 0.997542 
 r_oc_ave 159.617783 
 b_oc_ave 76.373337 
 gr_oc_ave 186.248886 
 gb_oc_ave 185.791107 

 [AWB]
 RGr =  0.857013 
 BGr =  0.410061 
 GbGr =  0.997542 
 r_oc_ave =  159.617783 
 b_oc_ave =  76.373337 
 gr_oc_ave =  186.248886 
 gb_oc_ave =  185.791107 