 LEFT LENS SHADING DATA
 RED Channel
 {
 40.276508  43.890675  48.948067  57.146767  65.582703  73.115677  78.914528  82.420151  83.309631  81.679848  77.740990  71.648705  64.193123  56.027344  48.327393  44.227810  41.559063 
 42.923595  48.637970  57.453278  68.044685  78.081879  86.922966  94.100159  98.787033  99.966095  97.692970  92.809532  85.161407  76.039375  66.259216  55.974060  47.922813  43.736977 
 44.925678  54.392967  65.999847  78.056564  89.684845  100.440315  109.393280  115.481247  117.336868  114.395782  107.747971  98.180313  87.360779  75.834534  63.952347  52.915154  45.240364 
 48.095840  60.349998  73.533592  87.107033  100.508278  113.436401  124.758743  132.424683  134.739685  131.025620  122.569687  110.784218  97.698753  84.440155  71.185158  58.415154  47.815361 
 51.554634  65.084846  79.483124  94.385941  109.683128  124.768600  138.014374  146.857651  149.459061  145.143280  135.444061  121.552505  106.230003  91.372498  76.734222  62.766403  50.649948 
 54.022087  68.261253  83.397812  99.307343  116.135162  132.645309  147.011246  156.215317  158.697968  154.527039  144.420944  129.045776  112.106567  96.101563  80.465469  65.850784  52.539322 
 54.911613  69.387657  84.643127  101.379684  118.457031  135.582184  150.119995  159.183121  161.528122  157.552658  148.057190  132.355164  115.028442  98.244217  81.990471  66.882500  53.198753 
 53.853233  68.319061  83.132813  99.029686  115.803589  132.088120  146.313751  155.350464  157.779999  153.705933  144.333282  128.914215  111.821877  95.818123  80.485466  65.868752  52.517502 
 51.482140  64.937347  79.003906  93.856247  109.221718  123.751251  136.515778  145.324219  147.720627  143.783432  134.258118  120.618912  105.665154  91.031097  76.744843  63.028748  50.744591 
 48.243904  59.945778  73.012344  86.348595  99.511719  112.239059  122.816559  130.223434  132.452194  129.164536  121.061096  109.712029  96.990471  84.131874  70.950935  58.321877  48.063965 
 45.434689  54.249687  65.754219  77.708595  89.150154  99.387184  108.271561  114.028275  115.720154  113.042664  106.524529  97.340469  86.843437  75.690002  63.774063  53.030937  45.581768 
 43.628071  48.894531  57.418121  67.795784  77.569374  86.272659  93.275627  97.792030  98.927185  96.847191  91.949066  84.480934  75.647659  65.893753  55.870628  48.222969  44.227760 
 41.314320  44.722240  49.359795  57.146820  65.387711  72.293694  78.176041  81.768906  82.772186  81.358025  77.279480  71.281776  63.896194  55.627914  48.522705  44.631508  41.815678 
 } 
 GR Channel
 {
 50.238487  54.799324  60.942291  70.132339  79.516617  87.748856  93.746559  97.546303  98.371719  96.835518  92.859169  86.259796  78.279793  69.255730  60.425995  55.471092  51.783173 
 54.045158  61.129532  71.334373  83.059219  93.933907  103.453438  111.161560  116.009842  117.326096  114.935944  109.839996  101.884377  92.254372  81.461563  69.824532  60.392967  55.161095 
 56.962547  68.201096  81.278748  94.511566  107.177032  118.647507  128.148590  134.686874  136.632965  133.446869  126.646881  116.750153  105.077499  92.598282  79.376091  66.703125  57.404381 
 60.953796  75.123596  89.992500  104.702347  119.205933  133.247650  145.243439  153.525162  156.167664  152.405472  143.598907  130.932816  116.932968  102.544685  87.787498  73.327034  60.695160 
 65.085571  80.769531  96.752968  112.822495  129.315155  145.642654  160.038437  169.568436  172.548599  168.310150  158.232193  143.261093  126.652649  110.478752  94.417816  78.707657  64.534950 
 68.030266  84.455467  101.262497  118.420319  136.424377  154.419373  170.043442  180.189056  182.692657  178.496719  167.936569  151.340775  133.131561  115.702194  98.685936  82.346878  66.932701 
 69.227242  85.875778  102.735001  120.673431  138.949371  157.709061  173.380783  183.211243  185.667038  181.548599  171.900620  155.155777  136.417664  118.397507  100.397186  83.284218  67.734421 
 68.081978  84.532814  101.013596  118.092026  136.124695  153.764999  169.264526  178.989685  181.585785  177.647186  168.153275  151.757965  132.932495  115.618286  98.775627  82.197655  66.854118 
 65.046822  80.630783  96.325157  112.406403  128.922180  144.825775  158.690933  168.271713  170.854996  167.238434  157.242966  142.705307  126.178284  110.252968  94.531563  78.878128  64.646042 
 60.842651  74.807030  89.522186  104.127342  118.324066  131.947189  143.449066  151.610474  154.163757  150.842026  142.442505  130.363586  116.429993  102.448906  87.746246  73.378441  61.195099 
 57.298172  68.187965  81.212189  94.546249  106.996559  118.082504  127.683441  133.785461  135.874222  133.038757  126.254059  116.457962  105.152496  92.958748  79.594528  67.069061  58.052818 
 54.811043  61.670624  71.600311  83.263908  94.068748  103.478439  111.049690  115.899536  117.323914  115.226089  109.885155  102.006248  92.427498  81.747345  70.159531  61.030624  55.977707 
 51.303123  56.313538  61.986145  70.764946  80.026665  87.423019  93.842194  98.001404  99.042030  97.469223  93.446198  86.906670  78.562500  69.213806  60.945992  56.297287  52.288124 
 } 
 GB Channel
 {
 50.657761  55.416092  61.553642  71.321663  81.360832  90.073486  96.569275  100.637817  101.811150  99.975319  95.583809  88.492920  79.842453  70.259430  61.052765  55.851715  52.180885 
 54.096092  61.206718  71.764061  83.968750  95.473747  105.557030  113.682190  119.101563  120.477814  117.964066  112.411087  103.964996  93.698906  82.262970  70.136719  60.434845  55.217964 
 56.473595  67.867966  81.329063  95.076561  108.124535  120.206879  130.339371  137.344223  139.445465  136.213745  129.016556  118.437027  106.095940  92.998909  79.270935  66.258278  56.788910 
 59.970627  74.408127  89.521721  104.599998  119.587189  134.172974  146.876251  155.626099  158.505783  154.594849  145.378601  132.111877  117.442963  102.425316  87.258904  72.474998  59.770004 
 63.877655  79.562035  95.756721  112.230469  129.037811  145.847183  160.804688  170.876877  174.098587  169.771561  159.312500  143.944687  126.500473  109.926720  93.389847  77.368279  63.144737 
 66.434685  82.813438  99.677345  117.066711  135.421570  153.751251  169.933121  180.187653  183.179535  179.031555  168.197815  151.212814  132.412338  114.532806  97.140625  80.658592  65.310471 
 67.285423  83.970001  100.935158  118.977661  137.451721  156.448288  172.434372  182.762192  185.563904  181.342499  171.578278  154.384537  135.366562  116.883743  98.695625  81.437813  65.833649 
 65.986671  82.577499  98.931091  116.030472  134.383438  152.301880  168.052185  178.127182  180.987503  177.172501  167.507660  150.858444  131.752029  114.044220  96.821251  80.200470  64.856087 
 63.289894  78.816559  94.463440  110.638908  127.202194  143.402496  157.393433  167.338913  170.365311  166.602661  156.549850  141.662964  124.910004  108.707344  92.665314  76.990936  62.780937 
 59.344009  73.334221  88.031403  102.769218  116.897964  130.642975  142.525467  150.988586  153.610779  150.297180  141.760162  129.456406  115.247498  100.987030  86.150940  71.762184  59.576355 
 56.014954  66.930153  80.008438  93.332497  105.976097  117.193756  126.879379  133.339371  135.535629  132.676254  125.774841  115.755630  104.146408  91.770157  78.189064  65.720001  56.808746 
 53.923805  60.671097  70.722504  82.506721  93.511566  103.087029  110.869064  115.928589  117.222656  115.200943  109.729218  101.662659  91.856094  80.801872  69.085312  59.966248  55.099174 
 50.393806  55.618385  61.321663  70.344009  79.706146  87.463074  94.156563  98.329643  99.464111  97.955101  93.316505  86.893280  78.315880  68.598961  60.126144  55.487083  51.745422 
 } 
 B Channel
 {
 17.698906  19.523075  22.358177  26.884792  31.467030  35.560623  38.559376  40.144947  40.530315  39.557655  37.733437  34.622032  30.741405  26.375782  22.105988  19.744740  18.495991 
 19.295155  22.405781  27.192970  32.830624  38.052658  42.563126  46.086876  48.232658  48.634064  47.527031  45.252186  41.592655  37.005783  31.847656  26.353283  21.939529  19.918491 
 20.662605  25.609688  31.839062  38.112656  43.971718  49.223907  53.526878  56.333748  56.964996  55.440628  52.465935  47.934532  42.630157  36.872658  30.637188  24.837658  21.053696 
 22.515469  28.874844  35.812813  42.689842  49.246559  55.433441  60.708435  64.138748  65.073906  63.286560  59.451408  53.887970  47.627655  41.164219  34.390156  27.839687  22.557602 
 24.364582  31.481251  38.784531  46.229687  53.557503  60.602501  66.684685  70.608284  71.690315  69.647499  65.237190  58.796722  51.505936  44.485783  37.165783  30.155624  24.266876 
 25.551353  33.090939  40.631405  48.346718  56.320160  63.958122  70.478439  74.427658  75.427498  73.571877  68.980156  61.911560  54.122185  46.599998  38.955154  31.763905  25.280781 
 25.973595  33.607967  41.278439  49.227966  57.144844  65.122185  71.496559  75.391403  76.305466  74.521561  70.263596  63.090782  55.188278  47.575470  39.674999  32.152813  25.765728 
 25.322708  32.954376  40.388283  48.019066  55.825157  63.320313  69.776566  73.561562  74.459534  72.652657  68.587967  61.581566  53.701096  46.256092  38.849842  31.601563  25.419064 
 23.998699  31.128906  38.317657  45.470001  52.635468  59.399063  65.118439  68.922966  69.864998  68.190468  63.913597  57.796249  50.791092  43.971718  36.910469  30.049374  24.264793 
 22.102863  28.435158  35.249531  41.802811  48.014847  53.828438  58.699219  61.950623  62.797188  61.352341  57.830315  52.637497  46.657970  40.520157  33.937969  27.563595  22.668388 
 20.550518  25.389687  31.461876  37.503750  42.982346  47.856720  51.894218  54.517189  55.175468  53.912346  51.029373  46.805626  41.821720  36.266251  30.179531  24.611561  21.137810 
 19.303905  22.362030  26.969532  32.338123  37.207188  41.439999  44.718594  46.788124  47.290939  46.387970  44.081718  40.520470  36.228592  31.214687  25.878437  21.803593  20.208389 
 18.121822  20.287243  22.882652  27.071045  31.418018  34.878750  37.805466  39.759377  40.163437  39.325680  37.417347  34.412758  30.632137  26.064690  22.097603  20.092552  19.060471 
 } 


 White Balance Data with optical Center Data
 r_center_x =  622 r_center_y =  473 
 gr_center_x =  623 gr_center_y =  459 
 b_center_x =  625 b_center_y =  454 
 gb_center_x =  648 gb_center_y =  469 
 r/gr 0.870419 
 b/gr 0.410752 
 gb/gr 1.001743 
 r_oc_ave 162.048889 
 b_oc_ave 76.471107 
 gr_oc_ave 186.173340 
 gb_oc_ave 186.497772 

 [AWB]
 RGr =  0.870419 
 BGr =  0.410752 
 GbGr =  1.001743 
 r_oc_ave =  162.048889 
 b_oc_ave =  76.471107 
 gr_oc_ave =  186.173340 
 gb_oc_ave =  186.497772 