 LEFT LENS SHADING DATA
 RED Channel
 {
 39.644268  43.325108  48.597298  56.915520  65.295204  72.526360  78.261406  81.840836  82.677971  80.950470  76.875107  70.912819  63.429222  55.217453  47.476879  43.081875  40.379795 
 41.670521  47.344688  56.283127  66.838440  76.769379  85.523438  92.472031  96.867500  98.063591  95.778595  90.783440  83.242813  74.274841  64.482658  54.481873  46.243126  41.915627 
 43.735416  52.898750  64.525940  76.663597  88.199532  98.649216  107.444061  113.450150  115.054688  112.187195  105.524376  96.068748  85.394844  73.989845  62.211090  51.265625  43.131878 
 47.032085  58.904999  72.145622  85.806564  99.048439  111.724998  122.732025  130.279999  132.582336  128.787506  120.417969  108.497032  95.660004  82.497185  69.241875  56.573593  45.831722 
 50.266716  63.631096  77.982811  92.918434  108.136406  122.933289  136.080780  144.665466  147.285004  143.037811  133.330933  119.471558  104.229530  89.306091  74.804062  61.010780  48.727242 
 52.564270  66.775940  81.798752  97.797966  114.669220  131.078598  145.223434  154.217499  156.650787  152.541092  142.171249  127.057816  110.205940  94.033279  78.562035  64.008751  50.656250 
 53.295776  67.890160  83.335785  99.704689  116.830780  133.975784  148.435471  157.214218  159.643906  155.680939  145.985931  130.342026  113.111099  96.392189  80.266403  65.152031  51.414734 
 52.576981  66.874062  81.950157  97.746872  114.412659  130.818588  144.996872  153.819687  156.020782  152.060318  142.475632  127.155624  110.487343  94.460472  79.017815  64.277657  50.893692 
 50.233704  63.746407  77.944374  93.040627  108.118752  122.929993  135.834534  144.178757  146.509537  142.347961  132.972183  119.430313  104.547340  89.973595  75.466095  61.631721  48.991928 
 46.967754  58.862968  72.079063  85.694221  98.710938  111.175468  122.012817  129.262344  131.388748  128.289688  120.102966  108.857658  96.029533  83.072502  69.819847  57.102966  46.345264 
 44.324947  53.401405  64.773590  76.800781  88.261093  98.453278  107.482658  113.286407  115.070160  112.374527  105.842812  96.838127  86.228127  74.845314  62.875000  51.963127  43.978539 
 42.904480  48.086563  56.462189  66.859222  76.948593  85.690941  92.840309  97.305313  98.552971  96.455940  91.287659  84.007660  75.110939  65.260002  55.071251  47.189220  42.738174 
 40.694477  44.093231  48.560097  56.255257  64.947136  72.190941  77.793228  81.330315  82.363174  80.906349  76.989532  71.073700  63.440933  55.053337  47.808331  43.752758  40.431927 
 } 
 GR Channel
 {
 50.618912  55.769318  62.082397  71.577660  81.027290  88.791298  94.800201  98.319267  99.547813  97.647499  93.527397  87.347961  79.137398  69.826042  60.932190  55.739693  52.217194 
 53.795578  61.028282  71.326561  83.109528  93.886871  103.144844  110.494377  115.189682  116.627808  114.154999  109.026566  101.004845  91.461563  80.705627  69.310936  59.733437  54.198853 
 56.777451  67.822655  81.143440  94.467499  106.765160  117.987030  127.244064  133.550003  135.434845  132.255630  125.418594  115.416718  103.879997  91.569374  78.442184  65.834999  55.835831 
 60.851814  74.867035  89.769997  104.498283  118.753433  132.428131  144.254837  152.409225  154.845932  150.963120  142.150787  129.367493  115.513748  101.185623  86.659378  72.109688  59.170517 
 64.904274  80.520935  96.539215  112.717346  128.959061  145.092651  159.201248  168.525620  171.365631  166.966248  156.729691  141.870316  125.306091  108.971405  93.144066  77.364845  62.912552 
 67.606148  84.307816  100.985153  118.061249  136.310471  154.263275  169.528275  179.063126  181.636093  177.354218  166.665939  150.475632  132.252182  114.579224  97.549377  80.980621  65.429375 
 68.661613  85.665154  102.630623  120.310150  138.767975  157.578598  173.227188  182.606400  185.171570  181.130005  171.251404  154.500473  135.740631  117.298904  99.625000  82.484222  66.583183 
 67.702553  84.266090  101.194534  118.122498  136.182495  154.097961  169.694061  179.235626  181.356873  177.316711  167.536087  150.929214  132.536560  115.084381  98.036560  81.389687  65.673019 
 64.776924  80.567970  96.392029  112.827026  129.276718  145.459061  159.557343  168.764221  171.256714  166.962036  156.736725  142.239838  125.759842  109.761566  93.764374  78.162498  63.510422 
 60.715988  74.817032  89.648285  104.423592  118.723907  132.380005  144.372025  152.337662  154.592651  151.285934  142.540466  130.230469  116.099838  101.950623  87.358284  72.835472  60.004013 
 57.315887  68.176094  81.348747  94.677971  107.018593  118.185623  127.844849  134.227814  136.227814  133.436249  126.212341  116.336090  104.806091  92.457657  79.248749  66.658905  56.973694 
 55.099480  61.806564  71.719376  83.332970  94.331253  103.804535  111.504845  116.250473  117.565475  115.293442  109.766876  101.958122  92.330467  81.390312  69.931404  60.609375  55.182289 
 51.489479  56.698647  62.135208  70.978592  80.392502  88.381828  94.470474  97.987343  99.011925  97.505104  93.560211  87.188957  78.755676  69.535728  60.981613  56.115623  51.661873 
 } 
 GB Channel
 {
 50.946358  56.172600  62.773697  72.877602  82.762550  91.125626  97.630363  101.500732  102.449425  100.426453  96.043388  89.077972  80.435204  70.514633  61.393494  55.951981  52.119484 
 53.752190  61.070938  71.870155  84.180939  95.484840  105.244377  113.067657  118.066559  119.615463  116.990631  111.371094  102.899841  92.528122  81.222343  69.395782  59.619064  53.875313 
 56.010941  67.498436  81.128128  95.057343  107.868126  119.591095  129.351868  136.086243  138.129059  134.767029  127.430786  116.838440  104.647499  91.727501  78.147812  65.232811  55.145737 
 59.746094  74.036720  89.323906  104.555779  119.357025  133.524368  145.935623  154.472351  157.105621  153.052658  143.587814  130.366409  115.777969  100.938591  85.959686  71.117966  58.062759 
 63.367912  79.233749  95.532188  111.982658  128.871567  145.497650  160.082336  169.713913  172.731720  168.189056  157.632660  142.184845  125.042038  108.187187  92.015160  75.995003  61.308754 
 65.908119  82.575623  99.450470  116.885788  135.479843  153.693283  169.357651  179.291565  182.164063  177.814682  166.803909  150.151245  131.514999  113.394058  95.940155  79.237343  63.667969 
 66.612808  83.649063  100.729218  118.676254  137.402817  156.441406  172.386719  182.161087  184.826096  180.841095  170.748901  153.655151  134.494690  115.763901  97.673439  80.442497  64.518753 
 65.684319  82.162033  99.012344  116.214844  134.517975  152.741409  168.458130  178.197495  180.856720  176.707184  166.651413  149.720001  131.133118  113.184525  95.970940  79.324684  63.685944 
 62.781715  78.647346  94.559685  111.044373  127.695160  144.114212  158.326569  167.819687  170.557037  166.209839  155.678436  140.907806  124.301712  107.915466  91.742966  76.052032  61.575989 
 59.120682  73.179222  88.088753  103.027496  117.392029  131.236557  143.275467  151.537186  153.813599  150.605942  141.611404  129.069687  114.721558  100.332184  85.633904  71.038437  58.352188 
 55.902084  66.977501  80.185623  93.495941  106.065002  117.452194  127.243118  133.763596  135.852036  132.866257  125.462494  115.466248  103.648903  91.167816  77.827812  65.156563  55.626144 
 54.127502  60.817497  70.823753  82.548126  93.786560  103.415627  111.276405  116.227036  117.602661  115.169373  109.452187  101.443596  91.631874  80.468124  68.829216  59.466873  54.043961 
 51.114166  56.030418  61.643753  70.661461  80.361565  88.570206  94.823280  98.406822  99.560783  98.026459  93.604279  86.945053  78.310623  68.639381  60.167343  55.301460  50.921043 
 } 
 B Channel
 {
 18.454319  20.856403  24.049320  28.932865  33.683228  37.650311  40.563175  42.282917  42.681091  41.846199  39.729790  36.490002  32.369530  27.738697  23.338909  20.710209  19.542709 
 19.200573  22.677032  27.799530  33.622658  38.867813  43.342812  46.804218  48.743752  49.232971  47.996407  45.588123  41.848751  37.201405  31.997658  26.487030  21.886875  19.837288 
 20.263073  25.553280  31.963436  38.389843  44.306717  49.376091  53.457657  56.051559  56.681404  55.154533  52.078590  47.581093  42.273125  36.465939  30.296406  24.300625  20.191875 
 22.075153  28.704533  35.900936  42.914375  49.516090  55.608597  60.649063  63.958435  64.772659  63.028595  59.009377  53.341873  47.161564  40.617031  33.886406  27.048904  21.664948 
 23.829063  31.170311  38.758751  46.250469  53.621872  60.689064  66.698593  70.367813  71.370941  69.346252  64.919060  58.367035  51.071404  43.835312  36.585938  29.334373  23.208958 
 25.049896  32.690311  40.450939  48.208122  56.236404  63.938591  70.430153  74.260780  75.192657  73.256409  68.614845  61.564842  53.659843  45.888439  38.352345  30.781719  24.278591 
 25.242554  33.053593  40.883907  48.810936  56.836403  64.811722  71.478127  75.237503  76.207970  74.392967  70.015625  62.825623  54.759216  46.977501  39.149689  31.361252  24.752914 
 24.763176  32.227970  40.007813  47.676407  55.558128  63.201561  69.655312  73.548752  74.354530  72.510315  68.243279  61.224220  53.457657  45.927502  38.376251  30.829376  24.394375 
 23.262032  30.538906  37.908436  45.380627  52.553749  59.326874  65.246872  68.986717  69.824219  67.903435  63.687187  57.575157  50.536407  43.689999  36.572033  29.372814  23.318230 
 21.465000  27.943748  34.874844  41.735626  48.059219  53.889534  58.809059  61.965622  62.771408  61.384529  57.694374  52.542191  46.522968  40.262032  33.642811  26.930470  21.677757 
 19.865784  25.002655  31.141563  37.341095  42.992970  47.801094  51.799690  54.389847  55.122032  53.917030  50.944687  46.808281  41.643280  36.122345  29.980312  24.088280  20.288074 
 19.064217  22.176094  26.822033  32.306095  37.417343  41.759533  44.949532  46.928280  47.387188  46.397186  43.951717  40.464531  36.044846  31.054218  25.710781  21.289532  19.367241 
 17.662968  19.935051  22.522655  26.801716  31.369217  34.941826  37.694324  39.122238  39.482189  38.786774  36.914841  33.898075  29.990467  25.613594  21.618492  19.288490  17.842659 
 } 


 White Balance Data with optical Center Data
 r_center_x =  636 r_center_y =  481 
 gr_center_x =  627 gr_center_y =  481 
 b_center_x =  639 b_center_y =  451 
 gb_center_x =  634 gb_center_y =  452 
 r/gr 0.862288 
 b/gr 0.410722 
 gb/gr 0.996415 
 r_oc_ave 160.351105 
 b_oc_ave 76.377777 
 gr_oc_ave 185.960007 
 gb_oc_ave 185.293335 

 [AWB]
 RGr =  0.862288 
 BGr =  0.410722 
 GbGr =  0.996415 
 r_oc_ave =  160.351105 
 b_oc_ave =  76.377777 
 gr_oc_ave =  185.960007 
 gb_oc_ave =  185.293335 