 LEFT LENS SHADING DATA
 RED Channel
 {
 38.522346  41.615677  46.497967  54.401772  62.819641  69.721817  75.379791  78.896828  79.935837  78.186554  74.427971  68.444740  61.071716  52.990105  45.723957  41.543488  39.153904 
 40.590263  45.625469  54.369843  64.724686  74.523590  83.194534  90.146873  94.665779  95.853752  93.706566  88.696091  81.080780  72.157341  62.595940  52.715622  44.878281  40.695572 
 42.530468  51.182343  62.516090  74.484688  86.032814  96.387810  105.291718  111.250000  112.954056  109.920937  103.344063  93.936722  82.962029  71.807190  60.345314  49.708282  42.003906 
 45.661358  57.082184  70.056717  83.358124  96.964218  109.462967  120.551712  128.133591  130.245941  126.410004  118.032028  106.354843  93.337029  80.288284  67.204216  54.906563  44.574898 
 48.726555  61.900314  76.098434  90.926559  106.142654  120.892807  134.033279  142.714066  145.166245  140.702820  131.013748  117.292969  102.047966  87.265472  72.986252  59.319847  47.400883 
 51.053391  65.134842  80.062347  95.907967  112.669220  129.158127  143.400620  152.445465  154.782806  150.377655  140.204681  124.955154  108.148125  91.915314  76.617188  62.269997  49.306252 
 51.721039  66.171875  81.481407  97.882500  115.112030  132.132965  146.511871  155.764374  158.028442  153.814682  144.389694  128.529221  111.131096  94.275627  78.288910  63.303749  49.937500 
 50.983803  65.046097  80.055313  96.016251  112.609680  128.950623  143.141098  152.302811  154.637817  150.446091  140.956406  125.412964  108.407341  92.284065  76.814690  62.440155  49.505775 
 48.772087  61.973747  76.097656  91.000000  106.234688  120.894226  133.716721  142.467499  144.991562  140.412659  131.015625  117.531876  102.268593  87.739059  73.266251  59.733749  47.509171 
 45.523174  57.081718  70.180779  83.735001  96.917816  109.424843  120.174683  127.667664  129.691101  126.229538  118.133743  106.520622  93.723595  80.790779  67.766716  55.314217  44.716927 
 42.820621  51.609375  63.063904  75.107033  86.655624  97.070625  105.719841  111.451096  113.184845  110.350159  103.868439  94.616409  84.032028  72.667191  60.933594  50.146095  42.327553 
 41.147186  46.448437  55.039841  65.447029  75.386719  84.142502  90.988747  95.530785  96.774529  94.638283  89.525002  82.248909  73.344215  63.605156  53.512970  45.412186  41.181355 
 39.153023  42.514275  47.381718  55.117653  63.684845  70.749168  76.645416  80.118492  81.018906  79.664742  75.597084  69.571609  61.954010  53.760788  46.280262  42.252186  39.467606 
 } 
 GR Channel
 {
 50.764420  55.433594  61.734688  70.851456  80.219109  87.660675  93.605835  97.529579  98.672447  96.525002  92.443382  86.069946  78.065941  69.082764  60.436142  55.196671  51.253326 
 54.104431  60.974220  71.455940  83.125626  93.863907  103.210472  110.538750  115.311249  116.678909  114.127502  108.913597  100.933907  91.210938  80.572968  69.429062  59.757500  54.082504 
 57.020721  67.735313  81.169220  94.397812  106.934685  118.203751  127.650467  134.033905  135.736877  132.468597  125.378433  115.344055  103.588753  91.326408  78.562653  65.823128  56.059792 
 61.086563  74.932816  89.849998  104.514534  119.151566  132.892975  144.824692  152.999374  155.234680  150.977188  142.093903  129.460938  115.320007  101.095001  86.582809  72.301094  59.341309 
 65.026985  80.586563  96.658752  112.890472  129.527969  145.728287  159.871246  169.184067  171.758743  166.941254  156.766251  141.780777  124.979218  108.754845  93.054375  77.439690  63.080101 
 67.717339  84.396721  101.221252  118.584839  136.617035  154.551880  170.121872  179.578430  182.041412  177.419220  166.555618  150.039215  131.571564  113.783752  97.059685  80.907028  65.578072 
 68.563545  85.719376  102.993904  120.843124  139.329224  158.026245  173.597504  183.247192  185.611252  181.070938  171.301880  154.193436  135.152817  116.739059  99.257034  82.137657  66.472031 
 67.642189  84.302185  101.185158  118.712814  136.758438  154.301254  169.670471  179.430786  181.859680  177.394226  167.562195  150.633591  131.795624  114.278595  97.293282  80.956879  65.622711 
 65.020256  80.770470  96.918121  113.248123  129.879684  146.158600  160.129684  169.474533  172.208908  167.056244  156.924057  142.166565  125.293900  109.214378  93.202347  77.719376  63.313545 
 60.952187  74.958435  89.912033  104.945938  119.413437  133.184372  145.179382  153.001099  155.085632  151.263123  142.619537  130.084061  115.813126  101.621094  87.114845  72.486877  59.781036 
 57.631821  68.402031  81.805626  95.335938  107.994377  119.405151  128.968445  135.044525  136.515930  133.346878  126.491409  116.513275  104.790466  92.386719  79.228592  66.326408  56.552032 
 54.885735  62.066559  72.340935  84.184059  95.304535  104.984375  112.324066  117.295151  118.396408  115.837189  110.399841  102.657967  92.825935  81.863281  70.351715  60.389221  54.770264 
 51.518646  56.843231  62.818024  71.971565  81.673492  89.462288  95.714897  99.822037  100.553696  98.621361  94.086304  87.756088  79.407600  70.159325  61.208183  55.891090  52.039429 
 } 
 GB Channel
 {
 51.179428  55.708176  62.381874  72.054840  81.974327  90.074951  96.561195  100.740417  101.846565  99.717598  95.269585  88.457138  79.780159  70.149529  61.086205  55.631615  51.669113 
 53.991508  61.061722  71.824371  84.105469  95.397034  105.282654  113.102661  118.494995  119.925308  117.240936  111.596252  102.982346  92.672028  81.475159  69.845154  59.920158  54.194946 
 56.392387  67.432816  81.125626  94.968903  108.102654  119.886871  129.815628  136.677963  138.655319  135.183746  127.824219  117.116409  104.692970  91.890625  78.559845  65.565002  55.721672 
 60.048386  74.078590  89.465469  104.487656  119.803436  134.100464  146.593445  155.211563  157.702026  153.408600  144.018753  130.708130  115.974686  101.216873  86.255783  71.606407  58.775780 
 63.712135  79.388596  95.815315  112.352188  129.399368  146.107651  160.801407  170.615311  173.510941  168.679062  158.026245  142.484375  125.250626  108.436722  92.336876  76.442032  62.028908 
 66.088486  82.794533  99.754219  117.447815  135.778275  154.155624  170.081726  180.032654  182.904694  178.215469  167.129532  150.264374  131.305313  113.080307  95.982971  79.545311  64.102814 
 66.937088  83.889999  101.286095  119.306091  138.093124  156.965622  172.730774  183.020630  185.692032  181.143906  171.211716  153.786087  134.390625  115.637970  97.740311  80.591873  64.872292 
 65.754372  82.425629  99.415627  117.002182  135.263596  153.023438  168.638748  178.859222  181.447342  177.052185  167.037506  149.867813  130.926880  112.968903  95.669846  79.281097  64.142128 
 63.140305  78.909065  95.089218  111.626877  128.331253  144.790466  159.095154  168.795471  171.652969  166.532974  156.388748  141.490784  124.253906  107.852966  91.734528  76.141876  61.804787 
 59.407867  73.465157  88.503754  103.542343  118.174377  132.033600  144.157349  152.274063  154.585464  150.690933  141.867813  129.149368  114.769684  100.516090  85.784218  71.089691  58.418854 
 56.106873  67.074371  80.553436  94.096092  106.942497  118.429993  128.114212  134.404694  136.054535  132.929840  125.848587  115.828903  104.062653  91.391403  78.047966  65.154221  55.493599 
 53.983330  61.047501  71.371094  83.295471  94.615311  104.397034  112.035156  117.063904  118.243912  115.652817  109.952034  102.081879  92.147346  81.078590  69.467346  59.467972  54.021927 
 50.848335  55.995003  62.205048  71.639839  81.356148  89.350990  95.992455  100.129539  100.947441  98.845726  94.305153  87.783958  79.145882  69.729218  60.664635  55.244850  51.439011 
 } 
 B Channel
 {
 18.228542  20.364792  23.369064  27.879375  32.517967  36.244949  39.168961  40.907604  41.385418  40.587555  38.728802  35.621201  31.692760  27.156979  22.847866  20.275467  19.060471 
 19.404373  22.734375  27.817814  33.603127  38.894844  43.375156  46.744373  48.948441  49.512497  48.338593  45.988594  42.201405  37.544220  32.416561  26.908905  22.263596  20.276302 
 20.471928  25.665470  32.155781  38.660156  44.687187  49.936409  54.162033  56.928284  57.683907  56.277969  53.135468  48.577499  43.137501  37.295311  31.111404  25.055626  21.059792 
 22.310989  28.828281  36.037968  43.055782  49.838905  56.035156  61.342033  64.850784  65.822342  63.993279  60.082809  54.473907  48.107971  41.562031  34.709530  27.953281  22.588490 
 24.119896  31.454063  39.067501  46.595779  54.045311  61.170158  67.362190  71.394218  72.370628  70.367500  65.940781  59.414375  52.005157  44.724533  37.529999  30.221249  24.164581 
 25.348282  33.126408  41.017345  48.922028  56.954216  64.817810  71.455627  75.424843  76.398438  74.368904  69.688751  62.527344  54.442970  46.692188  39.168282  31.640625  25.096043 
 25.715050  33.571095  41.573593  49.663437  57.867653  65.947968  72.621407  76.696251  77.621872  75.655159  71.377815  63.884377  55.748436  47.733749  39.911877  32.090782  25.519321 
 25.254219  32.953594  40.794998  48.658127  56.599686  64.362503  71.037659  75.061562  75.971718  74.039841  69.842033  62.537186  54.516251  46.687031  39.087345  31.577030  25.180988 
 24.044582  31.317501  38.904686  46.337345  53.636566  60.662971  66.693596  70.537033  71.547340  69.439377  65.195000  58.889374  51.553123  44.497032  37.260937  30.118126  24.023540 
 22.268959  28.833126  35.916248  42.829689  49.313904  55.330627  60.301559  63.597504  64.406876  62.899216  59.230934  53.798904  47.671875  41.307030  34.621250  27.861404  22.524532 
 20.772758  25.847969  32.232498  38.613281  44.561405  49.614685  53.650940  56.306877  57.001877  55.751251  52.758278  48.405937  43.209999  37.434376  31.179062  25.116562  21.229065 
 19.630726  22.960312  27.982655  33.707031  38.996876  43.474220  46.818748  48.912498  49.384689  48.386253  46.033592  42.415783  37.982189  32.757656  27.160782  22.527344  20.520466 
 18.341564  20.694061  23.656616  28.113491  32.733124  36.559425  39.502083  41.232502  41.675522  40.837086  38.883801  35.858074  31.833019  27.250778  22.949738  20.430470  19.300884 
 } 


 White Balance Data with optical Center Data
 r_center_x =  654 r_center_y =  474 
 gr_center_x =  625 gr_center_y =  495 
 b_center_x =  648 b_center_y =  488 
 gb_center_x =  653 gb_center_y =  476 
 r/gr 0.850331 
 b/gr 0.416837 
 gb/gr 0.999857 
 r_oc_ave 158.600006 
 b_oc_ave 77.746666 
 gr_oc_ave 186.515549 
 gb_oc_ave 186.488892 

 [AWB]
 RGr =  0.850331 
 BGr =  0.416837 
 GbGr =  0.999857 
 r_oc_ave =  158.600006 
 b_oc_ave =  77.746666 
 gr_oc_ave =  186.515549 
 gb_oc_ave =  186.488892 