 LEFT LENS SHADING DATA
 RED Channel
 {
 41.797764  45.327343  50.458748  58.674011  67.145622  74.429688  79.864632  83.340836  84.309059  82.469902  78.436508  72.069374  64.446930  56.052711  48.383430  44.076355  41.515106 
 43.811092  49.204216  58.139999  68.706718  78.770622  87.372185  94.332344  98.863747  99.901566  97.472809  92.240471  84.408127  75.324219  65.535622  55.463440  47.177189  42.747604 
 45.811302  54.851097  66.484688  78.655159  90.373596  100.827034  109.674065  115.456726  117.047653  113.853912  106.964218  97.304222  86.341095  74.995941  63.212654  52.109222  44.006092 
 49.077339  60.912971  74.268753  87.790939  101.349686  113.905151  125.136719  132.553589  134.505630  130.469528  121.838593  109.735466  96.632965  83.520157  70.335938  57.556404  46.817451 
 52.414894  65.974060  80.387184  95.417656  110.761719  125.605316  138.666870  147.209839  149.524841  145.022507  135.015152  120.646088  105.142815  90.234062  75.791092  62.066719  49.661926 
 54.622032  69.236404  84.369530  100.376404  117.151245  133.633591  147.821564  156.765625  158.978439  154.716721  144.082657  128.331879  111.126091  94.887657  79.656250  64.971252  51.478333 
 55.345207  70.294373  86.021248  102.620941  119.459686  136.571243  150.957336  160.153748  162.283600  157.915161  148.072037  131.732819  114.226410  97.288910  81.295471  65.987030  52.308495 
 54.487495  69.305000  84.550934  100.404846  116.808289  133.281403  147.560623  156.522507  158.613281  154.118439  144.359375  128.293594  111.172188  95.148903  79.750313  64.929840  51.695885 
 52.552139  66.201096  80.565628  95.341095  110.400002  125.069061  137.874695  146.259537  148.747345  143.949066  134.170624  120.315781  105.159378  90.563751  76.121719  62.219688  49.598442 
 49.389481  61.124062  74.345467  87.930153  101.095940  113.405472  123.923599  131.165161  133.035629  129.539063  121.206253  109.393906  96.543282  83.743439  70.649689  57.651405  46.592445 
 46.364319  55.330780  67.006248  79.222656  90.835938  100.788437  109.213280  114.753754  116.304840  113.449997  106.806564  97.472809  86.762344  75.528435  63.547188  52.401253  44.016666 
 44.832344  50.161720  58.809685  69.150940  79.010315  87.500465  94.338753  98.647186  99.771721  97.693748  92.412346  84.896095  75.912498  66.064217  55.803749  47.419998  42.714584 
 42.483593  46.275677  50.705101  58.212608  66.501564  73.699844  79.407501  82.771355  83.592758  82.109161  77.857140  71.914223  64.198753  55.915680  48.286667  43.840420  40.718334 
 } 
 GR Channel
 {
 51.262077  56.574165  62.726875  71.983849  81.328857  89.238022  95.198433  99.224380  100.420418  98.595207  93.894844  87.094376  78.809532  69.354279  60.550209  55.231613  51.804947 
 54.589165  61.483749  71.790627  83.597191  94.653435  104.062187  111.649689  116.558121  117.858749  114.859375  109.436722  101.184372  91.266403  80.419685  68.925629  59.207657  53.862038 
 57.526978  68.507813  81.626404  95.172501  108.036560  119.319382  128.790939  135.084686  136.192184  132.892502  125.914063  115.670776  103.920624  91.548592  78.276878  65.447029  55.813911 
 61.579224  75.578590  90.618904  105.607498  120.345154  134.228439  145.922806  153.283432  155.288437  151.460785  142.492661  129.905151  115.647339  101.351097  86.583282  72.009377  59.220215 
 65.644997  81.498749  97.723747  114.152817  130.823120  146.819839  160.252502  169.182968  171.735931  167.120163  157.103912  142.082504  125.539993  109.152191  93.059685  77.296722  62.945259 
 68.391037  85.411873  102.442184  119.917664  137.850784  155.149689  170.121719  179.506561  181.846725  177.487808  167.018433  150.488754  132.065933  114.404221  97.574844  80.874374  65.158546 
 69.404793  86.660622  104.363594  122.574997  140.113754  158.342972  173.703903  183.121246  185.453903  181.161713  171.584061  154.437347  135.726715  117.398285  99.656403  82.143127  66.062286 
 68.306244  85.504997  102.704063  119.881561  137.454849  155.063126  170.071564  179.418747  181.850159  177.524994  167.579224  150.709061  132.235779  114.800781  97.697502  80.938751  65.308746 
 65.965622  81.784378  97.879532  114.209534  130.586243  146.293274  159.894836  168.846100  171.495163  166.640152  156.625931  141.940308  125.472656  109.506561  93.392342  77.438126  62.603539 
 61.925728  75.791565  90.706253  105.877655  120.287338  133.531876  144.880310  152.670471  154.585632  151.088593  142.308121  129.874222  115.847351  101.716721  87.003441  72.055000  58.750832 
 58.200470  69.141090  82.549065  96.114220  108.736092  119.681412  128.813599  134.804535  136.363434  133.326569  126.379532  116.400620  104.764687  92.290779  78.632034  65.724533  55.633492 
 55.659477  62.795311  72.808128  84.460312  95.561249  104.927971  112.197342  116.812653  118.129379  115.829529  110.302032  102.236717  92.340782  81.297966  69.524216  59.698280  53.563492 
 51.924896  57.494064  62.973129  71.789474  81.155418  88.912346  95.171715  99.084953  100.007706  98.159325  93.613899  87.105675  78.748901  69.196518  60.257347  54.915573  50.685577 
 } 
 GB Channel
 {
 51.993591  57.284424  63.684685  73.288124  83.136414  91.788330  98.220001  102.475990  103.649529  101.483849  96.419693  89.265266  80.317032  70.249634  61.233543  55.682343  52.246925 
 54.790268  61.891716  72.477188  84.755623  96.414528  106.292503  114.220001  119.597031  121.021408  117.882187  112.034683  103.150467  92.516403  81.067345  69.144379  59.199219  53.834839 
 57.235527  68.270935  81.864845  95.902809  109.283752  121.120789  131.113754  137.644684  139.106567  135.537033  128.179840  117.362976  104.948280  91.862190  78.092972  64.925003  55.249580 
 60.929581  75.018753  90.347656  105.772659  120.950470  135.333130  147.575150  155.351715  157.499847  153.370789  144.053131  130.869064  116.162964  101.206566  85.860313  70.939842  58.240471 
 64.514267  80.328438  96.727654  113.617340  130.766098  147.175781  160.871567  170.313751  173.001724  168.363907  157.889374  142.500931  125.289688  108.341408  91.879997  75.772499  61.258331 
 66.768280  83.713905  100.860626  118.632507  136.914368  154.423126  169.706100  179.530472  182.078598  177.700150  167.060471  150.220306  131.261719  113.080002  95.827347  78.929840  63.213387 
 67.499008  84.812965  102.520470  120.706406  138.520782  156.887192  172.557343  182.240631  184.828278  180.619370  170.856247  153.430161  134.279846  115.650787  97.550156  79.946251  64.004578 
 66.364319  83.395782  100.564377  117.740463  135.473129  153.162659  168.488281  178.148132  180.811096  176.501556  166.378754  149.303589  130.510162  112.866257  95.446716  78.549530  62.985573 
 63.937912  79.864998  95.869843  112.141251  128.708282  144.464996  158.268753  167.451096  170.284851  165.464371  155.240463  140.310150  123.721725  107.499847  91.169846  75.165627  60.366463 
 60.315002  74.059998  88.931252  104.121559  118.575470  131.915619  143.370468  151.312500  153.419693  149.875778  141.004684  128.355469  114.163757  99.767189  84.890472  69.880157  56.927032 
 56.882195  67.585938  80.954842  94.631409  107.337189  118.349213  127.531250  133.735306  135.330780  132.334686  125.305786  115.110626  103.253281  90.582497  76.918747  63.886406  53.900360 
 54.488594  61.542969  71.573280  83.290001  94.428909  103.950935  111.301720  116.190308  117.467499  115.200775  109.441254  101.172028  91.137810  79.931091  68.037811  58.152344  52.188805 
 51.134010  56.559845  62.141823  70.932495  80.634529  88.555519  94.947754  98.921562  99.875000  98.151405  93.368340  86.477661  77.852814  68.260887  59.269897  53.672142  49.614220 
 } 
 B Channel
 {
 19.170364  21.618279  24.906563  29.750576  34.635571  38.703388  41.652294  43.598698  44.085312  43.140938  41.084427  37.538490  33.261982  28.528175  24.035522  21.319374  20.451454 
 19.963699  23.311405  28.455311  34.349533  39.824532  44.252342  47.768124  49.978905  50.507813  49.297188  46.759220  42.805782  37.940311  32.689220  27.070938  22.388126  20.502708 
 21.216618  26.372658  32.837189  39.471405  45.582344  50.816254  55.157028  57.796249  58.532028  56.890160  53.746872  48.939377  43.364376  37.488750  31.178280  25.102188  21.188854 
 22.983437  29.659687  36.952499  44.137657  51.011871  57.334534  62.558128  65.944687  66.652031  64.845314  60.739845  54.945625  48.457970  41.906719  34.992657  28.067345  22.763802 
 24.658958  32.230625  39.994373  47.792343  55.465157  62.682190  68.696716  72.476875  73.300316  71.297028  66.714218  59.976875  52.465622  45.216408  37.757030  30.398750  24.304165 
 25.856979  33.881561  41.883595  50.083595  58.308128  66.165314  72.522034  76.346405  77.225624  75.199371  70.599846  63.225311  55.114059  47.276875  39.578438  31.868595  25.297966 
 26.127968  34.306095  42.647655  51.043434  59.226097  67.200310  73.629845  77.436249  78.351250  76.345940  72.021873  64.599998  56.412186  48.343437  40.310314  32.279221  25.635677 
 25.608124  33.761875  41.934689  50.018280  57.978439  65.514534  71.925003  75.758125  76.569221  74.543594  70.324844  62.892189  54.771248  47.044998  39.267345  31.667343  25.152969 
 24.607292  32.105625  39.985313  47.542969  54.837814  61.686249  67.567184  71.176094  72.087029  69.857346  65.482811  58.944374  51.719215  44.691406  37.384842  30.103592  23.850052 
 22.821877  29.554375  36.806408  43.780937  50.235939  56.153282  60.982811  64.134064  64.835312  63.127968  59.182343  53.639687  47.486404  41.155624  34.414532  27.587032  22.232239 
 21.250103  26.454689  32.878750  39.325314  45.176563  49.982498  53.879997  56.320000  56.806404  55.343285  52.213127  47.764217  42.526405  36.891876  30.695000  24.703907  20.702866 
 20.369690  23.457188  28.340000  33.954376  39.076405  43.347031  46.424061  48.294220  48.665314  47.657658  45.042030  41.427032  36.961407  31.914845  26.417969  21.888905  19.693283 
 18.766773  21.175522  23.861252  27.959377  32.407448  36.006821  38.671982  40.308594  40.702808  39.844532  37.768490  34.742657  30.774117  26.262970  22.211094  19.651199  18.305363 
 } 


 White Balance Data with optical Center Data
 r_center_x =  637 r_center_y =  474 
 gr_center_x =  633 gr_center_y =  467 
 b_center_x =  638 b_center_y =  489 
 gb_center_x =  632 gb_center_y =  476 
 r/gr 0.875448 
 b/gr 0.423185 
 gb/gr 0.998375 
 r_oc_ave 162.848892 
 b_oc_ave 78.720001 
 gr_oc_ave 186.017776 
 gb_oc_ave 185.715561 

 [AWB]
 RGr =  0.875448 
 BGr =  0.423185 
 GbGr =  0.998375 
 r_oc_ave =  162.848892 
 b_oc_ave =  78.720001 
 gr_oc_ave =  186.017776 
 gb_oc_ave =  185.715561 