 LEFT LENS SHADING DATA
 RED Channel
 {
 39.949635  43.680885  48.820053  56.993698  65.210838  72.473694  78.155159  81.710312  82.623695  81.041931  77.478958  71.531044  64.221199  56.214272  48.418068  43.983753  41.256664 
 42.105469  47.806095  56.702347  66.982658  76.808746  85.470154  92.362030  96.966560  98.213905  95.974220  91.181877  84.153122  75.340157  65.740936  55.703278  47.445000  42.895420 
 44.338593  53.731720  65.264374  77.139374  88.465622  98.727501  107.447815  113.347961  115.008118  112.231400  106.107185  96.970467  86.563904  75.506874  63.752029  52.807968  44.510258 
 47.721516  59.815468  72.962029  86.292503  99.377342  111.785622  122.448914  129.983749  132.186401  128.785004  120.753906  109.325623  96.768906  84.094215  71.028595  58.332344  47.380470 
 51.218025  64.858437  79.133904  93.840935  108.786873  123.206406  135.833435  144.341095  147.128906  143.008286  133.617493  120.256088  105.538910  91.153595  76.708282  62.888435  50.375931 
 53.684326  68.203278  83.315628  99.131874  115.354538  131.312027  145.198288  154.303436  156.817657  152.711716  142.965942  128.202499  111.701721  95.888283  80.700783  66.092499  52.497917 
 54.645111  69.547188  85.169685  101.457184  117.884064  134.487503  148.809692  157.922501  160.539215  156.694214  147.510315  132.095932  115.113586  98.753593  82.606720  67.432343  53.592133 
 54.035736  68.655312  84.010780  99.585312  115.758911  131.847504  145.899368  155.096405  157.662506  153.680939  144.429382  129.185944  112.475632  96.665466  81.340309  66.632187  52.919685 
 51.819473  65.745316  80.007660  95.016251  109.953751  124.577194  137.283905  145.840469  148.493286  144.610779  135.078903  121.787964  106.997971  92.349060  78.019218  63.895782  51.015572 
 48.816559  60.824066  74.060936  87.928123  101.083595  113.510315  124.113129  131.453903  133.964844  130.754211  122.603745  111.429062  98.702034  85.862503  72.445938  59.371719  48.176094 
 45.954372  55.161873  67.088280  79.441872  91.093285  101.279221  109.981247  115.854538  117.751556  115.132507  108.705627  99.650780  89.021408  77.651878  65.464218  54.163910  45.687031 
 44.268284  50.008904  59.034065  69.665779  79.797966  88.606873  95.683594  100.012970  101.590935  99.652191  94.634689  87.125626  78.035004  68.096878  57.535469  49.130470  44.256092 
 41.945366  46.094112  50.764069  58.757660  67.449844  74.717712  80.623383  84.414429  85.542191  84.247597  80.272194  73.968544  66.318748  57.698540  50.053177  45.483177  41.976509 
 } 
 GR Channel
 {
 50.752869  55.497025  61.573601  70.552338  79.530312  87.373695  93.585052  97.289635  98.662498  96.462761  92.654427  86.826096  78.641983  69.786980  61.061516  55.851974  52.477806 
 53.865364  60.748909  70.856720  82.266716  92.841560  102.062653  109.494843  114.549850  115.812500  113.195465  108.187965  100.769218  91.399063  80.869064  69.702972  60.304062  54.811142 
 56.742134  67.712341  80.652809  93.816719  106.012032  117.307495  126.737976  132.979691  134.695938  131.642807  125.018753  115.315933  104.102966  92.046249  79.112656  66.633278  57.038910 
 60.781929  74.902969  89.547813  104.077034  118.364685  132.185318  143.805618  151.779694  154.400162  150.555466  142.098907  129.611557  115.823593  101.772972  87.360626  73.106560  60.316978 
 65.078224  80.601563  96.491409  112.610779  129.021255  144.997971  158.734222  168.149536  170.968445  166.613907  157.025940  142.292969  125.869064  109.858597  93.983437  78.449219  64.113594 
 68.074120  84.662659  101.384842  118.693588  136.470779  154.203278  169.547348  179.170151  181.693283  177.685471  167.429840  151.300629  132.952347  115.329056  98.435471  82.249222  66.538170 
 69.076981  86.059059  103.400314  121.202026  139.304214  158.090622  173.617188  183.191101  185.947815  181.949066  172.434525  155.743439  136.727493  118.705475  100.728279  83.742340  67.830475 
 68.449326  85.060783  102.127815  119.207809  137.126556  155.035004  170.379211  180.117188  182.839691  178.805466  169.211716  152.595779  133.718750  116.087814  99.214218  82.693123  66.982704 
 65.540627  81.529373  97.457344  113.917038  130.516098  146.919846  160.777039  170.113129  173.032501  169.005310  158.772186  144.044693  127.241714  111.039375  95.162659  79.436874  64.588951 
 61.904999  75.897499  90.692810  105.965782  120.343445  134.166870  146.028595  154.084213  156.549377  153.054062  144.373901  131.933121  117.795151  103.672028  88.844063  74.244217  61.314842 
 58.467873  69.361404  82.825783  96.470940  109.047340  120.378128  129.852341  136.097351  138.150162  135.225937  128.154068  118.179840  106.640938  94.154373  80.697655  67.926247  58.169998 
 56.014900  63.271561  73.471878  85.252502  96.400780  105.805466  113.216721  118.077652  119.572968  117.448120  111.903908  103.941872  94.272034  83.242966  71.536560  61.834999  55.992500 
 52.583641  58.101151  63.673958  72.535828  82.035156  89.905258  96.003181  99.884117  101.070259  99.639793  95.439949  88.912704  80.699318  71.127762  62.357811  57.073746  52.540833 
 } 
 GB Channel
 {
 51.041458  56.011459  62.456512  71.918694  81.500206  89.874374  96.282341  100.529686  101.871094  99.758484  95.474785  88.872131  80.332138  70.837242  61.769691  56.361359  52.809273 
 53.751045  60.853127  71.346718  83.261406  94.360626  104.166878  112.156723  117.504684  118.857971  116.272034  110.749374  102.746094  92.628593  81.628281  69.982185  60.234688  54.760109 
 56.231041  67.368126  80.705154  94.236404  107.072029  118.794693  128.805313  135.514069  137.444382  134.358276  127.227493  116.966568  105.029373  92.384529  78.977966  66.120003  56.442085 
 59.798691  73.965157  88.921722  104.058128  118.863434  133.184219  145.315933  153.903442  156.546402  152.679382  143.745941  130.710938  116.332184  101.756248  86.791405  72.141716  59.422348 
 63.491203  79.281403  95.403595  111.908905  128.829849  145.082336  159.577652  169.203751  172.307037  167.957336  157.954529  142.771255  125.670319  109.202972  92.759529  76.928909  62.505363 
 66.178856  82.712189  99.593437  117.210007  135.373276  153.409851  169.222351  179.154526  182.186874  178.040161  167.470474  150.972504  132.146713  114.036713  96.801094  80.261093  64.638802 
 66.964951  83.900154  101.137497  119.287186  137.650162  156.660934  172.369370  182.415619  185.468597  181.479843  171.830780  154.759995  135.414368  116.921875  98.791405  81.614372  65.692291 
 66.212135  82.748596  99.850624  117.100784  135.218597  153.210464  168.752350  178.945313  181.904373  177.965317  168.132660  151.255936  132.248444  114.246872  97.031715  80.452499  64.858330 
 63.548958  79.443123  95.348907  111.914688  128.593445  144.981567  159.205475  168.887650  171.958588  167.893753  157.647812  142.587494  125.568756  109.109062  93.051720  77.312187  62.542603 
 60.081406  74.038284  88.935471  104.098282  118.675781  132.588440  144.512497  152.739532  155.495941  152.148438  143.316254  130.675308  116.172348  101.797653  86.806564  72.287033  59.346825 
 57.033745  67.828751  81.316093  94.942032  107.666565  119.083130  128.711090  135.194214  137.414536  134.433594  127.311401  117.117661  105.257347  92.627815  79.094376  66.293907  56.642029 
 54.880630  62.059372  72.382965  84.143593  95.404846  105.047653  112.681870  117.632034  119.237976  117.073914  111.401253  103.144997  93.224998  82.103439  70.302185  60.585472  54.869843 
 51.823540  57.162300  62.913597  71.900887  81.514641  89.498703  96.072708  100.004318  101.476929  99.937035  95.361664  88.649170  80.154587  70.310524  61.480522  56.157761  51.759842 
 } 
 B Channel
 {
 17.760101  20.067184  23.314735  27.865208  32.554062  36.414009  39.505207  41.216507  41.861458  40.986614  39.091511  36.132343  32.114376  27.580833  23.199379  20.600262  19.523590 
 18.611355  21.919689  26.860783  32.463123  37.565311  41.954220  45.438126  47.625469  48.241875  47.122658  44.801720  41.330467  36.844376  31.799999  26.424374  21.814220  19.839844 
 19.834221  25.002342  31.200470  37.571407  43.257813  48.427498  52.680000  55.481560  56.233597  54.877815  51.906250  47.517654  42.304062  36.723438  30.575470  24.610939  20.673439 
 21.709946  28.226406  35.302189  42.162498  48.683907  54.919060  60.074371  63.567497  64.465935  62.754532  59.031876  53.431252  47.323437  40.947033  34.310471  27.517811  22.178230 
 23.412399  30.801563  38.322342  45.752186  53.216721  60.237343  66.285934  70.094688  71.250000  69.272346  64.922501  58.601563  51.499222  44.382656  37.086876  29.852032  23.733074 
 24.617809  32.422813  40.205002  48.126717  56.132965  63.924530  70.428749  74.361565  75.377029  73.514374  69.044998  62.122658  54.182503  46.374374  38.846092  31.325314  24.857811 
 25.067654  32.963280  40.963905  49.118439  57.220627  65.209846  71.772812  75.722969  76.812813  74.932655  70.806877  63.576096  55.361877  47.586094  39.655624  31.872971  25.216095 
 24.670990  32.475780  40.432655  48.259529  56.160156  63.789375  70.277657  74.247185  75.216873  73.408905  69.338280  62.054840  54.010628  46.386250  38.777344  31.274845  24.747135 
 23.465260  30.916718  38.505627  46.081093  53.304375  60.372032  66.227501  69.934998  70.952499  69.124062  64.712814  58.310623  51.134377  44.078281  37.062031  29.834999  23.730000 
 21.823174  28.507969  35.567814  42.530468  48.962654  54.931564  59.778122  62.940315  63.779373  62.270782  58.415939  53.031876  46.990467  40.790627  34.133595  27.472187  22.153019 
 20.448593  25.641720  31.934845  38.320782  44.069843  48.947342  52.871246  55.266090  55.926720  54.613434  51.528282  47.230625  42.190624  36.596249  30.473751  24.593437  20.680935 
 19.595936  22.830936  27.696564  33.263596  38.385624  42.504532  45.717186  47.531250  48.000000  46.939529  44.566875  40.995781  36.671562  31.658436  26.277969  21.809376  19.738121 
 18.304688  20.575104  23.236980  27.371304  31.741459  35.248074  38.014271  39.672085  40.036251  39.364742  37.495209  34.407658  30.673229  26.261356  22.150677  19.723957  18.170212 
 } 


 White Balance Data with optical Center Data
 r_center_x =  655 r_center_y =  513 
 gr_center_x =  638 gr_center_y =  499 
 b_center_x =  651 b_center_y =  499 
 gb_center_x =  649 gb_center_y =  489 
 r/gr 0.862725 
 b/gr 0.411826 
 gb/gr 0.997573 
 r_oc_ave 161.137772 
 b_oc_ave 76.919998 
 gr_oc_ave 186.777771 
 gb_oc_ave 186.324448 

 [AWB]
 RGr =  0.862725 
 BGr =  0.411826 
 GbGr =  0.997573 
 r_oc_ave =  161.137772 
 b_oc_ave =  76.919998 
 gr_oc_ave =  186.777771 
 gb_oc_ave =  186.324448 