 LEFT LENS SHADING DATA
 RED Channel
 {
 41.650784  45.510365  50.817505  59.292656  67.854431  75.375412  80.922913  84.557968  85.337288  83.273438  79.275154  72.912025  65.000366  56.607239  48.613327  43.881668  41.003334 
 44.469116  50.317657  59.625000  70.519531  80.656715  89.578751  96.663750  101.193596  102.350624  99.867188  94.328278  86.351410  77.073906  66.887032  56.368752  47.807499  43.030003 
 46.656403  56.209534  68.174530  80.805313  92.675316  103.473907  112.312653  118.296402  120.038132  116.516556  109.500153  99.418282  88.227654  76.430000  64.186874  52.950310  44.488228 
 49.948021  62.403435  75.931091  89.983284  103.772186  116.732498  127.858124  135.615936  137.711868  133.482819  124.530319  111.855621  98.401718  84.810623  71.132965  58.288597  47.106304 
 53.214638  67.302345  81.951248  97.358749  113.196091  128.304840  141.520935  150.259842  152.828125  147.937805  137.678436  123.007965  106.997658  91.501564  76.460159  62.501251  49.969582 
 55.646614  70.613907  86.063126  102.371872  119.573593  136.356094  150.827820  159.914841  162.193283  157.404846  146.717346  130.518127  112.979218  96.022499  80.145622  65.400002  51.834999 
 56.659630  71.568596  87.639374  104.412033  121.790314  139.328903  153.957809  162.771881  165.305939  160.517181  150.100311  133.730621  115.750626  98.190155  81.575310  66.350471  52.474426 
 55.830833  70.391251  85.838753  102.155937  118.917816  135.554688  150.032028  159.115005  161.388748  156.543594  146.226715  130.051086  112.538437  95.838905  79.905785  65.238129  51.816872 
 53.444893  67.219063  81.588753  96.842186  112.272659  126.935776  140.125626  148.681412  150.828278  146.197662  135.846725  121.708588  106.355003  91.131409  76.286560  62.302185  49.963020 
 50.048744  62.126251  75.512032  89.263435  102.589844  115.059219  125.859375  133.119995  135.015930  131.205307  122.376404  110.539375  97.414063  84.187813  70.536407  57.664528  46.870155 
 46.941147  56.271561  67.920471  80.221092  91.821091  102.153122  110.765312  116.490936  117.873123  114.554214  107.527809  98.094215  87.351097  75.730003  63.520782  52.383438  44.218441 
 45.327396  50.527809  59.326248  69.871094  79.883438  88.492966  95.455940  99.569534  100.752029  98.096565  92.765472  85.240623  76.116562  66.087967  55.615936  47.306717  42.922344 
 42.543232  46.249477  50.814995  58.578392  66.977188  74.045265  79.723434  83.308487  83.756821  82.103645  77.903175  71.677704  64.076149  55.578598  47.794689  43.619843  40.442760 
 } 
 GR Channel
 {
 50.996201  56.290367  62.735466  72.279533  81.754066  89.905731  95.910568  99.649788  100.921150  98.782921  94.906204  88.457504  80.064224  70.595985  61.494637  55.803024  52.233025 
 55.414536  62.736404  73.443596  85.531403  96.521561  105.779060  113.100784  117.799377  119.217819  116.822495  111.826408  103.889999  94.128593  83.073280  71.267342  61.158440  55.197189 
 58.684372  70.038124  83.496246  97.104378  109.631561  120.773743  129.852493  136.190308  138.157501  135.138443  128.429214  118.352814  106.843597  94.229065  80.632965  67.658905  57.467865 
 62.851517  77.266716  92.227341  107.237343  121.691879  134.979370  146.708130  154.836090  157.178436  153.576874  144.966721  132.374374  118.417496  103.825623  88.865936  74.112816  61.001144 
 66.835159  83.009529  99.074371  115.254211  131.814377  147.582184  161.440155  170.874374  173.622498  169.287506  159.751724  144.793442  128.122192  111.620155  95.304062  79.360779  64.735573 
 69.674217  86.764847  103.542030  120.544846  138.365311  156.156555  171.402191  181.331558  183.755783  179.592651  169.595154  153.042969  134.846878  116.920944  99.816406  83.099846  67.288383 
 70.754478  87.761566  105.350159  122.676254  140.700623  159.294693  174.951874  184.587494  187.207184  183.041565  173.463593  157.048279  138.268433  119.570160  101.607498  84.268906  68.104530 
 69.828384  86.364845  103.308441  120.337967  137.791092  155.531097  171.165787  180.979538  183.451721  179.233597  169.758438  153.354538  134.644226  116.764999  99.599998  82.962189  67.299683 
 66.784485  82.629059  98.424843  114.777649  130.873444  146.638275  160.804688  169.972031  172.668594  168.637344  158.632034  144.128906  127.824997  111.607346  95.405785  79.479065  64.662392 
 62.559998  76.841248  91.716248  106.405159  120.581879  133.833130  145.559998  153.523132  155.876556  152.504059  143.799530  131.848587  118.059525  103.709999  88.667030  73.868591  60.872551 
 58.626617  70.102654  83.225624  96.553436  109.034843  120.056564  129.252808  135.423431  137.353439  134.231873  127.564850  117.916565  106.766251  94.112816  80.453438  67.415627  57.610626 
 56.024269  63.145935  73.314529  84.934219  95.897034  105.138283  112.532501  117.039215  118.661880  116.292664  111.050316  103.311096  93.724220  82.715157  70.973434  61.159843  55.643387 
 51.998024  57.357605  63.163490  71.914009  81.235161  88.935577  95.175415  99.134850  99.825630  98.256615  94.136139  87.636299  79.407349  70.022865  61.245522  56.217552  52.339218 
 } 
 GB Channel
 {
 50.984108  56.497032  63.340576  73.375572  83.445572  92.023750  98.354683  102.375252  103.480057  101.227455  96.813850  89.658546  80.728752  70.838593  61.304482  55.320412  51.590828 
 55.035370  62.627655  73.572029  86.092033  97.567032  107.422501  115.027191  120.202972  121.663589  118.955154  113.324692  104.844376  94.438751  82.804222  70.494064  60.150002  54.287506 
 57.979477  69.532814  83.201096  97.260780  110.222504  121.842651  131.449997  138.080154  140.149841  136.867813  129.726563  118.947037  106.817970  93.555626  79.511871  66.208122  55.942291 
 61.695625  76.340622  91.498749  106.853592  121.687805  135.481873  147.596878  156.137497  158.669220  154.680313  145.538910  132.270309  117.661255  102.613907  87.225311  72.180779  58.985161 
 65.310265  81.517967  97.798592  114.219849  130.990158  147.244843  161.669693  171.332504  174.362976  169.811874  159.704056  144.182816  126.723907  109.881096  93.206406  77.011871  62.362297 
 67.928024  84.879684  101.748283  118.755630  136.887024  155.036713  170.644531  180.788284  183.477814  179.219223  168.851715  151.867813  132.974213  114.527039  97.078590  80.314529  64.463066 
 68.709274  85.655937  103.081718  120.612030  138.807816  157.575775  173.489380  183.250000  186.113129  181.990158  172.115463  155.201569  136.026245  116.963593  98.718903  81.338280  65.244324 
 67.627502  84.207497  101.004684  118.104996  135.627029  153.401871  169.372498  179.437347  182.112503  177.813278  168.071716  151.375153  132.286087  114.022034  96.725311  79.973282  64.374741 
 64.911247  80.754997  96.466721  112.716400  128.824692  144.655319  159.120789  168.553757  171.450470  167.258118  157.179993  142.272964  125.605774  109.016251  92.592659  76.660309  61.936981 
 60.857239  75.153282  90.034378  104.712502  118.957336  132.442032  144.167969  152.293442  154.788757  151.245789  142.378128  130.090775  115.944061  101.365158  86.226410  71.327972  58.569008 
 57.351563  68.725311  81.953438  95.316872  107.839531  118.964371  128.337814  134.767807  136.598129  133.564224  126.503281  116.499374  105.069374  92.116409  78.355782  65.269066  55.581985 
 55.017288  62.134377  72.456879  84.140472  95.221405  104.702187  112.328125  116.982193  118.523285  116.053589  110.554062  102.535309  92.520157  81.233124  69.252029  59.456879  53.983124 
 51.302711  56.569374  62.600212  71.489838  81.207451  88.996773  95.586037  99.526772  100.350990  98.669220  93.914070  87.315735  78.654121  68.919792  60.035988  54.969788  51.209373 
 } 
 B Channel
 {
 18.736198  20.874535  23.902916  28.648071  33.291142  37.264740  40.170780  41.926300  42.560364  41.532291  39.473228  36.119221  32.045311  27.362862  22.956615  20.189167  18.788754 
 20.525784  23.803905  28.915001  34.860783  40.181564  44.665783  48.076408  50.156097  50.782654  49.599373  47.045311  43.189842  38.359062  32.968906  27.356407  22.608749  20.279583 
 21.933956  27.194374  33.663280  40.209217  46.186249  51.374687  55.521561  58.143753  58.985313  57.473122  54.300781  49.454216  43.991249  37.921249  31.525158  25.513748  21.291248 
 23.873386  30.557343  37.767967  44.919846  51.681252  57.718285  62.743752  66.052185  66.854218  65.081253  61.107346  55.272186  48.743279  42.079533  35.143593  28.379532  22.969742 
 25.656300  33.168594  40.821720  48.488281  55.931877  62.892815  68.743591  72.444687  73.350311  71.234375  66.859840  60.143753  52.627968  45.226406  37.813282  30.631405  24.668697 
 26.969635  34.776093  42.687656  50.549377  58.621407  66.184219  72.615311  76.278122  76.980934  74.962502  70.395622  63.144531  55.123436  47.113438  39.490158  32.088280  25.680992 
 27.366669  35.153751  43.241093  51.283440  59.329529  67.114220  73.463753  77.052185  77.807503  75.777344  71.397499  64.181564  56.143593  48.077812  40.088123  32.547501  26.034580 
 26.787815  34.436562  42.205624  49.958748  57.753441  65.172966  71.376251  75.130783  75.787659  73.660004  69.459686  62.422028  54.484062  46.692501  39.090313  31.811405  25.497452 
 25.283489  32.675781  39.947968  47.298752  54.504059  61.078903  66.766251  70.247810  70.959846  68.871407  64.532341  58.354065  51.415627  44.372189  37.271717  30.242031  24.279324 
 23.248020  29.845936  36.823280  43.468906  49.821564  55.474533  60.170624  63.116249  63.701096  61.959061  58.241249  53.077499  47.175625  40.971561  34.277813  27.688751  22.446667 
 21.448071  26.649532  32.830154  38.976719  44.637657  49.454376  53.175156  55.548592  55.953903  54.423752  51.413124  47.209686  42.359844  36.718750  30.576561  24.769688  20.938438 
 20.311249  23.373749  28.189377  33.589375  38.590782  42.811874  45.993752  47.701717  48.055466  46.897030  44.434532  40.960468  36.677032  31.648281  26.288437  21.914063  19.953228 
 18.678753  20.914997  23.468960  27.651039  32.028908  35.623959  38.547081  40.230679  40.379429  39.510159  37.433071  34.505264  30.611404  26.263908  22.069271  19.818645  18.589478 
 } 


 White Balance Data with optical Center Data
 r_center_x =  638 r_center_y =  470 
 gr_center_x =  638 gr_center_y =  487 
 b_center_x =  623 b_center_y =  454 
 gb_center_x =  636 gb_center_y =  481 
 r/gr 0.882315 
 b/gr 0.414698 
 gb/gr 0.992835 
 r_oc_ave 165.839996 
 b_oc_ave 77.946663 
 gr_oc_ave 187.960007 
 gb_oc_ave 186.613327 

 [AWB]
 RGr =  0.882315 
 BGr =  0.414698 
 GbGr =  0.992835 
 r_oc_ave =  165.839996 
 b_oc_ave =  77.946663 
 gr_oc_ave =  187.960007 
 gb_oc_ave =  186.613327 