 LEFT LENS SHADING DATA
 RED Channel
 {
 40.421719  44.380886  49.729424  58.162025  66.782394  74.221771  79.851410  83.191559  84.364220  82.594162  78.899010  72.800728  65.357346  57.082397  49.064217  44.388489  41.812241 
 43.104221  49.064842  58.217972  68.913910  79.014061  87.700935  94.760780  99.324066  100.632347  98.461250  93.684219  86.184059  77.182968  67.299065  56.899841  48.475784  43.935154 
 45.416561  54.701561  66.578751  78.962654  90.424377  100.810310  109.720154  115.557663  117.312195  114.587814  108.195313  98.828278  88.174843  76.847969  64.892189  53.682503  45.363747 
 48.644058  60.752815  74.115936  87.727341  100.991096  113.501251  124.412338  132.051407  134.494995  130.778122  122.708435  110.943748  98.242500  85.209846  72.001091  59.164063  48.109062 
 51.878593  65.482971  79.991875  94.937187  110.126877  124.663132  137.690781  146.287811  149.053589  144.901718  135.472031  121.693588  106.669060  91.958748  77.433281  63.543282  51.115158 
 54.095314  68.601563  83.816406  99.645309  116.188904  132.480774  146.543900  155.668274  158.090149  154.163437  144.247650  129.148438  112.714844  96.695160  81.389061  66.726715  53.209435 
 54.954376  69.773125  85.367653  101.556717  118.333588  135.246094  149.567184  158.528442  161.129532  157.081253  147.784683  132.504837  115.576401  99.057343  83.078751  67.787811  54.006561 
 54.175835  68.623749  83.828590  99.450783  115.737808  131.799377  146.017654  155.075775  157.572189  153.508438  144.391098  129.273285  112.701401  96.935783  81.656563  66.984840  53.306717 
 51.840210  65.458122  79.734840  94.614845  109.428909  123.998749  136.769684  145.427505  147.890930  143.944214  134.687195  121.575150  106.832657  92.482658  78.093285  64.135628  51.350624 
 48.460724  60.517815  73.787659  87.311874  100.323280  112.809067  123.450775  130.806412  133.022339  129.805161  121.919525  110.941093  98.298279  85.541252  72.256561  59.310623  48.433121 
 45.640102  54.952187  66.652496  78.868439  90.369843  100.611717  109.212502  115.189850  116.869843  114.297348  107.985466  99.116409  88.684998  77.362030  65.432816  54.086563  46.008640 
 44.084896  49.720314  58.572815  69.266090  79.456253  88.186874  95.246094  99.750153  101.102341  99.088440  94.373909  87.097656  78.220779  68.213127  57.771408  49.423592  45.031303 
 41.997395  45.966976  50.935310  59.050056  67.830002  75.193954  81.430473  84.997444  86.167137  84.713020  80.876198  74.746193  67.055580  58.584373  50.789116  46.376305  43.492970 
 } 
 GR Channel
 {
 50.975784  56.002449  62.256042  71.501404  80.728432  88.598694  94.520775  98.431717  99.400368  97.439423  93.251976  86.980103  79.057610  69.995567  61.169846  55.818588  52.345680 
 54.744118  61.802658  72.239372  84.057030  94.988434  104.563904  111.988907  116.732346  118.091400  115.511719  110.214066  102.307190  92.584686  81.848282  70.402969  60.755470  55.283180 
 57.606926  68.619217  82.005623  95.661560  108.300934  119.513275  128.983597  135.265778  137.228745  133.991089  127.043900  116.772964  105.227501  92.737816  79.686722  67.069221  57.295258 
 61.599899  75.611565  90.615471  105.814842  120.399216  133.949692  145.771881  153.958588  156.368439  152.451096  143.804382  130.939056  116.755630  102.453903  87.932343  73.475471  60.831512 
 65.601456  81.346878  97.570465  114.123901  130.679214  146.723129  160.621567  169.862656  172.447495  168.213745  158.195160  143.255630  126.606873  110.364998  94.370468  78.682343  64.454224 
 68.339951  85.206406  102.235939  119.695618  137.803909  155.500000  170.744995  180.111099  182.685623  178.435150  168.159851  151.792038  133.551880  115.822495  98.904221  82.396248  66.999580 
 69.258644  86.414063  104.022346  121.872498  140.211563  158.801254  174.000153  183.309219  185.871399  181.932968  172.189682  155.729996  137.263123  118.877808  101.004684  83.797188  68.078018 
 68.500473  85.138596  102.150780  119.479218  137.390778  154.820938  169.969376  179.499374  181.857193  177.808594  168.330475  152.044067  133.731567  116.053131  99.210625  82.637497  67.101250 
 65.709320  81.235779  97.327812  113.804214  130.259064  146.130783  159.829529  169.022339  171.502808  167.487808  157.550308  143.135941  126.945786  110.852028  94.983749  79.206406  64.761612 
 61.498543  75.383125  90.240471  105.207497  119.703430  133.599060  145.038757  152.937347  155.304535  151.920471  143.345474  131.313278  117.289536  103.044846  88.354218  73.733597  61.165886 
 58.006149  68.826561  82.082657  95.507965  108.282028  119.443130  128.934845  135.287033  137.248123  134.389847  127.454529  117.839996  106.236404  93.828438  80.508125  67.726875  58.229378 
 55.816612  62.821404  72.885315  84.637184  95.872345  105.482185  113.160309  117.854065  119.246719  117.097809  111.864998  104.008125  94.306877  83.286560  71.760780  62.120155  56.788696 
 52.679527  57.878693  63.726563  72.918434  82.520470  90.598854  97.048645  100.571144  101.860672  100.360313  96.208748  89.791878  81.443542  71.914063  63.166824  58.015785  54.224953 
 } 
 GB Channel
 {
 51.166046  56.229797  62.754013  72.576775  82.243484  90.852036  97.260315  101.479950  102.662659  100.514374  95.974327  89.024277  80.202187  70.601616  61.651718  56.008179  52.695679 
 54.494370  61.661873  72.437965  84.843437  96.348282  106.325157  114.381561  119.602661  121.014526  118.266876  112.620789  104.067184  93.818436  82.480156  70.517342  60.657967  55.166512 
 56.797028  67.947655  81.725937  95.773750  108.944847  120.915619  130.901566  137.808289  139.770935  136.505005  129.101410  118.421097  106.004997  93.045311  79.483910  66.500313  56.881142 
 60.248222  74.432816  89.872032  105.481094  120.664063  134.753128  147.103745  155.709213  158.398911  154.536255  145.466568  132.007813  117.299530  102.277969  87.255310  72.406403  59.654945 
 63.654427  79.791718  96.210785  113.288589  130.207184  146.736877  161.119370  170.775787  173.761871  169.582031  159.157349  143.835007  126.449066  109.607658  93.127342  77.132034  62.924736 
 66.349945  83.198906  100.375465  118.077194  136.569534  154.782654  170.299057  180.278900  183.179062  178.829224  168.387192  151.680466  132.886566  114.616409  97.267654  80.601410  65.138695 
 67.022339  84.206718  101.782341  119.967499  138.605774  157.382034  172.947189  182.769226  185.676559  181.621246  171.943283  155.179840  136.219376  117.226563  99.058128  81.702812  66.094055 
 66.151360  82.840935  99.904373  117.389847  135.492340  153.218903  168.709839  178.702194  181.354065  177.434525  167.810471  151.213440  132.536087  114.370468  97.183441  80.477814  65.211555 
 63.519012  79.172966  95.248436  111.829529  128.484070  144.499847  158.667816  168.127975  170.995316  167.000931  156.960785  142.234222  125.639221  109.321091  93.107658  77.308594  62.890892 
 59.723907  73.582031  88.513908  103.583282  118.227341  132.284378  144.055313  152.135162  154.710159  151.489380  142.664536  130.393280  115.986404  101.559532  86.579063  72.026566  59.442818 
 56.559372  67.464378  80.687347  94.257500  107.054840  118.593750  128.254837  134.794067  136.852188  134.057816  127.061249  117.102036  105.306404  92.568283  79.157188  66.330780  56.963905 
 54.871559  61.666565  71.878906  83.720001  95.118126  104.950935  112.779068  117.720474  119.264526  117.077347  111.686249  103.573128  93.631409  82.427658  70.695938  61.038437  55.937607 
 51.890312  57.167816  63.085785  72.489586  82.138123  90.510109  97.307816  101.171097  102.163910  100.739639  96.442924  89.783951  81.094116  71.480362  62.535103  57.352188  53.672188 
 } 
 B Channel
 {
 18.074738  20.324322  23.304375  27.841511  32.454063  36.417343  39.210571  41.059322  41.386616  40.594845  38.638748  35.486874  31.607449  27.112289  22.805782  20.108074  19.001408 
 19.510574  22.943283  28.004375  33.837967  39.047813  43.499218  46.972031  49.088280  49.703903  48.545471  46.207500  42.443127  37.880157  32.719376  27.142654  22.510780  20.499321 
 20.629326  25.867031  32.448750  39.120937  45.117500  50.313751  54.608437  57.438591  58.183128  56.766090  53.639221  49.077972  43.649845  37.750938  31.468281  25.450001  21.498337 
 22.269115  29.058907  36.347813  43.522499  50.383125  56.587967  61.875626  65.486565  66.469688  64.706879  60.910156  55.112343  48.707809  42.117500  35.255001  28.407970  23.153175 
 24.227554  31.586094  39.321251  47.015312  54.627815  61.879219  67.964691  71.963440  73.097969  71.228439  66.805153  60.220627  52.760941  45.461250  37.994530  30.735313  24.811562 
 25.476978  33.306564  41.273125  49.220627  57.433907  65.337341  71.930153  75.877190  76.911873  75.210625  70.677032  63.567657  55.500778  47.612186  39.903439  32.312813  25.789478 
 25.842293  33.799374  41.960312  50.067345  58.349060  66.396095  73.026093  76.959846  77.993904  76.147034  72.032654  64.818909  56.731873  48.700470  40.673283  32.814064  26.299061 
 25.324268  33.129688  41.023907  48.967499  56.851715  64.604691  71.174530  75.169998  76.136719  74.322815  70.281250  63.138908  55.199371  47.440781  39.802189  32.216408  25.778698 
 24.091507  31.391720  38.966095  46.527500  53.763435  60.864845  66.780159  70.712341  71.684685  69.854218  65.658127  59.309059  52.301407  45.103127  37.932499  30.661251  24.600830 
 22.253071  28.780781  35.828594  42.808437  49.325470  55.374374  60.440002  63.720627  64.627190  63.188278  59.544220  54.310936  48.118279  41.766094  34.930626  28.155781  22.910988 
 20.799320  25.938282  32.259689  38.742188  44.644375  49.708748  53.830940  56.567184  57.308128  56.089531  53.087967  48.949066  43.639374  37.941875  31.601406  25.512344  21.678387 
 20.160049  23.328594  28.288750  34.069687  39.472500  43.942345  47.433907  49.567810  50.305153  49.288597  46.917656  43.323750  38.782188  33.559845  27.860470  23.248280  21.419743 
 18.932968  21.380886  24.244999  28.731770  33.505417  37.348804  40.466198  42.234066  42.711617  42.046303  40.154118  37.070000  33.003853  28.310471  23.934841  21.455574  20.447239 
 } 


 White Balance Data with optical Center Data
 r_center_x =  657 r_center_y =  485 
 gr_center_x =  614 gr_center_y =  476 
 b_center_x =  605 b_center_y =  483 
 gb_center_x =  629 gb_center_y =  479 
 r/gr 0.866700 
 b/gr 0.418531 
 gb/gr 0.997784 
 r_oc_ave 161.679993 
 b_oc_ave 78.075554 
 gr_oc_ave 186.546661 
 gb_oc_ave 186.133331 

 [AWB]
 RGr =  0.866700 
 BGr =  0.418531 
 GbGr =  0.997784 
 r_oc_ave =  161.679993 
 b_oc_ave =  78.075554 
 gr_oc_ave =  186.546661 
 gb_oc_ave =  186.133331 