 LEFT LENS SHADING DATA
 RED Channel
 {
 41.820263  45.403595  50.299271  58.146820  66.760162  74.031090  79.686089  82.999214  83.693802  81.919846  77.821411  71.670990  64.348175  56.032661  48.539742  43.952812  40.594063 
 44.111927  49.589218  58.352188  68.952034  79.078278  87.841721  94.775467  99.083595  100.009842  97.517967  92.448280  84.802032  75.702972  66.129532  55.858284  47.520313  42.720726 
 46.237026  55.243904  66.853592  79.216408  91.124062  101.500465  110.251717  115.828751  117.159378  113.905472  107.372498  97.764061  86.945313  75.668594  63.918594  52.713753  44.235832 
 49.319893  61.260315  74.670784  88.614372  102.135780  114.730164  125.548126  132.592346  134.384369  130.381561  122.073120  110.290939  97.332184  84.206253  71.030472  58.213593  46.988800 
 52.715210  66.209373  80.986092  96.387810  111.607658  126.142807  138.806870  146.922180  149.180313  144.742035  134.999695  121.201569  105.943123  91.113594  76.607498  62.719841  50.056725 
 54.969849  69.626717  85.170937  101.341560  118.002655  134.241714  148.027817  156.558121  158.735306  154.410782  144.089539  128.696716  111.841873  95.735466  80.400314  65.721718  52.176926 
 55.774162  70.763748  86.683441  103.515625  120.503433  137.186401  151.051407  159.811401  162.192337  157.982819  148.410934  132.332504  114.958588  98.190155  82.139061  66.890472  52.852760 
 54.892342  69.667969  85.253906  101.560783  117.957657  133.960007  147.650314  156.472183  158.860779  154.533127  145.100159  129.296249  112.385941  96.270157  80.746407  65.957184  52.244270 
 52.783073  66.592033  81.292816  96.399063  111.432968  125.936401  138.546722  146.616409  148.998123  144.569382  135.114380  121.453903  106.128593  91.697342  77.129845  63.213753  50.372078 
 49.563652  61.537811  75.038750  88.705002  101.903282  114.299225  124.778748  131.824371  133.929840  130.597031  122.240631  110.517342  97.489532  84.773285  71.472969  58.621094  47.462139 
 46.856564  55.809059  67.506096  79.643440  91.249374  101.608597  110.087967  115.768127  117.502350  114.640320  107.827347  98.317497  87.559532  76.220467  64.356407  53.204216  44.704014 
 45.367344  50.436722  58.907967  69.267342  79.370628  88.120628  94.951248  99.415939  100.906097  98.549530  93.266251  85.707497  76.545471  66.615623  56.344215  48.027657  43.003700 
 42.999424  46.173176  50.529427  58.265884  66.759789  73.948120  79.824577  83.368431  84.476295  82.711823  78.608330  72.573334  64.614014  56.183960  48.504433  44.164532  41.060783 
 } 
 GR Channel
 {
 52.660362  57.971611  63.992813  72.870255  82.409271  90.314735  96.197136  99.592186  100.359062  98.275780  93.876091  87.433121  79.446198  70.310623  61.615829  56.162865  52.212868 
 56.461609  63.543907  73.782814  85.500465  96.457184  105.770782  112.932343  117.178436  118.174057  115.455154  110.212967  102.251877  92.653908  81.998123  70.512497  60.828903  54.927444 
 59.699478  70.500313  83.762970  97.338753  109.993904  121.012817  129.927185  135.644226  137.116562  133.562195  126.694687  116.896255  105.050629  92.878281  79.742500  66.953751  56.945839 
 63.605621  77.643127  92.739372  107.714066  122.326248  135.629837  146.820160  154.127808  156.127029  151.882813  143.267975  130.816101  116.783600  102.566872  88.085159  73.472504  60.387085 
 67.672966  83.541092  99.778435  116.444839  132.547653  148.051559  161.394531  169.881409  172.173599  167.655624  157.707657  143.086716  126.612183  110.341721  94.587502  78.792343  64.047554 
 70.573700  87.568909  104.665001  122.088913  139.735306  156.974838  171.449844  180.182037  182.383438  177.945938  167.600632  151.399841  133.214996  115.670151  98.830315  82.342972  66.406509 
 71.404999  88.788750  106.407501  124.305939  142.112183  159.994690  174.780151  183.664215  185.913284  181.727188  172.546402  155.556244  136.757339  118.495316  100.816872  83.711090  67.356720 
 70.272087  87.433746  104.565315  121.928436  139.160461  156.321564  170.881088  179.936401  182.241714  178.304993  168.802185  152.199844  133.736725  116.048279  99.035934  82.417656  66.782860 
 67.507133  83.763596  99.941872  115.995621  131.869843  147.392807  160.909058  169.513901  171.946243  167.526245  157.922180  143.427963  126.848907  110.891876  94.830002  79.302185  64.213020 
 63.917656  77.754532  92.722343  107.349998  121.322189  134.475006  145.767654  153.156403  155.466721  152.109680  143.565308  130.967651  117.088593  103.215935  88.612503  73.935158  60.824951 
 60.269165  70.973747  84.088593  97.204529  109.439842  120.359680  129.231720  135.420776  137.199692  134.354996  127.173431  117.228592  105.677971  93.398125  80.157341  67.459061  57.372398 
 57.748024  64.287186  73.941719  85.399529  96.066872  105.200935  112.337341  117.124069  118.715942  116.286560  110.689377  102.878128  93.105782  82.241249  70.736252  61.109375  55.240204 
 53.720940  58.451347  63.600258  72.143066  81.492714  89.146767  95.145882  98.997810  100.298012  98.425316  93.791458  87.759789  79.160568  69.913757  61.288338  56.133545  52.288544 
 } 
 GB Channel
 {
 52.994011  58.286514  64.694435  74.136192  84.289635  92.852913  99.434013  103.159164  104.077187  101.721619  97.103333  89.910675  81.086349  71.589485  62.288956  56.567764  52.379845 
 56.257347  63.427971  74.055466  86.422653  98.121094  108.063751  115.869217  120.727493  121.734680  118.878906  113.088745  104.456718  94.198441  82.902809  70.820625  60.745468  54.762764 
 58.798912  69.865784  83.623283  97.680466  111.066406  122.733749  132.385315  138.572495  140.321091  136.604538  129.299850  118.726563  106.356094  93.471092  79.669373  66.543282  56.269325 
 62.287025  76.568909  92.017502  107.561096  122.714539  136.798752  148.750473  156.580780  158.812347  154.355469  145.437027  132.252655  117.552811  102.665154  87.549843  72.580154  59.397026 
 65.794006  81.860466  98.459846  115.398590  132.329224  148.450317  162.410629  171.476089  173.994064  169.396561  159.026871  143.862656  126.626724  109.960785  93.552811  77.512970  62.558174 
 68.279320  85.404533  102.712814  120.452820  138.513443  156.363754  171.395157  180.688126  183.217346  178.752655  168.119537  151.429993  132.667664  114.525620  97.258438  80.632965  64.563179 
 68.946663  86.397499  104.106247  122.165466  140.385315  158.782974  173.917664  183.395004  185.985626  181.842346  172.457962  155.094528  135.828430  116.936874  99.060471  81.728592  65.261726 
 67.730995  85.100784  102.230469  119.594528  137.265320  154.773911  169.820786  179.530945  182.181244  178.039215  168.350464  151.373276  132.460007  114.416565  97.072968  80.261719  64.522339 
 65.334900  81.592812  97.679688  113.921875  129.973129  145.996246  159.716721  168.828598  171.672806  167.160629  157.346725  142.511871  125.576096  109.286095  93.043434  77.300003  62.297501 
 61.785210  75.929375  90.761253  105.495468  119.748123  133.236725  144.742661  152.593903  155.118912  151.736557  142.925156  130.066711  115.860931  101.609840  86.817184  72.168747  58.992912 
 58.700264  69.377968  82.490623  95.722656  108.318436  119.481720  128.756561  134.990784  137.008286  134.171097  126.891556  116.656723  104.746407  92.183128  78.767815  66.028435  55.888855 
 56.693329  63.071251  72.904060  84.416252  95.393593  104.868752  112.316254  117.402817  119.162811  116.617188  110.720940  102.654060  92.597191  81.364220  69.711563  59.964844  54.085884 
 52.895416  57.781250  62.976974  71.857910  81.432556  89.481247  95.867920  99.890312  101.141144  99.274689  94.287598  88.046150  79.030518  69.534424  60.631981  55.283806  51.197548 
 } 
 B Channel
 {
 18.396355  20.657608  23.584373  28.134689  32.765831  36.545677  39.341980  40.820992  41.163280  40.117813  38.130524  34.898232  30.925468  26.488804  22.225574  19.626564  18.362396 
 19.725525  22.908436  27.884377  33.695938  38.993752  43.251720  46.509064  48.258278  48.492653  47.270313  44.787186  41.107811  36.517345  31.492344  26.090782  21.497814  19.154476 
 20.986145  26.089062  32.595001  39.129375  45.049686  49.961876  53.838127  56.278435  56.603279  54.955627  51.899529  47.393906  42.068283  36.365936  30.265938  24.236095  20.141720 
 22.660469  29.352345  36.668751  43.772030  50.345314  56.143127  60.890472  63.861092  64.526566  62.595779  58.782654  53.250000  47.018749  40.594219  33.835938  27.123592  21.641304 
 24.417343  31.964218  39.816875  47.464687  54.550468  61.222656  66.748283  70.149376  71.006409  68.909843  64.576561  58.105782  50.831253  43.674061  36.636719  29.430157  23.176201 
 25.591198  33.651405  41.774376  49.569534  57.154686  64.498909  70.525467  73.972809  74.793594  72.974533  68.397972  61.239998  53.343285  45.680782  38.267345  30.882656  24.138699 
 26.032028  34.226406  42.387501  50.251564  57.870003  65.403282  71.363434  74.934998  75.964378  74.210472  70.027344  62.605469  54.513435  46.774376  39.054688  31.360939  24.489269 
 25.633282  33.582657  41.445625  49.080002  56.451874  63.534691  69.561722  73.215622  74.283592  72.510780  68.361565  61.239372  53.299217  45.685780  38.191250  30.759689  24.196354 
 24.469635  31.943592  39.255936  46.372658  53.158127  59.573128  65.091560  68.631874  69.801720  67.882187  63.656097  57.436722  50.333908  43.447811  36.378750  29.324219  22.918594 
 22.857395  29.170311  35.911877  42.441093  48.403748  53.970314  58.613747  61.822968  62.810936  61.229843  57.598907  52.199532  46.231407  40.102345  33.583595  26.952030  21.339325 
 21.284847  25.934219  31.826248  37.662811  43.167656  47.814377  51.707184  54.385468  55.085472  53.849060  50.748909  46.458908  41.331093  35.836094  29.853283  24.015625  19.855209 
 20.221561  22.771561  26.999844  32.277657  37.224686  41.388596  44.571407  46.727501  47.361252  46.245468  43.747971  40.277187  35.880001  30.868908  25.585468  21.130470  18.767757 
 18.570313  20.222813  22.297134  26.286613  30.651768  34.321716  37.293697  38.964581  39.352081  38.534012  36.386509  33.625519  29.654167  25.268700  21.280262  18.833595  17.297344 
 } 


 White Balance Data with optical Center Data
 r_center_x =  653 r_center_y =  485 
 gr_center_x =  637 gr_center_y =  475 
 b_center_x =  648 b_center_y =  477 
 gb_center_x =  636 gb_center_y =  473 
 r/gr 0.870851 
 b/gr 0.407385 
 gb/gr 1.001023 
 r_oc_ave 162.671112 
 b_oc_ave 76.097778 
 gr_oc_ave 186.795563 
 gb_oc_ave 186.986664 

 [AWB]
 RGr =  0.870851 
 BGr =  0.407385 
 GbGr =  1.001023 
 r_oc_ave =  162.671112 
 b_oc_ave =  76.097778 
 gr_oc_ave =  186.795563 
 gb_oc_ave =  186.986664 