 LEFT LENS SHADING DATA
 RED Channel
 {
 41.450886  44.707138  49.334167  57.052399  65.475784  72.866821  78.227135  81.719116  82.576927  80.968285  77.203079  71.172134  63.778908  55.726349  48.107300  43.365105  40.668854 
 43.968384  48.899841  57.503754  67.849060  77.700157  86.385780  93.379845  97.936409  99.335472  96.908905  91.995781  84.383591  75.457031  65.839691  55.755623  47.378437  42.650520 
 45.959057  54.576561  65.956718  77.866562  89.356094  99.777969  108.691093  114.773590  116.505310  113.585007  106.919373  97.354218  86.457184  75.201874  63.659065  52.715309  44.532398 
 49.297188  60.483437  73.567970  86.995003  100.297188  112.863281  124.080002  131.807037  134.252808  130.377502  121.762650  109.737656  96.815315  83.733597  70.723122  58.222656  47.409534 
 52.351349  65.470940  79.591095  94.509377  109.636406  124.410309  137.649536  146.682343  149.266556  144.917969  135.020309  120.952652  105.445000  90.587814  76.381096  62.616249  50.375000 
 54.008438  68.608437  83.525627  99.432190  116.250153  132.738434  147.076569  156.290619  158.890778  154.576874  144.329529  128.765778  111.615936  95.359062  80.203751  65.785622  52.362289 
 54.163750  69.512497  85.034843  101.419060  118.407974  135.651093  150.175156  159.232025  162.011719  157.840942  148.419220  132.428909  114.780472  97.817497  81.835159  66.825157  53.331200 
 53.042610  68.042191  83.520782  99.371094  115.799057  132.239685  146.487976  155.705780  158.347504  154.275620  144.857193  129.183594  112.004059  95.890938  80.408752  65.861565  52.678642 
 51.298912  64.644531  79.253128  94.413910  109.473122  124.085312  137.226715  145.987808  148.684219  144.171097  134.731567  121.191254  105.978439  91.390312  76.821564  63.154686  50.549271 
 48.521301  59.586090  72.828903  86.734375  100.115471  112.448746  123.377350  131.015930  133.329849  129.764694  121.607651  110.151718  97.336090  84.521248  71.275940  58.520935  47.731354 
 46.217392  54.240311  65.416405  77.684059  89.541565  99.975784  108.652496  114.615463  116.507187  113.808594  107.110626  97.934059  87.309685  76.096252  64.085625  53.062813  45.069065 
 44.769634  49.452347  57.253754  67.535156  77.824219  86.748749  93.807816  98.505783  99.897659  97.852966  92.672966  85.198906  76.295937  66.517967  56.233284  48.025154  43.467449 
 42.030884  45.720886  49.635002  56.955780  65.614845  73.152916  79.087395  82.554329  83.753281  82.482338  78.323593  72.313705  64.675522  56.307343  48.778488  44.460365  41.419117 
 } 
 GR Channel
 {
 51.255211  55.755211  61.412140  70.392754  79.623489  87.568489  93.528336  97.141922  98.211296  96.562447  92.822395  86.443123  78.446259  69.384064  60.565002  54.950157  51.272652 
 55.151459  61.609375  71.582344  83.182968  94.130783  103.352028  110.707497  115.437973  117.101089  114.680161  109.664063  101.826874  92.176247  81.612816  70.213753  60.367035  54.538078 
 58.110733  68.606560  81.661873  94.980934  107.419846  118.416245  127.795624  134.092026  135.936874  132.987976  126.370468  116.470627  104.822968  92.630936  79.651878  66.967499  57.113747 
 62.405365  75.685158  90.651718  105.385468  119.556717  132.949844  144.842651  152.690933  155.335785  151.411255  142.868286  130.415939  116.556244  102.468285  87.888908  73.614532  60.775154 
 66.040627  81.545624  97.575157  113.769531  129.916092  145.726715  159.609070  168.835464  171.593750  167.331558  157.391876  142.828598  126.317657  110.220627  94.618126  79.012184  64.559692 
 68.260155  85.244530  102.090157  119.262344  137.127029  154.627975  169.606247  179.240311  181.937973  177.826401  167.512817  151.311249  132.909225  115.270462  98.603279  82.462967  66.835258 
 68.134789  86.300629  103.904373  121.514999  139.670776  157.993118  173.231094  182.654694  185.557343  181.538284  171.862183  154.989838  136.329056  118.224838  100.806091  83.801094  67.931717 
 67.015160  84.683281  102.124222  119.380783  136.910004  154.557190  169.661713  179.100006  181.725937  177.428131  167.920776  151.636871  133.350464  116.051712  99.107658  82.571716  67.065674 
 64.803902  80.617035  97.290779  114.003433  130.286880  145.913132  159.876251  168.584534  171.129837  166.453751  157.202499  143.065002  126.729218  110.775940  94.878906  79.293434  64.552612 
 61.101875  74.699371  89.869530  105.457497  119.942810  133.357025  144.635315  152.457504  154.654999  151.179382  143.073288  130.946411  117.094376  103.035622  88.419373  73.812187  60.942192 
 58.122292  68.415627  81.590782  95.473595  108.482498  119.692963  128.722031  134.789368  136.734680  133.939056  127.096252  117.463913  106.030472  93.629845  80.171875  67.300156  57.544533 
 55.614166  62.128754  71.856247  83.719841  95.197029  105.025940  112.380630  117.083130  118.667343  116.394531  111.004532  103.129532  93.371407  82.446716  70.696877  60.905937  55.235519 
 51.392082  57.255829  62.197922  70.771301  80.576820  88.919273  95.383537  99.314789  100.442970  98.908073  94.583488  87.930580  79.717026  70.078590  61.323959  56.158859  51.965515 
 } 
 GB Channel
 {
 51.678169  56.204010  62.150940  71.460258  81.341049  89.790108  96.308228  100.283806  101.518440  99.724739  95.697975  88.740158  80.088181  70.510056  61.274223  55.353333  51.644585 
 55.208588  61.765472  71.964691  84.082970  95.553123  105.420937  113.219055  118.467346  120.157181  117.740784  112.379837  104.010780  93.741722  82.577347  70.688591  60.503754  54.629997 
 57.748016  68.397186  81.761871  95.377342  108.421562  120.104996  129.930313  136.705154  138.981720  135.892807  128.843750  118.433441  106.095314  93.244530  79.784843  66.725159  56.747032 
 61.684998  75.099998  90.228752  105.385315  120.137970  134.070938  146.464066  154.883911  157.819687  153.892807  144.969849  131.883438  117.398285  102.693123  87.714844  73.030472  60.059425 
 65.054268  80.557190  96.626091  113.130310  129.666565  145.890472  160.282501  170.269531  173.264221  169.083435  158.683289  143.823120  126.621094  110.088593  93.931404  77.990623  63.312706 
 66.710732  83.912811  100.835625  118.074844  136.270309  153.968597  169.589066  179.639069  182.722351  178.639221  168.162033  151.574219  132.769226  114.594681  97.594688  81.060623  65.330208 
 66.319061  84.591560  102.182655  120.026245  138.186874  156.818130  172.325317  182.304062  185.581253  181.595932  171.718750  154.678589  135.720306  117.289368  99.524063  82.290627  66.314789 
 65.011986  82.819061  100.260941  117.625153  135.280319  153.100937  168.420471  178.452347  181.326874  177.178589  167.494690  150.944534  132.520782  114.808746  97.686722  81.019531  65.414330 
 62.884689  78.795937  95.482033  112.315308  128.672348  144.583282  158.814850  167.957504  170.800934  166.219528  156.667664  142.474686  125.795151  109.610626  93.437187  77.697189  62.955521 
 59.458694  73.118904  88.380783  104.001251  118.721100  132.276245  143.770157  151.948441  154.349213  151.057343  142.665939  130.326248  116.242188  102.002502  87.171875  72.459061  59.634895 
 56.896614  67.091408  80.318436  94.311562  107.405937  118.904373  128.242188  134.503281  136.711716  133.897034  126.935776  117.018753  105.331879  92.721092  79.151566  66.162659  56.432442 
 54.837555  61.082344  70.925316  82.909378  94.563904  104.621719  112.192657  117.228592  119.000626  116.713745  111.072968  102.945000  92.989372  81.814842  69.857033  60.078278  54.489326 
 50.991714  56.481720  61.519066  70.298119  80.394112  88.957344  95.710785  99.794632  100.932289  99.476662  94.996513  87.957504  79.432709  69.623802  60.731819  55.304321  51.530579 
 } 
 B Channel
 {
 18.179581  19.821667  22.367500  26.623074  31.113438  34.926773  38.034584  39.700989  40.114742  39.270054  37.535519  34.539898  30.644478  26.335468  22.086979  19.289063  18.019062 
 19.902084  22.551250  27.117500  32.575783  37.678436  42.008438  45.369999  47.617031  48.224533  47.133595  44.855938  41.242813  36.770313  31.832344  26.440311  21.830311  19.581978 
 21.324322  25.837032  31.841408  38.018124  43.719376  48.642967  52.738434  55.677032  56.409218  55.095314  52.012497  47.593906  42.291718  36.731094  30.639999  24.892811  20.828232 
 23.214478  29.262814  35.967342  42.669846  49.015472  54.857811  59.971252  63.292343  64.295624  62.670624  58.889061  53.315155  47.150780  40.835625  34.244999  27.799217  22.584846 
 24.726616  31.898907  39.173752  46.358437  53.359375  60.139061  65.889221  69.627968  70.727501  68.849533  64.656250  58.326096  51.117188  44.072498  37.031719  30.096718  24.162762 
 25.231510  33.320469  41.109375  48.698593  56.259216  63.538597  69.643593  73.329689  74.364532  72.703438  68.331566  61.488434  53.689377  46.214844  38.766251  31.644688  25.290520 
 24.915413  33.496250  41.670155  49.496246  57.159531  64.595314  70.675468  74.357033  75.401405  73.623749  69.772034  62.789688  54.909378  47.200157  39.494530  32.103748  25.674168 
 24.111042  32.436874  40.578594  48.362343  55.855469  63.044220  68.977654  72.633591  73.593285  71.883751  68.095940  61.374687  53.638748  46.208752  38.749531  31.479530  25.254322 
 23.217186  30.419689  38.181873  45.892033  52.991562  59.457657  64.987503  68.450470  69.376564  67.425003  63.456093  57.618752  50.770309  43.991405  36.904999  29.989532  24.138489 
 21.683598  27.706718  34.754688  41.905468  48.474373  54.124222  58.752502  61.798904  62.501091  61.000153  57.564529  52.514847  46.649376  40.614220  34.040470  27.550468  22.304424 
 20.504219  24.891094  30.847031  37.252499  43.287342  48.293434  52.125313  54.443909  55.115623  53.884377  50.993126  46.887188  41.877342  36.413124  30.292343  24.554218  20.836510 
 19.560883  22.122345  26.382656  31.884220  37.228748  41.714687  45.120937  47.032188  47.523438  46.582813  44.173126  40.728127  36.350780  31.401093  25.982189  21.639374  19.743542 
 18.200054  20.503799  22.753281  26.821095  31.399170  35.410519  38.513023  40.381771  40.642185  39.942814  37.908955  34.891457  30.913906  26.538387  22.313854  19.981045  18.874374 
 } 


 White Balance Data with optical Center Data
 r_center_x =  651 r_center_y =  476 
 gr_center_x =  641 gr_center_y =  498 
 b_center_x =  628 b_center_y =  494 
 gb_center_x =  653 gb_center_y =  481 
 r/gr 0.874916 
 b/gr 0.406611 
 gb/gr 1.001314 
 r_oc_ave 162.804443 
 b_oc_ave 75.662224 
 gr_oc_ave 186.080002 
 gb_oc_ave 186.324448 

 [AWB]
 RGr =  0.874916 
 BGr =  0.406611 
 GbGr =  1.001314 
 r_oc_ave =  162.804443 
 b_oc_ave =  75.662224 
 gr_oc_ave =  186.080002 
 gb_oc_ave =  186.324448 