 LEFT LENS SHADING DATA
 RED Channel
 {
 39.708488  43.167240  48.358017  56.461357  64.693130  72.062759  77.567612  81.157707  82.057030  80.645882  76.710106  70.635887  63.285835  55.253288  47.470886  43.064789  40.515625 
 42.212238  47.904530  56.790939  66.970940  76.748123  85.317970  92.247185  96.888123  98.188904  95.997345  91.000938  83.724846  74.830002  65.250153  55.213593  47.098125  42.799789 
 44.521198  53.763908  65.221878  76.945465  88.125000  98.385155  107.139374  113.284531  115.109222  112.162964  105.544533  96.280937  85.813751  74.708435  63.129845  52.351875  44.496040 
 48.109169  59.808746  72.689377  85.723907  98.594688  111.138123  122.116089  129.994370  132.362503  128.451401  120.087036  108.514221  95.893280  83.247658  70.368126  57.822189  47.278019 
 51.610786  64.743904  78.568909  93.090782  107.885780  122.352341  135.462341  144.494217  147.149063  142.832031  133.159851  119.271713  104.409065  89.984222  75.830002  62.271873  50.218956 
 54.045258  68.105469  82.541878  98.067497  114.449844  130.631409  144.849213  154.068283  156.649841  152.590317  142.215775  126.915787  110.215309  94.574066  79.633278  65.367188  52.238014 
 54.799011  69.282967  84.464378  100.242813  116.912811  133.900467  148.113907  157.426712  159.891556  155.994995  146.280151  130.417816  113.266098  96.905937  81.287033  66.564690  53.165939 
 54.057236  68.170784  83.076721  98.375778  114.294525  130.433594  144.629532  153.923904  156.385788  152.378906  142.671875  127.142975  110.416092  94.789375  79.930466  65.577347  52.531303 
 51.725624  65.071877  79.012344  93.532814  108.136719  122.336090  135.240784  144.077652  146.523132  142.499222  132.852493  119.285156  104.531403  90.279999  76.315628  62.783905  50.508278 
 48.289223  60.139847  73.054688  86.280937  99.042656  111.000465  121.567810  129.170319  131.410629  127.863434  119.498749  108.399841  95.882187  83.453751  70.560471  58.150467  47.568600 
 45.253857  54.350937  65.843903  77.741409  88.975937  98.842346  107.194221  113.085464  114.837967  112.126556  105.564690  96.562347  86.280624  75.220467  63.639374  52.810310  45.021564 
 43.288906  48.809532  57.541252  67.893127  77.743752  86.136566  92.868279  97.227188  98.551094  96.513748  91.484840  84.192032  75.465622  65.805153  55.821251  47.817345  43.565884 
 41.061821  44.742241  49.657501  57.524376  65.917496  73.094482  78.652664  82.050522  82.833801  81.420830  77.803802  71.656822  64.256050  55.931618  48.478752  44.317554  41.551720 
 } 
 GR Channel
 {
 50.024002  54.853180  61.057030  70.468742  79.724426  87.873909  93.896873  97.690674  99.021301  97.519478  93.557808  87.212967  79.041092  69.906410  60.846100  55.424271  51.556778 
 54.019424  61.225471  71.637657  83.237503  94.047966  103.448280  110.935623  115.981720  117.592346  115.402817  110.602814  102.949844  93.455467  82.483284  70.846718  61.062187  55.205521 
 57.004059  68.296562  81.552185  94.768127  107.109840  118.341873  127.669693  134.307495  136.423752  133.649368  127.222961  117.711411  106.176094  93.727966  80.405624  67.646561  57.841568 
 61.270782  75.343903  90.147499  104.803436  118.961868  132.619217  144.451401  152.857819  155.549683  152.004532  143.861252  131.514526  117.429535  103.354691  88.586716  73.955154  61.339531 
 65.499115  81.033905  96.849373  112.885315  129.121094  144.957657  158.999069  168.718124  171.864059  167.718277  157.835007  143.221252  127.007813  111.073441  95.132965  79.349373  64.881042 
 68.399948  84.860153  101.340935  118.369995  136.105774  153.771561  169.151245  179.272964  181.887650  177.955780  167.527649  151.619537  133.720154  116.310944  99.619530  83.142342  67.392555 
 69.151672  86.178749  103.364532  120.627975  138.767975  157.227036  172.784531  182.449692  185.229065  181.507187  172.175156  155.770004  137.282501  119.436249  101.711563  84.528435  68.543854 
 68.233383  84.881096  101.772499  118.624527  135.943588  153.622971  168.845474  178.471100  181.522507  177.771561  168.595306  152.290161  133.947815  116.613281  99.914063  83.369377  67.748535 
 65.350311  81.231560  97.240936  113.427032  129.413437  145.050003  158.719528  168.109528  171.182663  167.396408  157.712967  143.460938  127.188904  111.398590  95.666565  79.919220  65.247345 
 61.265831  75.385002  90.374374  105.209686  119.448593  132.580154  143.816559  151.892975  154.698441  151.340622  142.970779  131.281723  117.589844  103.752029  89.142654  74.464066  61.525734 
 57.328384  68.641090  82.074371  95.565002  108.184532  118.991714  127.915161  134.203903  136.417038  133.747192  127.091095  117.626556  106.431877  94.106407  80.704529  67.903748  58.279999 
 54.668495  61.972031  72.309059  84.226410  95.250153  104.560936  111.768753  116.534531  118.112503  116.105621  110.962029  103.224533  93.728752  82.808441  71.217972  61.587029  55.914734 
 51.217659  56.417244  62.538223  71.577446  81.314949  89.293854  95.421249  99.243080  100.385414  98.796875  94.958488  88.475151  80.032921  70.588020  62.008591  56.786827  52.650162 
 } 
 GB Channel
 {
 50.687134  55.702553  62.187393  72.088226  81.761818  90.515678  96.857086  101.007080  102.456459  100.760880  96.270943  89.491302  80.713753  70.969009  61.572182  56.051041  52.178963 
 54.180466  61.673592  72.374062  84.444061  95.858284  105.775467  113.690002  118.975006  120.788132  118.483597  113.233444  105.018593  94.868752  83.314217  71.209686  61.185623  55.351875 
 56.883018  68.352188  81.945160  95.664528  108.463593  120.224213  130.078598  137.122818  139.359680  136.558594  129.591400  119.442810  107.404686  94.375313  80.445625  67.367966  57.461098 
 60.885780  75.088905  90.225159  105.205940  119.865158  133.943909  146.265152  155.128906  158.129684  154.466568  145.719528  132.690628  118.219055  103.480621  88.268127  73.221878  60.467293 
 64.708023  80.414688  96.383125  112.645630  129.279999  145.547180  160.032654  170.222183  173.710785  169.533752  159.095474  143.931091  127.071411  110.693283  94.319534  78.264687  63.720100 
 67.183746  83.809998  100.420624  117.553909  135.390152  153.445618  169.108749  179.611877  182.764221  178.636566  167.944534  151.580002  133.338440  115.550629  98.402657  81.687347  65.987549 
 67.611977  84.809059  102.007347  119.464691  137.595001  156.283752  171.855469  182.220154  185.291245  181.429214  171.878906  155.055786  136.429062  118.235474  100.205627  82.862503  66.732498 
 66.576721  83.488594  100.324844  117.149841  134.660004  152.369064  167.940002  177.865158  181.135788  177.347656  167.889694  151.410461  132.868912  115.257965  98.273438  81.534843  66.135887 
 63.841972  79.709061  95.774063  112.067032  128.113434  143.868439  157.822662  167.634064  170.947037  166.960785  157.066711  142.484528  126.047806  110.024689  94.084373  78.310158  63.789948 
 59.840942  74.115936  89.110779  104.048592  118.336716  131.552505  143.026718  151.543594  154.335938  151.012024  142.506409  130.391251  116.509216  102.451096  87.566559  72.883751  60.047913 
 56.309525  67.557655  81.052185  94.662186  107.316406  118.226715  127.416412  133.827499  136.180313  133.502350  126.630463  116.830475  105.538750  92.940315  79.393906  66.625000  56.817085 
 53.803276  61.110153  71.517502  83.571404  94.660782  104.111252  111.584373  116.553757  118.165939  116.054993  110.775154  102.769379  92.962654  81.929535  70.217659  60.573441  55.000938 
 50.662453  55.712029  62.066666  71.451195  81.018486  89.158745  95.599380  99.533333  100.668442  99.247093  94.929115  88.290215  79.575363  69.923492  61.081192  55.833023  52.048851 
 } 
 B Channel
 {
 18.115417  20.007084  22.831196  27.386562  31.971096  35.813126  38.834167  40.636772  41.165363  40.433750  38.452137  35.335102  31.384686  26.924164  22.564690  19.866096  18.481514 
 19.829166  22.986252  27.811405  33.295311  38.339218  42.738125  46.266251  48.517189  49.186409  48.162498  45.849842  42.223438  37.685936  32.533749  26.997189  22.390469  20.076508 
 21.160156  26.279530  32.522655  38.631718  44.217030  49.211090  53.405312  56.351097  57.176094  55.880470  52.910156  48.467186  43.268906  37.527500  31.278908  25.395782  21.313904 
 23.019478  29.629063  36.540783  43.121407  49.413284  55.310310  60.352028  63.923904  64.987190  63.322029  59.599060  54.245316  48.091721  41.792812  35.012970  28.307343  23.031719 
 24.804268  32.192188  39.453281  46.717655  53.711716  60.462814  66.265160  70.142029  71.275940  69.553909  65.328903  59.051407  52.021248  44.971718  37.812656  30.700470  24.724426 
 26.031666  33.791248  41.379219  48.894218  56.471718  63.944687  70.149376  73.946716  74.937500  73.335785  68.991409  62.147346  54.563438  47.017502  39.561249  32.252655  25.877445 
 26.204113  34.152657  42.028126  49.742500  57.459373  65.113281  71.296875  74.922188  76.036095  74.352814  70.405624  63.471092  55.757813  48.115936  40.395157  32.761250  26.302498 
 25.670574  33.395782  41.164063  48.637032  56.060783  63.398125  69.517189  73.172188  74.206093  72.513123  68.609062  61.888908  54.322502  46.918907  39.499374  32.175312  25.866142 
 24.244480  31.531563  38.954220  46.169689  53.162971  59.676720  65.282967  68.977654  69.932968  68.162659  64.069221  58.131096  51.339691  44.705467  37.666561  30.632656  24.804947 
 22.213333  28.843750  35.779064  42.524845  48.660622  54.284378  58.893280  62.116249  63.032341  61.503441  57.862343  52.955467  47.197342  41.201096  34.646252  28.089531  22.880573 
 20.425575  25.585781  31.863125  38.044064  43.666092  48.427658  52.135155  54.652969  55.423592  54.192810  51.245003  47.169220  42.364532  36.933437  30.862343  25.077656  21.263279 
 19.294846  22.386719  27.278282  32.851250  37.934219  42.087967  45.212502  47.229843  47.751877  46.790627  44.540627  41.054531  36.777500  31.886406  26.506092  22.150780  20.246407 
 18.013596  20.306507  23.203072  27.645000  32.155258  35.982761  38.763752  40.398388  40.816040  40.145210  38.304790  35.258492  31.233749  26.898281  22.608387  20.338490  19.225574 
 } 


 White Balance Data with optical Center Data
 r_center_x =  646 r_center_y =  469 
 gr_center_x =  628 gr_center_y =  489 
 b_center_x =  646 b_center_y =  488 
 gb_center_x =  642 gb_center_y =  482 
 r/gr 0.863390 
 b/gr 0.410165 
 gb/gr 1.002055 
 r_oc_ave 160.586670 
 b_oc_ave 76.288887 
 gr_oc_ave 185.995560 
 gb_oc_ave 186.377777 

 [AWB]
 RGr =  0.863390 
 BGr =  0.410165 
 GbGr =  1.002055 
 r_oc_ave =  160.586670 
 b_oc_ave =  76.288887 
 gr_oc_ave =  185.995560 
 gb_oc_ave =  186.377777 