 LEFT LENS SHADING DATA
 RED Channel
 {
 39.812084  43.148331  48.129486  56.033798  64.184586  71.332443  76.764015  80.099953  81.060097  79.393967  75.643539  69.725464  62.322495  54.205208  46.734947  42.603855  40.136356 
 42.327499  47.738750  56.314064  66.541092  76.300003  84.997658  91.845467  96.240158  97.367188  95.114372  90.216873  82.781097  73.931252  64.295624  54.388908  46.295937  42.084690 
 44.387081  53.417503  64.698441  76.583908  87.914841  98.326721  107.080154  112.970001  114.527191  111.487656  104.900002  95.549843  84.918594  73.784531  62.187035  51.431091  43.598389 
 47.604431  59.320465  72.315781  85.574997  98.620941  111.230621  122.160782  129.822815  132.026718  128.158905  119.440308  107.718597  94.901253  82.080940  69.129532  56.678436  46.146351 
 50.634064  64.186562  78.311409  92.889687  107.785782  122.555786  135.693909  144.354996  146.884537  142.295471  132.544693  118.319214  103.160004  88.699532  74.463593  60.990623  48.836456 
 52.897240  67.118279  82.171562  97.848907  114.162033  130.539841  144.751877  153.785934  156.106400  151.817337  141.374222  126.006256  109.148590  93.198906  78.132660  63.856247  50.784996 
 53.712135  68.271095  83.588280  99.860313  116.705475  133.452499  147.780319  156.816711  159.085159  155.061874  145.358749  129.495163  112.132965  95.568436  79.757965  64.947029  51.699326 
 53.016823  67.173279  82.027969  97.647186  114.011719  130.392654  144.232651  153.238754  155.396408  151.290161  141.601257  126.108444  109.251251  93.168121  78.221092  63.863907  50.970779 
 50.888390  64.033592  77.984222  92.642189  107.469376  122.180786  134.833435  143.398285  145.630310  141.383911  131.712494  118.179382  103.280312  88.820160  74.761253  61.164688  49.068436 
 47.401985  59.152809  71.981720  85.151718  98.011253  110.287033  120.905624  128.144058  130.301254  126.930313  118.495621  107.338280  94.723907  82.084373  69.065628  56.657654  46.176617 
 44.524639  53.371094  64.730469  76.444687  87.625938  97.617035  106.183907  111.887810  113.612183  110.777191  104.216873  95.185623  84.871246  73.858910  62.267502  51.493279  43.698490 
 42.711197  47.991405  56.447029  66.623123  76.275002  84.694847  91.358749  95.768906  97.050781  94.950470  89.880310  82.630783  73.931404  64.331879  54.397034  46.517654  42.164532 
 40.707031  44.215782  48.830154  56.496872  64.694588  71.764633  77.371254  80.653282  81.583069  80.326927  76.526146  70.490578  62.974121  54.815620  47.599323  43.469532  40.779949 
 } 
 GR Channel
 {
 50.489426  55.344421  61.394737  70.500313  79.835106  87.793015  93.800262  97.414215  98.809006  97.071251  93.133072  86.643898  78.327766  69.132912  60.257141  55.124893  51.563232 
 54.465263  61.581718  71.775780  83.655312  94.529686  103.824684  111.301720  116.002350  117.311722  114.932495  109.759529  101.928284  92.125465  81.148750  69.484840  59.812813  54.420319 
 57.490578  68.565781  81.910309  95.445000  107.923279  119.023438  128.067032  134.551254  136.297974  133.169525  126.274689  116.233276  104.694534  92.330002  78.903282  66.092499  56.578743 
 61.517395  75.822815  90.987968  105.842186  119.961563  133.616409  145.053436  153.053909  155.556564  151.610153  142.610931  130.140152  116.225937  101.982033  87.216873  72.620941  59.861351 
 65.278854  81.514687  97.798904  113.998123  130.220306  146.079681  160.085785  169.092026  171.730774  167.296722  157.184692  142.186722  125.746246  109.783440  93.738129  77.921875  63.455627 
 68.068748  85.237503  102.333595  119.646408  137.388123  155.024063  170.300308  179.810471  182.032181  177.584213  166.965942  150.576721  132.428131  114.879837  98.088440  81.440002  65.747078 
 69.178802  86.494843  103.918282  121.821091  139.848434  158.395309  173.749069  183.393127  185.817810  181.385941  171.145004  154.474686  135.827347  117.631256  99.938278  82.910622  66.896042 
 68.183441  84.983437  102.030159  119.274994  136.997025  154.764526  169.846405  179.394058  181.789215  177.661560  167.451569  150.836090  132.354691  114.728912  97.924690  81.330315  65.936569 
 65.317711  81.144379  97.184845  113.531555  129.943756  145.754379  159.549683  168.698914  171.135620  166.883911  156.734375  141.979996  125.546097  109.469063  93.614220  77.838127  63.258118 
 61.243645  75.289063  90.120628  105.008904  119.152969  132.774216  144.199066  152.028748  154.339844  150.668121  141.757034  129.716873  115.779694  101.640778  86.986252  72.396873  59.681877 
 57.401978  68.341560  81.572815  95.016251  107.393280  118.432343  127.723282  133.922348  135.740463  132.667496  125.671875  115.870468  104.570938  92.151093  78.814377  65.962341  56.613800 
 54.840050  61.596092  71.688438  83.321877  94.251564  103.639221  110.995316  115.832184  117.214218  114.950150  109.392189  101.397659  91.747971  80.883278  69.379684  59.825470  54.614014 
 51.408806  56.565475  62.175934  71.200203  80.497810  88.549011  94.936562  98.834267  99.733177  98.334946  93.980103  87.355782  78.915260  69.471817  60.851768  55.876091  52.336510 
 } 
 GB Channel
 {
 51.150261  56.006096  62.342606  72.114578  81.802444  90.412239  96.719795  100.753853  102.142448  100.153801  95.687553  88.610001  79.891518  69.879005  60.692558  55.232552  51.616302 
 54.600685  61.899216  72.482185  84.862503  96.270157  106.073280  113.874374  118.943436  120.345154  117.689850  112.074844  103.639999  93.212967  81.665466  69.586090  59.651093  54.173393 
 57.267448  68.612656  82.306091  96.321564  109.214066  120.826874  130.430786  137.118591  138.955475  135.727188  128.305786  117.781876  105.534843  92.507813  78.589844  65.494843  55.956299 
 60.986565  75.365311  90.824371  106.201721  120.799377  134.834686  146.746094  155.156250  157.815002  153.717819  144.279373  131.083755  116.523911  101.703438  86.541565  71.647659  58.787453 
 64.373436  80.789688  97.265160  113.789993  130.380936  146.656250  161.009064  170.453430  173.272812  168.652817  158.290314  142.672180  125.604218  108.995003  92.487343  76.467659  62.091194 
 66.722076  84.099998  101.194221  118.839371  136.763596  154.785461  170.370316  180.296570  182.778595  178.165314  167.198288  150.448593  131.754532  113.728745  96.429840  79.636253  64.027084 
 67.670784  85.002655  102.505936  120.722351  138.955780  157.462967  173.105164  183.186249  185.799057  181.370468  170.944061  153.875626  134.812973  116.220154  98.100784  80.867813  65.007805 
 66.636772  83.542191  100.498123  117.872498  135.905624  153.733276  169.141724  178.906097  181.651093  177.387192  167.026245  150.038284  131.140152  113.290466  96.074219  79.380783  64.079735 
 63.946983  79.767815  95.843285  112.320938  128.769226  144.906555  158.854843  168.259369  171.042664  166.621719  156.213440  141.389221  124.315933  107.902031  91.827347  75.931877  61.504791 
 59.923386  74.048592  89.013748  103.966721  118.305466  132.075317  143.730469  151.667664  154.054535  150.544067  141.609070  129.222656  114.879211  100.360313  85.375153  70.678596  58.232132 
 56.444267  67.415939  80.777344  94.262810  106.855469  118.062347  127.512344  133.924683  135.821411  132.746246  125.537186  115.379211  103.732658  91.081718  77.501877  64.651253  55.345833 
 54.233650  60.969063  71.110466  83.035004  94.101410  103.741096  111.276093  116.276871  117.743744  115.242493  109.590622  101.381721  91.321251  80.118904  68.463753  58.923126  53.640205 
 51.139481  56.118233  61.921509  71.209999  80.735359  88.999214  95.440887  99.569374  100.604584  98.907082  94.372704  87.533600  78.813339  69.109535  60.394577  55.121040  51.925629 
 } 
 B Channel
 {
 18.513176  20.654427  23.423542  27.731304  32.148022  35.918907  38.777084  40.433697  40.972290  40.083752  38.251564  35.194790  31.215733  26.700157  22.455158  19.851982  18.532814 
 20.031929  23.267967  28.256874  33.873592  38.935936  43.293282  46.657501  48.587654  49.064377  47.958752  45.592812  41.991875  37.467812  32.319530  26.764530  22.184063  20.077812 
 21.297756  26.505470  32.884842  39.397499  45.134998  50.210625  54.189217  56.833595  57.262970  55.889374  52.747345  48.273903  43.019688  37.360313  31.052658  25.114845  21.202137 
 22.930626  29.725624  36.998905  44.132030  50.634377  56.660309  61.663437  64.980316  65.592346  63.659691  59.643593  54.086563  47.903439  41.436405  34.716564  28.052032  22.760159 
 24.543858  32.218437  39.961876  47.582813  54.968903  61.936096  67.859840  71.529373  72.262032  70.068283  65.585472  59.023285  51.740784  44.667030  37.403751  30.292656  24.349949 
 25.591873  33.645626  41.750156  49.656403  57.579063  65.301407  71.773590  75.425468  76.080467  74.142815  69.397812  62.267342  54.350311  46.593281  39.023438  31.729843  25.372971 
 25.906040  34.030624  42.143906  50.396095  58.349373  66.169220  72.538910  76.402191  77.241722  75.283440  70.891716  63.560471  55.507813  47.705936  39.797657  32.222500  25.706249 
 25.394115  33.240158  41.199219  49.027809  56.883278  64.477654  70.702812  74.465935  75.359222  73.407814  69.250626  62.104691  54.097969  46.411095  38.862343  31.517345  25.158382 
 24.074429  31.417969  38.956249  46.509377  53.707970  60.598282  66.222656  69.815468  70.785469  68.957344  64.617966  58.291405  51.281097  44.233280  37.089687  29.997814  24.041977 
 22.214897  28.715313  35.718594  42.633907  49.016251  54.875938  59.609375  62.751091  63.567345  62.070465  58.356094  53.152344  47.116718  40.837032  34.134377  27.539532  22.293907 
 20.539375  25.565624  31.782345  38.014843  43.683281  48.590935  52.600624  55.096092  55.694687  54.493752  51.443909  47.233280  42.193905  36.568436  30.390938  24.546249  20.806667 
 19.579895  22.534061  27.294064  32.797188  37.942032  42.227970  45.446407  47.540001  47.981720  46.972813  44.526562  40.968124  36.607189  31.537655  26.091873  21.787498  19.959583 
 18.586143  20.882813  23.715313  28.001354  32.679321  36.464008  39.375778  41.170002  41.531094  40.792397  38.767815  35.675205  31.551353  27.081615  22.796040  20.487919  19.631664 
 } 


 White Balance Data with optical Center Data
 r_center_x =  621 r_center_y =  480 
 gr_center_x =  629 gr_center_y =  489 
 b_center_x =  636 b_center_y =  465 
 gb_center_x =  622 gb_center_y =  489 
 r/gr 0.856643 
 b/gr 0.414426 
 gb/gr 1.000214 
 r_oc_ave 159.880005 
 b_oc_ave 77.346664 
 gr_oc_ave 186.635559 
 gb_oc_ave 186.675552 

 [AWB]
 RGr =  0.856643 
 BGr =  0.414426 
 GbGr =  1.000214 
 r_oc_ave =  159.880005 
 b_oc_ave =  77.346664 
 gr_oc_ave =  186.635559 
 gb_oc_ave =  186.675552 