 LEFT LENS SHADING DATA
 RED Channel
 {
 41.312550  44.812969  50.015991  58.008430  66.408279  73.562920  79.211403  82.368958  83.351303  81.747810  77.958435  72.005577  64.381935  56.321976  48.655312  43.904114  40.996613 
 43.765049  49.137344  58.019531  68.460938  78.478905  86.981247  93.795784  98.320625  99.376091  97.151566  92.339691  84.867035  75.961716  66.305313  56.302811  47.877655  43.060364 
 45.758961  54.789375  66.346252  78.266876  89.762657  99.996094  108.607658  114.410934  116.108444  113.205475  106.681091  97.468903  86.820778  75.826248  64.189217  53.077187  44.694271 
 49.038078  60.805779  73.839844  87.183281  100.344528  112.720154  123.742035  131.153122  133.280624  129.465317  121.211243  109.650780  96.949219  84.123123  71.171410  58.536560  47.461975 
 52.315521  65.654686  79.882034  94.527496  109.504372  124.019531  136.976257  145.634995  148.138275  143.807037  134.208588  120.428757  105.352501  90.868439  76.612656  62.906403  50.467033 
 54.586304  68.879845  83.696877  99.349373  115.679214  132.077652  146.266098  155.173752  157.746567  153.468445  143.199371  127.956406  111.359840  95.457184  80.356873  65.871719  52.521095 
 55.519112  69.973907  85.241722  101.225159  117.968597  135.013443  149.386719  158.407974  160.812805  156.787033  147.433121  131.659225  114.422028  97.864372  82.157814  66.996246  53.335419 
 54.664215  68.936096  83.904533  99.444061  115.634216  131.872025  146.014374  155.056564  157.524216  153.263275  143.969223  128.494217  111.792503  95.871407  80.672028  65.984062  52.809479 
 52.429527  65.772659  79.991875  94.627502  109.473747  123.939529  136.701096  145.273743  147.941711  143.406876  134.001556  120.699997  105.727814  91.287811  77.030159  63.292191  50.565933 
 48.990364  60.816406  73.978592  87.317810  100.267815  112.531403  123.191254  130.513123  132.705933  129.363434  121.386871  109.975937  97.273125  84.513283  71.550781  58.702972  47.580677 
 46.150993  55.090782  66.755936  78.705940  90.219215  100.255157  108.772659  114.493744  116.240784  113.658279  107.210472  98.134842  87.580940  76.389374  64.490311  53.320000  44.764584 
 44.440102  49.890938  58.690628  69.178123  79.127655  87.806252  94.531715  99.067032  100.491409  98.372345  93.377502  86.070465  77.150154  67.241722  56.855316  48.363907  43.497028 
 42.376354  46.305103  51.139786  59.288544  67.751198  75.147919  80.950684  84.528069  85.529945  84.058800  80.202492  74.118591  66.280777  57.964432  50.004478  45.321198  42.113697 
 } 
 GR Channel
 {
 51.674637  56.507553  62.564949  71.709900  81.033958  88.949371  95.058907  98.799057  99.822708  97.443329  93.307137  86.864532  78.688278  69.498436  60.780472  55.183647  51.629898 
 55.362137  62.068596  72.488907  84.349060  95.484375  104.929375  112.249527  116.869064  118.038132  115.373749  110.214844  102.201408  92.453903  81.619690  70.196091  60.325310  54.513229 
 58.141617  69.077660  82.456718  95.907028  108.792191  119.962967  129.145309  135.198746  136.818756  133.589691  126.620789  116.719849  105.007187  92.664375  79.443283  66.747032  56.705154 
 62.351715  76.158592  91.259689  106.192345  120.884689  134.245621  145.618744  153.295471  155.491714  151.461716  142.755783  130.445313  116.593597  102.387184  87.769684  73.216560  60.112396 
 66.209320  82.080780  98.293121  114.590317  131.008438  146.525620  160.207336  169.211411  171.646881  167.200943  157.191559  142.540787  126.172974  110.164528  94.293747  78.556404  63.845779 
 69.122238  86.039528  102.905312  120.314377  137.977036  155.345932  170.301086  179.536087  181.985626  177.656097  167.138596  151.030151  132.984528  115.597031  98.694687  82.125465  66.361511 
 70.112923  87.231247  104.839378  122.480469  140.548599  158.492188  173.701401  183.114212  185.406876  181.125153  171.596878  155.002975  136.352341  118.500305  100.819847  83.441254  67.297081 
 69.057716  86.090622  103.055000  120.384689  137.917969  155.000305  169.830627  179.261566  181.784378  177.447189  167.840317  151.513123  133.360306  115.898438  98.915154  82.097191  66.523857 
 66.278694  82.246407  98.510155  114.793594  130.854996  146.598907  160.027817  168.770462  171.499695  166.856247  157.104843  142.915939  126.494064  110.419998  94.501251  78.784378  63.888130 
 62.165314  76.265312  91.303596  106.318283  120.526871  133.870316  145.217972  152.750473  155.045151  151.474060  143.134842  130.759842  116.857651  102.686096  88.007500  73.285156  60.194946 
 58.641922  69.472969  82.855934  96.365471  109.092499  120.171722  129.369690  135.263596  136.955307  134.060318  127.220932  117.457809  105.809998  93.276718  79.849998  66.927345  56.813385 
 56.236351  63.190941  73.398903  85.315941  96.374687  105.994217  113.517349  118.172501  119.465149  117.095779  111.794060  103.800468  93.871407  82.825935  70.969528  60.967186  55.101349 
 52.988022  58.308853  64.199112  73.581772  83.223022  91.249840  97.855049  101.711250  102.664948  100.980156  96.356560  89.900261  81.385361  71.615936  62.689323  56.963440  52.955101 
 } 
 GB Channel
 {
 52.217918  56.947502  63.291145  72.850418  82.882553  91.547714  98.101768  102.086037  103.336617  101.034012  96.219841  89.308128  80.511093  70.771980  61.428596  55.685677  51.936508 
 55.138329  62.101250  72.961563  85.370003  97.169846  107.083122  114.970932  120.079376  121.342651  118.627975  112.959213  104.453125  94.021721  82.621559  70.594215  60.407967  54.442757 
 57.468071  68.617035  82.416718  96.481407  109.930466  121.768280  131.453430  137.865158  139.826248  136.379379  129.067184  118.711411  106.371719  93.260002  79.620003  66.401253  56.084579 
 61.166298  75.276093  90.708595  106.216095  121.461243  135.359070  147.332657  155.527969  157.990311  153.950943  144.823120  131.906097  117.372025  102.486252  87.381248  72.451721  59.324837 
 64.645988  80.567032  97.206093  113.938599  130.787659  146.854843  160.990784  170.466873  173.292816  168.777039  158.430939  143.350632  126.381256  109.844215  93.359222  77.304222  62.449844 
 67.034431  84.151718  101.253754  118.911713  137.041412  154.822342  170.181564  179.892181  182.755783  178.377655  167.524368  151.040787  132.531555  114.614380  97.287498  80.447189  64.665939 
 67.877502  85.125000  102.709221  120.622345  139.001877  157.239838  172.749374  182.533127  185.386246  181.145157  171.393600  154.401413  135.501556  117.132660  99.122185  81.545311  65.539902 
 66.881142  83.756561  100.812965  118.282501  136.141251  153.519836  168.628906  178.504684  181.464066  177.093597  167.413437  150.741409  132.153595  114.321411  97.051407  80.131874  64.634796 
 64.126511  80.030472  96.262344  112.723434  129.142181  144.996094  158.641251  167.899841  170.816879  166.185150  156.524994  141.962662  125.268127  108.987503  92.762810  76.863594  62.032967 
 60.292397  74.281563  89.336716  104.383751  118.793747  132.448120  144.095627  151.890625  154.372192  150.779221  142.420776  129.925934  115.735153  101.310158  86.400002  71.532501  58.548332 
 57.043274  67.855156  81.288910  94.906097  107.816254  119.065002  128.485931  134.629837  136.542496  133.700775  126.768280  116.638901  104.764534  92.095154  78.535469  65.434372  55.460625 
 55.047760  61.916718  72.188438  84.151566  95.466560  105.200783  112.993118  117.868118  119.250473  116.949997  111.432655  103.292816  93.202499  81.911407  69.992500  59.870468  54.134010 
 52.184425  57.454842  63.375938  72.886147  82.641151  90.975990  97.719795  101.778542  103.057755  101.119164  96.536201  89.798225  80.999168  71.134949  61.937912  56.246506  52.234848 
 } 
 B Channel
 {
 18.552345  20.631096  23.629532  28.161667  32.896614  36.768486  39.586197  41.314377  41.792812  40.852917  38.879845  35.796612  31.712185  27.222191  22.903233  20.063385  18.764633 
 20.029842  23.220470  28.346405  34.066250  39.407658  43.750782  47.181408  49.246872  49.750313  48.599998  46.205467  42.527657  37.888439  32.715939  27.140312  22.438595  20.217552 
 20.974895  26.266563  32.844532  39.344532  45.406563  50.524216  54.669685  57.311409  57.995628  56.436249  53.373283  48.878906  43.514843  37.766251  31.467186  25.408592  21.215054 
 22.753384  29.391094  36.648438  43.744064  50.542191  56.630157  61.739998  65.076721  65.969376  64.127342  60.312813  54.727814  48.522659  42.008282  35.149220  28.307186  22.863022 
 24.618855  31.987186  39.644375  47.157188  54.597656  61.594376  67.609062  71.352028  72.465309  70.444687  66.138435  59.642342  52.377655  45.171562  37.920311  30.678123  24.465206 
 25.845207  33.675625  41.524689  49.357971  57.244530  64.869064  71.270157  75.148125  76.171410  74.362656  69.806252  62.873436  55.020782  47.276249  39.715000  32.107189  25.622604 
 26.206772  34.160938  42.295624  50.244690  58.178909  65.994377  72.413284  76.277344  77.224846  75.334221  71.274689  64.107971  56.098595  48.249535  40.406250  32.561874  25.927292 
 25.819061  33.587814  41.459373  49.269531  57.116249  64.561722  70.891716  74.692345  75.689842  73.848282  69.785782  62.726563  54.843903  47.157345  39.539063  31.878124  25.416042 
 24.439636  31.841095  39.459999  46.873592  54.057343  60.858124  66.567657  70.338127  71.266090  69.312965  65.158279  59.101715  51.904060  44.823906  37.648281  30.419064  24.245728 
 22.471878  29.058125  36.191093  43.050625  49.419373  55.248749  60.159843  63.389534  64.260315  62.762497  59.170624  53.914841  47.836250  41.477814  34.774689  27.948124  22.493958 
 20.966721  26.068592  32.419376  38.786095  44.626877  49.552498  53.524689  56.142189  56.802345  55.648438  52.718124  48.426720  43.268906  37.527969  31.201248  25.142189  20.995522 
 20.149170  23.416248  28.399220  34.242657  39.460625  43.886406  47.248436  49.378281  49.945778  49.036560  46.590000  43.048126  38.404530  33.180470  27.454533  22.701405  20.594948 
 19.094582  21.616249  24.559845  29.164116  33.858543  37.940784  40.796352  42.737656  43.290157  42.481564  40.412918  37.301456  33.185989  28.365677  23.993488  21.253696  20.053699 
 } 


 White Balance Data with optical Center Data
 r_center_x =  632 r_center_y =  482 
 gr_center_x =  634 gr_center_y =  501 
 b_center_x =  627 b_center_y =  470 
 gb_center_x =  649 gb_center_y =  468 
 r/gr 0.866710 
 b/gr 0.415850 
 gb/gr 0.999022 
 r_oc_ave 161.520004 
 b_oc_ave 77.497780 
 gr_oc_ave 186.360001 
 gb_oc_ave 186.177780 

 [AWB]
 RGr =  0.866710 
 BGr =  0.415850 
 GbGr =  0.999022 
 r_oc_ave =  161.520004 
 b_oc_ave =  77.497780 
 gr_oc_ave =  186.360001 
 gb_oc_ave =  186.177780 