 LEFT LENS SHADING DATA
 RED Channel
 {
 40.110310  43.713230  48.886406  57.266563  65.444839  72.760422  78.257507  81.620941  82.647087  81.096306  77.153908  71.097183  63.618706  55.547447  48.002754  43.829269  41.020939 
 42.767395  48.271561  57.330780  67.805313  77.782967  86.451248  93.334999  97.799690  98.948753  96.726097  91.803284  84.380936  75.440155  65.646408  55.511719  47.427189  43.333023 
 44.970833  54.176247  65.780785  77.896408  89.372345  99.831566  108.610626  114.525162  116.042816  112.990463  106.647499  97.202972  86.512497  75.175934  63.359688  52.452347  44.703384 
 48.451927  60.245468  73.302032  86.785156  100.072342  112.769836  123.835632  131.400467  133.457504  129.499069  121.156723  109.510315  96.667030  83.702499  70.422340  57.794533  47.133076 
 51.867241  65.175781  79.293121  93.989220  109.175156  123.954849  137.285782  145.976563  148.388275  143.739059  134.003433  120.273590  105.098595  90.429062  75.837654  62.017342  49.932137 
 54.224373  68.499374  83.394531  99.005936  115.580780  132.177963  146.521255  155.715775  157.892807  153.484680  142.931412  127.850006  111.090309  94.941093  79.492500  65.129372  51.842293 
 54.930367  69.710159  84.913284  101.175629  118.023590  135.246094  149.685776  159.003906  161.500473  156.960464  146.998901  131.137024  113.864838  97.329063  81.065002  66.116249  52.805420 
 54.321144  68.535309  83.605469  99.236565  115.612503  131.773438  146.112656  155.432343  158.003128  153.477036  143.404221  127.649994  110.894379  95.157188  79.625313  65.126564  52.032394 
 51.944679  65.402191  79.500313  94.422653  109.312653  123.869843  136.739685  145.500778  147.936569  143.648285  133.567657  119.786713  104.939529  90.531250  76.176094  62.368279  50.061401 
 48.404266  60.464691  73.430626  87.004219  100.092659  112.274368  122.966095  130.221100  132.436401  129.037811  120.644058  108.964218  96.362030  83.641251  70.485153  57.770782  47.218903 
 45.261250  54.705002  66.219063  78.249687  89.814064  99.901405  108.423439  114.109528  115.634369  112.955154  106.434372  97.035309  86.481407  75.268593  63.518753  52.586403  44.880363 
 43.372086  49.171249  57.915466  68.390778  78.484062  87.035004  93.900627  98.128281  99.273903  97.279373  92.107033  84.640778  75.632660  65.916252  55.746407  47.867500  43.832085 
 40.874584  44.767918  49.754425  57.698486  66.253227  73.346252  79.066040  82.604324  83.322861  81.864372  77.668900  71.647652  63.852867  55.591248  48.232452  44.385414  41.348335 
 } 
 GR Channel
 {
 49.711143  54.783226  61.009583  70.375885  79.455101  87.054428  93.164635  96.708229  97.935982  96.255524  92.144264  85.889221  77.875000  68.948647  60.221619  55.157288  51.388542 
 53.972809  60.891563  71.309998  82.984840  93.909691  103.175468  110.482346  115.200317  116.589539  114.275940  109.368439  101.596092  91.868752  81.259064  69.691406  60.201874  54.939789 
 57.329689  68.133438  81.269531  94.764374  107.235779  118.419220  127.712494  133.983276  135.724213  132.690628  126.257187  116.522812  104.914841  92.509689  79.176559  66.539841  57.341301 
 61.714058  75.405312  90.121719  104.878128  119.287659  133.077499  144.909378  152.718124  155.169846  151.245789  142.990311  130.715775  116.774536  102.402809  87.735779  73.123436  60.501770 
 65.811356  81.248436  96.992035  113.050476  129.583435  145.634689  159.822968  168.977814  171.820160  167.362183  157.584839  143.093903  126.628433  110.542343  94.215157  78.364220  64.011505 
 68.681557  85.191559  101.741409  118.685944  136.543747  154.547348  170.077499  179.814224  182.308746  178.096405  167.820007  151.835632  133.693756  115.985153  98.800003  82.160004  66.394585 
 69.590210  86.575623  103.658752  121.297806  139.412186  158.154373  173.711243  183.660309  186.406555  182.236404  172.407349  155.935944  137.528900  119.080307  100.855156  83.556877  67.545624 
 68.585159  85.162033  102.148285  119.246094  137.103592  154.822815  170.268600  180.112656  183.025620  178.884064  169.189377  152.747192  134.276871  116.531723  99.085625  82.279846  66.615883 
 65.717499  81.431252  97.592186  114.000153  130.340622  146.392181  160.477966  169.682968  172.786407  168.764999  158.502502  143.929062  127.557663  111.276093  94.912811  78.947342  64.142967 
 61.494904  75.622810  90.543121  105.804688  120.032349  133.680939  145.425781  153.312653  155.796402  152.983124  144.172180  131.802658  117.796722  103.463440  88.461090  73.614532  60.804741 
 57.592606  68.919685  82.406097  95.982498  108.804062  119.830002  129.167664  135.430939  137.415939  134.877029  128.009537  118.078751  106.501877  93.797813  80.273438  67.368126  57.934380 
 54.684479  62.266563  72.695000  84.661095  95.805466  105.297340  112.795151  117.505310  118.834839  116.863586  111.641090  103.595940  93.642029  82.541405  70.842499  61.451874  56.081459 
 50.829483  56.400314  62.667923  71.654633  81.318596  89.110886  95.379532  99.173225  100.391304  98.645050  94.475471  87.897186  79.202660  69.852448  61.241249  56.658539  52.661873 
 } 
 GB Channel
 {
 49.376617  54.519951  60.956306  70.623802  80.281876  88.430054  94.612701  98.694527  100.036568  98.239532  93.963905  86.959480  78.529427  69.028961  60.053696  54.875160  50.973068 
 53.199951  60.282654  70.854843  82.963593  94.311874  104.034843  111.741875  116.870163  118.297806  116.003906  110.765778  102.531563  92.261719  81.178123  69.325157  59.608284  54.382240 
 56.221252  67.120003  80.371559  94.121559  107.132500  118.755936  128.518433  135.114380  137.054382  133.954376  127.160629  116.995789  104.910004  92.080315  78.369690  65.596565  56.136978 
 60.117966  73.977341  88.676872  103.698128  118.505310  132.666718  145.070313  153.417664  156.118118  152.000626  143.426559  130.773743  116.361877  101.625153  86.542503  71.760628  59.077286 
 63.966660  79.459999  95.017654  111.302658  128.032028  144.517029  159.279999  168.927185  172.127502  167.469376  157.545776  142.745163  125.769684  109.166565  92.685623  76.696877  62.133957 
 66.469421  82.897972  99.450310  116.411713  134.545776  152.819839  168.864212  179.043594  181.830154  177.708588  167.080933  150.694382  132.297653  114.205780  96.882347  80.215157  64.425781 
 67.197662  84.107033  101.127029  118.687805  136.878281  155.935944  171.896088  182.302032  185.345474  181.217346  171.260315  154.500626  135.767807  117.098907  98.809059  81.459999  65.424171 
 66.446564  82.701561  99.546875  116.550934  134.425003  152.416245  168.280472  178.622650  181.773438  177.628433  167.718903  151.067337  132.445938  114.442184  96.902809  80.208282  64.533073 
 63.536362  79.185936  95.088753  111.641563  127.988434  144.332031  158.707809  168.254059  171.623276  167.744217  157.440628  142.467499  125.707504  109.390778  92.966408  77.031250  62.309166 
 59.507599  73.749687  88.480934  103.771873  118.189224  132.036087  144.006714  152.326569  155.090775  152.213287  143.342972  130.561401  116.239685  101.769844  86.699532  71.889534  59.074738 
 55.984947  67.288910  80.703125  94.367340  107.359375  118.579224  128.172028  134.804993  137.021408  134.447662  127.479065  117.264847  105.376564  92.448593  78.808128  65.833908  56.557869 
 53.523804  60.943596  71.448593  83.534378  94.958595  104.672501  112.496094  117.417191  118.988434  116.910782  111.432190  103.136093  92.890625  81.603279  69.776253  60.368279  55.143486 
 49.996300  55.566711  61.745468  70.996452  80.933388  89.017082  95.605469  99.842606  100.795525  99.162651  94.736351  87.752548  78.981873  69.163910  60.583748  55.935570  52.131409 
 } 
 B Channel
 {
 17.541668  19.514584  22.455002  27.150158  31.787914  35.705105  38.642654  40.234737  40.669373  39.895992  37.942554  34.716042  30.812763  26.262081  22.047604  19.557343  18.247345 
 19.357082  22.382500  27.313751  33.102032  38.473751  43.024689  46.455780  48.575783  48.969376  47.819530  45.382343  41.768124  37.080467  31.893749  26.255936  21.807968  19.761509 
 20.765522  25.835938  32.050781  38.530468  44.532501  49.835312  54.071877  56.832497  57.338593  55.749062  52.634064  48.152344  42.768436  36.937187  30.570156  24.708908  20.773697 
 22.746403  29.190781  36.175781  43.095470  49.726097  56.119843  61.336403  64.708122  65.490471  63.462654  59.514687  53.981720  47.736252  41.087502  34.240467  27.595627  22.223125 
 24.704426  31.841721  39.305000  46.657814  54.010315  61.205780  67.387184  71.138908  72.032341  69.856560  65.265472  58.846252  51.590782  44.419533  37.000782  29.864376  23.774792 
 26.038284  33.438908  41.209217  48.851097  56.703590  64.544998  71.067970  74.922028  75.680313  73.611404  68.967499  61.977341  54.141090  46.409061  38.701717  31.446564  24.768646 
 26.433334  34.001251  41.839687  49.792191  57.576408  65.419685  71.960159  75.923279  76.837967  74.813751  70.356407  63.152657  55.215157  47.382343  39.358749  31.841095  25.266720 
 25.926720  33.364845  41.013748  48.646408  56.273903  63.522972  69.926407  73.936409  74.976715  73.024841  68.693436  61.641090  53.738434  46.166248  38.495468  31.226250  24.813332 
 24.476669  31.592499  38.772186  46.154530  53.238907  59.787346  65.527809  69.337967  70.483437  68.596878  64.048439  57.731560  50.754219  43.851875  36.648125  29.744530  23.697239 
 22.200729  28.872814  35.561405  42.456406  48.670937  54.215469  58.995628  62.271561  63.214066  61.809685  57.985153  52.617653  46.574062  40.338280  33.644844  27.200783  21.991825 
 20.296299  25.683594  31.779999  37.897655  43.587814  48.193283  51.992035  54.601410  55.417656  54.233597  51.193283  46.838123  41.692345  36.113125  29.945156  24.361252  20.745419 
 19.129219  22.352345  27.236874  32.670624  37.722813  41.839844  44.942032  46.839531  47.481876  46.600311  44.216721  40.606251  36.069061  31.040783  25.675625  21.667030  19.983486 
 17.598389  19.794220  22.606041  26.921040  31.303642  34.916718  37.685154  39.385155  39.626877  39.044479  37.083591  33.982502  30.011562  25.600990  21.559792  19.627659  18.579323 
 } 


 White Balance Data with optical Center Data
 r_center_x =  634 r_center_y =  458 
 gr_center_x =  633 gr_center_y =  487 
 b_center_x =  646 b_center_y =  475 
 gb_center_x =  645 gb_center_y =  474 
 r/gr 0.865245 
 b/gr 0.413094 
 gb/gr 0.994732 
 r_oc_ave 162.062225 
 b_oc_ave 77.373337 
 gr_oc_ave 187.302216 
 gb_oc_ave 186.315552 

 [AWB]
 RGr =  0.865245 
 BGr =  0.413094 
 GbGr =  0.994732 
 r_oc_ave =  162.062225 
 b_oc_ave =  77.373337 
 gr_oc_ave =  187.302216 
 gb_oc_ave =  186.315552 