 LEFT LENS SHADING DATA
 RED Channel
 {
 40.419743  44.002659  49.191353  57.367813  66.017609  73.396301  79.214371  82.788963  83.747398  82.140884  78.148018  72.038383  64.533852  56.405319  48.616722  43.925991  40.908489 
 43.012241  48.745781  57.662186  68.270309  78.333435  87.246094  94.348122  99.053123  100.199066  97.953590  92.958435  85.447342  76.353439  66.515312  56.188591  47.944530  43.350571 
 45.143124  54.533127  66.229843  78.346878  89.997658  100.630623  109.480316  115.676407  117.419220  114.367813  107.619064  98.286247  87.430153  76.122658  64.198753  53.114059  44.945313 
 48.314011  60.559219  73.758438  87.305626  100.662811  113.588120  124.732651  132.710632  135.224380  131.249374  122.480942  110.504372  97.546562  84.495941  71.399689  58.577972  47.794842 
 51.650414  65.285004  79.732971  94.645470  109.955940  124.925781  138.415939  147.467651  150.218597  145.668594  135.640625  121.394379  106.244064  91.544220  76.925781  63.155312  50.720314 
 54.279846  68.425468  83.676094  99.616875  116.350632  133.148285  147.836716  157.237350  159.804688  155.341400  144.756088  129.127808  112.242188  96.098282  80.789063  66.149376  52.736465 
 55.110466  69.699844  85.098907  101.795158  118.949371  136.335007  151.108444  160.460464  163.193588  159.017349  148.942657  132.852814  115.117340  98.519379  82.447189  67.301094  53.620888 
 54.283905  68.708282  83.672501  99.599533  116.385162  132.878433  147.496246  156.937027  159.597504  155.448120  145.350006  129.495468  112.265152  96.257813  81.026718  66.442810  52.898651 
 51.922401  65.587814  79.727654  94.680939  109.928909  124.807495  137.861252  146.883911  149.521713  145.301086  135.177811  121.187500  106.208282  91.627342  77.346092  63.501564  50.998642 
 48.500420  60.576248  73.856720  87.376251  100.416565  113.161407  124.016556  131.516403  133.809219  130.453903  121.988129  110.261719  97.512657  84.707031  71.688751  58.827347  48.057137 
 45.401508  54.761719  66.512184  78.699684  90.209846  100.270157  109.080627  115.197189  116.919693  114.227814  107.479843  98.325470  87.735466  76.444847  64.608124  53.376251  45.450001 
 43.694530  49.247658  58.057030  68.705467  78.775780  87.212967  94.238747  98.775780  100.062965  98.032341  93.042191  85.521721  76.676247  66.816254  56.425316  48.208282  43.773071 
 41.267448  44.933697  49.887238  57.808182  66.454330  73.335258  79.245003  82.715569  83.698593  82.389641  78.451767  72.339012  64.676247  56.399590  48.809479  44.564739  41.310574 
 } 
 GR Channel
 {
 50.075775  54.746613  61.141510  70.448334  80.030258  88.044579  94.303902  97.983482  99.380203  97.628075  93.535316  87.174950  78.938179  69.602608  60.817139  55.138283  50.939117 
 54.022034  61.040154  71.477966  83.413750  94.362968  104.081253  111.513283  116.473282  117.814377  115.460785  110.407814  102.877655  93.130470  82.330940  70.527344  60.622658  54.682449 
 56.999168  68.127502  81.486877  94.923752  107.412811  118.826401  128.234222  134.628128  136.613754  133.664688  127.081253  117.499069  106.074997  93.620316  80.152969  67.101875  57.204788 
 60.988853  75.303436  90.134842  104.919685  119.134689  132.910629  144.611404  152.852661  155.632187  151.825150  143.413757  131.213745  117.576721  103.378593  88.598434  73.763908  60.897026 
 64.950264  80.837967  96.890778  112.814377  129.186569  145.089996  159.122345  168.702026  171.781097  167.579056  157.656723  143.255936  127.037338  111.220940  95.196564  79.284065  64.390305 
 68.131462  84.489372  101.423279  118.306870  135.861725  153.745316  169.210938  179.065781  181.951721  177.913132  167.610474  151.536713  133.758438  116.556244  99.799690  83.065941  66.991356 
 69.022446  85.867653  102.936722  120.634064  138.470001  156.935944  172.693436  182.570786  185.524994  181.542038  172.150787  155.779846  137.360001  119.576401  101.922188  84.364532  68.194328 
 67.928177  84.717972  101.318283  118.235153  135.778442  153.327652  169.012497  179.032181  182.097183  178.138901  168.651413  152.479218  134.189529  116.947495  100.018906  83.227814  67.376564 
 64.996246  81.035004  96.900314  112.973755  128.979370  145.109528  159.047974  168.791092  171.843750  167.929062  157.994537  143.696411  127.567810  111.791878  95.770157  79.850784  64.927658 
 60.850464  75.092346  90.024063  104.785309  118.787338  132.533127  144.159531  152.377182  155.194839  152.089691  143.724060  131.793747  117.931091  103.937965  89.071877  74.224846  61.213379 
 57.184891  68.315315  81.890312  95.269379  107.581253  118.696091  128.018127  134.516098  136.690308  134.234680  127.478912  118.043747  106.644379  94.217033  80.663750  67.518906  57.743279 
 54.503548  61.691872  72.012970  83.969063  94.824844  104.086716  111.655472  116.485001  118.087662  116.149368  111.147812  103.415627  93.743591  82.767502  70.930626  61.179535  55.455574 
 50.932709  56.096878  62.151924  71.152390  80.707558  88.321922  94.626091  98.647499  99.928276  98.317711  94.307816  87.903542  79.542969  69.990829  61.127708  56.091400  51.945160 
 } 
 GB Channel
 {
 50.152130  55.200470  61.789848  71.792450  81.809166  90.500053  97.042084  101.284996  102.403282  100.543846  95.828232  89.083382  80.149429  70.456512  60.976929  55.135468  50.830879 
 53.765884  61.128593  71.821716  84.242653  95.845001  105.938591  113.945007  119.223755  120.726410  118.138443  112.677811  104.363594  94.066719  82.667969  70.349220  60.307343  54.440468 
 56.411201  67.806404  81.483284  95.441254  108.562187  120.494217  130.255157  136.979218  139.062653  135.911880  128.792664  118.731094  106.652657  93.644379  79.700935  66.412033  56.467239 
 59.983078  74.472031  89.714996  104.863907  119.752808  133.994843  146.178909  154.969055  157.781555  153.825943  144.893280  131.989380  117.816711  103.026566  87.711876  72.659218  59.698593 
 63.705154  79.620781  95.950783  112.307190  129.104538  145.434998  159.957031  169.909058  173.271408  168.915939  158.521881  143.475311  126.694687  110.287971  93.790314  77.686722  62.873589 
 66.534111  82.923904  99.924690  117.119217  135.060150  153.229218  169.119537  179.396088  182.603912  178.406723  167.670151  151.208435  132.842194  115.192505  97.963127  81.131721  65.114845 
 67.246361  84.117188  101.234222  119.001404  137.214996  155.874695  171.927185  182.200317  185.332657  181.478592  171.624222  154.845932  136.004379  117.772812  99.809998  82.228127  66.141457 
 66.079323  82.927032  99.526405  116.618591  134.351715  152.133118  167.999222  178.563599  181.577194  177.614212  167.884689  151.261093  132.635941  114.945786  97.878281  81.117035  65.239738 
 63.420525  79.279686  95.346405  111.403122  127.557343  143.888443  158.213745  168.131256  171.315308  167.331558  157.208435  142.550308  126.051407  109.839066  93.761093  77.814529  62.933067 
 59.422089  73.644997  88.697968  103.615784  117.672180  131.508743  143.508743  151.757507  154.770157  151.582184  143.055618  130.745468  116.559998  102.252029  87.220001  72.371559  59.518227 
 55.948860  67.197189  80.746094  94.276878  106.821877  118.033279  127.738434  134.325775  136.554214  133.996872  127.082504  117.308594  105.534691  92.832184  79.065155  65.972656  56.494110 
 53.614845  60.811722  71.294998  83.305779  94.457657  103.970627  111.772186  116.775940  118.433594  116.357025  110.955940  102.970779  93.006561  81.747345  69.812653  60.062653  54.380363 
 50.438591  55.412758  61.627083  71.092239  80.785782  88.588539  95.309692  99.425934  100.625465  98.982239  94.395515  87.858902  79.287811  69.385048  60.364952  55.225777  51.196617 
 } 
 B Channel
 {
 17.625885  19.548386  22.474274  27.187080  31.872604  35.871147  38.930157  40.718750  41.205467  40.324635  38.311306  35.247135  31.145523  26.577240  22.197815  19.442032  17.818283 
 19.372131  22.454845  27.347187  33.057499  38.448437  43.044064  46.617031  48.781250  49.267342  48.113594  45.713593  42.064842  37.413437  32.195782  26.565311  21.895157  19.532864 
 20.818695  25.755157  32.054375  38.431564  44.338905  49.663284  53.948593  56.690002  57.348282  55.892654  52.775780  48.366722  43.113907  37.277969  30.869999  24.830624  20.676041 
 22.622814  29.120312  36.131092  42.988907  49.414688  55.674530  60.873436  64.427032  65.421562  63.581253  59.640472  54.122810  48.015472  41.506248  34.676720  27.920467  22.380260 
 24.490311  31.666561  39.068127  46.435936  53.707031  60.682503  66.773438  70.700157  71.875938  69.831253  65.339218  58.955780  51.885780  44.773907  37.560471  30.281563  24.138226 
 25.716404  33.253281  40.972813  48.596565  56.315781  63.924843  70.420471  74.438438  75.455940  73.669060  68.967812  62.011406  54.259216  46.763439  39.282814  31.815468  25.230263 
 26.028904  33.780781  41.492344  49.355156  57.199371  64.946251  71.339066  75.287811  76.443123  74.616409  70.469841  63.253593  55.393127  47.789532  40.021095  32.277344  25.740887 
 25.428802  33.094845  40.652187  48.127968  55.764534  63.170311  69.474060  73.464066  74.506096  72.850624  68.687187  61.731247  54.012184  46.510155  39.084843  31.711563  25.238232 
 23.981407  31.323280  38.652657  45.741718  52.640778  59.389374  65.128593  68.915939  70.031250  68.277496  64.036407  57.942032  51.016563  44.206875  37.128281  30.106407  24.105782 
 22.078648  28.566563  35.496094  42.114063  48.130936  53.917503  58.650002  61.885002  62.851563  61.433128  57.927971  52.807343  46.905468  40.751095  34.153126  27.526875  22.386040 
 20.270157  25.353283  31.597500  37.695469  43.158127  47.868282  51.821091  54.382500  55.135941  53.960312  51.114845  47.025623  41.973751  36.448124  30.296719  24.488594  20.665051 
 18.967293  22.211876  27.030312  32.542187  37.378124  41.477657  44.735157  46.735783  47.241405  46.308437  44.107655  40.713436  36.371719  31.397968  25.945625  21.559689  19.551769 
 17.802708  19.990208  22.723228  27.045105  31.449791  34.966198  37.798283  39.510990  40.011612  39.287605  37.384529  34.361355  30.585262  26.189842  21.873959  19.579269  18.350105 
 } 


 White Balance Data with optical Center Data
 r_center_x =  637 r_center_y =  487 
 gr_center_x =  657 gr_center_y =  477 
 b_center_x =  636 b_center_y =  455 
 gb_center_x =  650 gb_center_y =  469 
 r/gr 0.878667 
 b/gr 0.411252 
 gb/gr 0.998046 
 r_oc_ave 163.888885 
 b_oc_ave 76.706665 
 gr_oc_ave 186.520004 
 gb_oc_ave 186.155548 

 [AWB]
 RGr =  0.878667 
 BGr =  0.411252 
 GbGr =  0.998046 
 r_oc_ave =  163.888885 
 b_oc_ave =  76.706665 
 gr_oc_ave =  186.520004 
 gb_oc_ave =  186.155548 