 LEFT LENS SHADING DATA
 RED Channel
 {
 39.211613  42.997864  47.740002  55.958496  64.227028  71.537186  77.303284  80.793755  81.837715  80.279579  76.537766  70.457809  63.179947  55.045258  47.365360  42.751354  40.028854 
 41.655365  47.077656  55.882500  66.105782  75.998909  84.598434  91.555153  96.096252  97.560623  95.438751  90.705467  83.407814  74.550156  64.977966  54.802658  46.475937  41.764690 
 43.724583  52.862503  64.297501  76.206253  87.605621  97.969688  106.616722  112.598434  114.537506  111.842346  105.674065  96.472656  85.947029  74.729378  63.007187  51.864220  43.421928 
 47.184376  58.910622  71.965935  85.405159  98.459534  110.916565  121.809998  129.475464  132.033279  128.523438  120.590622  109.028435  96.420784  83.572968  70.426872  57.672340  46.443806 
 50.551353  64.007187  78.167969  92.997185  107.878281  122.456879  135.475311  144.392807  147.191879  143.123444  133.658600  120.039688  105.241722  90.843750  76.252502  62.378593  49.627975 
 53.051094  67.411720  82.407654  98.147812  114.519684  130.937347  145.101715  154.322662  156.965775  153.120163  143.214996  128.162186  111.607658  95.764847  80.371559  65.706093  51.680466 
 54.079636  68.823593  84.254684  100.321404  117.294067  134.362183  148.777649  158.053284  160.803909  157.051880  147.586716  132.052658  115.182816  98.556252  82.355003  67.091721  52.840675 
 53.518280  68.026405  83.070938  98.835312  115.296097  131.418274  145.674377  155.037186  157.844223  153.819839  144.530777  129.235779  112.539215  96.617653  81.168282  66.277344  52.224640 
 51.496567  64.986565  79.268440  94.304535  109.333748  123.883743  136.816254  145.744217  148.606400  144.637970  135.115784  121.746399  106.891563  92.294373  77.771248  63.565468  50.326515 
 48.130203  60.281876  73.551094  87.378441  100.527969  112.977036  123.768753  131.471405  133.834534  130.611877  122.578598  111.326721  98.461250  85.453438  72.064842  58.995003  47.395832 
 45.237186  54.749687  66.639374  78.893127  90.449371  100.932503  109.795784  115.835785  117.564224  114.991409  108.605156  99.371719  88.742966  77.228279  65.019844  53.564842  44.774635 
 43.513855  49.349686  58.180779  68.899216  79.171562  87.962814  95.134377  99.871559  101.217346  99.296249  94.202187  86.727188  77.695778  67.529221  56.965622  48.265160  43.289944 
 41.345104  45.081356  50.055161  58.217758  67.057396  74.279060  80.383545  83.994064  85.173378  83.884171  79.696358  73.692604  65.856819  57.130684  49.079369  44.382030  40.604946 
 } 
 GR Channel
 {
 50.218803  55.577553  61.579216  70.678230  79.863121  87.869789  94.076347  97.610413  98.872810  97.122604  93.305679  87.230103  79.252190  70.144897  61.142036  55.617188  51.960938 
 53.912140  60.931091  71.139847  82.614059  93.306877  102.636871  109.979691  114.880005  116.484070  114.350937  109.306717  101.638435  92.274689  81.636566  70.206406  60.324684  54.408432 
 56.945366  67.883904  80.963753  94.142654  106.569374  117.738754  127.072495  133.555466  135.528595  133.001556  126.366562  116.737656  105.237968  92.935471  79.767189  67.025467  56.847763 
 61.132607  74.920937  89.537033  104.312347  118.648911  132.402039  144.294373  152.279221  155.101715  151.589218  143.406723  130.800934  116.975937  102.700157  88.207497  73.809219  60.530258 
 65.191147  80.641563  96.283905  112.420776  128.810150  144.947968  158.970001  168.730469  171.819687  167.522339  157.686874  143.061722  126.704056  110.787186  94.885628  79.341408  64.477448 
 68.096191  84.447655  101.033127  118.064682  135.979370  153.951874  169.589844  179.463913  182.351257  178.104691  167.829224  151.720779  133.545151  116.115005  99.462967  83.200310  67.117813 
 69.093910  85.980782  102.925003  120.506561  138.684692  157.595154  173.356720  183.072189  186.045471  182.236099  172.575470  156.091721  137.297180  119.232498  101.774376  84.661720  68.411926 
 68.401253  85.082497  101.551247  118.618118  136.472351  154.354996  169.812347  179.730774  182.616257  178.748276  169.212662  152.759537  134.169067  116.751099  100.001251  83.517967  67.511093 
 65.943176  81.626717  97.425781  113.717651  130.096405  145.977188  160.097351  169.452194  172.452194  168.658600  158.817337  144.269226  127.906555  111.991875  96.133125  80.384842  65.128380 
 61.984116  76.086403  91.012970  106.037498  120.111404  133.675629  145.184067  153.283127  155.843597  152.714371  144.546097  132.583282  118.625153  104.408592  89.666092  75.096565  61.517807 
 58.376984  69.692810  83.184845  96.502190  109.025002  119.911407  129.226563  135.514221  137.524994  134.926712  128.365005  118.786255  107.517654  95.089218  81.717499  68.582497  58.130417 
 55.769691  63.132187  73.507187  85.180939  96.100311  105.457970  112.910629  117.780319  119.293747  117.293442  112.092972  104.517189  95.099686  84.131874  72.346878  62.119843  55.742134 
 51.819267  57.543861  63.395943  72.463440  81.953224  89.736099  96.286453  100.106148  101.148750  99.749275  95.676094  89.578438  81.544693  71.868538  62.767708  56.947548  51.879219 
 } 
 GB Channel
 {
 50.594276  55.813026  62.052086  71.661354  81.334953  89.736725  96.436775  100.206352  101.288383  99.741722  95.351570  88.919006  80.451775  70.837341  61.559059  55.861557  52.230309 
 53.764267  60.882187  71.296249  83.213440  94.508904  104.267342  112.077194  117.272186  118.966095  116.718597  111.489059  103.232971  93.305939  82.100471  70.229065  60.181564  54.150314 
 56.281303  67.379845  80.687813  94.357658  107.222809  118.888275  128.668274  135.443588  137.780151  135.063278  128.165939  117.912659  105.815315  93.072815  79.417343  66.345001  56.079163 
 59.977295  73.980621  88.794060  103.949684  118.703751  132.919373  145.212189  153.837036  156.915787  153.266724  144.576248  131.686249  117.173752  102.366096  87.465935  72.627502  59.396248 
 63.610367  79.151405  95.029533  111.537498  128.206100  144.714218  159.130936  169.400787  172.799683  168.420319  158.303131  143.243912  126.352661  109.859840  93.515938  77.733437  62.810524 
 66.161354  82.648438  99.372971  116.472961  134.576096  152.714996  168.699692  178.990005  182.234375  178.167816  167.400940  151.015320  132.544525  114.733276  97.744064  81.255623  65.149368 
 67.014427  83.857971  100.981720  118.374069  136.799377  155.750778  171.580002  181.934219  185.153442  181.448914  171.532806  154.729843  135.700623  117.407654  99.626877  82.440002  66.172493 
 66.198074  82.880783  99.355003  116.370789  134.309372  152.226715  167.990158  178.286713  181.288757  177.693283  167.989212  151.139694  132.315933  114.790466  97.747345  81.234840  65.307556 
 64.061775  79.607185  95.304688  111.679375  128.074524  144.078598  158.207962  167.951401  171.303757  167.417664  157.528275  142.679840  126.114838  109.930626  93.934372  78.133438  62.940514 
 60.310730  74.387810  89.240311  104.202499  118.367188  131.971405  143.637497  151.977966  154.808594  151.563599  143.361725  131.090469  116.984848  102.555626  87.662971  73.019997  59.513748 
 56.903122  68.320625  81.734528  95.072502  107.541092  118.679214  128.102814  134.593750  136.655624  134.174377  127.496719  117.598282  106.154846  93.594063  79.948441  66.850471  56.397346 
 54.704376  62.004372  72.320938  84.106247  95.180313  104.668121  112.324371  117.319534  118.914063  116.817032  111.538437  103.792656  94.086403  82.917656  71.009377  60.771873  54.361465 
 51.379372  56.636459  62.623024  71.837914  81.585312  89.657707  96.206879  100.223900  101.441559  99.990158  95.590523  89.294945  80.713287  70.857445  61.746872  55.986465  50.854370 
 } 
 B Channel
 {
 17.446148  19.914898  22.719845  27.315155  31.791824  35.645939  38.681301  40.372967  40.891613  40.050728  38.138855  35.047497  31.201302  26.783752  22.364117  19.656719  18.447132 
 18.601563  21.791561  26.595470  32.022030  37.142033  41.457188  44.717342  46.828594  47.348907  46.311562  44.039688  40.599998  36.181095  31.197498  25.835155  21.168594  18.980053 
 19.773331  24.926250  31.050312  37.269375  42.996719  48.039063  52.105621  54.687653  55.401405  54.058746  51.207497  46.903908  41.730312  36.219532  30.103905  24.122345  19.949635 
 21.691772  28.097187  35.007343  41.921562  48.375000  54.319374  59.377029  62.679535  63.637497  61.926407  58.317032  52.865158  46.774532  40.501095  33.878593  27.150467  21.696514 
 23.433853  30.677189  38.041092  45.535938  52.746094  59.658592  65.499374  69.328590  70.393127  68.443596  64.164688  57.752190  50.734375  43.847969  36.675781  29.554844  23.474632 
 24.592709  32.365623  40.101406  47.862343  55.705002  63.243591  69.573906  73.449844  74.333282  72.567032  68.130783  61.124062  53.368439  45.928905  38.449532  31.175625  24.585205 
 25.109322  33.015781  40.892502  48.865623  56.760315  64.504059  70.858597  74.754059  75.762184  73.870003  69.609688  62.457184  54.668594  47.105782  39.475624  31.800468  25.162346 
 24.818180  32.645470  40.418438  48.110313  55.742035  63.119843  69.435471  73.277031  74.192810  72.235153  68.120316  61.194061  53.481247  46.111561  38.777657  31.386875  24.727711 
 23.752811  31.239063  38.629063  45.937344  52.979691  59.548904  65.340622  69.037346  69.849686  67.990623  63.725784  57.727501  50.872032  44.145470  37.167030  30.030781  23.703491 
 22.067394  28.792812  35.798283  42.541248  48.770935  54.372345  59.028908  62.177185  62.944687  61.452034  57.967499  52.848907  46.926563  40.939064  34.316406  27.630627  22.053539 
 20.576248  25.860001  32.160938  38.370781  43.884842  48.543434  52.366096  54.808746  55.440315  54.272346  51.375313  47.314529  42.394844  36.882656  30.772968  24.714218  20.440678 
 19.607918  22.878750  27.638905  33.078594  38.079220  42.087189  45.352345  47.277344  47.795780  46.960781  44.696251  41.331718  37.014217  31.982033  26.502186  21.732811  19.221149 
 18.146252  20.366249  22.993279  27.172970  31.623177  35.194271  37.939217  39.710052  40.267658  39.508907  37.730415  34.719429  30.940674  26.444740  22.128021  19.414066  17.529896 
 } 


 White Balance Data with optical Center Data
 r_center_x =  636 r_center_y =  483 
 gr_center_x =  657 gr_center_y =  469 
 b_center_x =  627 b_center_y =  477 
 gb_center_x =  653 gb_center_y =  512 
 r/gr 0.864559 
 b/gr 0.406132 
 gb/gr 0.994454 
 r_oc_ave 161.426666 
 b_oc_ave 75.831108 
 gr_oc_ave 186.715561 
 gb_oc_ave 185.679993 

 [AWB]
 RGr =  0.864559 
 BGr =  0.406132 
 GbGr =  0.994454 
 r_oc_ave =  161.426666 
 b_oc_ave =  75.831108 
 gr_oc_ave =  186.715561 
 gb_oc_ave =  185.679993 