 LEFT LENS SHADING DATA
 RED Channel
 {
 41.081512  44.656094  49.267029  57.251976  65.641930  73.168442  79.116615  82.658958  83.829582  82.120209  78.176666  72.324066  64.721985  56.699272  49.127975  44.616199  41.619114 
 43.614010  48.965469  57.667656  68.136566  78.024216  86.915939  93.961403  98.591873  100.004997  97.869377  93.063751  85.652809  76.691559  66.958435  56.784843  48.580154  44.089535 
 45.391300  54.513596  66.079376  78.105934  89.618904  100.044846  108.910782  114.822189  116.823288  114.126556  107.798904  98.555466  87.904686  76.635628  64.785622  53.726410  45.689945 
 48.570786  60.416405  73.583595  87.122810  100.156097  112.686401  123.640930  131.434067  133.832336  130.384537  122.338745  110.845627  98.021408  85.068748  71.948441  59.224686  48.310936 
 52.126305  65.289841  79.437813  94.245468  109.226097  123.725464  136.688126  145.730469  148.331253  144.284378  135.115463  121.604065  106.572342  91.982971  77.450935  63.745941  51.438850 
 54.518692  68.588905  83.301720  99.005310  115.529526  131.837341  146.056412  155.148285  157.662033  153.818283  143.807343  129.171875  112.673126  96.523590  81.201248  66.694534  53.368065 
 55.233696  69.827660  84.746246  100.891876  117.905151  134.937027  149.362656  158.366562  160.902191  157.138443  147.971725  132.648438  115.528275  98.911560  82.836876  67.768280  54.124321 
 54.400307  68.726563  83.700157  99.060623  115.283127  131.874222  145.986557  155.032028  157.609375  153.694687  144.502029  129.412964  112.619537  96.633751  81.431404  66.806877  53.562706 
 52.210678  65.621719  79.850159  94.485466  109.284531  124.004059  137.052963  145.716873  148.335464  144.437973  134.867340  121.568756  106.545158  92.092499  77.874222  64.072655  51.632866 
 49.008224  60.815315  73.887970  87.317657  100.190155  112.647964  123.535782  131.208908  133.419067  130.209839  122.049057  110.820465  98.015312  85.276405  72.132500  59.473747  48.583336 
 46.057453  55.182655  66.739059  78.818748  90.183281  100.215309  108.887032  114.881561  116.908279  114.211716  107.745155  98.607033  88.157654  76.875313  65.094376  54.004997  45.948753 
 44.248753  49.807503  58.536407  69.004059  78.883591  87.343750  94.104378  98.722809  100.228592  98.223434  93.298904  85.987656  77.144997  67.392502  57.210312  48.777344  44.400467 
 42.193333  45.752499  50.659119  58.744476  67.057968  74.165413  79.859787  83.034904  84.105057  82.963852  79.188278  73.259117  65.761246  57.481667  49.597397  45.081303  42.205887 
 } 
 GR Channel
 {
 50.843903  55.657234  61.170204  70.303284  79.647659  87.766716  94.004326  97.784630  99.263481  97.173546  93.286880  86.731407  78.715424  69.652191  60.932083  55.606453  51.732704 
 54.732239  61.458282  71.456879  83.060158  94.098282  103.692345  111.187035  116.136093  117.477036  115.323120  110.279373  102.405785  92.648750  81.893440  70.458748  60.829376  55.278130 
 57.360519  68.232185  81.384216  94.791092  107.452660  118.578125  127.983444  134.221100  136.158432  133.316254  126.632187  116.773132  105.239685  92.861092  79.708282  66.954529  57.488495 
 61.489693  75.319687  90.239685  104.987968  119.180786  132.707184  144.265625  152.467972  154.883118  151.245316  142.785004  130.548126  116.676407  102.530937  88.033127  73.529846  60.767548 
 65.605782  80.838905  96.912186  113.075623  129.315933  145.075150  159.110306  168.485931  171.274841  166.946243  157.238281  142.754059  126.388901  110.415154  94.554688  78.990784  64.673492 
 68.570930  84.929688  101.437813  118.642502  136.487656  154.262817  169.596100  179.226089  181.748749  177.500305  167.284531  151.328598  133.302658  115.876724  98.976715  82.619843  67.210884 
 69.458076  86.407028  103.105156  120.853439  139.259537  157.768600  173.293594  182.785629  185.293594  181.459381  171.966873  155.496719  136.780319  118.744690  101.012970  83.970779  68.285576 
 68.353905  85.029533  101.825783  118.557968  136.479218  154.462814  169.775940  179.363129  182.028442  178.053589  168.481094  152.114380  133.616562  116.142807  99.316719  82.765160  67.445786 
 65.629433  81.337967  97.363281  113.445007  129.604370  145.954681  160.039536  169.407181  172.119217  167.944687  157.970001  143.406723  126.900467  110.916565  95.134064  79.495155  65.047867 
 61.831665  75.772499  90.440002  105.355469  119.445007  133.008438  145.065002  153.244064  155.436874  152.142349  143.396408  131.346405  117.148285  103.207970  88.561096  74.058281  61.317657 
 58.216881  69.208122  82.377655  95.750313  108.102814  119.014069  128.656250  135.193436  137.302185  134.228119  127.301086  117.489212  106.043594  93.721252  80.391403  67.650314  58.070305 
 55.724167  62.727501  72.862030  84.465469  95.398125  104.614845  111.939842  116.819839  118.540314  116.307190  110.849686  103.117500  93.432030  82.600624  71.045624  61.300934  55.838440 
 52.492493  57.386673  63.319740  72.486923  81.781876  89.591309  95.573387  99.362968  100.437813  99.133430  94.879265  88.345833  80.333908  70.757706  61.906868  56.668854  53.127190 
 } 
 GB Channel
 {
 51.583641  56.266144  61.940628  71.453392  81.472816  90.239326  97.028755  101.267235  102.733643  100.750000  96.278336  89.188385  80.435097  70.998383  61.631310  56.249634  52.335052 
 54.867813  61.549065  71.943123  84.213593  95.809059  105.912033  113.982498  119.402039  120.971558  118.619995  113.164993  104.712341  94.274689  82.934845  70.933594  61.054840  55.471306 
 56.954117  67.978905  81.525314  95.464378  108.612343  120.456253  130.583755  137.063751  139.367813  136.338913  129.299850  118.835312  106.634529  93.531250  79.794533  66.800156  57.231613 
 60.511086  74.639221  89.954529  105.184219  119.973434  134.089539  146.409531  155.052658  157.781097  154.103287  145.217972  132.285004  117.756561  102.839378  87.831879  72.909531  60.018486 
 64.380836  79.773750  96.103439  112.734375  129.385315  145.722961  160.381256  170.320938  173.470001  169.051880  159.108749  144.075317  126.955780  110.353127  93.941559  78.037186  63.564690 
 66.851151  83.395309  100.008278  117.543747  135.787033  154.111725  169.887192  179.992813  182.952194  178.809372  168.214691  151.963593  133.499847  115.401413  98.045471  81.407341  65.842552 
 67.447556  84.662346  101.402191  119.352493  138.098434  156.952194  172.865005  182.863281  185.719223  181.992035  172.291565  155.530624  136.391556  117.934525  99.720001  82.391876  66.777710 
 66.515778  83.158905  100.026093  117.018753  135.123901  153.266098  169.009216  179.132034  182.277649  178.285934  168.575470  151.954681  133.059067  115.108902  97.878128  81.282501  65.881660 
 63.889168  79.502502  95.617653  111.810623  128.174377  144.869064  159.358749  169.057968  172.188126  167.963287  157.859528  143.115631  126.182968  109.869217  93.751404  78.007347  63.552551 
 60.357704  74.165627  89.071251  104.046249  118.294373  132.182663  144.498444  152.941254  155.482498  152.071243  143.347351  130.935776  116.620163  102.300316  87.433441  72.820313  60.156982 
 57.077812  67.989059  81.213753  94.816254  107.476715  118.459686  128.265625  135.226089  137.300156  134.379059  127.354843  117.412964  105.679535  93.011406  79.454376  66.570465  57.091095 
 54.716095  61.791718  72.062965  83.893280  95.010155  104.500313  112.109680  117.324997  119.163589  116.699371  111.220314  103.190628  93.281097  82.229691  70.419060  60.565002  55.262505 
 51.848595  56.734428  62.882339  72.155571  81.734947  89.817398  96.235939  100.073341  101.415474  100.043121  95.572815  88.832291  80.294640  70.580521  61.538231  56.145836  52.682495 
 } 
 B Channel
 {
 18.426041  20.259789  22.754997  27.042290  31.687813  35.694794  38.658333  40.619015  41.108906  40.112602  38.109272  35.027451  31.038071  26.722187  22.522915  20.021564  18.766563 
 20.008961  22.886875  27.477501  33.074375  38.291561  42.841873  46.428749  48.634216  49.179535  48.093437  45.703438  41.970158  37.384533  32.243439  26.726250  22.357811  20.249062 
 21.222393  26.092812  32.208595  38.562656  44.361404  49.501877  53.732658  56.516403  57.358124  55.972191  53.040939  48.475311  43.130001  37.310936  31.061092  25.259064  21.366146 
 22.971458  29.304375  36.267033  43.110626  49.620628  55.540154  60.684059  64.226410  65.233284  63.564529  59.808281  54.270470  48.026878  41.500626  34.786407  28.226719  22.945259 
 24.706093  31.876720  39.318436  46.645782  53.859222  60.634529  66.607346  70.580154  71.675468  69.826248  65.604530  59.245316  51.957031  44.861252  37.568748  30.600311  24.657810 
 25.815521  33.509689  41.097031  48.798592  56.586876  64.139221  70.478279  74.468903  75.398903  73.741722  69.273285  62.433594  54.597031  46.892502  39.304375  32.106251  25.802498 
 26.221352  33.988438  41.681873  49.476563  57.429688  65.208595  71.573128  75.398285  76.339066  74.718285  70.675003  63.585785  55.655624  47.899845  40.035625  32.546719  26.141510 
 25.642498  33.288750  40.974842  48.406097  55.999687  63.492188  69.840622  73.677185  74.680153  73.025940  68.987816  62.136093  54.235939  46.691093  39.132187  31.934063  25.696148 
 24.341667  31.581249  38.913750  46.084530  53.023125  59.800156  65.633751  69.431252  70.349686  68.646721  64.397499  58.383751  51.324684  44.381405  37.367970  30.489845  24.509636 
 22.549999  28.952499  35.799061  42.459373  48.582497  54.345154  59.239059  62.540627  63.394379  61.941406  58.326874  53.183281  47.247345  40.958595  34.382187  28.032188  22.831768 
 20.919113  25.876408  32.047813  38.203125  43.708595  48.413910  52.262970  54.983124  55.773285  54.485939  51.643280  47.458908  42.453594  36.901562  30.743595  25.084686  21.293018 
 19.740990  22.918282  27.656563  33.064529  38.049686  42.151718  45.249062  47.279373  47.939686  47.060623  44.768436  41.284218  36.902344  31.918125  26.459061  22.117970  20.309010 
 18.759739  21.012657  23.848644  28.217239  32.737186  36.375259  39.114895  40.716045  41.158436  40.521042  38.654270  35.637760  31.760468  27.230209  22.945728  20.560261  19.552341 
 } 


 White Balance Data with optical Center Data
 r_center_x =  646 r_center_y =  481 
 gr_center_x =  627 gr_center_y =  476 
 b_center_x =  643 b_center_y =  491 
 gb_center_x =  634 gb_center_y =  455 
 r/gr 0.869252 
 b/gr 0.410258 
 gb/gr 1.002198 
 r_oc_ave 161.715561 
 b_oc_ave 76.324448 
 gr_oc_ave 186.039993 
 gb_oc_ave 186.448883 

 [AWB]
 RGr =  0.869252 
 BGr =  0.410258 
 GbGr =  1.002198 
 r_oc_ave =  161.715561 
 b_oc_ave =  76.324448 
 gr_oc_ave =  186.039993 
 gb_oc_ave =  186.448883 