 LEFT LENS SHADING DATA
 RED Channel
 {
 40.605518  44.398853  49.745728  57.851250  66.351250  73.979843  79.896294  83.616516  84.889946  82.752861  78.876823  72.764740  65.181824  56.860939  49.029846  44.428486  41.470154 
 43.247604  48.930939  58.095314  68.673752  78.813751  87.585472  94.889847  99.664215  101.133904  98.821404  93.743279  86.012032  77.020782  67.173439  56.915466  48.492035  43.833904 
 45.437817  54.582809  66.397972  78.616875  90.193123  100.738129  109.644379  115.857025  117.989212  115.050629  108.415001  98.813904  87.857033  76.596565  64.766563  53.533127  45.375626 
 48.739532  60.407654  73.779846  87.275314  100.696251  113.263443  124.467346  132.170319  134.688126  131.130005  122.909531  111.002502  98.099220  84.958435  71.717499  58.842186  47.995110 
 52.083954  65.270622  79.528435  94.385468  109.501564  124.132507  137.289536  146.109222  148.908905  144.865936  135.251099  121.582657  106.390312  91.580154  77.184998  63.148590  50.702141 
 54.061928  68.305466  83.014534  98.813751  115.340149  131.697495  145.846878  154.799057  157.592651  153.610474  143.669998  128.622192  111.992653  95.986404  80.689217  66.040314  52.709068 
 54.380989  69.203278  84.387032  100.457344  117.222504  134.032806  148.311569  157.471878  160.282654  156.365631  147.162811  131.727661  114.691711  98.217812  82.227654  66.985153  53.445366 
 53.347237  67.699532  82.780472  98.150940  114.158127  130.349686  144.400162  153.197815  156.029373  152.136414  143.161087  128.178284  111.777657  96.031097  80.639534  65.859062  52.724480 
 50.936249  64.292503  78.560471  93.050629  107.546562  121.973755  134.647812  143.193588  145.888443  141.746094  132.772964  119.927505  105.457184  91.223907  76.886406  62.987030  50.496826 
 47.559269  59.165939  72.201874  85.551094  98.280472  110.274063  120.708435  128.222183  130.493744  127.362183  119.591568  108.677658  96.473747  83.947655  70.901405  58.190315  47.696560 
 44.823956  53.433128  64.773590  76.657967  87.981720  97.927498  106.312187  112.057968  114.081100  111.568123  105.418747  96.555153  86.430466  75.437035  63.625778  52.817970  45.214840 
 43.240211  48.193123  56.330940  66.600471  76.419685  84.955467  91.651566  96.076561  97.611877  95.805626  90.900627  83.840309  75.139687  65.575783  55.669685  47.898438  43.784271 
 41.051460  44.473545  48.718849  56.176094  64.538025  71.633598  77.316978  80.806976  81.917702  80.703545  76.918121  71.027390  63.599686  55.661819  48.435104  44.725937  41.786358 
 } 
 GR Channel
 {
 51.291100  55.833176  61.929474  70.899162  80.302757  88.173332  94.261093  98.459221  99.772392  97.716194  93.434166  86.971977  79.025520  69.920776  61.170937  55.663544  51.705208 
 54.837341  61.704216  72.015312  83.507500  94.329216  103.812500  111.505470  116.566101  118.242813  115.636414  110.318748  102.166565  92.517189  81.920158  70.508438  60.946877  55.231873 
 57.689423  68.455467  81.518127  94.897499  107.457497  118.654373  128.226715  134.734222  136.968597  133.888443  127.024536  116.780151  104.952034  92.806091  79.715935  67.142342  57.544632 
 61.685417  75.162498  89.965157  104.706093  119.283127  133.009995  144.969376  153.230942  155.826874  152.248276  143.596725  130.851410  116.546249  102.300468  87.722809  73.327187  60.812195 
 65.580620  80.778122  96.577660  112.871399  129.275787  145.339539  159.524368  168.898590  171.728439  167.599060  157.798431  142.944839  126.097031  109.932655  94.117035  78.367813  64.299889 
 67.967918  84.445000  100.885941  118.130310  136.157181  154.080002  169.434219  178.778122  181.503601  177.646255  167.260941  151.214996  132.725159  115.115631  98.380783  81.910309  66.695313 
 68.545990  85.522034  102.522659  120.073441  138.353119  157.001556  172.388901  181.866409  184.581100  180.548752  171.392181  154.804214  136.116562  117.962662  100.329842  83.105782  67.553078 
 67.322861  83.741409  100.491875  117.315002  135.038132  152.999527  168.244843  177.741257  180.342346  176.358444  166.992493  150.996719  132.762970  115.219681  98.223747  81.712654  66.592865 
 64.516563  79.762810  95.618126  111.611092  127.622498  143.705154  157.799377  166.752975  169.674225  165.160004  155.694382  141.737350  125.421722  109.690628  93.758125  78.225937  63.874687 
 60.373642  73.752815  88.382500  103.125778  117.088287  130.442505  142.065308  150.186096  152.740784  149.193588  140.844849  128.854843  115.264526  101.397659  86.988281  72.704376  60.471039 
 56.881821  67.075783  79.995628  93.102501  105.440941  116.347031  125.565933  131.884064  134.100937  131.147659  124.538589  114.936722  103.759064  91.725471  78.583595  66.364220  57.374420 
 54.711197  60.863907  70.320160  81.619843  92.407501  101.659531  108.777809  113.548752  115.284851  113.187500  107.966248  100.372185  90.898285  80.448906  69.311722  60.443123  55.390625 
 51.469528  56.072029  61.156197  69.590057  78.682076  86.482658  92.581558  96.382088  97.506294  96.144585  91.927498  85.650108  77.672241  68.786613  60.778175  56.361458  52.629791 
 } 
 GB Channel
 {
 51.571045  56.331459  62.621925  72.207710  82.096359  90.800987  97.552757  101.921303  103.460884  101.060783  96.432503  89.269638  80.724121  71.186096  61.942863  56.287338  52.417763 
 54.928123  61.861877  72.525467  84.688126  96.163437  106.288284  114.485474  120.051086  121.813599  119.107651  113.258743  104.607346  94.181404  82.819221  70.880157  60.971718  55.320679 
 57.137863  68.180153  81.789528  95.570938  108.756874  120.699997  131.038437  137.990158  140.315781  137.247192  129.904846  118.976410  106.367188  93.401566  79.808281  66.802498  57.300415 
 60.744690  74.494690  89.719688  104.997658  120.154846  134.489380  147.263596  155.893600  158.837036  155.207031  145.964066  132.546875  117.699066  102.653748  87.556404  72.628281  60.084740 
 64.349327  79.713280  95.721565  112.525162  129.554214  146.247498  161.016403  170.880630  174.193909  169.858444  159.610626  144.126877  126.705154  109.803123  93.483284  77.383591  63.012962 
 66.253067  83.069534  99.501091  117.121094  135.632339  154.088593  169.904526  179.934998  182.969055  179.025162  168.465469  151.790466  132.823746  114.713593  97.334061  80.659218  65.149017 
 66.826248  83.769997  100.834061  118.707184  137.392502  156.428284  172.223282  182.312653  185.420151  181.385620  171.977661  155.087967  135.785156  117.106567  99.027344  81.571877  66.005623 
 65.498795  81.957344  98.785004  115.913132  133.912033  152.204376  167.887970  177.795151  180.968277  176.897659  167.383591  150.801559  132.229996  114.244370  96.996872  80.170937  65.079269 
 62.775261  78.086716  94.048126  110.286560  126.713593  142.987350  157.436249  166.789063  170.128754  165.572662  155.922501  141.631882  124.857971  108.719215  92.572502  76.831879  62.641876 
 58.890106  72.512184  87.281715  102.116409  116.452026  129.980164  141.834839  150.272507  153.093277  149.635468  141.112656  128.745468  114.781723  100.650314  85.984062  71.487030  59.303490 
 55.902657  66.165779  79.136406  92.425468  105.043594  116.198288  125.741409  132.219376  134.609528  131.721252  124.931244  115.026718  103.536873  91.225784  77.920158  65.445160  56.619530 
 53.882240  60.225784  69.805626  81.274689  92.359840  101.913910  109.493752  114.433289  116.375000  114.196716  108.686874  100.745941  91.015472  80.184998  68.942970  59.851250  54.964996 
 51.042244  55.648079  61.021873  69.588860  79.119217  87.187035  93.666664  97.590981  98.980835  97.366096  93.135628  86.383018  77.980255  68.784584  60.530258  56.082916  52.440414 
 } 
 B Channel
 {
 18.147865  20.017864  22.829792  27.202606  31.840054  35.872707  39.097446  41.089375  41.700417  40.623280  38.568802  35.235054  31.269428  26.905102  22.625107  19.992134  18.506721 
 19.872448  22.821407  27.639374  33.160938  38.339844  42.956875  46.630157  49.154373  49.913750  48.691406  46.216095  42.297344  37.584217  32.370937  26.925938  22.392345  20.243385 
 21.180466  26.046093  32.262501  38.512032  44.331718  49.471252  53.929840  56.938438  58.074532  56.683128  53.588905  48.801247  43.229843  37.355938  31.163124  25.255783  21.325153 
 22.880157  29.257030  36.210155  43.027813  49.666565  55.731094  61.082497  64.732658  65.980621  64.424690  60.582497  54.815781  48.254219  41.599842  34.708282  28.156094  22.779633 
 24.598648  31.726563  39.149220  46.486095  53.771561  60.788124  66.931091  70.973747  72.228279  70.570778  66.259064  59.687035  52.109062  44.818748  37.481720  30.402500  24.362083 
 25.409428  33.247971  40.801563  48.569061  56.412346  64.101715  70.524376  74.541252  75.676559  74.108749  69.798904  62.720467  54.649376  46.869064  39.181408  31.860001  25.572083 
 25.597969  33.514843  41.367188  49.181252  57.073593  64.896408  71.298752  75.213905  76.408127  74.789215  70.934998  63.778122  55.738594  47.899689  39.970627  32.251720  25.849426 
 25.055779  32.606407  40.361095  47.864220  55.474373  62.999535  69.337189  73.129059  74.273125  72.610466  68.796249  62.016251  54.318748  46.621094  38.985939  31.600155  25.276611 
 23.496826  30.655781  38.011093  45.255783  52.224373  58.932030  64.688591  68.396095  69.513283  67.655937  63.714218  57.949066  51.086090  44.197811  36.974220  30.062344  24.096718 
 21.578438  27.887188  34.746250  41.421562  47.622345  53.208595  57.932503  61.232033  62.176559  60.721405  57.364059  52.331566  46.552032  40.445625  33.901405  27.477188  22.415524 
 19.976978  24.797813  30.857655  36.918282  42.470936  47.180470  51.061409  53.638435  54.340157  53.207184  50.502815  46.446720  41.553280  36.116562  30.017189  24.505627  20.972290 
 18.988804  21.846092  26.321251  31.712189  36.651405  40.809845  43.910782  45.883595  46.514843  45.718594  43.421719  40.080780  35.785625  30.934063  25.718750  21.635937  20.043854 
 18.001305  20.164219  22.703747  26.780933  31.216618  34.822968  37.627655  39.302967  39.727966  39.050468  37.256512  34.268490  30.461876  26.242397  22.277500  20.326775  19.198021 
 } 


 White Balance Data with optical Center Data
 r_center_x =  643 r_center_y =  477 
 gr_center_x =  639 gr_center_y =  473 
 b_center_x =  659 b_center_y =  475 
 gb_center_x =  641 gb_center_y =  470 
 r/gr 0.867979 
 b/gr 0.413396 
 gb/gr 1.004675 
 r_oc_ave 160.915558 
 b_oc_ave 76.639999 
 gr_oc_ave 185.391113 
 gb_oc_ave 186.257782 

 [AWB]
 RGr =  0.867979 
 BGr =  0.413396 
 GbGr =  1.004675 
 r_oc_ave =  160.915558 
 b_oc_ave =  76.639999 
 gr_oc_ave =  185.391113 
 gb_oc_ave =  186.257782 