 LEFT LENS SHADING DATA
 RED Channel
 {
 40.792450  44.729950  49.792862  57.729477  66.140732  73.156357  78.486664  81.542809  82.503281  80.634789  77.017654  70.879791  63.429268  55.115570  47.527443  43.494999  40.372913 
 43.666615  49.395157  58.300156  68.735313  78.527809  86.888435  93.471252  97.577812  98.621407  96.373123  91.563278  84.039375  75.110939  65.334534  55.186409  47.171249  42.398746 
 46.089115  55.395157  67.051559  79.213127  90.438278  100.454376  108.736565  114.346878  115.992188  113.022034  106.631721  97.154373  86.426407  75.116875  63.432343  52.412811  44.050732 
 49.652031  61.730156  75.117500  88.575470  101.580002  113.761719  124.167969  131.637497  133.680618  129.960159  121.653595  109.705002  96.945778  83.916252  70.828751  58.129059  46.915730 
 53.195992  66.907028  81.434685  96.264847  111.179375  125.350159  137.925934  146.537811  148.980164  144.852341  135.005783  120.949997  105.636093  91.011719  76.620155  62.784065  49.946144 
 55.758698  70.383904  85.690002  101.439690  117.682495  133.594376  147.602036  156.405777  158.834213  154.786560  144.462967  128.942032  111.957657  95.867500  80.650467  66.047966  52.258598 
 56.839325  71.820778  87.507500  103.796410  120.445618  136.942963  151.087662  159.989059  162.711563  158.436569  148.842194  132.810776  115.276093  98.430313  82.497185  67.172028  53.265991 
 56.114632  71.017342  86.503754  102.140472  118.389847  134.199219  148.030319  157.131088  159.561249  155.500153  145.806870  129.880936  112.683899  96.565628  81.207497  66.477028  52.820572 
 53.975983  68.120781  82.603752  97.507660  112.428757  126.651245  139.110474  147.681870  150.155319  146.076096  136.282181  122.298431  107.012497  92.237190  77.860001  63.781563  50.948227 
 50.826454  63.265625  76.658905  90.231247  103.165466  115.341095  125.790466  133.124222  135.302185  131.789536  123.441879  111.707809  98.587654  85.686096  72.312187  59.256874  48.045624 
 48.019737  57.564529  69.409065  81.501251  93.019844  103.008904  111.547188  117.419525  118.982025  115.995163  109.196716  99.687653  88.902031  77.396561  65.383751  53.985313  45.248226 
 45.975780  51.831406  60.778435  71.342033  81.495316  90.102501  97.009842  101.325310  102.115311  100.043121  94.870628  87.183907  77.946716  67.816093  57.399841  48.850159  43.802032 
 43.293697  47.150784  52.081352  60.345154  68.912399  76.068329  81.940468  85.152397  85.931564  84.350624  80.346458  74.105782  66.057343  57.355888  49.442558  44.965363  41.482449 
 } 
 GR Channel
 {
 50.258904  55.469322  61.291672  70.334160  79.514122  87.186203  92.657654  96.258850  97.023232  95.054428  91.178596  84.741302  76.572868  67.364220  58.757034  53.866409  50.354744 
 54.254738  61.315781  71.598747  83.423752  94.125153  103.110153  109.920784  114.492188  115.437805  112.876724  107.935471  99.941093  90.448906  79.528595  68.008904  58.473282  52.875160 
 57.529686  68.617188  82.027969  95.621246  107.878128  118.608749  127.231247  133.214844  134.801254  131.687027  125.063751  115.101715  103.427658  90.902344  77.498436  64.749535  54.733078 
 61.757965  76.121094  91.335785  106.352501  120.357025  133.352188  144.268600  152.192810  154.279999  150.629532  141.980164  129.616409  115.575943  101.126404  86.190628  71.397346  57.948799 
 66.135414  82.343750  98.766876  114.938431  130.875000  146.017807  159.362350  168.227493  170.771881  166.481247  156.528122  141.961868  125.367813  109.166565  92.989059  76.976097  61.514633 
 69.165359  86.431404  103.734688  120.684525  138.091568  155.043747  169.879837  178.951874  181.240005  177.192337  166.866562  150.654221  132.468124  114.701721  97.614532  80.739220  64.250671 
 70.314690  88.215935  105.831879  123.398132  140.940628  158.603119  173.611557  182.803589  185.280319  181.120468  171.559845  155.074997  136.126099  117.844223  99.879372  82.140312  65.531151 
 69.562508  87.231247  104.508278  121.495316  138.783279  155.624695  170.341721  179.725006  182.128281  178.134064  168.596558  151.828903  133.331726  115.664841  98.391876  81.235466  64.817764 
 67.020683  83.671722  99.829689  116.048279  132.083588  147.345627  160.606094  169.701096  172.333588  168.153900  158.150314  143.171097  126.855774  110.613129  94.431252  78.169373  62.886871 
 63.159996  77.754997  92.887344  107.660622  121.599380  134.666412  145.870468  153.746567  156.058746  152.481720  143.732819  131.447189  117.317505  102.962814  87.869064  72.738434  59.423439 
 59.586044  70.931877  84.275002  97.590157  110.164841  120.912811  130.128601  136.428909  138.127029  134.984222  127.736725  117.841568  106.214996  93.385941  79.704689  66.500938  56.319687 
 56.814316  63.888283  74.029999  85.836090  96.945160  106.240311  113.659851  118.357025  119.166412  117.002182  111.448593  103.439842  93.451874  82.281563  70.211403  60.382500  54.189590 
 52.642242  57.786819  63.426666  72.512970  82.159943  89.854897  96.111717  99.759743  100.584953  98.758858  94.697556  87.897141  79.308128  69.617401  60.679115  55.492493  51.137505 
 } 
 GB Channel
 {
 50.700417  56.134575  62.330002  72.157913  82.054741  90.157089  96.414169  100.196457  101.324898  99.094421  94.771408  87.585472  78.762505  69.007393  59.670883  54.460472  50.784630 
 54.034164  61.518753  72.291252  84.736252  96.207031  105.818748  113.237503  118.194382  119.371567  116.640472  111.129532  102.536095  92.093750  80.505310  68.386093  58.568596  52.684631 
 56.771927  68.316719  82.143593  96.342346  109.213753  120.717972  129.896713  136.438126  138.177338  134.943588  127.793900  117.055939  104.701874  91.392502  77.384064  64.222191  54.016769 
 60.625214  75.170624  90.829842  106.247971  120.837036  134.530777  146.161087  154.638443  156.877808  153.014694  143.909058  130.793900  116.040939  100.886871  85.429062  70.271408  56.690361 
 64.470467  80.736092  97.546562  114.044693  130.452972  146.192657  160.050781  169.557663  172.323120  167.906250  157.551712  142.239838  124.953278  108.190002  91.571877  75.155624  59.742714 
 66.985359  84.282654  101.825470  119.090469  136.799377  154.074692  169.536560  179.086090  181.759064  177.505630  166.731247  150.096252  131.207962  112.988907  95.535782  78.386406  61.948700 
 67.925728  85.750313  103.299843  121.065628  138.969528  156.882034  172.380630  182.025314  184.829681  180.467651  170.786560  153.750778  134.455307  115.714691  97.286720  79.442497  62.884171 
 67.036407  84.583282  101.741409  118.869064  136.332184  153.529694  168.582504  178.401871  181.091568  176.920319  167.233124  150.062973  131.230621  113.144058  95.490623  78.239998  62.102493 
 64.664528  81.153908  97.377502  113.595779  129.708130  145.221878  158.774368  168.298126  171.207657  166.883118  156.600632  141.348755  124.560623  108.078903  91.635155  75.321091  60.109215 
 61.081192  75.588905  90.654533  105.538750  119.562195  132.754059  144.181412  152.302338  154.754059  151.172180  142.301086  129.576721  115.158127  100.586716  85.269218  70.242340  56.947548 
 57.763023  69.020935  82.398125  95.742340  108.446251  119.318909  128.802032  135.332657  137.175156  133.883286  126.605774  116.318130  104.289215  91.333748  77.396408  64.230316  54.140312 
 55.367500  62.482498  72.605003  84.396873  95.769379  105.238747  112.895462  117.695618  118.629837  116.431564  110.717659  102.313904  92.070778  80.528595  68.415314  58.456406  52.535782 
 51.770004  56.567085  62.277496  71.693130  81.494377  89.425003  95.989426  99.760628  100.709221  98.706558  94.174530  87.044533  78.355995  68.248802  59.208229  53.999527  49.838699 
 } 
 B Channel
 {
 17.502449  20.015362  22.922085  27.629581  32.221508  35.892345  38.445988  40.123539  40.542709  39.655468  37.715939  34.796719  30.685989  26.351826  22.179272  19.661617  18.352032 
 18.949116  22.372658  27.503750  33.355000  38.531719  42.591721  45.654530  47.658127  48.011871  46.919846  44.649689  41.034843  36.640781  31.498280  26.068436  21.506405  19.243282 
 20.293282  25.617657  32.236404  38.858593  44.501720  49.293594  53.097191  55.572029  56.208282  54.830315  51.977966  47.596718  42.305157  36.560623  30.349377  24.314686  20.047607 
 22.198231  28.955311  36.463905  43.551094  49.850937  55.503593  60.196404  63.499062  64.364372  62.694847  59.065941  53.542343  47.402657  40.938438  34.163437  27.267502  21.505001 
 24.105156  31.803280  39.720470  47.160938  54.210785  60.768440  66.348747  70.069374  71.125313  69.283279  65.101715  58.692345  51.476875  44.314377  37.044998  29.653751  23.196247 
 25.323910  33.628281  41.759533  49.421875  57.012970  64.230934  70.382965  74.320465  75.304840  73.700310  69.199684  62.216721  54.278282  46.521408  38.940311  31.236252  24.322083 
 25.820522  34.397186  42.470001  50.332497  57.985626  65.364372  71.605782  75.570000  76.692345  75.059845  70.848747  63.552498  55.528748  47.642967  39.730000  31.786564  24.881977 
 25.622864  33.897655  41.683750  49.242035  56.834686  63.921249  70.107033  74.160156  75.292343  73.648903  69.514847  62.397659  54.366562  46.726563  39.046719  31.372345  24.575470 
 24.657028  32.211407  39.522186  46.701405  53.707657  60.193436  65.979530  69.984688  71.185936  69.476097  65.217499  58.792503  51.631874  44.612968  37.398125  30.058594  23.451721 
 22.846561  29.522812  36.302502  42.917812  49.050934  54.662033  59.655624  63.277809  64.271408  62.832344  59.090935  53.731247  47.562344  41.273907  34.457500  27.610470  21.702343 
 21.335209  26.263126  32.274376  38.248436  43.859062  48.810623  53.008751  55.877342  56.693596  55.327812  52.262497  47.836094  42.663906  36.933594  30.752968  24.591873  20.131042 
 20.274845  22.986717  27.442345  32.848438  37.944374  42.350468  45.885624  48.028748  48.416718  47.473125  45.139374  41.498749  36.988907  31.809689  26.335155  21.562813  19.118645 
 18.456928  20.137760  22.436302  26.655106  31.339790  35.104843  38.088539  39.867085  40.220676  39.322292  37.579376  34.534168  30.454945  25.898857  21.845779  19.225315  17.641563 
 } 


 White Balance Data with optical Center Data
 r_center_x =  651 r_center_y =  487 
 gr_center_x =  628 gr_center_y =  513 
 b_center_x =  669 b_center_y =  488 
 gb_center_x =  623 gb_center_y =  481 
 r/gr 0.877433 
 b/gr 0.412601 
 gb/gr 0.996656 
 r_oc_ave 163.284439 
 b_oc_ave 76.782219 
 gr_oc_ave 186.093338 
 gb_oc_ave 185.471115 

 [AWB]
 RGr =  0.877433 
 BGr =  0.412601 
 GbGr =  0.996656 
 r_oc_ave =  163.284439 
 b_oc_ave =  76.782219 
 gr_oc_ave =  186.093338 
 gb_oc_ave =  185.471115 