 LEFT LENS SHADING DATA
 RED Channel
 {
 41.504429  45.206097  50.541092  59.040886  67.410576  75.184120  81.128746  84.958649  86.038696  84.439377  80.551514  74.360260  66.688438  58.327545  50.331039  45.722187  42.450935 
 43.731510  49.461716  58.754219  69.542343  79.705780  88.583908  95.827499  100.637810  102.057655  100.034378  95.129219  87.585472  78.490936  68.627342  58.124374  49.564690  44.684269 
 45.882450  55.326408  67.305779  79.616562  91.448280  102.066093  111.051872  117.115158  119.234680  116.488281  109.968597  100.602501  90.007347  78.537498  66.402809  54.972969  46.371925 
 49.181252  61.488747  74.977341  88.663124  102.288750  114.901245  126.044525  133.932037  136.525620  132.909225  124.589844  112.982346  100.326408  87.291565  73.876251  60.694374  49.318123 
 52.657600  66.429688  80.856094  95.973434  111.423904  126.220001  139.517807  148.443283  151.208588  147.063599  137.481094  123.816406  108.931717  94.314529  79.665779  65.363747  52.436249 
 54.938957  69.650627  84.884529  100.876877  117.724533  134.404221  148.693588  157.936569  160.708282  156.539536  146.416412  131.402039  115.063431  99.047966  83.579063  68.599846  54.530052 
 55.696617  70.718903  86.413597  103.114220  120.111877  137.259995  151.969223  161.080933  163.869370  159.903748  150.477493  135.053436  118.069214  101.387657  85.308594  69.761093  55.525467 
 54.731880  69.688126  85.035469  101.011719  117.641876  133.919846  148.269531  157.649216  160.356720  156.171722  147.032181  131.752808  115.202194  99.248909  83.878281  68.745316  54.814476 
 52.558586  66.621719  81.181717  96.310623  111.338905  126.129837  139.117340  147.921875  150.777344  146.730469  137.203598  123.907181  109.156876  94.642654  80.070938  65.734222  52.655266 
 49.482346  61.830467  75.354691  89.046722  102.228127  114.791870  125.674377  133.237350  135.704224  132.426559  124.422180  113.339539  100.659218  87.891090  74.353127  61.109528  49.638069 
 46.651093  56.199219  68.165779  80.435471  92.072502  102.500313  111.209999  117.285461  119.035629  116.514999  110.203438  101.297188  90.777344  79.382347  67.182816  55.548904  47.023281 
 45.128857  50.800934  59.739372  70.442970  80.609688  89.497498  96.630157  101.149689  102.577187  100.613281  95.762497  88.524376  79.703438  69.668747  58.946877  50.371559  45.463230 
 42.936356  46.569271  51.402298  59.387764  68.283020  75.499580  81.503288  85.181358  86.445526  85.026825  81.109169  75.201462  67.565102  58.928749  51.048126  46.564480  43.094479 
 } 
 GR Channel
 {
 51.247032  56.325783  62.635262  71.835518  80.771774  88.870995  95.100945  98.832504  100.026047  98.105621  94.277397  87.744171  79.571770  70.472389  61.682343  56.223801  52.236725 
 54.629539  61.718903  72.117966  83.710938  94.470940  103.744530  111.177185  116.111252  117.683121  115.389374  110.291565  102.427498  92.769684  82.136566  70.610466  60.922340  55.070473 
 57.587349  68.684219  81.876564  95.142815  107.606560  118.780472  127.957184  134.418274  136.587814  133.517807  126.910156  117.041245  105.659843  93.290001  80.089378  67.359840  57.520477 
 61.770988  75.735779  90.470001  105.193283  119.830933  133.257507  144.727493  152.984070  155.420624  151.726868  143.385468  131.147186  117.380310  103.238594  88.562035  74.002342  61.005463 
 65.879059  81.379059  97.141563  113.277344  130.064056  145.704849  159.498596  168.854538  171.502808  167.307037  157.624374  143.459213  127.258743  111.294220  95.254684  79.412033  64.677658 
 68.695885  85.231094  101.971405  119.186569  137.216568  154.663437  169.733902  179.118744  181.624069  177.576569  167.587341  151.887192  134.159378  116.581253  99.665939  83.015472  67.142342 
 69.582710  86.609375  103.784691  121.662338  139.741257  157.972809  173.326248  182.480621  185.038757  181.231094  172.050476  156.148438  137.704056  119.573593  101.689690  84.356094  68.226723 
 68.457550  85.287346  102.156097  119.398285  136.886246  154.496246  169.524689  179.024216  181.751556  177.850464  168.680313  152.710938  134.560471  117.054688  100.037033  83.184845  67.330467 
 65.865356  81.826408  97.883591  114.103745  130.267807  146.207031  159.841248  168.966248  171.774536  167.934525  158.267029  144.085159  127.724533  111.850937  95.828903  79.918907  64.907860 
 62.110626  76.298126  91.203751  105.938278  119.991409  133.472961  144.952820  153.056870  155.760162  152.606094  144.264999  132.257034  118.350937  104.218124  89.362656  74.606560  61.362816 
 58.654060  69.852814  83.033127  96.293594  108.579689  119.642807  129.242966  135.608124  137.669067  134.871567  128.234528  118.634064  107.203438  94.715622  81.175468  68.163284  58.248909 
 56.514008  63.325470  73.297653  84.794060  95.658440  105.037971  112.830780  117.597961  119.122025  116.957336  111.770935  104.023590  94.492966  83.525154  71.782654  62.037811  56.213226 
 53.153175  57.710670  63.302025  71.949059  81.391769  89.092346  95.563904  99.416100  100.646408  98.987556  94.908852  88.630470  80.411934  70.974533  62.329948  57.224480  52.842400 
 } 
 GB Channel
 {
 51.565994  56.749321  63.379059  73.013809  82.591515  91.121613  98.066513  102.345314  103.384277  101.572441  97.143639  90.014061  81.395470  71.495628  62.308594  56.681770  52.590111 
 54.550156  61.689529  72.519066  84.626091  96.077972  106.066406  114.114212  119.395309  121.328430  118.775162  113.247818  104.681564  94.338593  83.015625  70.941719  60.959686  55.108856 
 56.939377  68.284378  81.931877  95.677185  108.834534  120.758118  130.610779  137.463287  139.792191  136.605164  129.555939  119.035004  106.869530  93.804062  80.085785  66.971718  56.943588 
 60.655838  74.857498  89.973907  105.223907  120.484375  134.625778  146.741882  155.571716  158.253128  154.409531  145.472031  132.666092  118.250778  103.305779  88.107971  73.078278  60.025154 
 64.263123  80.046875  96.108437  112.725632  130.038132  146.310471  160.701569  170.501556  173.563599  169.252502  159.187195  144.297974  127.413589  110.846565  94.241722  78.139374  63.259796 
 66.753128  83.306877  100.303596  118.012970  136.469849  154.275162  169.882187  179.761719  182.595627  178.551712  168.211243  152.103119  133.732651  115.678436  98.277657  81.397034  65.367241 
 67.493279  84.506409  101.900314  119.911255  138.334534  156.930466  172.647507  182.357193  185.326096  181.556870  172.072342  155.668900  136.763443  118.100784  99.987190  82.537659  66.301613 
 66.366196  83.181404  100.182190  117.664368  135.423599  153.264847  168.792969  178.679688  181.552185  177.770309  168.348129  151.948746  133.259689  115.408600  98.134842  81.259064  65.307808 
 63.941399  79.848282  95.927971  112.380630  128.690628  144.845474  158.916245  168.451721  171.562347  167.677185  157.888596  143.266251  126.612350  110.380157  94.127342  78.128128  63.268539 
 60.346924  74.605469  89.495781  104.408127  118.794846  132.380005  144.250153  152.650620  155.492188  152.336411  143.806244  131.393753  117.304840  102.845779  87.828751  72.997658  59.920364 
 57.309845  68.566719  81.753593  95.100159  107.672653  118.948914  128.822968  135.504837  137.567657  134.873596  127.974686  118.086243  106.329216  93.619377  79.954063  66.877190  57.117188 
 55.633957  62.351875  72.401566  84.029373  95.061722  104.762184  112.841873  117.842972  119.451721  117.232346  111.804222  103.890778  93.973595  82.864845  70.881874  61.083122  55.271873 
 52.554382  57.041878  62.712395  71.611458  81.264847  89.243851  96.049370  100.023598  101.462341  99.681297  95.452759  88.841408  80.373802  70.549225  61.854378  56.583122  52.352295 
 } 
 B Channel
 {
 18.087498  20.286667  23.403175  28.093643  32.636250  36.651562  39.651669  41.453907  41.901928  41.201458  39.002552  35.741512  31.663540  27.033592  22.796299  20.093906  18.673908 
 19.080418  22.389999  27.439220  33.167812  38.455002  42.939064  46.395000  48.559532  49.200470  48.005623  45.582344  41.809219  37.175625  32.002968  26.448593  21.793282  19.583073 
 20.322708  25.536877  32.016720  38.494064  44.419376  49.647346  53.782967  56.523285  57.324371  55.783752  52.681717  48.104218  42.807343  37.025314  30.822968  24.702969  20.578178 
 22.178753  28.794998  35.940624  43.101250  49.785782  55.829529  60.943283  64.407188  65.148438  63.303436  59.376564  53.829063  47.697342  41.321564  34.561562  27.672501  22.118332 
 23.857082  31.273750  38.867970  46.520157  53.992340  60.869064  66.954216  70.691872  71.625153  69.528435  65.154373  58.722656  51.625938  44.640938  37.389217  30.028751  23.779579 
 25.011982  32.842812  40.835312  48.734375  56.713905  64.381409  70.675934  74.408127  75.273590  73.266876  68.759689  61.925316  54.331093  46.692501  39.195313  31.588749  24.948334 
 25.367661  33.342030  41.440468  49.486717  57.440628  65.280472  71.579376  75.214996  76.101250  74.293747  70.183907  63.313591  55.489059  47.789688  39.980938  32.175781  25.363907 
 24.848961  32.815624  40.608593  48.306252  55.967972  63.301720  69.466560  73.234062  74.149216  72.355469  68.540627  61.838753  54.095314  46.656094  39.164219  31.525623  24.853958 
 23.736664  31.223751  38.561874  45.832813  52.809059  59.392029  64.921097  68.539063  69.630783  67.972031  64.011566  57.966095  51.147972  44.279999  37.252029  29.977188  23.661350 
 22.137501  28.701248  35.520782  42.156094  48.184372  53.729691  58.454376  61.602966  62.723282  61.342812  57.911095  52.921249  46.960625  40.864376  34.271095  27.533127  21.968124 
 20.671509  25.669220  31.716095  37.651562  43.035782  47.741718  51.641251  54.274841  55.047340  53.998436  51.251564  47.179218  42.228905  36.727501  30.567657  24.570938  20.500519 
 19.712917  22.632500  27.094063  32.335312  37.208752  41.349842  44.603592  46.695782  47.378593  46.522343  44.332813  40.982498  36.686249  31.689377  26.283127  21.722187  19.383854 
 18.274166  20.090000  22.441978  26.401562  30.808746  34.280052  37.321720  39.032238  39.616718  38.886719  37.136559  34.281666  30.375000  26.051876  21.863125  19.496769  17.771774 
 } 


 White Balance Data with optical Center Data
 r_center_x =  632 r_center_y =  473 
 gr_center_x =  631 gr_center_y =  473 
 b_center_x =  636 b_center_y =  463 
 gb_center_x =  627 gb_center_y =  479 
 r/gr 0.882694 
 b/gr 0.410439 
 gb/gr 1.000621 
 r_oc_ave 164.373337 
 b_oc_ave 76.431114 
 gr_oc_ave 186.217773 
 gb_oc_ave 186.333328 

 [AWB]
 RGr =  0.882694 
 BGr =  0.410439 
 GbGr =  1.000621 
 r_oc_ave =  164.373337 
 b_oc_ave =  76.431114 
 gr_oc_ave =  186.217773 
 gb_oc_ave =  186.333328 