 LEFT LENS SHADING DATA
 RED Channel
 {
 39.765781  42.950363  47.872654  56.133171  64.578957  72.011093  77.759117  81.358231  82.440781  80.736977  76.980362  70.895317  63.461456  55.281097  47.702549  43.393230  40.255314 
 42.197865  47.455154  56.214531  66.809219  76.925629  85.815468  92.906403  97.686562  99.143906  96.942810  92.047653  84.360313  75.274376  65.542969  55.417343  47.326561  42.981564 
 44.250469  53.058594  64.529060  76.763596  88.434219  99.292969  108.392029  114.660004  116.659531  113.724533  107.056091  97.395157  86.567970  75.227188  63.395470  52.518593  44.630470 
 47.174744  58.860779  71.982033  85.561722  99.220779  112.294373  123.695313  131.600937  134.227493  130.522034  121.890625  109.864685  96.932968  83.810158  70.630310  57.929062  47.352390 
 50.133904  63.623283  77.833282  92.791092  108.279373  123.505005  137.048752  146.133911  149.035461  144.762817  134.903122  120.816406  105.686409  90.794533  76.339691  62.474533  50.288490 
 52.329796  66.739372  81.822342  97.663437  114.672028  131.573441  146.215149  155.520935  158.117493  154.180618  143.849213  128.379532  111.741562  95.536873  80.165627  65.638748  52.358749 
 53.055626  67.835625  83.307968  99.834534  117.106094  134.447342  149.241409  158.670776  161.177658  157.299850  147.733749  131.960312  114.572495  97.981247  81.838593  66.743752  53.060829 
 52.503281  66.592659  81.851250  97.753281  114.501099  131.196411  145.518600  154.922806  157.360474  153.588287  144.076248  128.466568  111.581879  95.637657  80.261253  65.644997  52.452919 
 50.335007  63.442497  77.671562  92.774216  107.975624  122.872025  135.983276  144.773132  147.443283  143.643600  133.978287  120.279526  105.375153  90.816254  76.519531  62.729218  50.477348 
 47.236980  58.636566  71.642029  85.310783  98.488434  111.099373  122.164215  129.657181  131.968124  128.882034  120.736877  109.385780  96.639221  83.718285  70.674843  58.091408  47.751198 
 44.827244  53.258278  64.462189  76.492035  88.160156  98.458435  107.394218  113.347031  115.247025  112.556091  106.157967  97.080940  86.569374  75.251404  63.424690  52.771095  45.541721 
 43.436611  48.341408  56.232971  66.442657  76.475311  85.269844  92.248749  96.977028  98.373909  96.516403  91.601715  84.228752  75.463127  65.617966  55.590157  48.061562  44.333645 
 41.272030  44.605782  48.628174  55.892448  64.133644  71.242966  77.257912  80.960159  82.054115  80.636612  76.808174  71.135422  63.553123  55.483177  48.460785  44.897816  41.846149 
 } 
 GR Channel
 {
 49.675209  54.554787  60.590836  69.853287  79.167084  87.019897  93.087288  96.834686  98.209946  96.418182  92.275055  85.844269  77.802872  68.804070  60.196144  54.981720  50.801720 
 53.586456  60.454376  70.601250  82.416405  93.321251  102.756561  110.326874  115.238434  116.646408  114.347961  109.212341  101.279686  91.762657  81.134064  69.754059  60.242340  54.713806 
 56.658699  67.370155  80.471092  93.839218  106.402031  117.993439  127.436874  133.879059  136.054382  132.901413  126.154221  116.124222  104.475624  92.235313  79.056564  66.625153  57.202454 
 60.624474  74.207809  88.885155  103.746407  118.300934  132.386414  144.626877  152.997498  155.722656  151.932663  143.167343  130.362656  116.329224  102.014687  87.499687  73.105316  60.595306 
 64.477921  79.889999  95.646095  111.809998  128.480164  145.182190  159.800308  169.283600  172.275162  168.032501  158.054214  142.933746  126.290787  110.006561  94.156563  78.455940  64.274269 
 67.019791  83.541878  100.209686  117.393753  135.833755  154.370789  170.230942  180.192963  182.746872  178.545624  168.093277  151.449371  133.052658  115.459686  98.551559  82.256874  66.981049 
 67.966614  84.825157  101.930466  119.724533  138.388748  157.685944  173.667816  183.323593  185.995163  182.067963  172.525620  155.444382  136.532654  118.255157  100.443748  83.513596  67.924217 
 67.069588  83.364998  100.171249  117.473907  135.498749  153.941879  169.696869  179.535156  182.061874  178.346558  168.775620  152.077347  133.245468  115.652039  98.702347  82.130623  66.959793 
 64.396355  79.623436  95.549065  111.953125  128.411880  144.951721  159.232025  168.660156  171.769531  167.913589  157.741409  143.026413  126.404068  110.315002  94.495781  78.835938  64.499687 
 60.573441  73.938438  88.643593  103.665939  118.018906  131.959213  144.075943  152.222183  154.792664  151.574844  142.985306  130.591568  116.522186  102.285934  87.827972  73.455940  61.139267 
 57.251564  67.529060  80.443596  93.814842  106.566093  117.740463  127.395630  133.920624  135.925781  133.206726  126.329849  116.614380  105.143593  92.699532  79.467186  66.958282  58.322235 
 55.039696  61.427185  70.832657  82.308441  93.433594  102.973907  110.424065  115.427505  117.080780  115.014221  109.751717  102.081718  92.401253  81.525940  70.210159  61.272346  56.360886 
 51.456764  56.646767  61.512032  69.832184  79.226715  87.042030  93.322807  97.425407  98.513908  97.005257  92.974007  86.736099  78.627502  69.462608  61.121620  56.892975  52.760048 
 } 
 GB Channel
 {
 50.010788  54.855789  61.243698  71.049995  80.976303  89.396767  95.984009  100.018440  101.498070  99.523705  94.950005  88.083588  79.447548  69.878593  60.793068  55.281456  51.146042 
 53.415367  60.415154  70.896408  83.209999  94.892342  104.930939  112.980469  118.299683  119.910782  117.436401  111.902496  103.362968  93.183594  81.897972  70.012032  60.276878  54.752708 
 55.916664  66.846252  80.213753  94.160934  107.394379  119.574066  129.729996  136.744995  138.893906  135.811401  128.456879  117.836716  105.605621  92.633751  79.023285  66.244377  56.736870 
 59.372238  73.308281  88.305466  103.622498  118.684692  133.536407  146.322037  155.178284  158.117966  154.220474  144.998276  131.609070  116.881561  102.045937  87.039688  72.328590  59.661301 
 62.735573  78.412033  94.425156  111.048752  128.163284  145.393906  160.668747  170.936722  174.151245  169.803436  159.320465  143.693756  126.382034  109.482185  93.220627  77.344528  62.968910 
 65.234581  81.662498  98.491562  115.972504  134.879532  153.799225  170.161407  180.671875  183.613907  179.480469  168.513901  151.467194  132.621872  114.521881  97.356560  80.875778  65.442245 
 65.896820  82.684532  99.853905  117.942184  136.903595  156.494995  172.861099  183.034225  186.108749  182.292343  172.365936  154.912811  135.596558  116.973129  98.790627  81.772034  66.303902 
 65.005310  81.264061  98.099060  115.588745  133.931870  152.469528  168.554214  178.872818  181.860626  178.041565  168.347183  151.234222  132.029221  114.113754  96.929062  80.408752  65.268333 
 62.564896  77.641563  93.571564  110.126717  126.797653  143.402496  158.160629  168.066559  171.273285  167.527817  157.316879  142.037033  125.211411  108.885002  92.793594  77.260155  62.871201 
 58.935524  72.287186  86.865158  102.085625  116.625305  130.724686  143.089218  151.500931  154.457184  151.177338  142.523911  129.787033  115.573288  101.074371  86.410622  71.971718  59.870674 
 55.912292  66.151878  78.978439  92.462341  105.527969  116.932037  126.900314  133.612030  135.728287  133.072815  126.037811  116.068588  104.385155  91.661247  78.292343  65.854065  57.166145 
 54.138390  60.401093  69.913910  81.429840  92.767967  102.519997  110.314217  115.602814  117.285461  115.145630  109.728752  101.776405  91.848434  80.824532  69.314529  60.432030  55.703079 
 51.037971  55.865471  60.831612  69.387550  78.878174  87.087502  93.588593  97.887398  99.280266  97.564789  93.229584  86.717026  78.320938  68.975571  60.623070  56.293907  52.299316 
 } 
 B Channel
 {
 17.708122  19.643959  22.370777  26.952499  31.525055  35.470154  38.470520  40.082291  40.628696  39.717396  37.678753  34.456562  30.555626  26.171196  21.928543  19.575264  18.144009 
 19.361877  22.388126  27.161407  32.782501  38.068592  42.647030  46.118439  48.358124  48.942657  47.724064  45.186249  41.379063  36.820625  31.733906  26.234375  21.842968  19.751511 
 20.587971  25.631092  31.780468  38.125000  43.925938  49.232346  53.604218  56.519218  57.305153  55.731720  52.529533  47.801720  42.449219  36.670624  30.505001  24.827969  20.910259 
 22.385052  28.764843  35.808125  42.587189  49.179375  55.436874  60.841873  64.520622  65.613907  63.740936  59.549843  53.778282  47.389530  40.963123  34.245468  27.720779  22.396824 
 24.116352  31.259689  38.707970  46.114376  53.359222  60.545311  66.818748  70.964066  72.135315  70.161873  65.584061  58.776093  51.423752  44.174374  36.955780  30.091251  24.032501 
 25.361301  32.809845  40.528595  48.248123  56.110939  63.927345  70.620468  74.782028  75.913910  74.036720  69.313278  61.988594  53.995155  46.214687  38.740623  31.585938  25.195938 
 25.641251  33.278751  41.087189  49.095001  57.036560  64.877815  71.504845  75.568909  76.804840  75.035469  70.749222  63.277657  55.148438  47.257343  39.459686  32.064064  25.537815 
 25.149117  32.506405  40.158905  47.892654  55.550781  63.083122  69.407814  73.536247  74.705780  73.124222  68.898125  61.684059  53.597504  46.008751  38.495781  31.422344  25.041718 
 23.807606  30.753437  37.936249  45.290314  52.396561  59.049377  64.834221  68.716873  69.953278  68.324532  64.082809  57.719528  50.667191  43.574375  36.522655  29.822033  23.940155 
 21.872604  28.087189  34.708595  41.433750  47.669689  53.375465  58.227341  61.538124  62.682343  61.397499  57.826096  52.581718  46.568905  40.152031  33.559219  27.362812  22.326981 
 20.433697  25.026405  30.894218  36.960938  42.649845  47.357967  51.361717  53.946564  54.757813  53.730316  50.902496  46.671406  41.553905  35.908592  29.787811  24.401249  20.938332 
 19.323750  22.084999  26.388596  31.639687  36.660000  40.819687  44.050156  46.181252  46.770470  45.993126  43.815624  40.305000  35.931408  30.870312  25.528282  21.696407  20.176617 
 18.175835  20.137081  22.287136  26.245522  30.477501  34.240520  37.019947  38.824581  39.274845  38.686043  36.941875  34.086250  30.174530  25.801559  21.751823  20.002449  18.913696 
 } 


 White Balance Data with optical Center Data
 r_center_x =  646 r_center_y =  477 
 gr_center_x =  630 gr_center_y =  489 
 b_center_x =  648 b_center_y =  456 
 gb_center_x =  652 gb_center_y =  476 
 r/gr 0.863162 
 b/gr 0.411178 
 gb/gr 1.000903 
 r_oc_ave 161.511108 
 b_oc_ave 76.937775 
 gr_oc_ave 187.115555 
 gb_oc_ave 187.284439 

 [AWB]
 RGr =  0.863162 
 BGr =  0.411178 
 GbGr =  1.000903 
 r_oc_ave =  161.511108 
 b_oc_ave =  76.937775 
 gr_oc_ave =  187.115555 
 gb_oc_ave =  187.284439 