 LEFT LENS SHADING DATA
 RED Channel
 {
 42.387032  45.885365  50.440315  58.406662  66.718536  73.838699  79.305260  82.954529  83.699219  81.819847  78.072762  71.900368  64.316246  56.215004  48.645729  44.116043  40.322292 
 45.388695  50.326408  58.961563  69.457497  79.519379  88.060158  94.821716  99.230156  100.331093  97.924217  92.911720  85.363907  76.416252  66.701248  56.510315  48.153122  43.228542 
 47.540367  56.196404  67.586716  79.796410  91.573280  101.807816  110.317657  115.967499  117.716400  114.651871  107.926720  98.452972  87.660782  76.372658  64.559685  53.443123  45.085625 
 50.680412  62.328751  75.584846  89.043594  102.664528  114.982025  125.711243  133.242188  135.373123  131.390930  122.787659  110.995628  98.003754  84.942810  71.725624  58.981873  48.107292 
 53.796196  67.582657  82.071404  96.904999  112.184219  126.584381  139.429062  148.039368  150.419373  145.991089  136.049057  122.028748  106.785469  91.885780  77.441093  63.599060  51.135735 
 56.205940  71.047188  86.295624  102.215935  118.726410  135.000473  148.974686  157.959061  160.443588  155.983597  145.511566  129.907501  113.062347  96.705154  81.271408  66.826561  53.199478 
 57.235359  72.281403  88.242813  104.630310  121.489059  138.528900  152.685471  161.831253  164.291092  160.080307  150.254059  134.158432  116.430786  99.473282  83.249687  68.016251  54.166664 
 56.616463  71.315628  86.836876  102.939842  119.307037  135.648911  149.700943  158.668747  161.118118  156.923904  147.087036  131.144531  113.831253  97.381248  81.768593  67.057816  53.535728 
 54.636978  68.302811  82.948128  98.162033  113.114380  127.744064  140.688751  149.032806  151.701401  147.131409  137.305939  123.253433  107.797653  92.970001  78.297966  64.378754  51.487495 
 51.346718  63.352341  76.872185  90.807030  103.977814  116.425781  127.153748  134.520462  136.398132  132.865784  124.311722  112.309998  99.166405  86.064064  72.694374  59.697655  48.364532 
 48.713966  57.779373  69.619217  81.982033  93.738129  104.003754  112.459061  118.192184  119.704056  116.639221  109.795784  100.252502  89.286560  77.903122  65.661407  54.260002  45.548332 
 46.853588  52.330467  60.984062  71.637184  81.870468  90.575470  97.342812  101.817970  103.010628  100.622810  95.146721  87.738434  78.566719  68.371246  57.802185  48.962967  43.966511 
 43.913181  47.970257  52.566147  60.504684  69.281509  76.559845  82.153641  85.654007  86.591042  84.789894  80.559845  74.453857  66.674011  57.755424  49.818443  44.821514  41.810680 
 } 
 GR Channel
 {
 50.472290  55.536041  61.114380  70.225937  79.229324  86.990364  92.915833  96.667656  97.936516  95.899269  91.935051  85.680885  77.471100  68.668541  60.129219  54.788391  50.178802 
 55.022705  61.495628  71.419373  83.188438  94.138283  103.193909  110.337502  114.942032  116.259216  113.934692  109.003593  101.113594  91.787971  81.126877  69.764847  60.148590  54.316719 
 58.248749  68.618752  81.475471  94.845627  107.542969  118.417816  127.515930  133.673126  135.510620  132.455475  125.789536  116.063904  104.612968  92.489059  79.576248  66.702187  56.885529 
 62.196777  75.735939  90.604691  105.181404  119.630310  132.982819  144.412659  152.420776  154.833588  150.874527  142.331406  130.341095  116.470306  102.432968  87.982498  73.441093  60.628387 
 66.164948  81.755157  97.594528  113.625153  129.768127  145.394684  159.242661  168.479843  171.375473  167.165314  157.119370  142.576874  126.383118  110.350159  94.470314  78.877342  64.613388 
 68.844215  85.621094  102.252655  119.220779  136.903748  154.481873  169.512024  179.178131  182.054535  177.988754  167.487183  151.362976  133.340622  115.774063  98.889221  82.510941  67.027603 
 69.966972  87.119064  104.366409  121.788132  139.677032  157.904526  173.247971  182.960785  185.814056  182.100784  172.755157  155.914841  137.197037  118.969055  101.316872  83.936249  68.146248 
 69.319481  85.900314  102.848282  119.949524  137.144379  154.835938  169.845627  179.911255  182.716248  178.847809  169.429993  152.889847  134.247818  116.642975  99.566719  82.867653  67.285370 
 66.739059  82.469063  98.524063  114.706100  130.530319  146.457657  160.383118  169.728592  172.684067  168.442184  158.823593  144.152817  127.449524  111.384842  95.392654  79.608284  64.809326 
 62.878799  76.729843  91.727814  106.598747  120.732651  134.012192  145.622818  153.563751  156.080002  152.714218  144.213593  131.778275  117.849533  103.546249  88.887657  74.225784  61.018906 
 59.360786  70.180153  83.431404  96.848122  109.441559  120.339844  129.448914  135.752808  137.606094  134.645782  127.794998  118.097351  106.650940  94.120941  80.612816  67.674843  57.609634 
 56.515938  63.555939  73.567184  85.324219  96.307655  105.728279  112.972504  117.777496  119.326401  117.019531  111.597031  103.947968  94.270782  83.237816  71.340157  61.249062  55.236145 
 52.476349  57.977600  63.545517  72.559013  82.102859  90.093491  96.190422  99.933746  101.141197  99.445580  95.157242  88.672340  80.446815  70.767815  61.654114  55.890320  52.153641 
 } 
 GB Channel
 {
 50.769173  55.952087  61.919273  71.204842  81.091820  89.182808  95.439171  99.741508  100.843803  98.851875  94.540878  87.644791  79.097916  69.505264  60.396461  54.852341  50.225258 
 55.000000  61.519997  71.659691  83.840469  95.275780  105.000313  112.691254  117.680466  119.068588  116.484375  111.114845  102.695625  92.739998  81.557968  69.723122  59.749222  53.730675 
 57.679947  68.227654  81.282814  95.134377  108.355156  119.760315  129.397186  135.829529  137.880463  134.610001  127.524063  117.313431  105.265778  92.453590  78.973595  65.922501  56.022911 
 61.187607  74.824684  89.931877  104.905159  119.870316  133.569214  145.662811  154.040161  156.678909  152.632965  143.733444  131.028595  116.479843  101.820778  86.904686  72.140625  59.251457 
 64.664330  80.332031  96.408440  112.563904  129.238434  145.384842  159.686096  169.457336  172.574997  168.015625  157.781555  142.753281  125.867813  109.325470  92.975159  77.117500  62.621254 
 67.178337  83.847504  100.574371  117.556412  135.541092  153.481873  169.024368  179.225784  182.433289  178.127182  167.287506  150.790619  132.235626  114.211243  96.973907  80.419998  64.805412 
 67.948540  84.795624  102.125778  119.592972  137.735001  156.117661  171.963913  182.244843  185.384369  181.505630  171.957657  154.741089  135.648438  117.040939  98.989059  81.585625  65.826042 
 67.242706  83.610626  100.438278  117.542038  135.074371  152.865631  168.410156  178.812653  181.896561  178.137497  168.537506  151.379211  132.444214  114.520630  97.170471  80.430153  64.882034 
 64.672966  80.231094  96.223282  112.344528  128.409851  144.548904  158.915161  168.620941  171.870941  167.493591  157.732193  142.711716  125.752029  109.329689  93.112190  77.398590  62.558807 
 61.139954  74.902657  89.777969  104.752029  118.956558  132.674057  144.460785  152.635620  155.363754  152.087494  143.379379  130.684372  116.308594  101.746407  86.861565  72.106873  58.935631 
 57.876923  68.707970  81.937653  95.353905  108.170158  119.324066  128.611252  135.172180  137.182968  134.205154  127.292343  117.199066  105.387032  92.592186  78.911720  65.901405  56.034119 
 55.476250  62.470001  72.402809  84.306252  95.583122  105.093124  112.730621  117.729691  119.344681  116.958755  111.355782  103.344063  93.295624  82.025154  69.993904  59.775940  53.876350 
 51.658333  57.130829  62.884895  72.055000  81.843124  90.161461  96.544373  100.408852  101.818436  99.942497  95.202240  88.744064  79.982292  69.975784  60.664948  54.800514  51.243019 
 } 
 B Channel
 {
 18.305367  20.248699  22.866249  27.139065  31.793072  35.410522  38.280521  39.963959  40.351093  39.420414  37.463074  34.409008  30.474892  26.144218  21.938492  19.400780  17.610367 
 20.174114  22.943905  27.538750  33.229061  38.450783  42.757187  46.060936  48.091873  48.532967  47.233749  44.834530  41.144218  36.692814  31.692345  26.252029  21.763905  19.434116 
 21.539429  26.196720  32.296719  38.570469  44.520000  49.547188  53.555313  56.098595  56.740158  55.150154  52.008591  47.536720  42.322968  36.703594  30.602814  24.762970  20.701508 
 23.201405  29.498280  36.615780  43.286251  49.842186  55.720314  60.665779  64.016563  64.782188  62.901253  58.872810  53.416252  47.222031  40.943283  34.387970  27.853748  22.447914 
 24.948071  32.198280  39.730625  47.026875  54.134842  60.867188  66.778908  70.478279  71.392502  69.244530  64.757034  58.219376  51.180626  44.189686  37.111874  30.191406  24.229115 
 26.220833  33.823750  41.679218  49.307816  56.926872  64.300629  70.567345  74.453751  75.348434  73.385315  68.636566  61.498436  53.858597  46.281094  38.851250  31.712345  25.345886 
 26.558125  34.335625  42.412498  50.273285  57.946091  65.444847  71.757187  75.672501  76.637184  74.708748  70.432968  63.144531  55.141876  47.444374  39.722343  32.303436  25.859692 
 26.221199  33.743908  41.537342  49.285934  56.749374  64.009377  70.072502  73.981094  75.046875  73.156715  69.015472  61.791878  53.867653  46.324688  38.852032  31.755314  25.480728 
 24.948124  32.124374  39.455002  46.862499  53.759689  60.259529  65.858437  69.616875  70.754372  68.698128  64.503281  58.116875  51.005157  44.091095  37.018749  30.230782  24.289326 
 23.054115  29.478905  36.338593  43.208908  49.386719  54.954689  59.600937  62.734062  63.713753  62.125153  58.425629  52.963593  46.954533  40.693748  34.121719  27.777813  22.564064 
 21.521248  26.413750  32.534218  38.698437  44.431717  49.091721  52.887184  55.320465  56.050003  54.751717  51.758278  47.413750  42.326717  36.681252  30.455311  24.876877  20.907291 
 20.365364  23.338905  27.969219  33.367500  38.509689  42.734844  45.830624  47.737656  48.327499  47.308907  44.924999  41.334999  36.921249  31.868595  26.294689  21.920155  19.807865 
 18.707863  21.106617  23.563179  27.845417  32.269272  36.067551  38.806458  40.304111  40.707916  40.029118  38.120834  35.106667  31.084583  26.467972  22.208435  19.733696  18.612450 
 } 


 White Balance Data with optical Center Data
 r_center_x =  650 r_center_y =  487 
 gr_center_x =  622 gr_center_y =  491 
 b_center_x =  632 b_center_y =  477 
 gb_center_x =  643 gb_center_y =  484 
 r/gr 0.882596 
 b/gr 0.410247 
 gb/gr 0.995219 
 r_oc_ave 164.919998 
 b_oc_ave 76.657776 
 gr_oc_ave 186.857773 
 gb_oc_ave 185.964447 

 [AWB]
 RGr =  0.882596 
 BGr =  0.410247 
 GbGr =  0.995219 
 r_oc_ave =  164.919998 
 b_oc_ave =  76.657776 
 gr_oc_ave =  186.857773 
 gb_oc_ave =  185.964447 