 LEFT LENS SHADING DATA
 RED Channel
 {
 39.728802  43.451302  48.937340  57.259895  65.719330  73.081146  78.803131  82.012711  83.004166  81.046150  77.301361  70.889999  63.282921  55.025314  47.326195  42.797657  40.110992 
 42.591717  48.391090  57.645470  68.261566  78.325783  87.197815  94.286873  98.664375  99.699997  97.376564  92.355934  84.538750  75.321251  65.432816  55.071404  46.672031  42.205986 
 44.867603  54.379684  66.111092  78.474060  90.062035  100.746407  109.705467  115.688278  117.127350  114.140320  107.308281  97.542656  86.336876  74.991722  62.909218  51.785782  43.738491 
 48.208954  60.266876  73.595467  87.281250  100.789215  113.684372  124.914688  132.569839  134.593750  130.654999  122.058289  109.747971  96.500153  83.297028  69.904533  57.081718  46.169842 
 51.467766  65.010468  79.342346  94.458282  109.942657  124.757660  137.928757  146.664688  149.198120  144.674850  134.813599  120.551407  105.025002  89.985939  75.331406  61.419998  49.099167 
 53.510887  68.054840  83.122345  99.141563  116.008591  132.513443  146.777039  155.918900  158.211868  153.914688  143.558121  127.820160  110.783752  94.480003  78.902809  64.279533  51.023071 
 54.300003  69.103752  84.598434  101.178123  118.325623  135.340622  149.781876  158.847504  161.362808  157.061722  147.338913  130.942657  113.493439  96.601097  80.420311  65.222191  51.742607 
 53.582611  67.858437  83.141563  98.846878  115.580933  131.708908  145.922806  155.072189  157.530945  153.232193  143.412033  127.475784  110.341248  94.290627  78.815315  64.221092  51.113388 
 51.248489  64.723282  78.902496  93.864372  108.982971  123.637344  136.323914  144.692963  147.177032  143.040161  133.339691  119.315155  104.229378  89.604691  75.190781  61.377815  49.231567 
 47.994999  59.675003  72.754845  86.379845  99.450935  111.730003  122.369995  129.650467  131.809692  128.351868  119.993439  108.287811  95.394218  82.566093  69.345940  56.669685  46.348438 
 45.147602  53.947189  65.263748  77.372498  89.008438  99.147812  107.772972  113.389069  114.888275  112.106400  105.299377  96.126404  85.497185  74.071251  62.174690  51.465782  43.940990 
 43.355679  48.594215  57.017342  67.329689  77.369377  86.061874  92.920937  97.319847  98.322189  96.128441  90.834999  83.592659  74.565002  64.606873  54.397186  46.719376  42.644791 
 40.770260  44.309429  48.932137  56.426361  64.709793  71.868965  77.749275  81.093803  82.097183  80.385521  76.217499  70.284119  62.525414  54.104378  47.025524  43.205624  39.941875 
 } 
 GR Channel
 {
 50.562714  55.716881  62.520050  72.191093  81.429535  89.225258  95.218330  98.595894  99.629478  97.712296  93.974472  87.277657  79.298485  70.276512  61.084061  55.613281  51.897453 
 54.961456  62.451874  73.194847  85.049217  95.900154  105.280472  112.737503  117.286087  118.347809  115.931870  110.970314  103.115784  93.652031  82.730469  70.897812  61.000153  55.142448 
 58.440056  69.811096  83.100311  96.659531  109.181564  120.518127  129.785309  136.141403  137.632660  134.469528  127.718445  118.016556  106.211250  93.899376  80.427185  67.370941  57.335518 
 62.655052  76.914841  91.891876  106.770782  121.196564  134.834381  146.614212  154.752350  157.083130  153.104843  144.376877  132.061722  117.882187  103.474846  88.767654  73.952347  60.703804 
 66.470047  82.486092  98.472031  114.731247  131.271088  147.100937  161.127029  170.513123  173.202347  168.797028  158.875000  144.159683  127.545471  111.249062  95.206253  79.201096  64.237137 
 69.108910  86.155785  102.816719  119.991714  137.856400  155.657974  170.917038  180.640152  183.346252  179.014526  168.791870  152.515625  134.219681  116.657806  99.582031  82.777809  66.787399 
 70.096352  87.274689  104.491249  122.104065  140.293900  158.596878  174.110931  183.625000  186.435150  182.345154  172.950470  156.115631  137.545319  119.415161  101.224686  83.876877  67.656876 
 69.066719  85.742340  102.622032  119.517807  137.098907  154.675934  170.060623  179.833588  182.392975  178.439056  168.836243  152.305313  133.966721  116.406403  99.230469  82.616562  66.835732 
 66.310471  81.881096  97.821716  114.039841  130.093597  145.958435  159.711563  168.777817  171.475006  167.758743  157.853745  143.367035  127.065628  111.048279  95.114220  79.147346  64.511299 
 61.950684  75.941719  90.786873  105.538910  119.567657  132.997818  144.538284  152.288589  154.855942  151.810471  143.297028  131.139847  117.265625  102.939529  88.275002  73.621872  60.864792 
 58.253380  69.106094  82.197655  95.491722  108.103439  118.936096  128.336716  134.444061  136.280319  133.795944  127.053757  117.451721  105.830940  93.267029  79.811722  67.215935  57.837189 
 55.598022  62.502190  72.301559  83.903908  94.892815  104.389999  111.819847  116.488907  117.870163  115.746719  110.555466  102.858597  92.901093  82.060936  70.445000  61.249062  55.872391 
 51.815109  56.929276  62.277397  71.027443  80.321983  88.158745  94.542137  98.302864  99.387032  97.801094  93.383171  87.280891  78.832970  69.532608  61.059586  56.444473  52.226974 
 } 
 GB Channel
 {
 50.379845  55.672348  62.777031  72.876923  82.534744  91.150734  97.669998  101.231148  102.639061  100.560524  96.309944  89.166039  80.487083  70.687241  61.190102  55.489326  51.597649 
 54.340683  61.897972  72.955154  85.335472  96.808281  106.710312  114.732498  119.630310  120.899063  118.325943  112.995163  104.456879  94.331253  82.838280  70.572189  60.379532  54.285149 
 57.408638  68.855316  82.529373  96.445625  109.383591  121.300934  131.218124  138.002350  139.786255  136.609222  129.343903  118.880463  106.458908  93.473434  79.653435  66.322655  56.236198 
 61.069740  75.469528  90.544533  105.791092  120.675003  134.927185  147.352814  156.038589  158.596878  154.455307  145.406403  132.416870  117.530624  102.642967  87.563126  72.468750  59.311668 
 64.549377  80.543121  96.704063  113.154221  130.093903  146.358749  161.064850  171.068283  174.087036  169.487503  159.219055  143.946243  126.719376  109.855003  93.447815  77.303596  62.390884 
 66.772034  83.915154  100.571404  117.916412  136.170151  154.252029  170.073120  180.321411  183.441879  179.018600  168.406097  151.557343  132.921570  114.712662  97.357971  80.527809  64.574898 
 67.432137  84.708595  101.860626  119.548126  137.889694  156.624222  172.682968  182.792343  185.845474  181.777191  172.072037  154.846878  135.795319  117.121872  98.835625  81.491875  65.221878 
 66.572243  83.043282  99.886253  116.849838  134.820786  152.619370  168.476715  178.654373  181.520309  177.605316  167.732651  150.958130  132.093277  114.238754  96.830315  80.162033  64.373489 
 63.844589  79.387497  95.364220  111.542656  127.896713  144.097961  158.323593  167.800476  170.963287  167.157974  157.051712  142.102966  125.402649  109.001564  92.942184  76.973907  62.331200 
 59.892189  73.864685  88.666092  103.657028  117.930466  131.576401  143.505310  151.602188  154.379684  151.307968  142.652191  130.225464  115.834061  101.313278  86.391090  71.724686  59.085526 
 56.714577  67.407501  80.508751  94.000465  106.898438  118.038757  127.852188  134.189377  136.363434  133.702499  126.604691  116.797501  104.818596  92.011566  78.392502  65.708282  56.315575 
 54.342758  61.272972  71.116096  82.951408  94.207344  103.867500  111.717499  116.662186  118.318436  116.122025  110.656097  102.608910  92.334686  81.107346  69.357185  60.168121  54.808128 
 50.873169  55.984009  61.521301  70.271606  80.043381  88.127914  94.790413  98.891769  100.103859  98.396828  93.850464  87.349945  78.569695  68.850052  60.307190  55.728546  51.641457 
 } 
 B Channel
 {
 17.718128  19.717709  22.862392  27.629063  32.263126  36.200363  39.160728  40.674892  41.128597  40.156357  38.314011  35.109425  30.871822  26.371719  21.918648  19.416351  18.040939 
 19.522709  22.758125  27.766563  33.552811  38.808125  43.318905  46.822811  48.954063  49.321716  48.144684  45.727970  42.057968  37.238281  31.974842  26.327812  21.712189  19.489685 
 20.913647  26.151562  32.418907  38.787498  44.660313  49.872185  54.113907  56.809372  57.544998  55.989372  52.822502  48.234222  42.684219  36.851719  30.552658  24.586250  20.515003 
 22.770416  29.299999  36.347500  43.223907  49.856247  55.948593  61.178749  64.549843  65.334999  63.352028  59.582970  53.888123  47.584217  40.938908  34.165001  27.490002  22.005836 
 24.526249  31.716251  39.207031  46.530312  53.812035  60.696716  66.797028  70.682190  71.602341  69.533592  65.202812  58.564064  51.385941  44.049217  36.811562  29.747658  23.617867 
 25.574478  33.131561  40.851563  48.532654  56.265312  63.807030  70.234062  74.113434  75.104065  73.133278  68.574532  61.503441  53.755470  46.001095  38.461407  31.096249  24.689583 
 25.798958  33.506874  41.344532  49.183746  56.952347  64.556091  70.948441  74.802971  75.793121  73.952812  69.729691  62.504845  54.629059  46.908592  39.014999  31.475780  24.915993 
 25.407810  32.757813  40.378906  47.911095  55.458748  62.679840  68.867966  72.791565  73.743904  71.997185  67.713280  60.789375  52.942497  45.564686  37.999844  30.891251  24.586666 
 24.063492  30.970779  38.142811  45.417500  52.331566  58.832657  64.479378  68.011566  69.003441  67.337967  63.106720  57.020622  49.949532  43.217186  36.212658  29.308907  23.359947 
 22.112759  28.174217  34.964531  41.630627  47.788124  53.300003  57.907814  60.902344  61.871559  60.585472  57.012032  51.948128  45.829063  39.713593  33.090313  26.795311  21.831562 
 20.410416  25.142502  30.994530  37.045937  42.694061  47.269844  51.062653  53.512497  54.187653  53.136719  50.181564  46.172188  41.053436  35.443283  29.443905  23.941875  20.375626 
 19.377136  22.121094  26.490002  31.812344  36.841564  40.980625  44.022655  45.911564  46.545311  45.574688  43.277657  39.931717  35.509533  30.394375  25.204220  21.194374  19.609379 
 17.830471  19.786301  22.032082  25.969219  30.342812  33.893127  36.750778  38.357395  38.581562  37.895103  36.098698  33.195263  29.467239  24.963543  21.105263  19.175209  18.144375 
 } 


 White Balance Data with optical Center Data
 r_center_x =  657 r_center_y =  470 
 gr_center_x =  657 gr_center_y =  489 
 b_center_x =  628 b_center_y =  437 
 gb_center_x =  649 gb_center_y =  447 
 r/gr 0.865632 
 b/gr 0.406430 
 gb/gr 0.996365 
 r_oc_ave 161.915558 
 b_oc_ave 76.022224 
 gr_oc_ave 187.048889 
 gb_oc_ave 186.368896 

 [AWB]
 RGr =  0.865632 
 BGr =  0.406430 
 GbGr =  0.996365 
 r_oc_ave =  161.915558 
 b_oc_ave =  76.022224 
 gr_oc_ave =  187.048889 
 gb_oc_ave =  186.368896 