 LEFT LENS SHADING DATA
 RED Channel
 {
 41.045467  44.408802  49.686096  57.893539  66.429161  73.583183  79.257767  82.703392  83.659164  81.866241  78.271194  72.192871  64.619225  56.328537  48.726097  44.327190  41.263020 
 43.645885  49.143593  58.312965  68.914375  78.949997  87.575470  94.425468  98.871094  99.988747  97.667503  92.960159  85.405159  76.496094  66.661873  56.382965  48.210938  43.678436 
 45.963020  55.107185  66.766090  78.904221  90.427345  100.734528  109.459221  115.264221  117.044525  113.925308  107.455154  98.324844  87.564377  76.303123  64.377655  53.330315  45.354061 
 49.181717  61.234840  74.425468  87.837967  101.132813  113.631256  124.573914  132.005630  134.313904  130.417969  121.961868  110.302971  97.641563  84.606873  71.510315  58.667191  47.961349 
 52.523384  66.368591  80.472031  95.158127  110.217346  124.862183  137.970306  146.674225  149.154999  144.749222  134.813599  121.143906  106.100624  91.293121  76.971718  63.141403  50.820786 
 54.940315  69.689064  84.620941  100.164215  116.651871  132.991089  147.254684  156.347961  158.892807  154.447037  143.887650  128.653748  111.878593  95.816872  80.603752  66.166252  52.744583 
 55.877396  70.751564  86.425316  102.292343  119.036407  136.022186  150.483749  159.550003  162.283752  157.835007  148.210632  132.077820  114.728912  98.231407  82.288597  67.197029  53.613495 
 55.122658  69.600784  84.878906  100.424065  116.727493  132.904846  147.096878  156.166565  158.839996  154.403595  144.632187  128.802505  112.012970  96.201096  80.887970  66.160782  52.898491 
 52.793442  66.373436  80.724686  95.429222  110.313751  124.876724  137.731567  146.234528  148.827347  144.010468  134.368439  120.803589  105.800781  91.420311  77.172188  63.355003  50.872498 
 49.444160  61.339996  74.646248  87.884216  100.870468  113.247650  124.017975  131.245316  133.234848  129.667496  121.373123  109.909065  97.181091  84.384689  71.426094  58.666718  47.825256 
 46.253906  55.519531  67.214996  79.107658  90.531563  100.693909  109.290001  114.949844  116.532654  113.688904  107.010155  97.905785  87.237503  75.969528  64.212814  53.211563  45.416149 
 44.312504  49.942497  58.757813  69.223907  79.097191  87.790466  94.549377  98.960938  100.154686  97.851097  92.676872  85.329842  76.273125  66.398125  56.222656  48.132347  43.864220 
 41.979168  45.530003  50.507813  58.460785  67.058014  74.388176  80.006042  83.390106  84.275108  82.705467  78.427704  72.399216  64.793121  56.283127  48.712036  44.490883  41.360050 
 } 
 GR Channel
 {
 50.181412  54.728905  60.994171  70.151512  79.245102  86.801300  92.630363  96.524841  97.724060  95.937553  92.149849  85.885780  77.914429  68.894638  60.353752  55.176460  51.224373 
 54.116821  60.873283  71.269997  82.886719  93.702187  102.913597  110.076408  114.857971  116.261566  113.807343  109.026718  101.267654  91.689217  81.099846  69.815002  60.354378  54.801880 
 57.310104  68.112190  81.166092  94.330154  106.825310  117.844528  127.089996  133.146088  135.028595  131.920471  125.402649  115.931564  104.486877  92.295784  79.292969  66.687347  57.259216 
 61.429893  75.200310  89.925934  104.523125  118.899536  132.297180  143.955627  151.751099  154.151566  150.316254  141.952499  129.842194  116.225006  102.040627  87.580627  73.174690  60.624268 
 65.513855  81.142189  96.830467  112.744370  129.080933  144.850784  158.816101  167.843597  170.669846  166.422974  156.691711  142.267349  125.928909  109.967972  94.168434  78.562187  64.264275 
 68.117340  84.895470  101.502190  118.383438  136.249847  153.971558  169.063431  178.681870  181.444839  177.184998  166.809525  150.934372  132.835632  115.447662  98.630310  82.132500  66.687500 
 69.065628  86.156876  103.403122  120.779846  138.916092  157.313751  172.774841  182.418274  185.197815  180.953278  171.742340  155.060623  136.529221  118.533905  100.853127  83.458908  67.796616 
 68.210938  84.654686  101.669220  118.620468  136.305466  154.021561  169.332336  178.852341  181.553436  177.771881  168.329224  151.932968  133.671570  116.427505  99.313278  82.398125  66.865204 
 65.205780  81.060158  97.094215  113.173599  129.541092  145.718750  159.723434  168.630005  171.510788  167.013275  157.589996  143.374069  126.910629  111.058281  94.970627  79.057816  64.447807 
 61.299583  75.323753  90.107971  104.991722  119.308594  132.892502  144.753906  152.618286  154.900940  151.543442  143.488434  131.312027  117.363754  103.117653  88.470314  73.652969  60.909431 
 57.771507  68.670471  81.823128  95.282028  107.890938  119.051712  128.440475  134.649689  136.622192  133.885788  127.244843  117.607498  105.898590  93.400002  80.040314  67.232971  57.752342 
 55.090157  62.098282  72.109688  83.769218  94.942970  104.422813  111.779846  116.530151  118.211563  115.935776  110.654686  103.002029  93.148125  82.130157  70.562813  61.090782  55.588074 
 51.614738  56.482658  62.341774  71.051506  80.619003  88.543228  94.607971  98.432037  99.705727  98.045998  93.678436  87.382652  79.007713  69.721199  61.114059  56.191826  52.153069 
 } 
 GB Channel
 {
 49.823540  54.393120  61.016251  70.470360  80.229225  88.263435  94.686821  98.653023  99.915001  98.022499  94.012703  86.955467  78.518333  69.025986  60.214218  54.857964  50.827553 
 53.512291  60.374374  70.959999  83.016403  94.323593  103.925934  111.534531  116.642181  117.993744  115.547501  110.456879  102.243591  92.173752  81.033279  69.327347  59.729843  54.172134 
 56.253387  67.111092  80.355316  93.923126  106.831093  118.437653  128.144379  134.456558  136.560623  133.432343  126.563278  116.429688  104.568123  91.781250  78.431404  65.649689  56.177185 
 59.870003  73.769997  88.634216  103.531715  118.358444  132.282806  144.462189  152.565155  155.292969  151.434219  142.686569  130.112976  115.873596  101.178749  86.364845  71.782814  59.146561 
 63.685051  79.216095  95.063438  111.222191  127.888901  144.126556  158.603119  168.260162  171.262497  166.960464  156.795944  141.914368  125.128601  108.662033  92.559532  76.738747  62.663338 
 66.088181  82.610466  99.364220  116.396561  134.457184  152.624847  168.070786  178.183746  181.209686  177.005005  166.342499  150.092499  131.498444  113.737808  96.683128  80.065315  64.810310 
 66.770157  83.568283  100.959999  118.299530  136.658127  155.298431  171.018753  181.181870  184.508591  180.205002  170.850464  153.699066  134.815933  116.511871  98.720467  81.323753  65.610832 
 66.051300  82.256096  99.134216  116.250305  134.022339  151.910309  167.527496  177.568756  180.594223  176.815308  167.270462  150.408432  131.958282  114.318909  97.051720  80.123123  64.763542 
 63.310211  78.803123  94.788910  111.002968  127.440155  143.736725  158.082336  167.585464  170.781097  166.275940  156.634216  141.917343  125.147034  109.068909  92.794998  76.990158  62.554115 
 59.502441  73.418907  88.155937  103.037659  117.498901  131.480316  143.522186  151.825943  154.391556  151.058289  142.675629  130.085312  115.804840  101.413750  86.645157  71.812813  59.175728 
 56.104744  67.103279  80.220314  93.786560  106.527657  118.026245  127.682190  134.412811  136.470001  133.713440  126.810471  116.763443  104.847809  92.031876  78.507500  65.719376  56.444374 
 53.909950  60.961403  70.942497  82.849533  94.152809  104.033905  111.669533  116.858276  118.493118  116.169998  110.561249  102.529686  92.415314  81.143753  69.456566  59.970467  54.635681 
 50.756203  55.702034  61.521255  70.665154  80.512817  88.540779  95.114746  99.067657  100.623123  98.680000  93.979164  87.399689  78.717400  69.026665  60.387810  55.289429  51.513184 
 } 
 B Channel
 {
 18.168594  19.857758  22.910107  27.540051  32.259739  36.061874  39.036774  40.787601  41.322029  40.266823  38.406406  35.214794  31.135521  26.723545  22.327293  19.765781  18.254112 
 19.833591  22.856720  27.835938  33.582344  38.989532  43.468124  46.833439  48.978439  49.512657  48.310783  45.940781  42.155624  37.573437  32.288124  26.739376  22.230156  19.987034 
 21.232292  26.276875  32.496563  38.877811  44.918282  50.122658  54.406403  57.090309  57.811096  56.218124  53.135628  48.528435  43.204063  37.413437  31.146561  25.211250  21.142918 
 23.080624  29.506874  36.653595  43.476875  50.201248  56.316719  61.596878  64.963753  65.864998  64.010780  60.089531  54.383751  48.168594  41.696877  34.858124  28.184219  22.736095 
 24.881824  32.157032  39.723751  47.045467  54.388123  61.490311  67.578278  71.415154  72.428749  70.449844  65.918121  59.450935  52.127502  44.951096  37.675938  30.593906  24.321613 
 26.019218  33.709843  41.529221  49.303596  57.079689  64.782341  71.223747  75.184845  76.307816  74.368752  69.657501  62.621719  54.525627  46.942814  39.363125  31.996094  25.570469 
 26.351509  34.131718  42.135311  49.975471  57.890472  65.586563  72.055313  76.062813  77.228439  75.179535  71.148125  63.773590  55.653908  47.920155  40.132969  32.479687  26.029274 
 25.963284  33.332657  41.145470  48.819374  56.464531  63.778122  70.192184  74.104378  75.172340  73.462967  69.291878  62.203125  54.270309  46.763126  39.270313  31.888748  25.432083 
 24.548126  31.559376  38.862812  46.186562  53.265312  59.857346  65.625000  69.278748  70.496719  68.502655  64.345940  58.275467  51.185936  44.304375  37.216251  30.298439  24.320934 
 22.485836  28.828751  35.561092  42.285469  48.534691  54.263123  59.107658  62.249374  63.214531  61.733284  58.191093  52.991249  46.954845  40.725468  34.184532  27.726563  22.586147 
 20.732346  25.619217  31.643280  37.785313  43.460781  48.239372  52.103439  54.609062  55.422813  54.285469  51.409378  47.195156  42.007343  36.364220  30.266094  24.745468  21.019428 
 19.496872  22.536877  27.143593  32.508125  37.576096  41.828907  44.901093  46.807968  47.518436  46.531406  44.286720  40.824688  36.280155  31.330154  25.930313  21.773125  20.034374 
 18.128540  20.079372  22.705883  26.911873  31.317966  35.099949  37.830051  39.419430  39.949272  39.368698  37.273174  34.416351  30.407867  25.937866  21.852814  19.823124  18.667290 
 } 


 White Balance Data with optical Center Data
 r_center_x =  650 r_center_y =  466 
 gr_center_x =  651 gr_center_y =  489 
 b_center_x =  642 b_center_y =  472 
 gb_center_x =  654 gb_center_y =  487 
 r/gr 0.875090 
 b/gr 0.416679 
 gb/gr 0.995007 
 r_oc_ave 162.813339 
 b_oc_ave 77.524445 
 gr_oc_ave 186.053329 
 gb_oc_ave 185.124451 

 [AWB]
 RGr =  0.875090 
 BGr =  0.416679 
 GbGr =  0.995007 
 r_oc_ave =  162.813339 
 b_oc_ave =  77.524445 
 gr_oc_ave =  186.053329 
 gb_oc_ave =  185.124451 