 LEFT LENS SHADING DATA
 RED Channel
 {
 40.038383  43.979221  49.221825  57.575363  65.972763  73.306717  78.874069  82.171410  83.226822  81.219795  77.230942  70.740051  63.110886  54.944687  47.396412  43.327866  40.525784 
 42.383385  48.252342  57.302032  67.887657  77.799217  86.347343  93.264061  97.547028  98.563278  96.188126  91.032188  83.362343  74.314842  64.407188  54.260780  46.440155  42.195362 
 44.665939  54.165939  65.946564  78.144218  89.541565  99.881248  108.596718  114.241409  115.645782  112.524216  105.833435  96.314217  85.454529  73.976410  62.177185  51.288124  43.530209 
 47.977551  60.371094  73.766716  87.405785  100.517189  113.053589  123.852661  131.147964  133.047653  128.965775  120.528122  108.603127  95.733910  82.620316  69.414375  56.633125  46.017292 
 51.575623  65.510628  79.892029  94.872185  110.010002  124.452347  137.311249  145.580307  147.560776  142.964539  133.433899  119.292664  104.288284  89.672340  74.996246  61.055939  48.830513 
 54.033699  68.923904  83.991409  99.935310  116.482025  132.710785  146.505936  154.929688  156.983749  152.470627  142.163589  126.864532  110.356247  94.290939  78.800629  64.184998  50.843750 
 55.231880  70.219376  85.824844  102.315941  119.049530  135.766098  149.761093  158.393280  160.401245  156.110626  146.378601  130.718597  113.552658  96.678909  80.640938  65.527496  51.764168 
 54.487968  69.259842  84.525154  100.439690  116.700943  132.620789  146.400787  155.178589  157.321716  152.832336  143.196564  127.619995  110.713440  94.837029  79.426872  64.792343  51.317551 
 52.244110  66.165154  80.637032  95.530312  110.388435  124.887817  137.550476  145.828430  147.907806  143.434692  133.812805  120.020309  105.080627  90.570778  76.146721  62.208122  49.591461 
 49.053024  61.293434  74.493126  88.192810  101.337814  113.786880  124.244537  131.190933  133.092499  129.530151  121.116409  109.575935  96.818283  83.933281  70.663750  57.768593  46.955055 
 45.839272  55.360939  67.195778  79.620003  91.252502  101.319687  109.800934  115.390930  116.844681  113.884369  107.289215  97.924065  87.291878  75.926872  63.786720  52.666252  44.657082 
 43.769112  49.903908  59.034218  69.848907  79.813904  88.432503  95.188591  99.520309  100.645470  98.364532  93.247658  85.656403  76.628906  66.560623  56.236717  47.966251  43.426666 
 41.622032  45.627449  50.815681  58.875786  67.433281  74.482918  80.386719  83.604057  84.353172  82.868904  78.970779  72.690788  64.879524  56.349380  48.732346  44.459167  41.197914 
 } 
 GR Channel
 {
 50.558388  55.675461  61.826721  71.021088  80.298073  88.068176  94.081879  97.552605  98.812187  96.729164  92.530884  85.875992  77.375732  68.537872  60.016769  55.135315  51.680313 
 54.020882  61.084846  71.282341  82.956718  93.707031  102.980469  110.293121  115.033432  116.269684  113.753754  108.304840  100.067032  90.344063  79.462654  68.124687  58.996559  53.962402 
 57.137604  67.987190  81.211563  94.575935  107.077034  118.332184  127.788284  134.037338  135.710632  132.321564  125.117035  114.850937  103.064529  90.422653  77.315941  64.923904  55.706200 
 61.204582  75.232498  90.207970  105.083282  119.547501  133.408432  145.220001  153.271713  155.440628  151.067657  142.276245  129.213913  114.986725  100.436562  85.793594  71.336563  58.912399 
 65.503387  81.157341  97.059845  113.317337  129.940475  146.258286  160.525162  169.538284  171.567657  167.147034  156.942337  141.608749  124.788910  108.543434  92.309219  76.536247  62.453751 
 68.434952  85.102654  101.741722  119.074524  137.356247  155.374374  170.572037  179.804382  182.125000  177.607025  166.809845  150.344223  131.996246  114.048279  96.786095  80.248909  64.902443 
 69.648125  86.591873  103.720627  121.593277  140.237350  158.884369  174.203598  183.715317  185.915466  181.381409  171.545776  154.805618  135.676712  117.048752  99.051094  81.843124  65.981880 
 68.627396  85.325310  102.209999  119.634995  137.713120  155.371399  170.848587  180.327972  182.401093  177.978439  168.186722  151.432816  132.505157  114.682663  97.472504  80.943283  65.248489 
 65.921509  81.765472  97.767502  114.220001  130.796402  147.022812  160.939224  169.940628  172.380630  167.844681  157.636093  142.527496  125.779068  109.453125  93.391716  77.693596  63.078384 
 61.883751  75.923752  90.742500  105.846092  120.501099  134.273590  145.878128  153.590942  155.828598  152.123749  142.970154  130.405777  116.162811  101.932030  87.141563  72.441254  59.911659 
 57.954735  69.309532  82.630310  96.333435  108.959686  120.022507  129.270935  135.505783  137.299530  134.071243  126.863907  116.758438  105.077187  92.603279  79.066719  66.344528  56.947243 
 55.374115  62.846405  73.290154  85.019844  95.868904  105.190315  112.670471  117.364838  118.634995  116.335007  110.762970  102.731560  92.852028  81.864532  70.245468  60.771721  55.176086 
 52.150360  57.527443  63.519951  72.345467  81.694122  89.372391  95.486092  99.261719  100.255836  98.580833  94.374428  87.812820  79.363075  69.847656  61.123589  56.226929  51.949425 
 } 
 GB Channel
 {
 51.039223  56.342140  62.763702  72.403854  82.201508  90.560364  97.050049  100.923805  102.283745  99.918442  95.188957  87.940369  79.115944  69.514435  60.583122  55.485893  51.940056 
 54.005470  61.259842  71.910156  84.040939  95.350471  105.130157  112.992340  118.068588  119.422501  116.689682  110.833122  101.898903  91.539688  80.062965  68.244377  58.837341  53.801300 
 56.531876  67.840622  81.379845  95.295784  108.345314  120.172653  130.020309  136.557663  138.443436  134.928909  127.264069  116.462189  103.919533  90.637032  76.992966  64.257347  55.000053 
 60.332962  74.521095  89.776718  105.222656  120.118912  134.436096  146.883438  155.265152  157.517349  153.052963  143.767975  130.162506  115.101868  100.158592  84.980621  70.144066  57.733231 
 63.980728  79.962814  96.102501  112.760620  129.774063  146.523438  161.199066  170.620468  172.955933  168.167343  157.785934  141.832809  124.444687  107.703751  90.922188  74.852188  60.736771 
 66.786827  83.400780  100.314217  117.913437  136.387497  154.891876  170.320938  179.830475  182.404526  177.850311  166.663437  149.867340  131.037506  112.585938  94.945313  78.247345  62.842133 
 67.465416  84.576248  101.784843  119.863434  138.689377  157.475311  172.917343  182.879684  185.356247  180.871719  170.710632  153.632339  134.276413  115.182190  96.846565  79.551407  63.825783 
 66.758438  83.223434  100.121872  117.639847  135.875305  153.717194  169.332336  179.150314  181.539688  177.048752  166.943756  149.929688  130.694839  112.557816  95.107033  78.519844  63.149216 
 64.007187  79.779686  95.797188  112.289841  128.993286  145.234070  159.458130  168.768433  171.275787  166.806717  156.321091  140.970932  123.912506  107.511406  91.178909  75.330940  60.976776 
 60.328598  74.274216  89.165001  104.174843  118.921570  132.881561  144.552505  152.490005  154.784378  151.121567  141.946243  129.041245  114.543274  100.038750  84.987656  70.372032  57.793488 
 56.739784  67.985626  81.352501  94.999062  107.796562  118.978119  128.350464  134.704681  136.541412  133.281250  125.934219  115.550781  103.702499  91.003281  77.360313  64.637970  55.325256 
 54.455208  61.754372  72.247032  84.182816  95.087029  104.550781  112.128754  117.082962  118.332336  115.861404  110.177971  101.862030  91.759689  80.522659  68.791878  59.262970  53.818596 
 51.534378  56.714371  62.942245  71.719063  81.390991  89.377655  95.697502  99.528603  100.522133  98.713280  94.194016  87.560997  78.654274  68.968277  60.231873  55.103180  51.049011 
 } 
 B Channel
 {
 18.174999  20.565418  23.829788  28.714012  33.447655  37.312916  40.180157  41.933804  42.383125  41.393852  39.364998  36.010937  31.943073  27.355049  22.985886  20.522758  19.305260 
 19.078335  22.467499  27.551876  33.285469  38.517033  42.845001  46.305782  48.273590  48.850624  47.692188  45.226250  41.407188  36.670780  31.458595  25.929844  21.509220  19.624428 
 20.317448  25.575157  31.957657  38.369217  44.236717  49.376091  53.628754  56.314690  57.011719  55.503906  52.303123  47.614063  42.169064  36.224998  30.011406  24.096249  20.316666 
 22.143387  28.818592  36.032814  42.999687  49.639687  55.920311  61.149376  64.597343  65.419998  63.494064  59.507500  53.647812  47.226406  40.659374  33.851406  27.017189  21.880520 
 23.873436  31.465939  38.971874  46.618126  54.107658  61.370468  67.508438  71.389687  72.079376  69.949684  65.394997  58.572029  51.221878  44.031094  36.650314  29.302811  23.431980 
 25.189480  32.995312  40.912186  48.886566  57.056717  64.971092  71.556877  75.326408  76.127655  73.974373  69.223747  61.974998  54.011566  46.215469  38.506248  30.975311  24.312397 
 25.563801  33.544846  41.635624  49.872498  58.167030  66.334846  72.783592  76.531715  77.416565  75.264687  70.859688  63.490784  55.370468  47.383907  39.405155  31.510780  24.806820 
 25.181980  32.937813  40.960468  48.977654  57.012970  64.710159  71.087814  74.961876  75.773125  73.661247  69.383904  62.167030  54.120316  46.316250  38.584686  31.011093  24.495468 
 23.875053  31.424843  39.042812  46.700001  54.049217  60.905937  66.806252  70.641563  71.364372  69.398438  64.911095  58.279686  51.125000  44.007969  36.696407  29.455624  23.351040 
 22.159218  28.899845  35.990936  43.087502  49.508438  55.449219  60.366409  63.527344  64.266251  62.630623  58.705154  53.112503  46.958908  40.563751  33.788124  27.018749  21.810417 
 20.569424  25.942970  32.303593  38.679688  44.500626  49.400780  53.277969  55.783279  56.411095  54.960159  51.741409  47.345936  42.101563  36.393593  30.114689  24.235626  20.481873 
 19.519894  22.999062  27.935158  33.588280  38.712032  42.910782  46.166561  48.025154  48.454376  47.250313  44.788593  41.124374  36.606251  31.454220  26.016407  21.611561  19.582397 
 18.225315  20.660728  23.504528  27.729321  32.144325  35.750156  38.452393  40.128700  40.391876  39.621147  37.572556  34.559795  30.530830  26.009426  21.937866  19.519897  18.056145 
 } 


 White Balance Data with optical Center Data
 r_center_x =  626 r_center_y =  496 
 gr_center_x =  636 gr_center_y =  476 
 b_center_x =  618 b_center_y =  502 
 gb_center_x =  641 gb_center_y =  475 
 r/gr 0.862117 
 b/gr 0.415602 
 gb/gr 0.997097 
 r_oc_ave 161.008896 
 b_oc_ave 77.617775 
 gr_oc_ave 186.759995 
 gb_oc_ave 186.217773 

 [AWB]
 RGr =  0.862117 
 BGr =  0.415602 
 GbGr =  0.997097 
 r_oc_ave =  161.008896 
 b_oc_ave =  77.617775 
 gr_oc_ave =  186.759995 
 gb_oc_ave =  186.217773 