 LEFT LENS SHADING DATA
 RED Channel
 {
 39.874531  43.362446  48.674164  57.099998  65.521774  72.836769  78.415314  81.718384  82.587440  80.663544  76.814735  70.390152  62.755730  54.456406  46.780781  42.489895  39.802395 
 42.567448  48.143906  57.382500  68.068748  78.130936  86.979691  93.935310  98.362343  99.320160  96.953125  91.765778  84.073280  74.820313  64.782028  54.505157  46.320313  41.945313 
 44.849789  54.099373  65.925468  78.401718  89.948906  100.496407  109.221252  114.872025  116.515930  113.360931  106.650467  96.889999  86.034218  74.497498  62.477188  51.283905  43.366611 
 48.118538  60.201874  73.581253  87.400314  100.870781  113.417343  124.101257  131.609528  133.610001  129.679214  121.126724  109.053596  96.126717  82.982971  69.570000  56.653595  46.038380 
 51.399635  65.124847  79.487190  94.554375  110.014534  124.586243  137.422348  145.712662  148.182663  143.645004  133.782806  119.634689  104.409218  89.792343  75.102966  61.064377  48.785210 
 53.617760  68.274216  83.561722  99.505783  116.229370  132.638748  146.480469  155.342651  157.602661  153.037033  142.766098  127.085785  110.298279  94.268280  78.824844  63.961563  50.687393 
 54.574371  69.451874  85.287186  101.745155  118.683121  135.679214  149.883438  158.684219  161.174377  156.896088  147.111725  130.805786  113.315308  96.584846  80.443748  65.008278  51.395157 
 54.167969  68.334846  83.844688  99.979530  116.217972  132.502350  146.457809  155.530945  157.937653  153.503128  143.573288  127.770462  110.585938  94.473747  78.903908  64.057655  50.687866 
 51.910149  65.317032  79.822815  95.154060  109.966248  124.508438  137.255463  145.721878  148.136246  143.764694  133.826721  119.887650  104.772659  89.970314  75.292816  61.205002  48.848335 
 48.490784  60.290154  73.566254  87.378281  100.671097  112.767807  123.515320  130.634537  132.802963  129.124695  120.711716  109.121719  96.168907  83.050934  69.464378  56.642654  45.941196 
 45.247295  54.529373  66.098595  78.393440  90.133751  100.144379  108.745155  114.525467  116.059845  113.306244  106.419846  97.050629  86.291405  74.635468  62.460938  51.342659  43.425777 
 43.314220  48.899841  57.697029  68.232811  78.459534  87.158592  93.870155  98.337029  99.774376  97.581718  92.200157  84.498436  75.233124  65.140625  54.664375  46.425468  42.052761 
 40.629223  44.206722  49.140152  56.947403  65.681824  72.852966  78.439949  81.978485  83.276047  81.735680  77.516197  71.036774  63.178955  54.604790  46.952290  42.637341  39.108177 
 } 
 GR Channel
 {
 50.248962  55.181458  61.390266  70.966873  79.914948  87.803123  93.476204  96.941978  97.942398  96.012657  92.232605  85.748390  77.902550  68.856926  60.138641  55.094788  51.402298 
 54.713959  61.548126  72.086716  83.811874  94.608910  103.846878  111.021408  115.717819  116.964066  114.469528  109.430939  101.638596  92.036095  81.307968  69.764061  60.240623  54.845207 
 57.926460  68.753128  81.926094  95.584373  107.978127  119.047501  128.227814  134.180313  136.116409  132.857651  126.186249  116.382507  104.866875  92.379684  79.106094  66.306564  56.838646 
 62.079582  75.974998  90.689064  105.800156  120.178909  133.731720  145.252655  152.970306  155.363754  151.423431  142.806091  130.279526  116.350464  102.100937  87.326721  72.670937  60.123024 
 65.857658  81.750778  97.540314  113.788589  130.358597  146.276871  160.070938  168.845779  171.526566  167.238586  157.268127  142.420319  125.954056  110.065155  93.827972  77.879684  63.521774 
 68.533539  85.353127  102.173439  119.343750  137.375931  155.167496  170.072495  179.381088  181.843750  177.535629  167.312027  151.113434  133.086716  115.375000  98.448593  81.487816  65.842400 
 69.758957  86.570625  104.079842  121.701248  139.834061  158.448593  173.627350  182.895935  185.407501  181.484680  172.114059  155.428757  136.532654  118.383911  100.302811  82.772659  66.803276 
 69.294167  85.300003  102.515625  119.727814  137.155945  155.103287  170.105942  179.742966  182.196716  178.185623  168.455933  152.102036  133.268753  115.701096  98.227028  81.550934  65.750938 
 66.373856  81.750938  97.587967  114.426254  130.357971  146.436249  160.456726  169.617035  172.192657  168.030945  158.026093  143.464371  126.868118  110.501564  94.222656  78.266876  63.561882 
 62.253281  76.083908  90.569221  105.780624  120.130310  133.375000  145.297653  153.172348  155.793594  152.201248  143.585938  131.365005  117.064377  102.610626  87.627029  72.896248  60.072083 
 58.293648  69.341560  82.271721  95.707184  108.476563  119.173279  128.746399  135.123444  137.101563  134.332657  127.140152  117.362808  105.739685  93.012497  79.423439  66.555466  57.091087 
 55.578171  62.534218  72.510780  84.049690  95.208122  104.627190  111.731407  116.816711  118.463440  116.295624  110.831406  102.955002  93.051094  81.900940  70.189217  60.605316  55.194481 
 51.655258  56.575684  62.393494  70.973434  80.601044  88.427605  94.131615  98.024841  99.278435  97.964790  93.627861  87.155006  78.819641  69.313019  60.619019  55.686562  51.609062 
 } 
 GB Channel
 {
 49.925934  54.986771  61.625099  71.592865  81.046822  89.339996  95.737450  99.481094  100.524895  98.470467  94.141556  87.145935  78.584373  68.972504  60.014641  54.614220  50.931725 
 53.843018  60.842186  71.735939  83.917656  95.315781  105.095001  112.781403  117.802963  119.154068  116.521088  110.971565  102.584686  92.423126  81.093750  69.063591  59.309845  53.816307 
 56.704430  67.766716  81.187653  95.237190  108.110779  119.752655  129.443588  135.902969  137.854065  134.475784  127.379059  116.857025  104.831253  91.889847  78.023903  64.998436  55.462189 
 60.374321  74.489532  89.419060  104.838127  119.593903  133.747025  145.869690  154.027969  156.671722  152.595627  143.464539  130.231720  115.698593  100.916718  85.794373  70.910004  58.278328 
 63.753853  79.698441  95.718437  112.258591  129.262024  145.554214  159.806870  169.023438  172.129837  167.587036  157.263596  141.897659  124.778900  108.416092  91.797028  75.742653  61.309540 
 66.158600  83.007965  99.935623  117.062805  135.549530  153.667664  169.054535  178.784683  181.525620  177.186569  166.647812  149.992813  131.448288  113.260315  95.871872  78.956253  63.483330 
 67.282715  83.848122  101.355469  119.005463  137.547348  156.441559  172.092346  181.761414  184.565002  180.670319  170.898590  153.898590  134.578598  116.014374  97.609840  80.069534  64.195152 
 66.782188  82.559685  99.676559  117.123123  134.790787  153.005157  168.544998  178.380005  181.221725  177.053131  167.168594  150.421875  131.209534  113.129059  95.567345  78.813591  63.335892 
 64.102921  79.382500  95.125626  112.091400  128.283279  144.679535  159.032974  168.472961  171.407501  167.142975  156.822189  141.952347  124.906250  108.120003  91.715309  75.806877  61.259789 
 60.094017  74.107971  88.681564  103.955002  118.511093  132.096100  144.315781  152.507339  155.224380  151.590149  142.762192  130.080307  115.323914  100.699066  85.456093  70.710312  58.082809 
 56.736351  67.818436  80.761406  94.407501  107.437347  118.398132  128.264999  134.785461  137.010788  134.081100  126.728119  116.512970  104.584686  91.411873  77.671562  64.803123  55.381462 
 54.332031  61.383904  71.514221  83.260468  94.749535  104.357033  111.795624  117.099838  118.770630  116.540161  110.809059  102.413124  92.206253  80.831406  68.806564  59.206093  53.950470 
 50.846191  55.747452  61.640259  70.513588  80.449738  88.509743  94.579796  98.855057  100.277290  98.721611  93.988647  86.930206  78.415421  68.642868  59.722816  54.782135  50.769638 
 } 
 B Channel
 {
 17.522400  19.280312  22.277500  27.036461  31.547710  35.468388  38.071770  39.745625  40.022137  39.136509  37.179844  33.944794  30.152294  25.681618  21.545883  19.013283  17.756199 
 19.323647  22.315311  27.248749  32.988125  38.265625  42.727345  46.033436  48.109375  48.532341  47.224220  44.697968  40.983124  36.408127  31.287655  25.797344  21.293907  19.229946 
 20.648018  25.692188  31.932186  38.442501  44.289688  49.458595  53.566254  56.177498  56.768127  55.122971  51.854378  47.231876  41.961094  36.199375  29.970936  24.093281  20.135990 
 22.606358  28.969688  35.999531  42.912655  49.511566  55.618126  60.657814  63.944847  64.853905  62.799843  58.638435  52.920624  46.640469  40.239845  33.573280  26.936562  21.661144 
 24.308750  31.492500  38.970627  46.435936  53.794220  60.734688  66.718124  70.294998  71.345940  69.137344  64.502029  57.724998  50.380936  43.416092  36.203281  29.129375  23.314789 
 25.474426  32.976719  40.834686  48.585472  56.420158  64.058746  70.411873  74.135315  75.097031  72.987030  68.174217  60.886093  53.007034  45.331562  37.969063  30.610783  24.204323 
 25.891251  33.392502  41.443905  49.480621  57.266403  65.055939  71.398438  75.133751  76.208435  74.198753  69.729378  62.193436  54.021721  46.292656  38.486252  30.944687  24.590519 
 25.512604  32.775936  40.514687  48.296562  55.956406  63.248596  69.547028  73.346252  74.275940  72.363747  67.978905  60.821716  52.598747  45.029530  37.455467  30.277657  24.133282 
 24.095989  31.117031  38.352970  45.816875  52.796562  59.399529  65.123749  68.834534  69.806091  67.829376  63.350159  57.042343  49.819687  42.721718  35.649845  28.757343  22.897552 
 22.051979  28.421562  35.134533  41.968124  48.259216  53.846405  58.548592  61.643127  62.528435  60.989845  57.207809  51.852501  45.664219  39.370155  32.684063  26.240311  21.321564 
 20.355621  25.269375  31.270939  37.383438  43.083595  47.772968  51.551872  54.010468  54.702972  53.413750  50.400002  45.999844  40.895313  35.187344  29.025467  23.370937  19.826775 
 19.018074  22.100780  26.710155  32.045155  37.143280  41.301563  44.355469  46.231251  46.789845  45.834373  43.423752  39.876720  35.364532  30.282814  24.785782  20.601093  18.899220 
 17.531410  19.500988  22.154114  26.341202  30.613071  34.226563  36.970676  38.392082  38.971718  38.197292  36.270416  33.177761  29.259323  24.734062  20.666824  18.502968  17.274635 
 } 


 White Balance Data with optical Center Data
 r_center_x =  639 r_center_y =  480 
 gr_center_x =  640 gr_center_y =  489 
 b_center_x =  616 b_center_y =  492 
 gb_center_x =  633 gb_center_y =  471 
 r/gr 0.868609 
 b/gr 0.409386 
 gb/gr 0.994754 
 r_oc_ave 161.893326 
 b_oc_ave 76.302223 
 gr_oc_ave 186.382217 
 gb_oc_ave 185.404449 

 [AWB]
 RGr =  0.868609 
 BGr =  0.409386 
 GbGr =  0.994754 
 r_oc_ave =  161.893326 
 b_oc_ave =  76.302223 
 gr_oc_ave =  186.382217 
 gb_oc_ave =  185.404449 