 LEFT LENS SHADING DATA
 RED Channel
 {
 41.934948  45.359531  50.413696  57.884109  66.374069  73.787865  79.396614  82.934059  83.778648  81.888489  77.981247  71.782135  64.181763  55.906715  48.245361  43.778332  40.936668 
 44.691612  49.855156  58.763908  69.146408  78.732811  87.453903  94.422653  98.909065  99.974060  97.513283  92.355003  84.932343  76.034691  66.327347  56.070160  47.597500  43.144585 
 46.861931  55.771721  67.353279  79.375153  90.465622  100.574997  109.390160  115.211243  116.763748  113.687195  106.978905  97.693436  87.017029  75.761566  64.067497  53.004372  44.811878 
 50.223076  61.984528  75.185623  88.592812  101.422188  113.386246  124.429214  132.020157  134.002029  130.054840  121.291092  109.895782  97.033905  84.271408  71.241096  58.589691  47.759266 
 53.573959  67.178123  81.357658  96.173752  110.785622  124.893906  137.790466  146.626099  149.064056  144.407028  134.432816  120.740936  105.585312  91.170784  77.082344  63.228592  50.937973 
 55.985733  70.611565  85.622345  101.299690  117.537811  133.566254  147.552963  156.514694  159.036087  154.562027  143.863129  128.607025  111.766251  95.861877  80.877968  66.516876  53.191460 
 57.115517  71.962189  87.441559  103.658752  120.322189  136.956100  151.253433  160.329681  162.662186  158.503433  148.598907  132.617966  115.127350  98.551407  82.853127  67.737343  54.111725 
 56.457291  70.933128  86.034531  101.887657  118.074844  134.247818  147.977966  157.015152  159.492966  155.427658  145.520462  129.506256  112.712662  96.745003  81.619530  66.872971  53.484848 
 54.151245  67.728752  82.059845  96.891251  111.845779  126.323288  139.175629  147.579849  149.904068  145.290939  135.561722  121.835312  106.738747  92.327187  77.975784  64.142029  51.468483 
 50.635880  62.772346  76.059372  89.527809  102.555939  114.873596  125.522339  132.717651  134.622971  130.974060  122.539368  111.084221  98.267189  85.551247  72.435471  59.464691  48.297188 
 47.651096  56.831718  68.634689  80.808594  92.254219  102.580154  111.204376  116.658279  118.096878  115.124222  108.434059  99.284843  88.644684  77.257034  65.366409  53.908905  45.416199 
 45.645626  51.234375  60.068596  70.779686  80.751877  89.538437  96.643127  100.786247  101.791565  99.565628  94.244690  86.889999  77.802185  67.799065  57.378593  48.694534  43.804737 
 43.111877  46.957714  51.766716  60.061356  68.663536  76.050522  82.029381  85.309166  85.905731  84.265617  80.140526  74.169579  66.258026  57.595726  49.685051  44.869324  41.824322 
 } 
 GR Channel
 {
 50.412186  55.392609  61.474113  70.047813  79.273178  87.461670  93.533806  97.453331  98.545517  96.645836  92.674011  86.098495  77.909119  68.850525  60.032501  54.689369  51.088959 
 54.874695  61.450935  71.691406  83.180313  93.781715  103.406250  111.162346  116.048752  117.450943  114.973755  109.769218  101.899529  92.121407  81.452187  69.788750  59.950623  54.338539 
 57.967033  68.472656  81.771721  95.083282  107.512970  118.538132  128.280777  134.576248  136.388901  133.339691  126.623596  116.810318  105.008904  92.569687  79.344063  66.552032  56.783073 
 61.952499  75.613747  90.566872  105.416252  119.691101  132.936096  144.897964  153.167191  155.523911  151.654999  143.288589  130.992813  116.893127  102.544685  87.818123  73.164215  60.449013 
 65.705360  81.343903  97.375626  113.808594  129.998444  145.517502  159.474213  168.842499  171.689850  167.431564  157.906555  143.362183  126.615158  110.353905  94.480621  78.568909  64.199120 
 68.517555  85.104843  102.047028  119.323914  137.319534  154.933746  169.854691  179.496872  182.400162  178.141403  167.879379  151.657349  133.288437  115.716248  98.925003  82.238281  66.653908 
 69.719902  86.479065  103.814842  121.603745  139.969055  158.292496  173.572037  183.387024  185.932343  182.102661  172.846725  156.137192  137.339691  118.996567  101.323906  83.685471  67.734848 
 68.889580  85.356247  102.140312  119.672028  137.485001  155.300629  170.330475  179.729691  182.367035  178.589844  169.438278  152.825317  134.616714  116.856094  99.726097  82.713280  67.023071 
 66.145416  81.724998  97.841408  114.391251  130.998596  147.113586  160.974060  169.712494  172.641098  168.278275  158.973129  144.673904  128.034851  111.977028  95.667343  79.438278  64.652657 
 61.933907  76.020782  91.069374  106.232971  120.947189  134.637344  146.057968  153.757813  156.136566  152.861557  144.697189  132.464691  118.496567  104.200935  89.203278  74.117500  60.688332 
 58.158073  69.393280  82.768906  96.516876  109.478127  120.992661  130.175003  136.014526  137.848907  135.103287  128.476410  118.734222  107.090469  94.443596  80.795624  67.541878  57.364380 
 55.492760  62.759216  73.061562  85.024689  96.176872  106.078125  113.683594  118.059067  119.364380  117.234528  111.944221  104.269684  94.263283  83.180779  71.270782  61.235779  55.216408 
 51.775261  57.278175  63.198647  72.321350  81.938957  90.084373  96.512970  100.231560  100.996460  99.270164  95.101929  88.740936  80.218491  70.599747  61.579323  56.088905  52.019745 
 } 
 GB Channel
 {
 50.961876  55.936043  62.106979  71.136665  80.786194  89.437027  96.129944  100.230629  101.134636  99.104057  94.772964  87.857300  79.235992  69.512497  60.357231  54.835831  51.172501 
 54.821037  61.596878  72.114059  84.013748  95.035156  105.212654  113.282654  118.433121  119.792343  117.235306  111.733597  103.410622  93.087029  81.868752  69.850784  59.772499  54.065002 
 57.647758  68.335472  81.906097  95.555626  108.259064  119.888443  129.965775  136.576248  138.537659  135.270157  128.310944  118.045776  105.686562  92.711403  79.022186  65.907341  56.070465 
 61.205414  75.038750  90.253906  105.309532  119.981567  133.679535  146.169067  154.772659  157.226089  153.322495  144.544846  131.675308  116.984848  102.171562  87.019684  72.117500  59.257912 
 64.486252  80.391251  96.474533  113.179214  129.442032  145.449844  159.878281  169.818756  172.916245  168.614212  158.542343  143.463745  126.226868  109.618591  93.366409  77.202972  62.778595 
 67.052132  83.617340  100.528122  118.107193  136.048431  153.912186  169.103439  179.492813  182.564056  178.355942  167.770309  151.201569  132.388748  114.459061  97.324219  80.446404  64.969536 
 68.086571  84.691559  101.989685  119.942184  138.267181  156.784851  172.242340  182.455002  185.374695  181.399063  172.070160  155.050934  135.897339  117.362350  99.389687  81.770782  65.746826 
 67.100937  83.534691  100.357811  117.921722  135.674683  153.562347  168.681244  178.653595  181.490005  177.771088  168.251877  151.421875  132.912338  115.039688  97.723747  80.591248  64.964996 
 64.439430  79.975471  96.010941  112.575943  129.346100  145.485153  159.366409  168.677658  171.801712  167.321091  157.759995  143.115158  126.366257  110.018440  93.632965  77.474533  62.629318 
 60.384895  74.470314  89.490158  104.569061  119.389694  133.276413  144.866882  152.985626  155.462662  152.320007  143.829529  131.221100  116.836243  102.465782  87.337814  72.306877  59.021042 
 57.042450  68.037659  81.559845  95.213593  108.253281  119.960007  129.357346  135.539688  137.419693  134.761871  127.904373  117.767349  105.823441  93.024689  79.252502  66.004997  56.015411 
 54.636719  61.777344  72.160469  84.162498  95.323593  105.506561  113.337967  117.804840  119.226089  117.046875  111.462341  103.522034  93.322815  81.998123  70.077034  59.905472  54.021927 
 51.211723  56.437965  62.386513  71.898758  81.632973  89.746559  96.749008  100.387970  101.341721  99.555206  95.046303  88.543907  79.567810  69.761879  60.627235  55.029839  51.449013 
 } 
 B Channel
 {
 18.362812  20.419895  23.061409  27.294895  31.821251  35.784637  38.821980  40.643436  41.058804  39.967918  37.891666  34.846249  30.689636  26.187393  21.986408  19.325623  17.988960 
 20.142399  23.156563  28.008282  33.457813  38.480000  42.933594  46.519062  48.807190  49.331093  47.993752  45.476250  41.681252  37.026093  31.837814  26.310780  21.753124  19.439373 
 21.507549  26.439842  32.858124  39.004375  44.642033  49.517029  53.827972  56.699684  57.377029  55.868591  52.705315  48.077972  42.584999  36.836094  30.650780  24.752655  20.651615 
 23.320362  29.753906  36.984375  43.779530  50.050316  55.669533  60.827347  64.368279  65.295158  63.440468  59.462654  53.884064  47.550625  41.111874  34.417656  27.775002  22.435833 
 25.033905  32.335781  39.964531  47.535313  54.395470  60.913910  66.653282  70.689529  71.730469  69.720940  65.313751  58.761093  51.486404  44.435314  37.227814  30.189220  24.122757 
 26.205990  33.965782  41.899845  49.827499  57.363594  64.569534  70.608597  74.454216  75.578751  73.869064  69.151718  61.985939  54.092033  46.424843  38.987343  31.725780  25.225571 
 26.719170  34.471249  42.543438  50.745155  58.497810  65.921562  71.876251  75.628593  76.690628  75.001091  70.961563  63.579842  55.479691  47.689377  39.879375  32.257187  25.717606 
 26.129429  33.806717  41.576248  49.514687  57.196404  64.331406  70.148903  73.740311  74.737656  73.157028  69.318596  62.222343  54.296875  46.641094  39.132813  31.760468  25.381512 
 24.620937  32.048439  39.325157  46.869530  54.247185  60.720314  66.053909  69.504997  70.506561  68.497032  64.673439  58.512344  51.420471  44.467968  37.240311  30.257813  24.221981 
 22.730625  29.195625  36.142654  42.957188  49.538284  55.290314  59.740311  62.692345  63.370941  61.909065  58.442032  53.347656  47.242500  41.062969  34.329376  27.737812  22.324894 
 20.940105  25.992188  32.237968  38.511719  44.261875  49.243752  52.996559  55.235313  55.723282  54.405785  51.649529  47.512814  42.438595  36.800156  30.608593  24.768593  20.745472 
 19.763752  22.790001  27.643749  33.148750  38.264530  42.719688  45.916874  47.621094  48.015938  46.907345  44.542030  41.281719  36.892189  31.794998  26.306717  21.753750  19.691666 
 18.405003  20.562084  23.251251  27.585835  32.137241  35.898853  38.872711  40.355469  40.592602  39.717968  37.697239  34.915260  30.920101  26.525417  22.142345  19.653332  18.527084 
 } 


 White Balance Data with optical Center Data
 r_center_x =  649 r_center_y =  482 
 gr_center_x =  659 gr_center_y =  487 
 b_center_x =  649 b_center_y =  458 
 gb_center_x =  638 gb_center_y =  467 
 r/gr 0.873230 
 b/gr 0.411430 
 gb/gr 0.996217 
 r_oc_ave 163.115555 
 b_oc_ave 76.853333 
 gr_oc_ave 186.795563 
 gb_oc_ave 186.088882 

 [AWB]
 RGr =  0.873230 
 BGr =  0.411430 
 GbGr =  0.996217 
 r_oc_ave =  163.115555 
 b_oc_ave =  76.853333 
 gr_oc_ave =  186.795563 
 gb_oc_ave =  186.088882 