 LEFT LENS SHADING DATA
 RED Channel
 {
 40.480938  44.009686  49.008331  57.131096  65.480576  72.380730  77.911346  81.490524  82.093643  80.142967  76.522499  70.282448  62.667664  54.422287  46.897552  42.394218  39.758385 
 43.011772  48.452187  57.372498  67.835472  77.724533  86.227814  93.157188  97.377190  98.491562  95.998596  90.981247  83.305153  74.197029  64.478127  54.339844  46.209843  41.401718 
 45.252293  54.506874  66.158752  78.288124  89.904373  100.112343  108.784531  114.418594  116.064682  112.832504  106.081253  96.467659  85.457809  74.149689  62.307190  51.400314  43.117813 
 48.795731  60.685310  74.103905  87.697655  101.075623  113.536255  124.410461  131.663132  133.573120  129.537186  120.931244  108.952187  95.902191  82.898285  69.531715  56.905785  46.019737 
 52.359474  65.907814  80.379219  95.379059  110.591408  125.102036  138.047501  146.519226  148.772186  144.069214  134.033905  120.040619  104.777191  89.938904  75.413910  61.443596  48.937553 
 54.735046  69.437347  84.685783  100.612968  117.301880  133.569687  147.622498  156.472504  158.701874  154.074066  143.502975  127.848907  110.864685  94.727966  79.252968  64.656715  51.069008 
 55.560257  70.690468  86.522499  103.153908  120.110153  136.958755  151.200317  160.235153  162.414368  157.822968  147.882507  131.537964  114.212189  97.345314  81.092972  65.871246  52.032921 
 54.859741  69.708282  85.086876  101.283592  117.920624  134.087341  148.021561  156.794067  159.057343  154.502350  144.604538  128.677963  111.677345  95.545624  79.840935  65.124062  51.526154 
 52.711975  66.511566  81.392342  96.525940  111.750626  126.301407  139.010315  147.326569  149.621094  144.744690  135.081879  121.304214  105.902657  91.167969  76.614059  62.631874  49.875626 
 49.466774  61.798439  75.482033  89.282188  102.674217  115.140320  125.640778  132.751556  134.626556  130.872818  122.327347  110.677498  97.614059  84.552658  71.233284  58.226563  46.900726 
 46.482132  56.106094  68.005157  80.415154  92.285934  102.672653  111.228752  116.752502  118.103287  114.974686  108.209534  98.832809  87.977501  76.385628  64.167816  52.942657  44.330364 
 44.693020  50.483437  59.461250  70.114998  80.490784  89.318283  96.233284  100.559532  101.653282  99.227188  93.874222  86.271095  76.952499  66.881561  56.324997  47.948437  43.058437 
 42.116356  45.951771  50.902084  59.097916  67.721405  75.140152  81.011398  84.525162  85.281403  83.745522  79.279839  72.970467  65.050003  56.499481  48.628746  44.258438  40.736355 
 } 
 GR Channel
 {
 51.435204  56.353539  62.387291  71.590057  80.768021  87.989426  93.863281  97.747398  98.571404  96.566826  92.589066  86.136925  77.976875  68.674011  60.030159  54.802757  51.177757 
 55.189377  62.064377  72.274376  83.837341  94.497185  103.620468  110.872658  115.410309  116.502029  113.889526  108.741562  100.704216  90.951874  80.386719  68.982033  59.434219  53.723183 
 58.300674  69.145470  82.326721  95.624847  108.078278  118.991257  128.035004  134.102188  135.850784  132.424225  125.556564  115.496094  103.773438  91.659691  78.577347  65.896873  55.901459 
 62.667656  76.377029  91.388283  106.024689  120.310776  133.654373  145.338120  152.982819  155.195007  151.221725  142.350006  129.804062  115.712341  101.510628  87.031563  72.711716  59.660683 
 66.648804  82.376091  98.467972  114.411087  130.523438  146.291245  160.117966  169.066254  171.602341  167.045471  156.964844  142.230316  125.645004  109.429062  93.756561  78.048439  63.211349 
 69.516930  86.295471  103.072029  119.890320  137.699692  155.203278  170.222183  179.524536  181.934219  177.558746  166.984070  150.741409  132.423599  114.910782  98.152191  81.770309  65.866982 
 70.636093  87.845467  104.966873  122.579376  140.675476  158.763275  173.738434  183.088440  185.420776  181.098282  171.777496  154.970932  136.219055  118.044067  100.402031  83.113281  66.891411 
 69.678490  86.640778  103.345001  120.534225  138.046249  155.436401  170.176559  179.446243  181.761093  177.496872  168.189224  151.608749  133.097961  115.672180  98.723595  82.229065  66.334068 
 67.116821  82.932030  99.182968  115.216873  131.336868  146.978439  160.396408  169.133911  171.714218  167.090469  157.393600  142.965149  126.512192  110.587967  94.872345  79.189377  64.187294 
 63.057709  77.419373  92.515625  107.178436  121.389221  134.502808  145.793900  153.272186  155.440933  151.656876  143.106247  131.022659  117.058121  103.119690  88.536095  73.876717  60.424423 
 59.658592  71.021721  84.299843  97.525314  109.893753  120.678436  129.725006  135.623749  137.006409  134.056717  127.225632  117.559525  106.118126  93.813904  80.385941  67.560471  57.178177 
 56.918388  64.223595  74.265312  85.984840  96.776093  105.925003  113.172653  117.689682  119.016556  116.554840  111.217972  103.493279  93.694687  82.762344  71.046097  61.227028  55.098488 
 52.936302  58.237137  64.000725  73.050476  82.203804  90.213333  96.269119  99.976768  100.879066  99.172554  94.788170  88.275162  80.169685  70.514214  61.530052  56.340576  51.896828 
 } 
 GB Channel
 {
 51.985832  56.974159  63.239632  72.944275  82.752296  90.741776  97.159790  101.050728  102.229683  99.947289  95.589844  88.628487  79.695580  70.002609  60.699425  55.085098  51.721352 
 55.114586  62.187500  72.776093  84.982185  96.255623  106.038437  113.789368  118.789063  120.077194  117.245621  111.629219  102.978279  92.739532  81.374687  69.386719  59.448441  53.575935 
 57.640724  68.791565  82.373596  96.195778  109.302811  120.842346  130.630157  137.028122  139.002350  135.574692  128.215149  117.475784  105.113281  92.189842  78.562500  65.477814  55.261986 
 61.521149  75.482811  90.833595  105.901405  120.872650  134.783905  147.098587  155.277496  157.744843  153.655624  144.332962  131.135788  116.346100  101.519684  86.544846  71.716408  58.407448 
 65.092239  80.888283  97.218750  113.690308  130.249695  146.579376  161.040939  170.579849  173.200943  168.657181  158.140320  142.877975  125.650787  108.797340  92.538284  76.550003  61.492912 
 67.404640  84.393593  101.231407  118.547028  136.638596  154.557190  170.037338  179.762970  182.479996  178.169525  167.447968  150.622025  131.698914  113.724213  96.474373  79.860779  63.696411 
 68.329376  85.483124  102.730469  120.514221  138.890320  157.286560  172.636414  182.389847  185.106247  180.874527  171.233597  154.107193  134.933899  116.239380  98.239372  80.857185  64.546356 
 67.264061  84.070313  100.771248  118.063751  135.884369  153.490463  168.549850  178.406723  180.949997  176.831726  167.179688  150.408432  131.524368  113.642654  96.438438  79.758278  63.874329 
 64.832977  80.484840  96.734840  112.930939  129.150162  144.955475  158.673431  167.825623  170.707504  166.116882  156.410629  141.687500  124.867340  108.666878  92.607971  76.834221  61.983177 
 61.044525  75.417656  90.404373  105.157501  119.289841  132.644684  144.130936  151.927185  154.241714  150.669525  142.053131  129.695007  115.452652  101.158752  86.514847  71.757347  58.436722 
 57.967079  69.251251  82.529060  95.852654  108.272186  119.155472  128.495163  134.635315  136.286560  133.301712  126.357346  116.376251  104.702660  92.206879  78.651718  65.726563  55.463646 
 55.613960  62.823128  72.935783  84.663910  95.663437  104.967033  112.501404  117.297653  118.689377  116.278122  110.652344  102.476410  92.525467  81.494843  69.562653  59.711090  53.754219 
 51.964790  57.229797  63.063072  72.087029  81.574272  89.732239  96.057030  99.859535  101.028542  99.350204  94.669220  87.864532  79.336510  69.430054  60.457451  55.237549  50.871307 
 } 
 B Channel
 {
 17.616615  19.887863  22.700680  27.204689  31.778332  35.542030  38.450417  40.047085  40.477654  39.466198  37.497707  34.360054  30.339790  25.823074  21.642757  18.965000  17.724167 
 18.807034  22.007656  26.931717  32.518436  37.665001  41.963905  45.276249  47.250000  47.672031  46.506405  44.049374  40.221092  35.629375  30.703281  25.361717  20.797501  18.412083 
 20.130001  25.158749  31.509998  37.776875  43.718124  48.707031  52.744377  55.248909  55.932503  54.214531  50.985001  46.467186  41.161095  35.593437  29.564999  23.661095  19.482967 
 21.941357  28.414688  35.600468  42.516563  49.169220  55.025467  59.999222  63.169846  63.889999  61.907654  57.800003  52.247498  46.045155  39.836563  33.235001  26.666874  21.056458 
 23.780781  31.080154  38.680313  46.149532  53.409218  60.191559  66.112816  69.758751  70.575157  68.262032  63.690628  57.233284  50.154221  43.085312  36.157970  29.005001  22.713753 
 24.899376  32.745625  40.582813  48.468750  56.271408  63.835472  70.050003  73.762657  74.506096  72.322189  67.644844  60.525154  52.710625  45.257343  37.954220  30.590469  23.874008 
 25.319374  33.290627  41.451248  49.498123  57.335625  65.108910  71.291092  74.857498  75.576096  73.473595  69.197342  61.984062  54.109222  46.446095  38.855469  31.070313  24.404064 
 24.934582  32.867500  40.721874  48.486565  56.195938  63.502968  69.571251  73.088905  73.779846  71.731247  67.661407  60.756561  52.900314  45.466251  38.122501  30.710781  24.055992 
 23.834949  31.281406  38.812187  46.080467  53.150002  59.661720  65.214996  68.609222  69.394218  67.394218  63.338127  57.285309  50.279999  43.496563  36.516407  29.414532  23.131405 
 22.096355  28.804688  35.806564  42.524063  48.632965  54.107811  58.777344  61.839531  62.499847  61.047501  57.499847  52.294533  46.309845  40.199688  33.719063  27.014217  21.421093 
 20.682449  25.783905  31.954220  37.981251  43.457031  48.097809  51.912811  54.350471  55.017815  53.803749  50.864220  46.714531  41.675468  36.195625  30.065781  24.174061  19.916565 
 19.612968  22.708595  27.293751  32.576248  37.491562  41.639999  44.832500  46.906250  47.434219  46.419533  44.057343  40.547031  36.190468  31.241405  25.843906  21.258907  18.924530 
 18.059635  20.035885  22.382919  26.531666  30.961147  34.595837  37.432083  39.097500  39.542759  38.882240  36.832966  33.882240  30.018593  25.593700  21.456612  18.993282  17.358700 
 } 


 White Balance Data with optical Center Data
 r_center_x =  642 r_center_y =  486 
 gr_center_x =  627 gr_center_y =  495 
 b_center_x =  638 b_center_y =  499 
 gb_center_x =  627 gb_center_y =  460 
 r/gr 0.876944 
 b/gr 0.408067 
 gb/gr 1.000048 
 r_oc_ave 163.115555 
 b_oc_ave 75.902222 
 gr_oc_ave 186.004440 
 gb_oc_ave 186.013336 

 [AWB]
 RGr =  0.876944 
 BGr =  0.408067 
 GbGr =  1.000048 
 r_oc_ave =  163.115555 
 b_oc_ave =  75.902222 
 gr_oc_ave =  186.004440 
 gb_oc_ave =  186.013336 