 LEFT LENS SHADING DATA
 RED Channel
 {
 40.916355  44.461353  49.607971  57.826668  66.277031  73.515572  79.107292  82.338646  83.206772  81.495049  77.468330  71.329376  63.816559  55.529999  47.841663  43.434483  40.631565 
 43.085102  49.148438  58.273590  68.648750  78.417656  87.108284  94.055626  98.419060  99.610939  97.289841  92.176247  84.618126  75.479065  65.686249  55.436249  47.265312  42.781979 
 45.330990  54.792030  66.503441  78.746407  89.962814  100.275780  108.918434  114.879532  116.591568  113.510620  106.841721  97.336250  86.493279  75.175468  63.422340  52.424690  44.383018 
 48.627861  60.832657  74.045784  87.396248  100.542191  113.181564  123.921097  131.499695  133.587494  129.945618  121.393127  109.308746  96.496872  83.397186  70.410156  57.656403  46.965363 
 52.044266  65.480934  79.687035  94.472809  109.382034  124.157349  137.158905  145.884216  148.259689  143.834381  133.975006  119.953903  104.660309  90.125000  75.736717  61.992813  49.884476 
 54.348129  68.553123  83.366722  99.050934  115.543442  131.901566  146.148911  155.128906  157.510788  153.034378  142.461868  127.286255  110.525627  94.487503  79.227188  64.924690  51.820938 
 55.099480  69.520309  84.707184  100.623596  117.404068  134.487030  148.842194  157.681564  160.122345  155.942032  146.302811  130.458908  113.087662  96.668282  80.809845  65.918594  52.462967 
 54.114166  68.349998  83.211716  98.530472  114.737808  130.785782  144.910629  153.889221  156.197968  151.967819  142.330627  126.720932  110.229691  94.517189  79.355003  64.927971  51.833176 
 51.679787  65.081879  79.019684  93.601563  108.162971  122.557190  135.274216  143.747345  146.011871  141.824844  132.275467  118.793900  104.040154  89.852028  75.709221  62.132034  49.980156 
 48.298439  60.105934  72.947189  86.155159  98.855934  110.897034  121.428757  128.456879  130.525467  127.130463  119.147812  108.078278  95.561722  83.002968  70.174843  57.699371  47.094379 
 44.961979  54.345314  65.670624  77.419373  88.343124  98.169220  106.655312  112.270004  113.977966  111.187187  104.951096  96.102814  85.842346  74.813278  63.227028  52.444534  44.737240 
 43.210674  48.785469  57.556091  67.732185  77.256874  85.523285  92.163750  96.453590  97.709373  95.639374  90.840622  83.631409  75.001717  65.527496  55.505783  47.559532  43.448906 
 41.410679  45.005260  50.054634  57.957611  66.029793  73.095985  78.440414  81.861305  82.944794  81.337708  77.707291  71.884949  64.392342  56.150002  48.705154  44.671822  42.204323 
 } 
 GR Channel
 {
 51.523956  56.456451  62.641045  72.145889  81.381454  89.540154  95.606827  99.082191  100.075211  98.121666  93.917084  87.007507  78.808540  69.456718  60.449898  55.259377  51.381874 
 54.941879  62.553123  73.274376  85.222343  96.061874  105.583282  112.813278  117.158432  118.625626  116.289993  110.932503  102.802498  92.915627  81.857346  70.007813  60.419373  54.670624 
 58.010887  69.628593  83.326721  97.079376  109.441093  120.578430  129.590469  135.621719  137.196869  134.141724  127.531250  117.464066  105.708282  93.081566  79.669998  66.874535  56.978073 
 62.126770  76.685936  92.034843  106.965157  121.260162  134.650162  146.153748  153.879837  156.183121  152.287186  143.575317  131.074692  117.131714  102.828903  88.029060  73.179535  60.499321 
 66.232765  82.347969  98.502655  114.945786  130.967819  146.753906  160.533600  169.697968  172.315628  167.954056  157.756714  142.852341  126.470779  110.528282  94.458122  78.533127  64.016869 
 69.130836  85.858749  102.779221  119.852493  137.463745  155.280472  170.512344  180.024536  182.525467  177.979843  167.197495  151.063751  133.208435  115.612808  98.644066  82.110779  66.504738 
 70.061615  87.197655  104.264061  121.584061  139.539063  158.103912  173.430786  183.153595  185.532181  181.462341  171.736725  154.834381  136.333588  118.376251  100.653435  83.360779  67.414330 
 69.046249  85.794998  102.459221  119.135315  136.624222  154.107651  169.225632  178.958588  181.412659  177.260468  167.561722  150.989380  133.058594  115.690308  98.706406  82.067497  66.486664 
 66.042084  81.806252  97.607811  113.501099  129.484528  145.261566  158.939850  167.962814  170.653595  166.479538  156.432190  142.085007  125.964066  110.170937  94.317970  78.560158  64.110779 
 61.724327  75.903282  90.444687  105.102188  119.041245  132.326874  143.909683  151.542191  154.006882  150.481247  142.061722  130.077347  116.293900  102.473122  87.852501  73.183441  60.466347 
 57.582336  68.991722  82.052811  95.237030  107.264061  118.054840  127.346725  133.526871  135.475006  132.598282  125.831726  116.291092  105.114998  92.740623  79.580002  66.701561  57.265732 
 55.052444  62.208908  72.389534  83.891876  94.476097  103.638908  110.890938  115.718750  117.182037  114.932343  109.653435  101.957344  92.376251  81.655785  70.131409  60.547813  55.337814 
 52.183701  57.205368  63.292648  72.341042  81.525047  89.432861  95.438431  99.249580  100.550148  98.857971  94.843018  88.372139  80.031250  70.656403  61.937447  56.916153  53.289063 
 } 
 GB Channel
 {
 51.881821  57.159325  63.462708  73.711456  83.350052  92.062294  98.594795  102.470833  103.442604  101.229683  96.587395  88.988899  80.280937  70.167397  60.883965  55.382187  51.415100 
 55.042236  62.937035  74.050629  86.430626  97.882347  107.885628  115.625626  120.286255  121.825943  119.114685  113.301559  104.679535  93.970940  82.407814  70.110626  60.247185  54.512192 
 57.679840  69.550468  83.746407  97.855621  110.834846  122.470474  131.945313  138.303436  139.952499  136.837189  129.583588  118.919693  106.458595  93.198128  79.371094  66.230469  56.332344 
 61.257652  76.282028  91.891251  107.405472  122.089691  136.088287  147.925629  156.169220  158.434692  154.428757  145.227661  132.100937  117.446091  102.560783  87.267815  72.180626  59.286461 
 65.099213  81.378593  98.016090  114.670776  131.230942  147.410309  161.600464  171.179214  173.923904  169.396408  158.760468  143.331726  126.300003  109.784691  93.247345  77.109688  62.625931 
 67.620163  84.555779  101.712814  119.137497  137.061569  155.104691  170.538284  180.625626  183.211090  178.678757  167.528595  150.912186  132.472961  114.422974  97.159531  80.314217  64.709015 
 68.356308  85.564842  102.871872  120.389999  138.717499  157.459686  172.964218  182.893906  185.553131  181.311096  171.432037  154.134995  135.226715  116.901413  98.729378  81.294846  65.617134 
 67.330734  84.047813  100.921875  117.872650  135.411560  153.322662  168.634064  178.586868  181.161880  176.990631  166.957184  150.187653  131.736877  114.037033  96.759529  79.985153  64.566200 
 64.367287  80.351875  96.228439  112.357193  128.490784  144.403748  158.354996  167.644531  170.425934  166.130630  155.855164  141.174530  124.641556  108.507187  92.382500  76.586250  62.087921 
 60.388443  74.690941  89.333908  104.190628  118.317184  131.740463  143.423752  151.199997  153.685944  150.202026  141.529068  129.249374  115.086868  100.982658  86.208282  71.373596  58.844635 
 56.712296  68.124374  81.315628  94.608284  106.861252  117.903748  127.239838  133.549683  135.493286  132.587341  125.658432  115.707336  104.245781  91.659378  78.154060  65.295624  55.922295 
 54.472496  61.607498  71.960159  83.690155  94.536247  103.885002  111.325310  116.223755  117.701096  115.359070  109.817032  101.697189  91.831566  80.827347  69.164215  59.471718  54.469009 
 52.051674  56.864586  63.201614  72.571617  81.864586  89.896667  96.251144  100.208336  101.265884  99.410309  94.990578  88.319687  79.881981  70.205467  61.191925  56.162338  52.766922 
 } 
 B Channel
 {
 18.890049  21.217136  24.181824  28.942604  33.347969  37.159222  40.030521  41.547192  41.985363  40.973125  38.986095  35.786350  31.795414  27.099426  22.831924  20.178646  18.733231 
 20.245468  23.744843  29.054531  34.948437  40.146095  44.542343  47.878437  49.832184  50.296410  49.025627  46.641720  42.789688  38.108749  32.797970  27.094219  22.525314  20.287811 
 21.282810  26.879063  33.558437  40.199532  46.096561  51.232658  55.379532  57.893280  58.472031  57.039063  53.925156  49.263748  43.867970  37.921875  31.585781  25.441250  21.381252 
 23.070156  30.035782  37.403439  44.528908  51.141876  57.356407  62.472343  65.716408  66.531715  64.823906  60.815781  55.073441  48.758278  42.091251  35.252029  28.266251  23.007915 
 24.856670  32.358749  40.141094  47.789219  55.198593  62.165154  68.204689  71.980934  72.942184  70.921875  66.571251  60.024689  52.634216  45.354843  37.961720  30.665470  24.611092 
 25.876873  33.710625  41.649063  49.601410  57.560783  65.307190  71.738747  75.578903  76.572815  74.655312  70.063591  63.062965  55.197655  47.423283  39.778126  32.163906  25.663696 
 26.180576  34.073280  41.938908  49.995628  58.037971  65.972504  72.472969  76.212189  77.225624  75.387184  71.316406  64.176407  56.222809  48.420158  40.509064  32.677811  26.074062 
 25.762554  33.264843  40.966564  48.628754  56.387032  64.024689  70.418907  74.286873  75.171562  73.390778  69.293434  62.428909  54.722969  47.201405  39.558750  32.069843  25.700470 
 24.302658  31.547031  38.806717  46.076096  53.072189  59.933746  65.749222  69.566559  70.474373  68.716248  64.489372  58.439842  51.525780  44.699219  37.577499  30.491718  24.511093 
 22.379635  28.888596  35.647499  42.296093  48.512657  54.317184  59.168594  62.391090  63.300629  61.961716  58.434685  53.324532  47.386406  41.211563  34.589844  27.973751  22.767082 
 20.523907  25.773281  31.843437  37.913437  43.358749  48.074684  52.007965  54.600471  55.359840  54.270470  51.481720  47.466721  42.474220  36.872189  30.847500  24.910156  21.232029 
 19.587601  22.839687  27.640938  33.038124  38.011250  42.076717  45.224842  47.125000  47.750156  46.941875  44.693283  41.285625  36.975155  32.000626  26.583752  22.136562  20.302811 
 18.887604  21.106773  24.181770  28.635628  33.073334  36.874428  39.601719  41.241669  41.702030  41.010628  39.090572  36.323544  32.417034  27.817291  23.462082  21.128647  20.164482 
 } 


 White Balance Data with optical Center Data
 r_center_x =  622 r_center_y =  479 
 gr_center_x =  634 gr_center_y =  470 
 b_center_x =  625 b_center_y =  491 
 gb_center_x =  626 gb_center_y =  472 
 r/gr 0.861938 
 b/gr 0.415209 
 gb/gr 0.998976 
 r_oc_ave 160.795563 
 b_oc_ave 77.457779 
 gr_oc_ave 186.551117 
 gb_oc_ave 186.360001 

 [AWB]
 RGr =  0.861938 
 BGr =  0.415209 
 GbGr =  0.998976 
 r_oc_ave =  160.795563 
 b_oc_ave =  77.457779 
 gr_oc_ave =  186.551117 
 gb_oc_ave =  186.360001 