 LEFT LENS SHADING DATA
 RED Channel
 {
 39.450623  42.607288  47.412968  55.145157  63.441452  70.813858  76.458900  79.761925  80.671295  78.999840  75.123070  69.346092  61.859894  53.951355  46.283749  41.837917  39.270416 
 41.870625  47.063126  55.543594  65.692032  75.505623  84.104691  91.077034  95.640472  96.784843  94.436722  89.595779  82.231720  73.445313  63.888435  53.926247  45.888748  41.453335 
 43.697342  52.560471  63.797813  75.635315  86.891563  97.208122  105.937813  111.831566  113.603592  110.543747  104.041252  94.777969  84.274529  73.226410  61.749847  51.032028  43.201824 
 46.684631  58.341095  71.312500  84.460159  97.447342  110.017029  120.664841  128.209061  130.607651  126.839844  118.600784  106.944534  94.423752  81.682816  68.870941  56.450935  46.133442 
 50.068909  63.139534  77.321877  91.811722  106.648125  120.885941  133.918594  142.500473  145.148132  140.976868  131.416245  117.713593  102.850784  88.646095  74.535469  60.970467  48.924843 
 52.409592  66.348747  81.102501  96.791405  113.032349  129.096100  143.116089  152.225159  154.621719  150.426254  140.409531  125.430786  108.915627  93.247032  78.360153  64.070000  50.907089 
 53.283646  67.582809  82.580940  98.849373  115.468597  132.296097  146.527191  155.567184  158.021088  153.883118  144.464539  129.006088  112.083908  95.686096  80.078438  65.218903  51.883698 
 52.384224  66.509842  81.201561  96.717346  113.047653  129.076874  143.097809  152.096725  154.570465  150.440155  140.923431  125.809525  109.179375  93.527969  78.506096  64.219841  51.230888 
 50.158440  63.305939  77.322342  91.738747  106.646408  121.268753  133.895935  142.518753  145.199066  141.035156  131.386871  118.051880  103.375938  88.996094  75.049530  61.451561  49.318230 
 46.819786  58.338127  71.314377  84.531097  97.367966  109.868904  120.565475  127.839218  130.160461  126.859222  118.625626  107.500313  94.890778  82.233749  69.414841  56.897972  46.451092 
 44.266773  52.717186  64.098747  75.920158  87.354691  97.519379  106.270935  112.084213  113.846252  111.136253  104.576721  95.572502  85.153435  73.999374  62.433281  51.545937  43.859272 
 42.742970  47.564842  55.830315  65.999687  75.882034  84.631561  91.699371  96.259689  97.634377  95.525002  90.584534  83.230003  74.358749  64.664063  54.554840  46.614220  42.393593 
 40.394218  44.010471  48.196564  55.780518  64.284737  71.184059  77.253120  80.845528  82.117287  80.612915  76.653908  70.787079  63.300835  54.862816  47.395466  43.150677  40.558590 
 } 
 GR Channel
 {
 50.217812  54.884895  60.576248  69.594063  78.709435  86.682289  92.652397  96.293388  97.319527  95.426094  91.298859  84.934380  76.998589  68.369942  59.586617  54.216766  50.450935 
 54.137398  60.754059  70.582497  82.024063  92.855469  102.219376  109.669060  114.519836  115.838913  113.374222  108.170937  100.488129  90.959221  80.345154  69.055153  59.524689  53.815102 
 56.866570  67.570313  80.471565  93.713905  106.066559  117.466095  126.902817  133.360931  135.277496  132.145782  125.328598  115.201401  103.643753  91.465309  78.472809  66.017654  56.237450 
 60.737289  74.374374  89.095154  103.849533  118.351257  132.289215  144.179688  152.384064  154.923904  151.183899  142.386246  129.556870  115.266876  101.145157  86.804840  72.584373  60.064377 
 64.665108  79.830940  95.928123  112.123749  128.663132  144.966095  159.397812  168.780319  171.737656  167.193756  156.900620  141.502502  124.590942  108.619377  92.944534  77.680153  63.824532 
 67.552917  83.667503  100.307968  117.706100  135.972031  154.226089  169.957031  179.582184  181.644379  177.207962  166.731247  150.142654  131.698593  113.962662  97.402969  81.255623  65.944794 
 68.427505  85.008751  101.992966  120.117340  138.774689  158.002502  173.776871  183.159058  185.375000  181.228592  171.496399  154.705002  135.578751  117.146713  99.597656  82.762032  67.256821 
 67.458130  83.943123  100.575783  117.820618  136.348434  154.592499  169.886871  179.402649  181.945786  177.920944  168.044525  151.205307  132.364059  114.618744  97.775467  81.615311  66.421562 
 64.583389  80.287346  96.141090  112.357346  129.071091  145.496719  159.606400  168.883286  171.713913  167.426086  157.127975  142.222656  125.702347  109.537186  93.773438  78.342499  64.111664 
 60.662971  74.448593  89.371094  104.329842  118.400787  132.387817  144.330002  152.321564  154.846725  151.334839  142.599686  130.200150  116.064377  101.943909  87.423439  72.945313  60.564484 
 57.214745  67.867035  81.075470  94.523285  106.782814  117.918747  127.761566  134.231094  136.112808  133.235306  126.287811  116.375305  104.963593  92.494843  79.301247  66.745941  57.339691 
 54.785210  61.499374  71.409378  83.051094  93.777809  103.298279  111.079689  116.158127  117.641724  115.273438  109.927658  102.155159  92.472504  81.571877  70.127815  60.582184  54.960518 
 50.946037  56.485207  62.095627  70.771713  80.161987  87.903908  94.550522  98.519371  100.058174  98.283852  93.867867  87.577034  79.249168  69.858536  61.156982  55.874268  51.745941 
 } 
 GB Channel
 {
 50.656921  55.262337  61.277298  70.421097  80.290100  88.711922  95.154892  98.979271  100.216713  98.007034  93.668533  87.023750  78.583801  69.186142  60.143906  54.610161  50.917656 
 54.205681  60.921722  71.089378  82.989220  94.190941  104.067970  112.051559  117.330933  118.719849  116.146408  110.729378  102.300003  92.234840  81.125313  69.355782  59.522034  53.941826 
 56.654587  67.417503  80.608910  94.236092  107.195465  119.041092  128.895309  135.760941  137.940628  134.619370  127.455475  116.820007  104.782341  91.965782  78.495155  65.635941  56.011772 
 59.977707  73.851875  88.894218  103.949532  118.945160  133.359680  145.683441  154.352493  157.199692  153.337036  144.149841  130.932037  115.954224  101.271095  86.501251  71.874374  59.429375 
 63.636765  78.982185  95.132500  111.651093  128.634064  145.188431  160.118744  170.049530  173.261719  168.632660  158.016556  142.184067  124.725006  108.206566  92.164528  76.522346  62.556717 
 66.181145  82.354065  99.054535  116.720627  135.103912  153.654846  169.683746  179.810944  182.264374  177.893280  167.004379  150.199371  131.279694  113.153442  96.249847  79.904686  64.462189 
 67.070518  83.528435  100.469376  118.653748  137.468750  156.756561  172.809998  182.537659  185.327499  180.956558  171.189056  154.224533  134.740005  115.977341  98.119217  81.127968  65.633179 
 65.897141  82.291092  98.885002  116.088440  134.782028  153.009537  168.530472  178.577820  181.518600  177.396255  167.320618  150.354218  131.336243  113.371094  96.197968  79.926872  64.833122 
 63.219162  78.678749  94.525154  110.695000  127.484375  143.987808  158.289688  168.042496  171.029999  166.956879  156.463287  141.314850  124.551559  108.157028  92.145309  76.710938  62.539680 
 59.298859  73.147186  88.048126  102.824371  117.168121  131.020935  143.196411  151.568283  154.265152  150.742813  141.831726  129.312195  114.901093  100.598122  85.918434  71.479843  59.009636 
 56.340469  66.752342  79.975159  93.389534  105.770782  117.002808  127.016556  133.622498  135.671402  132.761566  125.704529  115.580154  103.954842  91.290939  78.039063  65.455467  56.082756 
 54.025887  60.687347  70.650467  82.275314  93.173279  102.788124  110.723747  115.868118  117.370621  115.021713  109.559219  101.567032  91.725624  80.773285  69.123749  59.582184  54.128021 
 50.519218  55.848808  61.313179  70.347397  79.789742  87.635628  94.474167  98.426872  99.982712  98.329430  93.940262  87.215988  78.656464  69.184746  60.437920  55.122192  51.272606 
 } 
 B Channel
 {
 17.652706  19.491875  22.202446  26.481148  30.985832  34.762604  37.589638  39.237240  39.643909  38.651405  36.826721  33.796513  29.984531  25.798695  21.504894  18.895000  17.542915 
 19.286457  22.164375  26.807655  32.310314  37.402500  41.799686  45.158592  47.323280  47.730782  46.507030  44.121094  40.521717  36.106407  31.127655  25.750313  21.318748  19.159168 
 20.596878  25.341873  31.479061  37.694687  43.417187  48.493439  52.626404  55.396248  56.038750  54.545937  51.443748  46.897968  41.717030  36.135468  30.062344  24.345779  20.352657 
 22.355469  28.561092  35.522655  42.341408  48.793434  54.788910  59.804222  63.215469  64.182503  62.418594  58.479691  52.812500  46.584686  40.347343  33.779530  27.355469  22.077343 
 24.061142  31.137814  38.485001  45.878437  53.103127  59.983597  65.899216  69.783279  70.797813  68.827812  64.495781  57.802345  50.589531  43.618908  36.600468  29.740623  23.871456 
 25.187397  32.772812  40.353905  48.097031  55.924690  63.536247  69.923904  73.819061  74.674065  72.766563  68.226875  61.074371  53.278435  45.687813  38.374374  31.267967  25.030262 
 25.509583  33.213749  40.990623  48.877502  56.834534  64.760628  71.157814  74.993904  75.866409  74.066093  69.792343  62.541718  54.523590  46.827656  39.097187  31.754375  25.451042 
 24.906040  32.559376  40.233593  47.797501  55.587341  63.256248  69.583435  73.431252  74.238434  72.406563  68.205467  61.204689  53.260002  45.686092  38.281563  31.235626  25.048542 
 23.495937  30.805939  38.145782  45.368282  52.534531  59.418121  65.260941  68.985779  69.925468  67.985001  63.604530  57.347656  50.346718  43.467968  36.434532  29.728592  23.855053 
 21.792137  28.063595  34.999374  41.752968  48.037811  53.869064  58.818283  62.040779  62.926559  61.416092  57.597031  52.369217  46.374218  40.184063  33.599064  27.210625  22.230625 
 20.150677  25.046719  31.209843  37.403282  43.055000  47.898438  51.970467  54.601250  55.307655  53.982346  50.953438  46.712658  41.645939  36.029842  29.938751  24.348125  20.622707 
 19.133595  22.059219  26.679375  32.173283  37.177811  41.547813  44.837658  47.004532  47.582657  46.530468  44.096092  40.583439  36.185158  31.102970  25.734688  21.448593  19.620052 
 17.936924  20.264011  22.790211  27.077240  31.641979  35.363644  38.408279  40.171825  40.757030  40.000259  37.929218  34.836353  30.882866  26.320259  22.148022  19.880466  18.697132 
 } 


 White Balance Data with optical Center Data
 r_center_x =  654 r_center_y =  483 
 gr_center_x =  621 gr_center_y =  484 
 b_center_x =  638 b_center_y =  478 
 gb_center_x =  658 gb_center_y =  493 
 r/gr 0.853938 
 b/gr 0.409753 
 gb/gr 0.998757 
 r_oc_ave 158.839996 
 b_oc_ave 76.217781 
 gr_oc_ave 186.008896 
 gb_oc_ave 185.777771 

 [AWB]
 RGr =  0.853938 
 BGr =  0.409753 
 GbGr =  0.998757 
 r_oc_ave =  158.839996 
 b_oc_ave =  76.217781 
 gr_oc_ave =  186.008896 
 gb_oc_ave =  185.777771 