 LEFT LENS SHADING DATA
 RED Channel
 {
 40.030212  43.344791  48.305519  56.329941  64.667183  71.724220  77.366776  80.607285  81.630989  80.095573  76.179276  69.893906  62.658066  54.627602  46.972916  42.662708  39.978542 
 42.598957  47.854374  56.712189  66.995155  76.929688  85.622345  92.562187  97.070625  98.199532  95.960785  91.218437  83.252029  74.483284  64.825935  54.610001  46.451874  42.073124 
 44.572186  53.440941  65.026878  77.155159  88.674065  99.137497  108.016090  113.885620  115.501556  112.665787  106.021095  96.404221  85.545624  74.363129  62.548904  51.685783  43.633076 
 47.622391  59.305313  72.400467  86.008438  99.375465  112.125000  123.154526  130.884995  133.018127  129.190628  120.670944  108.823441  95.752502  82.763283  69.617813  57.001877  46.220211 
 50.790779  64.058907  78.254532  93.269066  108.645782  123.324844  136.469849  145.302185  147.682037  143.338440  133.642975  119.663757  104.228905  89.440315  74.988594  61.313904  49.103279 
 52.966560  67.221565  82.160469  98.191093  114.902496  131.406723  145.612503  154.756256  156.891251  152.789368  142.392502  127.129059  110.293747  93.962502  78.581406  64.294060  51.240318 
 53.733803  68.336090  83.746246  100.239059  117.441101  134.511719  148.840942  157.952347  160.277817  156.294846  146.625626  130.782501  113.325943  96.429062  80.291718  65.306564  51.795731 
 53.154007  67.180466  82.409843  98.358749  114.905151  131.216095  145.369843  154.388748  156.960159  152.996094  143.203598  127.553589  110.501251  94.277657  78.880157  64.323906  51.119530 
 50.756973  64.151566  78.375465  93.452660  108.547028  123.278900  136.146408  144.741562  147.275940  143.048431  133.401718  119.739059  104.381874  89.792343  75.221252  61.554688  49.290100 
 47.636768  59.363434  72.447029  86.162346  99.061562  111.721718  122.377808  129.984680  132.109070  128.602966  120.238754  108.721405  95.722191  82.834999  69.470627  56.982971  46.296093 
 45.063175  53.796722  65.267029  77.225471  88.903595  99.011093  107.809532  113.787186  115.497971  112.611725  106.001877  96.723122  85.963440  74.571404  62.481094  51.679688  43.878437 
 43.403904  48.578278  56.940781  67.309219  77.334534  86.000778  92.845001  97.540001  98.698441  96.572968  91.523590  84.122185  75.034065  65.068909  54.760002  46.743908  42.364944 
 40.798077  44.528076  48.840569  56.534431  64.944328  72.122238  77.815834  81.536247  82.572189  80.948181  76.995056  71.036362  63.226563  54.660362  47.172497  42.944115  40.137032 
 } 
 GR Channel
 {
 50.075157  55.273903  61.535881  70.568024  79.783440  87.536560  93.582031  96.869431  98.000206  96.515358  92.655838  86.192757  78.539948  69.648338  60.975258  55.512398  51.796974 
 54.538078  61.492035  71.824844  83.462189  94.090935  103.285309  110.595154  115.247971  116.623123  114.441406  109.697502  101.607971  92.593903  82.063751  70.529221  60.876564  55.226143 
 57.799629  68.463593  81.576561  94.918121  107.166565  118.232346  127.515320  133.754532  135.658432  132.854996  126.333588  116.501099  105.097656  93.190941  80.015778  67.409531  57.485573 
 61.707863  75.445160  90.139221  104.908279  119.082809  132.594223  144.395004  152.604538  155.073593  151.452347  142.946091  130.682495  116.596100  102.700623  88.283127  73.886566  60.935730 
 65.424164  81.011253  96.918434  112.925934  129.432190  145.246399  159.120621  168.659058  171.312027  167.339066  157.526245  143.002808  126.440002  110.538910  94.746872  79.137032  64.760574 
 68.285782  84.901405  101.410469  118.426254  136.137344  154.104538  169.346100  179.274216  181.750778  177.916565  167.659851  151.730621  133.459839  115.780151  99.097191  82.832031  67.232658 
 69.129532  86.196404  103.112190  120.651093  138.899368  157.516403  172.956879  182.992188  185.547806  181.921722  172.529221  155.908752  137.286255  118.967972  101.373436  84.183746  68.216248 
 68.315941  84.709686  101.610939  118.562805  136.205933  153.925781  169.402817  179.243744  182.222961  178.397964  168.929535  152.494690  134.038284  116.237350  99.464378  82.956253  67.181664 
 65.581139  81.181564  97.147499  113.358124  129.448288  145.563751  159.546722  169.123749  172.115784  168.073441  158.439056  143.687347  127.164368  111.107971  95.079529  79.513435  64.907600 
 61.566620  75.461403  90.233437  105.220467  119.211716  132.861404  144.699997  152.920944  155.651871  152.219055  143.817505  131.523132  117.515625  103.363281  88.426094  74.003593  61.115051 
 57.935776  68.840157  81.898285  95.232811  107.872810  119.033752  128.381088  134.910461  137.057037  134.201096  127.589539  117.809692  106.294998  93.750000  80.091560  67.596718  57.860260 
 55.523438  62.427185  72.227501  83.880470  94.871407  104.469688  111.841560  116.868912  118.380783  116.282501  111.129845  103.413437  93.654846  82.589996  70.789063  61.331566  55.729057 
 51.690102  56.925514  62.364586  71.116928  80.459946  88.415100  94.641151  98.462868  100.004738  98.342499  94.120468  87.839272  79.646721  69.970833  61.391975  56.250725  52.493645 
 } 
 GB Channel
 {
 49.965782  55.202034  61.846092  71.354736  81.006660  89.241821  95.733437  99.374641  100.680519  99.104317  94.876099  87.890312  79.431297  69.972870  60.866516  55.474838  51.529427 
 54.017036  61.022659  71.614220  83.582031  94.782501  104.430779  112.210938  117.224838  118.758438  116.463287  111.351715  102.825310  93.136093  82.065155  70.161720  60.281715  54.604431 
 56.693283  67.547653  81.025002  94.609222  107.389847  118.910934  128.744217  135.302505  137.402344  134.549057  127.746399  117.306244  105.240471  92.805000  79.279533  66.271873  56.412712 
 60.269272  74.162186  89.091873  104.107498  118.789993  132.731247  144.973907  153.673752  156.322037  152.639374  143.778442  130.821869  116.317657  101.898903  87.086090  72.455780  59.479317 
 63.706253  79.328751  95.244530  111.513596  128.298279  144.523285  159.071091  169.090775  172.054382  167.986557  157.702347  142.771255  125.529373  109.082657  93.041718  77.282501  62.808327 
 66.076347  82.727188  99.257965  116.310623  134.438126  152.643753  168.390625  178.688126  181.710785  177.794525  167.149994  150.865158  132.152496  113.940475  96.957497  80.563904  64.852867 
 66.906822  83.623283  100.655785  118.122650  136.550003  155.463593  171.437973  181.789215  184.872818  181.117966  171.468903  154.499847  135.542496  116.734222  98.883591  81.800781  65.712242 
 66.112503  82.293747  99.074371  116.043121  133.921402  151.871872  167.682495  178.019058  181.240311  177.563431  167.887192  151.037338  132.195160  114.056717  97.127190  80.560471  65.026100 
 63.469841  78.960472  94.726875  111.028748  127.343903  143.707809  158.144684  168.067032  171.418900  167.418121  157.430618  142.447037  125.479065  109.102654  93.021095  77.324684  62.720520 
 59.875572  73.568283  88.239220  103.307968  117.521561  131.477966  143.571091  152.200943  155.106247  151.738281  143.153748  130.453430  116.170471  101.682655  86.515472  72.082031  59.291817 
 56.577080  67.382500  80.411407  93.879684  106.680000  117.935623  127.771881  134.595154  136.918442  134.130463  127.182495  117.175156  105.238129  92.433746  78.555153  65.962189  56.450104 
 54.375732  61.309059  71.177971  83.035622  94.176247  103.868439  111.644684  117.006088  118.727493  116.542816  111.272346  103.122971  93.047501  81.628441  69.648590  60.080780  54.711823 
 50.936981  56.254486  61.646507  70.665207  80.340836  88.378853  94.969688  99.239639  100.648750  99.291145  94.495056  88.052757  79.382500  69.456352  60.499634  55.484322  51.783905 
 } 
 B Channel
 {
 17.961826  19.799740  22.653851  27.135937  31.728645  35.536407  38.457760  40.197136  40.315468  39.529324  37.572968  34.538227  30.620781  26.191822  21.871876  19.394272  18.030941 
 19.660988  22.589531  27.375938  32.985939  38.201561  42.645782  46.079220  48.349846  48.614845  47.335781  45.001095  41.242813  36.853905  31.799530  26.273125  21.709686  19.569687 
 20.862968  25.803593  31.977188  38.303593  44.071251  49.258438  53.410622  56.252342  56.846252  55.200783  51.978592  47.584530  42.319218  36.705002  30.504688  24.605156  20.599949 
 22.595940  29.029686  35.909374  42.709061  49.232498  55.426094  60.474220  64.079529  64.935310  62.807503  58.831718  53.290154  47.103748  40.789688  34.155937  27.545311  22.076561 
 24.260155  31.479530  38.782501  46.127968  53.450470  60.394379  66.382187  70.352341  71.436562  69.172813  64.503754  57.984528  50.906563  43.925312  36.803593  29.762188  23.805107 
 25.461773  33.023438  40.645782  48.237343  56.047340  63.726097  70.129372  74.067497  75.099846  73.071251  68.325310  61.152496  53.448441  45.836407  38.432186  31.315937  24.843021 
 25.823124  33.399376  41.278908  49.015625  56.832031  64.680466  71.144844  74.988907  76.216873  74.220154  69.828278  62.509842  54.641403  46.883125  39.161564  31.766251  25.268330 
 25.401615  32.660156  40.343124  47.883125  55.467346  62.831406  69.176720  73.020935  74.204529  72.533127  68.138435  60.954216  53.108284  45.590782  38.260780  31.170780  24.869324 
 24.025311  30.916561  38.093906  45.360939  52.379372  59.051407  64.742188  68.601097  69.802032  67.991409  63.626877  57.289063  50.190155  43.410156  36.423283  29.618126  23.802288 
 22.091354  28.205936  34.939529  41.645000  47.772812  53.514374  58.247658  61.613129  62.562500  61.234528  57.473747  52.150940  46.090000  39.974998  33.381561  27.095470  22.044426 
 20.367241  25.163280  31.005627  37.115780  42.701405  47.517654  51.347969  54.040001  54.855003  53.685158  50.743591  46.466721  41.334530  35.762344  29.721405  24.173752  20.554996 
 19.403648  22.135311  26.536720  31.818748  36.896561  41.161407  44.303280  46.467812  47.025467  46.124844  43.842030  40.324688  35.894531  30.833126  25.514374  21.348751  19.611664 
 17.807396  19.848228  22.110256  26.100414  30.486145  34.149532  37.003490  38.762398  39.296097  38.724636  36.841408  33.827187  29.918903  25.438126  21.381878  19.280834  18.321251 
 } 


 White Balance Data with optical Center Data
 r_center_x =  621 r_center_y =  481 
 gr_center_x =  637 gr_center_y =  487 
 b_center_x =  636 b_center_y =  466 
 gb_center_x =  652 gb_center_y =  481 
 r/gr 0.864482 
 b/gr 0.410398 
 gb/gr 0.999475 
 r_oc_ave 160.951111 
 b_oc_ave 76.408890 
 gr_oc_ave 186.182220 
 gb_oc_ave 186.084442 

 [AWB]
 RGr =  0.864482 
 BGr =  0.410398 
 GbGr =  0.999475 
 r_oc_ave =  160.951111 
 b_oc_ave =  76.408890 
 gr_oc_ave =  186.182220 
 gb_oc_ave =  186.084442 