 LEFT LENS SHADING DATA
 RED Channel
 {
 40.379429  44.436512  49.205048  56.947350  65.429527  72.609840  78.083542  81.185829  82.114326  80.611351  76.805420  70.829742  63.325516  54.998390  47.581978  43.178123  40.371040 
 43.136513  48.504219  57.062347  67.360466  77.357658  85.944221  92.713127  96.872498  98.068283  95.978439  91.186249  83.554535  74.667191  64.918594  55.001564  46.949375  42.137711 
 45.123802  54.052345  65.355003  77.347809  88.967812  99.163910  107.639847  113.350159  115.044373  112.183121  105.777969  96.457497  85.639534  74.434372  62.879219  52.011871  43.705212 
 48.349998  59.906250  72.892342  86.418907  99.786560  112.042496  122.842026  130.150162  132.422028  128.680161  120.476257  108.901405  95.920471  82.967346  69.929840  57.433746  46.468334 
 51.554588  64.817497  79.029221  93.958908  108.964531  123.494995  136.347961  145.036407  147.434692  143.259064  133.647812  119.835785  104.563591  89.829689  75.659218  61.962029  49.443077 
 53.662865  67.907654  82.947029  98.768906  115.150620  131.489059  145.652496  154.687805  157.138596  152.895630  142.758911  127.407349  110.522034  94.524529  79.457657  64.970154  51.356201 
 54.367661  69.034531  84.555779  100.793907  117.491089  134.496246  148.862808  158.208755  160.675308  156.548279  146.958908  131.031403  113.554382  96.842972  81.094215  66.143906  52.329948 
 53.639114  68.061409  83.106873  98.829529  115.188126  131.373276  145.606567  154.747345  157.374222  153.184692  143.672180  127.836411  110.722343  94.850937  79.576721  65.179840  51.775055 
 51.524796  65.093124  79.360153  94.034065  108.871872  123.562027  136.432037  145.118912  147.690628  143.318130  133.779221  119.971878  104.709373  90.240784  75.899529  62.398750  49.620422 
 48.326195  60.265160  73.387184  86.710159  99.740158  112.026413  122.711243  130.233444  132.476715  129.061401  120.584213  109.060783  96.107346  83.408752  70.345467  57.793434  46.740528 
 45.607605  54.665939  66.044685  77.953903  89.431252  99.545784  108.106873  114.080627  115.924377  113.051086  106.310783  97.091095  86.461090  75.163284  63.437035  52.390472  44.016510 
 43.793438  49.172188  57.588593  67.915154  77.814377  86.411247  93.374062  97.814529  99.275467  97.130470  91.950157  84.587967  75.577812  65.735153  55.550934  47.305626  42.382290 
 41.328438  44.836353  49.346718  57.158287  65.478127  72.526245  78.316986  81.891403  82.951096  81.395264  77.097862  71.276932  63.515732  55.316612  47.685944  43.389793  40.040627 
 } 
 GR Channel
 {
 50.608070  56.280983  62.311302  71.278542  80.992188  88.864479  94.584953  97.989998  98.853806  96.740883  92.666359  86.460365  78.217239  68.690262  59.986252  54.842819  50.988235 
 54.825157  61.830780  72.003593  83.893127  95.088440  104.317810  111.286407  115.706253  116.828598  114.333588  109.319687  101.340157  91.557030  80.644218  69.068748  59.392815  53.528648 
 58.013023  68.770935  81.992188  95.712502  108.523903  119.344681  128.084061  134.028122  135.550934  132.456558  125.808594  115.947189  104.214218  91.731873  78.562347  65.559685  55.513443 
 62.102089  75.989998  91.026093  106.100784  120.623596  133.746872  145.038589  152.420776  154.523285  150.529068  142.078903  129.855774  115.910309  101.423904  86.787346  72.021873  58.977707 
 65.981148  81.866562  98.213280  114.514847  130.710007  146.179062  159.551407  168.421875  170.884689  166.459213  156.779694  142.267807  125.640930  109.462654  93.468903  77.468750  62.339577 
 68.689476  85.709061  102.922653  120.072342  137.673752  154.968445  169.764999  178.891098  181.237183  176.902817  166.724213  150.720306  132.384537  114.846558  97.833908  81.100784  64.740990 
 69.569695  87.023438  104.705780  122.281250  140.140320  158.156403  173.061249  182.652649  184.818283  180.606094  171.323288  154.650467  135.850006  117.552963  99.815315  82.444687  65.830521 
 68.599693  85.897186  102.943436  119.873596  137.274689  154.544998  169.678909  179.005463  181.506409  177.333282  167.661560  151.231400  132.657654  115.039063  97.974686  81.278748  64.912086 
 65.942818  82.241562  98.488747  114.414536  130.452347  145.871719  159.581100  168.631882  171.343124  166.858124  156.782349  142.337814  125.708588  109.595314  93.459686  77.763748  62.458755 
 62.006920  76.405472  91.300003  106.082497  120.114059  133.162186  144.625305  152.406876  154.967819  151.364380  142.380005  130.035934  116.002655  101.790154  86.938126  72.341248  59.025841 
 58.515831  69.665001  82.784843  95.952499  108.309845  119.156876  128.419067  134.558746  136.592972  133.561722  126.460007  116.535156  104.852028  92.274216  78.791878  65.850624  55.770630 
 55.744743  62.679535  72.527809  84.184372  94.976715  104.252502  111.731873  116.478119  117.934692  115.482193  109.914375  101.960472  92.209999  81.113434  69.333435  59.663437  53.552193 
 51.477654  56.626823  61.980316  71.060204  80.215263  88.113747  94.267708  98.003120  99.053856  97.067604  92.619370  86.271927  77.815002  68.427605  59.759270  54.598015  50.376358 
 } 
 GB Channel
 {
 50.943436  56.621353  62.921974  72.453125  82.622917  91.142448  97.672661  101.302086  102.298439  100.117813  95.911873  89.013748  79.980682  69.993698  60.676826  55.099060  51.359482 
 54.422188  61.662186  72.195313  84.714378  96.561249  106.473907  114.142029  118.946243  120.302185  117.675308  112.236877  103.526253  93.157967  81.465157  69.453278  59.326561  53.336975 
 57.054840  68.144218  81.798279  96.059685  109.544998  121.142502  130.661087  137.072037  138.730164  135.474060  128.427185  117.815002  105.445465  92.267967  78.450783  65.137344  54.927971 
 60.638382  74.741096  90.193748  105.904686  121.004059  134.887497  146.856873  154.858276  157.299057  153.096725  144.274994  131.363434  116.737808  101.626717  86.302185  71.251404  57.872032 
 63.956825  80.112030  96.820938  113.668442  130.479218  146.520004  160.679535  170.067032  172.965622  168.355469  158.251877  143.195938  125.812347  109.022034  92.589378  76.256096  61.001305 
 66.344536  83.512657  101.029686  118.567657  136.591400  154.587494  169.855164  179.696243  182.395630  178.023743  167.507965  150.770004  131.934525  113.871246  96.448753  79.531097  62.965050 
 66.808228  84.660309  102.392342  120.220474  138.559067  157.138123  172.540466  182.541092  185.141876  181.000305  171.401566  154.327499  135.007813  116.223434  98.141403  80.571251  63.819580 
 66.045418  83.361252  100.537498  117.686096  135.520004  153.357193  168.870316  178.709061  181.612503  177.514694  167.585159  150.458755  131.523743  113.463440  96.158592  79.316719  62.999428 
 63.677193  79.948441  96.253906  112.319382  128.725937  144.588593  158.858902  168.254684  171.442963  166.778595  156.536880  141.627808  124.554840  108.220779  91.819687  75.983284  60.538910 
 60.122711  74.410622  89.430000  104.287186  118.615936  132.237808  143.917816  152.224380  154.762192  151.285309  142.258911  129.427963  115.122498  100.592812  85.538750  70.737968  57.387344 
 57.009903  68.014061  81.372498  94.811409  107.421562  118.698288  128.135468  134.631256  136.824692  133.685944  126.508286  116.070465  104.279533  91.359840  77.707657  64.617188  54.413857 
 54.643288  61.580154  71.555939  83.393906  94.581718  104.187035  111.902191  116.992340  118.600006  116.103287  110.270470  102.098595  91.983437  80.620628  68.627342  58.798126  52.480202 
 51.061623  55.880363  61.533852  70.807030  80.255264  88.403900  95.178436  98.982971  100.374580  98.405571  93.511925  86.837547  77.955109  68.321869  59.367142  53.991455  49.720619 
 } 
 B Channel
 {
 17.882809  20.415730  23.294426  27.874374  32.557396  36.313023  39.121040  40.698856  40.912395  40.131458  38.084793  35.070259  31.113022  26.535210  22.306770  19.736511  18.448181 
 19.372810  22.579063  27.547970  33.424374  38.724064  43.060936  46.258125  48.217186  48.586563  47.365623  45.090626  41.427967  36.848438  31.664375  26.188438  21.552967  19.259846 
 20.645367  25.738907  32.204376  38.811092  44.843906  49.742035  53.659218  56.099998  56.615936  55.145935  52.265312  47.821251  42.494843  36.634689  30.460781  24.395000  20.086666 
 22.435104  28.980938  36.346561  43.528282  50.161720  55.989685  60.848907  63.844841  64.548439  62.748909  59.164528  53.748749  47.479374  40.927967  34.121250  27.257187  21.620518 
 24.125988  31.653282  39.482655  47.128437  54.323280  60.982498  66.716721  70.175781  71.116409  69.247810  65.183441  58.883438  51.438126  44.186405  36.981251  29.592968  23.183594 
 25.309582  33.317501  41.509533  49.307190  56.986092  64.437653  70.495003  74.141716  75.090622  73.333908  69.030785  62.060783  54.110779  46.312500  38.737343  31.108124  24.216045 
 25.547344  33.916718  42.105000  49.902344  57.715622  65.341095  71.421722  75.225471  76.310471  74.617340  70.588280  63.373123  55.264374  47.322033  39.513439  31.549217  24.535679 
 25.270832  33.326248  41.159843  48.714844  56.315002  63.464844  69.714378  73.559845  74.658279  73.043907  69.027191  61.907654  53.934845  46.199062  38.625156  31.031406  24.143280 
 24.212502  31.707500  39.032032  46.162033  53.059532  59.653748  65.374847  69.150154  70.424690  68.552811  64.367500  58.037659  50.861404  43.823124  36.635937  29.474064  23.006977 
 22.524220  29.053593  35.800938  42.408279  48.476097  54.076248  58.945778  62.336403  63.488594  61.967812  58.124535  52.820938  46.662811  40.356407  33.703281  27.006874  21.344372 
 20.938591  25.852970  31.797031  37.765938  43.250938  48.112190  52.161560  54.854065  55.750778  54.427811  51.366096  47.019375  41.923595  36.253437  30.060001  24.060780  19.903492 
 19.802917  22.651249  26.991562  32.362968  37.337345  41.676720  45.007343  47.189377  47.818283  46.754845  44.296249  40.750313  36.319687  31.224842  25.796249  21.180939  18.698853 
 18.157917  19.878334  22.259899  26.418591  30.886299  34.601093  37.531715  39.273956  39.661823  38.792553  36.802502  33.840733  29.860519  25.491718  21.320419  18.904270  17.210522 
 } 


 White Balance Data with optical Center Data
 r_center_x =  624 r_center_y =  501 
 gr_center_x =  621 gr_center_y =  484 
 b_center_x =  652 b_center_y =  463 
 gb_center_x =  607 gb_center_y =  494 
 r/gr 0.869371 
 b/gr 0.411728 
 gb/gr 1.002756 
 r_oc_ave 161.235550 
 b_oc_ave 76.360001 
 gr_oc_ave 185.462219 
 gb_oc_ave 185.973328 

 [AWB]
 RGr =  0.869371 
 BGr =  0.411728 
 GbGr =  1.002756 
 r_oc_ave =  161.235550 
 b_oc_ave =  76.360001 
 gr_oc_ave =  185.462219 
 gb_oc_ave =  185.973328 