 LEFT LENS SHADING DATA
 RED Channel
 {
 39.970730  43.443645  48.412651  56.699799  64.956085  72.183701  77.896088  81.191986  82.183022  80.264008  76.411713  70.145935  62.397552  54.087715  46.452702  42.303383  39.368385 
 42.901562  48.057816  57.128281  67.663124  77.585472  86.333908  93.079216  97.466560  98.424690  96.266716  91.348595  83.679688  74.537346  64.439377  54.128128  45.974842  41.691719 
 45.017761  54.165466  65.782188  78.162033  89.521408  99.685158  108.318436  113.893433  115.594376  112.492966  106.053284  96.624687  85.747032  74.258591  62.154999  51.055466  43.096928 
 48.245628  60.265625  73.570313  87.116409  100.273903  112.521088  123.113754  130.469681  132.589371  128.807495  120.673126  108.709061  95.978905  82.806091  69.408905  56.436249  45.557087 
 51.351303  65.226097  79.652496  94.429535  109.517189  123.647507  136.385468  144.809845  147.398590  143.027817  133.436249  119.446243  104.327812  89.674065  74.968285  60.857498  48.446671 
 53.843590  68.429222  83.741409  99.480316  115.822037  131.974533  145.737656  154.533752  157.064850  152.720474  142.396408  127.042496  110.243439  94.257347  78.755623  63.972343  50.458389 
 54.867294  69.690628  85.419533  101.713127  118.423904  135.209061  149.418594  157.949997  160.559067  156.353119  146.597961  130.643906  113.180786  96.562347  80.342033  65.024841  51.179634 
 54.368286  68.648903  84.057343  99.905624  116.119690  132.204849  146.108444  154.957962  157.326569  153.094849  143.253281  127.620316  110.515625  94.382813  78.933128  64.082031  50.656822 
 52.165627  65.755623  79.972656  95.131874  109.980934  124.259064  136.983902  145.329376  147.655472  143.512817  133.752182  119.880310  104.577347  89.868126  75.331879  61.347343  48.760468 
 48.781403  60.937035  74.112503  87.641563  100.781097  113.009537  123.419846  130.513596  132.534683  129.046722  120.687195  109.237030  95.861565  83.012032  69.653908  56.758904  45.991619 
 45.666405  55.059532  66.729065  78.752502  90.370155  100.327660  108.676872  114.296722  115.875305  112.923126  106.251564  96.880936  85.953903  74.544846  62.455154  51.382660  43.423695 
 43.848541  49.331879  58.315315  68.887810  78.638123  87.404060  94.145782  98.189064  99.415154  97.086090  91.732971  84.164688  75.045311  64.995316  54.522346  46.363907  42.040363 
 41.326874  44.693958  49.725311  57.766563  66.113548  73.216141  78.815987  82.240311  83.097031  81.526306  77.117340  70.942604  63.092400  54.443649  46.803799  42.538280  39.812031 
 } 
 GR Channel
 {
 51.191406  55.792656  61.851517  71.125053  80.263496  87.857033  93.945679  97.222084  98.115677  96.091194  92.091766  85.915619  77.920158  68.775986  60.174118  55.128853  51.516769 
 55.504745  62.058281  72.579216  84.356094  95.037033  104.318909  111.346718  116.113754  117.086716  114.501404  109.533440  101.864372  92.112030  81.319534  69.608910  60.194687  54.906776 
 58.624329  69.539528  82.664215  96.304222  108.559372  119.686874  128.644379  134.686874  136.325470  133.011719  126.288589  116.799683  105.179222  92.554535  79.194374  66.357498  56.943748 
 62.615517  76.738434  91.657654  106.576408  120.849213  134.118118  145.484680  153.250778  155.435471  151.449219  143.010941  130.871094  116.913284  102.413750  87.499687  72.824997  60.089584 
 66.351303  82.576096  98.658279  114.895935  131.201569  146.686874  160.286087  168.972031  171.624222  167.222031  157.403595  143.037033  126.596405  110.477028  94.070625  78.089691  63.462189 
 69.566353  86.329689  103.468285  120.591400  138.337494  155.844681  170.469055  179.498596  181.996567  177.652649  167.247818  151.441879  133.446243  115.842346  98.634064  81.828278  65.889320 
 70.729271  87.618439  105.234062  122.977036  141.171402  159.142654  173.961243  182.918442  185.453125  181.477188  171.975464  155.654526  137.053131  118.864532  100.791405  83.104530  66.881409 
 69.952087  86.438751  103.392967  120.726715  138.323288  155.506409  170.364380  179.674057  181.955002  178.010620  168.527817  152.469055  133.906876  116.082657  98.806877  81.930153  66.083694 
 67.287910  82.910004  98.668747  115.359848  131.369370  147.012497  160.560150  169.748123  172.131256  168.058899  158.249069  143.652039  127.068130  110.823441  94.601410  78.545784  63.710571 
 62.988289  77.205154  91.856720  106.651718  121.044525  134.525162  145.898132  153.687500  155.919846  152.524216  144.050003  131.824371  117.231094  102.889847  88.046410  73.188438  60.233856 
 58.999115  70.225159  83.350471  96.554535  109.272812  120.184067  129.355621  135.683899  137.460938  134.533905  127.535782  117.550629  105.838905  93.192184  79.728905  66.830627  57.293953 
 56.563751  63.343750  73.594528  85.230782  95.882813  105.368904  112.728592  117.227814  118.767029  116.345474  110.753906  102.977654  93.137032  82.100624  70.345627  60.839691  55.490105 
 52.915413  57.465828  63.460579  72.441406  81.180305  89.022865  95.287971  98.778229  99.877235  98.162758  93.571617  87.446617  79.057236  69.647713  60.898544  56.009270  52.600105 
 } 
 GB Channel
 {
 50.938805  55.715050  62.234482  71.997498  81.603638  89.860680  96.429527  100.156456  101.121101  98.978539  94.708069  87.686882  79.069901  69.277649  60.281197  55.083336  51.146660 
 54.933388  61.633591  72.455315  84.693748  95.955315  105.770470  113.512650  118.470627  119.645462  116.996872  111.707031  103.358124  92.955315  81.498283  69.412659  59.639999  54.228752 
 57.662445  68.653908  82.116249  96.070625  108.835938  120.459061  130.052811  136.613586  138.376251  135.029068  128.052505  117.809998  105.485313  92.318436  78.470467  65.409218  55.904007 
 61.062660  75.445778  90.540154  105.744217  120.583588  134.288132  146.398590  154.696564  157.047653  152.992188  144.192963  131.330154  116.740631  101.662498  86.342812  71.521561  58.529068 
 64.423340  80.682503  96.985779  113.376404  130.156723  146.181412  160.220306  169.529694  172.554535  167.988907  157.887497  142.922028  125.918442  109.150314  92.477814  76.266403  61.597031 
 67.229950  83.996407  101.111717  118.466568  136.490936  154.409378  169.737503  179.255463  182.020157  177.665466  166.912186  150.833755  132.132813  114.068130  96.585312  79.666718  63.754425 
 68.262505  84.940002  102.460312  120.403442  138.783600  157.280319  172.561722  182.047806  184.893906  180.850937  171.115463  154.392502  135.437500  116.778900  98.384842  80.698593  64.604637 
 67.543907  83.693283  100.555939  118.100311  135.802505  153.449524  168.806564  178.557968  181.177811  177.242493  167.561249  151.027039  132.086868  113.811096  96.385002  79.394218  63.644012 
 64.761307  80.348595  96.093437  112.891876  129.198288  145.252655  159.395782  168.818130  171.413910  167.413284  157.343750  142.353745  125.412659  108.880470  92.399841  76.349686  61.531357 
 60.962807  75.072815  89.749687  104.742500  119.348755  133.098282  145.029999  153.200623  155.572815  152.139847  143.476563  130.808746  115.912338  101.287346  86.245155  71.294373  58.392708 
 57.360420  68.620003  81.882034  95.094688  108.190002  119.425156  128.972656  135.428589  137.473129  134.530472  127.166565  116.937500  104.790627  91.821564  78.273903  65.322029  55.725571 
 55.223801  62.159843  72.537659  84.303909  95.281250  105.117653  112.825150  117.644058  119.252182  116.758286  110.805153  102.767815  92.532814  81.227501  69.333595  59.723282  54.418907 
 52.007553  56.580887  62.725777  72.002029  81.047913  89.145363  95.848282  99.758232  100.804276  98.789742  94.157867  87.527817  78.895309  69.114586  60.275887  55.335579  52.131401 
 } 
 B Channel
 {
 17.681095  19.401093  22.214844  26.874638  31.320728  35.160522  38.131042  39.704529  40.075001  39.313282  37.232292  34.007866  30.154636  25.581875  21.366718  18.974163  17.515831 
 19.421925  22.229218  27.152969  32.881092  38.125313  42.478439  45.798126  47.895157  48.301247  47.205154  44.633125  40.952656  36.321095  31.154373  25.602345  21.150002  18.992916 
 20.656300  25.681095  31.841095  38.322811  44.070469  49.150627  53.194847  55.777031  56.415154  54.977501  51.782341  47.281876  41.931252  36.123905  29.848438  23.974533  20.039322 
 22.445259  28.942970  35.977501  42.847656  49.394218  55.249374  60.173592  63.551247  64.325157  62.524216  58.713280  52.971565  46.779530  40.358437  33.531250  26.887344  21.463802 
 24.181042  31.445625  38.964687  46.351093  53.662498  60.392189  66.213905  69.839378  70.934845  68.849373  64.505783  57.791405  50.464691  43.504375  36.207344  29.138596  23.062969 
 25.553230  32.971561  40.826717  48.550316  56.249847  63.760780  69.997971  73.726410  74.642502  72.662811  68.040001  60.976097  52.972504  45.373749  37.918594  30.597813  24.119064 
 25.910831  33.448750  41.366875  49.351563  57.158752  64.774376  70.991875  74.679062  75.606247  73.718903  69.490936  62.210625  54.088905  46.294220  38.617657  31.057968  24.523178 
 25.529686  32.844688  40.511562  48.289375  55.839844  63.014221  69.183594  72.949684  73.874847  71.956566  67.800003  60.783279  52.703903  45.014687  37.610001  30.376720  24.077759 
 24.210785  31.187656  38.367188  45.873749  52.790154  59.248123  64.917656  68.561722  69.497658  67.654373  63.351715  57.047966  49.768753  42.757343  35.694843  28.829220  22.930676 
 22.257969  28.564842  35.226250  41.953594  48.249847  53.801094  58.452812  61.572502  62.455467  60.949844  57.271248  52.027344  45.667187  39.358124  32.780781  26.396561  21.356144 
 20.452446  25.432655  31.363438  37.356720  43.095158  47.693127  51.470001  53.863434  54.625153  53.423279  50.355934  45.992970  40.789219  35.058437  29.059376  23.488438  19.871353 
 19.395992  22.270782  26.827499  32.152344  37.141876  41.322811  44.376095  46.197342  46.755157  45.858749  43.355625  39.754063  35.258751  30.175312  24.819843  20.709843  19.154636 
 17.961407  19.708908  22.249165  26.322968  30.623123  34.154900  36.981716  38.405056  38.927868  38.262920  36.048958  33.082813  29.134167  24.641563  20.617134  18.634636  17.942554 
 } 


 White Balance Data with optical Center Data
 r_center_x =  645 r_center_y =  486 
 gr_center_x =  628 gr_center_y =  488 
 b_center_x =  641 b_center_y =  444 
 gb_center_x =  636 gb_center_y =  484 
 r/gr 0.866076 
 b/gr 0.406831 
 gb/gr 0.996611 
 r_oc_ave 161.271118 
 b_oc_ave 75.755554 
 gr_oc_ave 186.208893 
 gb_oc_ave 185.577774 

 [AWB]
 RGr =  0.866076 
 BGr =  0.406831 
 GbGr =  0.996611 
 r_oc_ave =  161.271118 
 b_oc_ave =  75.755554 
 gr_oc_ave =  186.208893 
 gb_oc_ave =  185.577774 