 LEFT LENS SHADING DATA
 RED Channel
 {
 39.227917  42.517086  47.244167  54.749901  63.119217  69.927765  75.460632  78.943748  80.060158  78.589531  75.058174  69.399788  61.976295  53.899376  46.616879  41.985573  39.012657 
 42.017502  46.641251  55.116249  65.389061  75.267342  83.729218  90.660622  95.173752  96.513283  94.387657  89.751717  82.568123  73.774841  64.170624  54.343124  46.062031  41.415573 
 43.993801  52.091095  63.283592  75.259064  86.802658  97.043434  105.667656  111.806404  113.742493  110.809059  104.527809  95.404060  84.858597  73.623436  62.204689  51.299377  43.235210 
 46.962711  57.836876  70.547028  84.031097  97.394531  109.950470  120.729218  128.436569  130.956558  127.304993  119.074066  107.557968  95.008751  82.112968  69.153595  56.687653  46.130360 
 49.957710  62.753128  76.637497  91.226250  106.516251  121.165466  134.207336  142.937653  145.788284  141.593750  132.101868  118.448288  103.430939  88.910469  74.709221  61.126091  49.031723 
 52.074478  66.045311  80.689064  96.211876  112.807495  129.305618  143.584839  152.609528  155.235306  151.363754  141.444839  126.191879  109.437965  93.404999  78.450623  64.069061  51.157814 
 52.982819  67.252815  82.357971  98.373909  115.271881  132.337036  146.855469  156.174225  158.399368  154.709686  145.619537  129.835938  112.395462  95.934372  80.172501  65.198906  51.927452 
 52.227715  66.418121  81.179222  96.656250  112.999069  129.298126  143.664841  152.910309  155.248444  151.402496  142.197662  126.674225  109.649841  93.757813  78.752190  64.330780  51.350159 
 50.384476  63.337814  77.454216  91.930000  106.994064  121.569382  134.572037  143.427185  145.934525  141.515625  132.276871  118.793594  103.496872  89.215309  75.183907  61.694061  49.374062 
 47.470680  58.660469  71.595154  84.896408  97.861717  110.073441  120.985474  128.639526  130.682663  127.307037  119.285461  107.750313  95.051559  82.327660  69.592659  57.172813  46.564892 
 44.873753  53.226250  64.472809  76.365936  87.554840  97.725311  106.519531  112.357346  114.058899  111.297966  104.772186  95.671097  85.179688  74.165466  62.548279  51.758125  43.904793 
 43.351097  48.266716  56.458595  66.527496  76.185158  84.823906  91.834221  96.110313  97.458595  95.378441  90.302658  83.036560  74.371246  64.742035  54.801559  46.747501  42.254166 
 40.628593  44.376930  48.457962  55.924583  64.186615  71.115784  76.784843  80.106979  81.244217  79.694267  75.672867  69.937401  62.590828  54.504738  47.117397  43.056248  40.131668 
 } 
 GR Channel
 {
 49.855728  54.673233  60.670151  69.424950  78.858170  86.563797  92.401093  96.193596  97.228127  95.438385  91.589798  85.495674  77.349113  68.101929  59.643181  53.971672  50.087494 
 54.262810  60.427811  70.632034  82.446404  93.444221  102.578590  109.927971  114.646713  116.034378  113.559845  108.649376  100.975471  91.377655  80.596718  69.172966  59.349998  53.286247 
 57.316727  67.376091  80.409531  94.085472  106.954376  117.971725  126.965317  133.254837  135.285629  132.034683  125.452652  115.609375  104.086876  91.747185  78.737190  65.879845  56.001724 
 61.238129  74.509377  89.209846  104.314217  119.019836  132.686874  144.176254  152.264069  154.792343  150.965469  142.209381  129.769226  115.901718  101.637810  87.167503  72.705315  59.630730 
 65.114792  80.430626  96.225311  112.576569  129.192337  145.344223  159.380936  168.697037  171.441879  167.258911  157.145782  142.213120  125.709381  109.776878  93.794220  78.125153  63.516609 
 67.821304  84.414841  101.147812  118.194534  136.412338  154.512344  170.016098  179.544220  182.382813  178.170776  167.503433  150.919846  132.582184  115.142654  98.277809  81.773285  66.061821 
 68.944008  85.855469  103.049843  120.737350  139.056870  157.895782  173.652191  183.408127  185.885162  181.820007  172.223282  155.188278  136.248276  118.045944  100.470314  83.131721  67.226509 
 67.832085  84.663750  101.530624  118.604538  136.358276  154.380310  170.150467  179.796249  182.302963  178.198441  168.656876  151.815002  133.007507  115.452347  98.694061  82.082497  66.482918 
 65.333649  80.997810  97.291718  113.329376  129.720474  145.682663  159.884689  169.213745  171.852966  167.223587  157.460007  142.755463  126.080154  110.307030  94.477028  78.730469  63.820259 
 61.670471  75.244843  90.446091  105.257187  119.493118  132.939682  144.669220  152.766556  154.972031  151.413437  142.751877  130.306870  116.481247  102.392502  87.818123  73.269531  60.295570 
 58.296669  68.699997  81.992653  95.483597  107.954376  119.037338  128.242340  134.568283  136.255783  133.304214  126.362808  116.654694  105.368439  92.851097  79.513435  66.698906  56.775360 
 55.684113  62.383904  72.308281  84.115158  94.905472  104.336876  111.638596  116.395462  117.768600  115.430786  110.043594  102.381248  92.698128  81.747032  70.041565  60.359375  54.439789 
 51.496201  57.022873  62.386406  71.088699  80.516922  88.173965  94.373390  98.171097  99.048386  97.480988  93.040054  86.809586  78.495209  69.135574  60.351563  55.153542  51.111046 
 } 
 GB Channel
 {
 49.614319  54.293488  60.639275  69.916977  79.853806  87.971611  94.532555  98.728691  100.064888  98.464211  94.217918  87.504997  78.779579  69.250778  60.138962  54.267555  50.435471 
 53.555573  59.742035  70.113434  82.376564  94.076096  103.738907  111.503593  116.870163  118.634064  116.001099  110.917503  102.767502  92.558746  81.391403  69.534378  59.393593  53.169632 
 56.095680  66.242966  79.472809  93.401405  106.846092  118.504684  128.115311  135.069382  137.486404  134.312500  127.321243  117.031723  105.028122  92.251877  78.808441  65.684845  55.613800 
 59.577705  72.854378  87.757660  103.181091  118.358902  132.606567  144.908279  153.620789  156.641724  152.804062  143.808289  130.948746  116.460312  101.865471  86.994690  72.170624  59.040627 
 63.019638  78.386093  94.253593  110.767189  127.960632  144.633591  159.311569  169.345627  172.760620  168.610306  158.136246  142.902191  125.909225  109.427811  93.174843  77.267029  62.349327 
 65.491722  81.914841  98.630470  115.841095  134.357971  152.900162  169.137024  179.365005  182.753906  178.708435  167.909683  150.996567  132.272339  114.379059  97.161560  80.597343  64.725464 
 66.222755  83.136719  100.241875  117.865784  136.449371  155.668442  172.102814  182.696091  185.623276  181.839218  172.059845  154.666565  135.499222  117.122345  99.213905  81.798126  65.653542 
 65.291245  81.862503  98.687813  115.745789  133.649689  152.172653  168.391556  178.921722  181.895004  178.044525  168.265320  151.252808  132.260468  114.419373  97.408752  80.741562  65.021980 
 62.711151  78.371559  94.570313  110.664215  127.302505  143.675934  158.506561  168.499847  171.679214  167.183899  157.276871  142.486404  125.508591  109.328438  93.331406  77.542343  62.577965 
 59.496361  73.119690  88.160309  103.143753  117.582336  131.343597  143.650314  152.358276  155.035782  151.646561  143.022034  130.136093  115.970474  101.637657  87.047028  72.292969  59.247765 
 56.584641  66.939842  80.312187  93.920158  106.640312  118.120941  127.773743  134.645935  136.723129  133.964996  126.857651  116.731720  105.154060  92.466408  78.845779  65.972969  56.102341 
 54.425468  60.992340  71.065781  83.024689  94.118439  103.831879  111.735313  116.905777  118.574692  116.350311  110.697968  102.773285  92.913437  81.710472  69.813438  59.986565  54.055313 
 50.819221  56.061714  61.528488  70.707603  80.499268  88.516876  94.948227  99.029320  100.476357  98.714478  94.131096  87.524323  78.973434  69.423180  60.425934  55.174065  51.248650 
 } 
 B Channel
 {
 17.767029  19.615780  22.142971  26.494118  31.025311  34.699841  37.480629  39.143074  39.689117  38.810417  36.936356  33.938072  30.006092  25.596146  21.566772  19.040054  17.710884 
 19.655365  22.161407  26.686092  32.367657  37.699062  41.892967  45.128124  47.150780  47.752655  46.605000  44.379688  40.759533  36.226719  31.096561  25.773438  21.414845  19.127136 
 20.822865  25.343906  31.241093  37.551876  43.665470  48.537659  52.382500  55.057343  55.833748  54.467346  51.391563  47.014061  41.722813  36.043594  30.014217  24.324688  20.246353 
 22.426613  28.587658  35.255627  42.035938  48.773285  54.799690  59.486404  62.756409  63.739220  62.001564  58.238594  52.826561  46.680470  40.295467  33.720158  27.376877  21.984375 
 24.162189  31.248436  38.414688  45.540627  53.082497  59.874535  65.543434  69.179535  70.193123  68.287033  64.003281  57.680153  50.584061  43.512501  36.457031  29.654221  23.639423 
 25.370937  32.860939  40.388439  47.790783  55.658127  63.255936  69.409843  73.101410  74.104378  72.290314  67.833435  60.978439  53.214066  45.602657  38.237030  31.186562  24.677395 
 25.714268  33.349686  41.120155  48.637032  56.492500  64.206253  70.543594  74.323753  75.208435  73.482971  69.329689  62.272186  54.417656  46.632656  39.049843  31.708282  25.040573 
 25.196560  32.735313  40.294533  47.725155  55.209534  62.761093  68.991096  72.763596  73.559998  71.769684  67.865311  61.021408  53.120628  45.508125  38.174374  31.140781  24.663910 
 24.056149  31.057812  38.314377  45.463123  52.300316  58.988281  64.704842  68.391090  69.416092  67.401718  63.283592  57.300003  50.196877  43.292500  36.330154  29.665627  23.515205 
 22.414219  28.482346  35.295937  41.897030  48.012344  53.628441  58.532654  61.755623  62.571251  61.112816  57.412811  52.158440  46.118595  39.903439  33.382343  27.209217  21.861092 
 20.980679  25.515469  31.491093  37.521561  43.130783  47.833752  51.770470  54.400314  55.022186  53.695778  50.658440  46.395157  41.411720  35.707031  29.633907  24.173904  20.227863 
 20.031822  22.685780  27.118908  32.392189  37.428123  41.512970  44.760937  46.782188  47.297813  46.228439  43.755783  40.360313  35.951717  30.848125  25.456562  21.385780  19.296822 
 18.483906  20.450157  22.718697  26.681355  31.163960  34.768597  37.486355  38.986767  39.414894  38.587189  36.658905  33.606560  29.677345  25.221039  21.198647  19.134739  18.122242 
 } 


 White Balance Data with optical Center Data
 r_center_x =  609 r_center_y =  485 
 gr_center_x =  645 gr_center_y =  470 
 b_center_x =  636 b_center_y =  488 
 gb_center_x =  635 gb_center_y =  491 
 r/gr 0.849603 
 b/gr 0.403406 
 gb/gr 0.997217 
 r_oc_ave 158.751114 
 b_oc_ave 75.377777 
 gr_oc_ave 186.853333 
 gb_oc_ave 186.333328 

 [AWB]
 RGr =  0.849603 
 BGr =  0.403406 
 GbGr =  0.997217 
 r_oc_ave =  158.751114 
 b_oc_ave =  75.377777 
 gr_oc_ave =  186.853333 
 gb_oc_ave =  186.333328 