 LEFT LENS SHADING DATA
 RED Channel
 {
 40.533752  43.771667  48.436195  56.109688  64.428017  71.502609  77.229744  80.705673  81.744690  80.276199  76.687294  70.699272  63.253700  55.086929  47.652397  43.265678  40.107758 
 43.195831  47.873749  56.567657  67.089691  77.107185  85.694687  92.729530  97.250465  98.364685  96.340157  91.565628  84.209686  75.120155  65.469215  55.450310  47.204220  42.563179 
 45.086514  53.416718  64.858749  77.174217  88.969215  99.315155  108.102341  114.068283  115.719376  112.877808  106.480156  97.267189  86.318436  75.216560  63.477188  52.432190  44.429688 
 48.049423  59.282967  72.373436  86.250153  99.886719  112.403748  123.236099  130.768753  132.950317  129.244537  121.024063  109.516090  96.623283  83.751251  70.682968  57.956566  47.214481 
 51.082397  64.126564  78.343437  93.508278  108.996094  123.648911  136.484848  144.981094  147.480164  143.355469  133.895004  120.091095  105.008751  90.582344  76.269844  62.457970  50.162766 
 53.220314  67.404060  82.401405  98.387810  115.356247  131.759995  145.747192  154.353912  156.887970  152.923431  142.829849  127.794998  111.136719  95.235001  80.015778  65.583122  52.252708 
 54.004112  68.676407  84.054222  100.543594  117.583588  134.650314  148.949692  157.807816  160.396255  156.575775  147.219528  131.492035  114.195938  97.744530  81.870468  66.795937  53.055939 
 53.301353  67.662186  82.807503  98.687653  115.124695  131.588120  145.801254  154.888596  157.116882  153.270782  143.948746  128.449371  111.633438  95.752968  80.422340  65.811409  52.516609 
 51.228127  64.514374  78.947342  93.836876  108.918434  123.764069  136.762192  145.316711  147.810776  143.459686  134.072189  120.745316  105.578751  91.235466  76.921249  63.205940  50.651352 
 48.116142  59.796562  72.987343  86.556252  99.802811  112.320938  123.319534  130.824692  132.840317  129.442810  121.392029  109.876877  97.063591  84.296097  71.345314  58.587654  47.679115 
 45.781460  54.240623  65.754997  77.907814  89.508904  100.022972  108.803436  114.843124  116.432190  113.724380  107.301720  98.071404  87.299843  76.105469  64.250153  53.226715  44.931515 
 43.978279  49.140160  57.519066  67.990311  78.045311  86.911095  93.882500  98.911407  100.109375  98.090469  93.034065  85.473434  76.369530  66.552032  56.363434  48.073593  43.370468 
 41.349949  44.979946  49.393646  57.113640  65.644485  72.835472  78.790001  82.717033  83.823540  82.437340  78.236145  71.943855  64.433914  56.013069  48.495522  44.042969  40.977139 
 } 
 GR Channel
 {
 50.097496  54.764160  60.642036  69.383385  78.609108  86.275620  92.016670  95.563652  96.647392  95.049431  91.214279  85.066093  76.863701  67.947502  59.495003  54.123650  50.234062 
 54.387497  60.447502  70.491409  82.279846  93.188904  102.354378  109.771248  114.535309  115.679062  113.481720  108.465935  100.675468  90.945160  80.402496  69.122498  59.475311  53.715729 
 57.549377  67.454376  80.507813  94.121094  106.910934  117.870789  127.040939  133.356247  135.073120  132.061874  125.325150  115.488907  103.859528  91.652191  78.666878  65.897186  56.313019 
 61.209526  74.553909  89.391716  104.469376  119.264374  132.682343  144.344528  152.269379  154.582504  150.534378  141.866257  129.296097  115.553436  101.398903  87.115936  72.608910  59.789536 
 64.982231  80.350784  96.365471  112.842651  129.444214  145.554840  159.576248  168.436401  171.205780  166.839539  156.692032  141.837494  125.279999  109.238129  93.579376  77.953438  63.494690 
 67.859787  84.348122  101.106407  118.310150  136.542191  154.689682  169.913589  179.136246  181.806244  177.737183  166.926712  150.575775  132.296249  114.874847  98.207970  81.890938  66.294266 
 68.873856  85.873436  102.957344  120.749374  139.289215  158.215622  173.616409  183.084839  185.629059  181.826248  172.124222  154.992035  136.133286  117.963593  100.528908  83.316254  67.190834 
 67.908173  84.647972  101.544998  118.751724  136.532181  154.768280  170.320618  179.924530  182.181564  178.270309  168.609528  151.768127  133.225784  115.587814  98.705154  82.121559  66.429062 
 65.370522  80.977188  97.105782  113.384216  129.864059  146.215775  160.508286  169.646881  172.293274  167.587341  157.761414  143.132660  126.384369  110.431252  94.587967  78.928436  64.131775 
 61.760315  75.419060  90.422028  105.187500  119.612503  133.341095  145.394379  153.297501  155.438751  151.988754  143.388748  130.965149  116.879837  102.697189  88.148750  73.503754  60.322083 
 58.408646  68.875313  82.118752  95.448906  108.078125  119.411087  129.014999  135.379379  137.020935  134.215775  127.206558  117.345627  105.595940  93.241409  79.911720  67.104691  57.123856 
 55.774216  62.553596  72.377029  84.063904  95.135315  104.655624  112.128601  117.389069  118.830307  116.606400  110.965469  102.936874  93.207970  82.256248  70.663284  60.955467  54.948174 
 51.837135  57.165047  62.461411  71.358704  80.676147  88.586464  95.023804  99.126137  100.317398  98.577446  94.051094  87.523544  79.156921  69.695419  61.003487  55.836510  51.889847 
 } 
 GB Channel
 {
 49.760628  54.528122  60.588799  69.864479  79.552025  87.829430  94.252968  98.325157  99.627449  97.852707  93.753853  87.133125  78.337494  69.012558  60.054474  54.574852  50.569008 
 53.701042  59.715622  70.136093  82.321564  93.736404  103.615471  111.513596  116.804535  118.250153  115.901871  110.679688  102.446877  92.167503  81.064842  69.352814  59.477966  53.622765 
 56.020988  66.185783  79.377190  93.512184  106.805939  118.424057  128.334213  135.154999  137.095779  134.054688  127.148911  116.938126  104.738129  91.984688  78.588593  65.493126  55.829376 
 59.455475  72.673592  87.598282  103.206718  118.567032  132.723755  144.941101  153.542664  156.180161  152.201874  143.290787  130.292816  115.935318  101.337502  86.618126  71.868752  58.901253 
 62.779892  78.061562  94.022186  110.798904  127.948120  144.630463  159.219223  168.905777  172.149368  167.805939  157.373596  142.229065  125.291718  108.711876  92.721092  76.871246  62.263756 
 65.005890  81.681091  98.259377  115.670776  134.470474  153.174530  168.795151  178.736877  181.875778  177.988907  166.950317  150.354843  131.636871  113.823746  96.841408  80.394531  64.598907 
 65.759117  82.788910  99.826248  117.676880  136.746567  155.991562  171.849380  181.942657  185.054214  181.358902  171.620789  154.200775  135.057495  116.726563  98.940468  81.606094  65.574211 
 64.903854  81.543434  98.283440  115.677505  133.857819  152.413437  168.382813  178.720779  181.488129  177.537338  167.961090  150.768433  132.096725  114.190308  97.129997  80.354843  64.684639 
 62.572136  78.159843  94.225159  110.560471  127.217194  143.931870  158.694687  168.528442  171.533905  167.082657  157.148911  142.301086  125.255157  109.019997  93.047188  77.393127  62.308960 
 59.199173  72.886253  87.877342  102.771095  117.440781  131.471725  143.934692  152.451401  154.990631  151.643127  142.921097  130.204681  115.831253  101.552971  86.888908  72.114220  59.052338 
 56.166824  66.732033  79.991875  93.469841  106.346565  118.075943  128.085007  134.843903  136.927811  134.059219  127.074692  116.960785  104.980934  92.394379  78.939064  66.075935  55.966774 
 54.218071  60.785782  70.761566  82.637032  93.919846  103.844528  111.820778  117.406723  119.091873  116.877655  111.178284  102.854691  92.887344  81.690781  69.959373  60.146721  54.250671 
 50.683907  55.872238  61.207817  70.261818  80.044212  88.367661  95.247658  99.814011  100.902290  99.399956  94.584740  87.858437  78.998390  69.506821  60.343124  55.174850  51.208588 
 } 
 B Channel
 {
 17.616722  19.189220  21.909061  26.297081  30.843956  34.452553  37.269428  38.920364  39.437187  38.591618  36.608803  33.674789  29.575417  25.247032  21.146301  18.780468  17.468388 
 19.342133  21.782345  26.446564  32.288750  37.494373  41.783592  45.057968  47.150158  47.637188  46.603905  44.306095  40.610626  35.887501  30.795155  25.509842  21.159843  18.857136 
 20.586407  25.049530  31.036407  37.560623  43.563595  48.507813  52.514221  55.145470  55.740471  54.375778  51.430626  46.948750  41.549530  35.840939  29.786095  24.019375  20.018959 
 22.238491  28.288280  35.029999  42.155312  48.912346  54.769066  59.657967  62.920471  63.819534  61.972809  58.130470  52.596092  46.446095  40.052032  33.490623  27.078281  21.555153 
 23.823696  30.916405  38.123123  45.568905  53.117813  59.940781  65.718903  69.416252  70.347969  68.376717  64.007347  57.569061  50.329842  43.227814  36.198750  29.370312  23.200314 
 24.971718  32.553593  40.096092  47.609062  55.684685  63.354378  69.650627  73.269531  74.292030  72.436409  67.831566  60.834686  52.982811  45.368439  37.982346  31.032814  24.384480 
 25.326199  33.117657  40.772655  48.501404  56.519066  64.468124  70.649216  74.433594  75.422653  73.570625  69.477814  62.181564  54.214066  46.433281  38.820625  31.495625  24.702290 
 24.928333  32.413750  39.963123  47.461720  55.084999  62.700310  69.039688  72.822815  73.682968  71.882347  67.886719  60.759689  52.892189  45.334530  37.939842  30.898907  24.229946 
 23.687290  30.658127  38.000938  45.042500  52.042969  58.864845  64.714691  68.397034  69.405624  67.360466  63.206406  57.146248  49.965935  43.073906  36.104843  29.510155  23.203281 
 21.924377  28.105625  34.855312  41.459843  47.659061  53.389687  58.368439  61.598434  62.376877  60.882500  57.232033  51.996407  45.893436  39.683594  33.263905  27.042500  21.570000 
 20.433071  25.053280  31.048283  37.075783  42.648750  47.560936  51.557968  54.193283  54.805466  53.498436  50.590782  46.344688  41.232811  35.569061  29.615311  24.127499  20.005417 
 19.385731  22.125313  26.598125  31.923283  36.850311  41.137657  44.372658  46.670155  47.170467  46.167812  43.709686  40.143749  35.710781  30.627186  25.336563  21.243908  19.113281 
 17.832394  19.821980  22.158123  26.158905  30.477398  34.087444  37.009113  38.881615  39.371094  38.610313  36.548435  33.617500  29.656822  25.219273  21.139481  19.109947  17.930367 
 } 


 White Balance Data with optical Center Data
 r_center_x =  639 r_center_y =  477 
 gr_center_x =  647 gr_center_y =  477 
 b_center_x =  657 b_center_y =  478 
 gb_center_x =  650 gb_center_y =  483 
 r/gr 0.863829 
 b/gr 0.404912 
 gb/gr 0.995613 
 r_oc_ave 161.017776 
 b_oc_ave 75.475555 
 gr_oc_ave 186.399994 
 gb_oc_ave 185.582230 

 [AWB]
 RGr =  0.863829 
 BGr =  0.404912 
 GbGr =  0.995613 
 r_oc_ave =  161.017776 
 b_oc_ave =  75.475555 
 gr_oc_ave =  186.399994 
 gb_oc_ave =  185.582230 