 LEFT LENS SHADING DATA
 RED Channel
 {
 40.316822  44.041409  48.919380  56.982704  64.981621  72.335464  77.795052  81.151306  82.257339  80.609581  76.659218  70.702499  63.203911  55.077400  47.692974  43.737972  41.312134 
 42.307240  47.832031  56.503128  66.790627  76.505157  85.104843  92.017342  96.519844  97.652969  95.292503  90.417343  82.978752  74.047028  64.374062  54.497345  46.588593  42.727139 
 44.391979  53.365311  64.773590  76.692497  88.083595  98.411560  107.105316  112.899841  114.614212  111.589218  105.158905  95.653435  85.038597  73.805000  62.098907  51.419846  43.869633 
 47.491875  59.428123  72.420158  85.841560  98.937813  111.552032  122.434998  130.092651  132.477814  128.560776  120.094681  108.160156  95.308746  82.345627  69.350159  56.792969  46.369427 
 50.805473  64.216095  78.466560  93.177498  108.404373  123.192505  136.253754  144.935944  147.626724  143.089539  133.322968  119.331558  104.051094  89.402657  75.019066  61.266876  49.273125 
 53.143227  67.511566  82.544685  98.322815  114.955154  131.654373  146.024994  154.852036  157.277649  152.867813  142.460632  127.207336  110.300934  94.223434  78.902191  64.391090  51.157967 
 54.088600  68.717972  84.161407  100.478127  117.588745  135.132187  149.650314  158.509216  160.800156  156.809525  147.064529  131.076721  113.507813  96.668282  80.595779  65.548126  52.056877 
 53.419426  67.731720  82.913597  98.864059  115.319382  131.936569  146.273590  155.307968  157.901718  153.701874  144.009064  128.101563  111.011719  94.698753  79.356560  64.708595  51.465057 
 51.135414  64.707497  79.098122  94.000938  109.083435  123.981400  137.131256  145.961868  148.535629  144.265152  134.245316  120.425156  105.053123  90.355316  75.995155  62.090935  49.563438 
 48.032967  59.991096  73.104843  86.569374  99.730934  112.436249  123.445465  131.152969  133.243118  129.687500  121.079224  109.399216  96.398903  83.460785  70.385780  57.514061  46.854069 
 45.047394  54.274063  65.847656  77.915627  89.395470  99.956566  108.761719  114.644058  116.384537  113.535461  106.725471  97.283279  86.596718  75.200310  63.328903  52.261093  44.260052 
 43.243855  48.890938  57.687500  68.193596  78.402496  87.106247  93.985626  98.388283  99.763283  97.464691  92.251717  84.656097  75.567970  65.741249  55.547653  47.330780  42.918488 
 41.138851  44.801353  49.760834  57.772972  66.270836  73.369164  79.063538  82.545151  83.471817  81.957603  78.045685  71.932961  64.283180  55.755836  48.216202  43.788074  40.831406 
 } 
 GR Channel
 {
 50.334892  55.646973  61.841606  70.977509  80.101822  88.122658  94.092552  97.858696  99.177299  97.289009  93.054642  86.584732  78.456673  69.152809  60.403328  55.668182  52.306091 
 53.599899  60.765312  70.960159  82.582497  93.255783  102.583282  110.014847  114.670151  115.983124  113.571716  108.476097  100.639534  90.793747  80.010315  68.720001  59.256721  54.362343 
 56.694687  67.735939  80.775154  94.007813  106.405159  117.529999  126.660004  132.860626  134.664688  131.432663  124.771881  114.881714  103.386871  90.872498  77.662033  65.150314  55.877396 
 60.815674  74.925468  89.685936  104.332809  118.645782  132.180466  143.590942  151.523285  154.094223  150.192657  141.550308  129.139847  115.022186  100.739220  86.096565  71.573128  58.988541 
 64.922813  80.676559  96.716095  112.781555  128.993286  144.867813  158.714066  167.990936  170.682190  166.297348  156.285782  141.272339  124.790939  108.832344  92.780785  77.074066  62.849060 
 68.107025  84.701408  101.556252  118.719376  136.361725  154.214691  169.501251  179.097351  181.602036  177.276413  166.407654  150.433441  132.101089  114.418594  97.617035  81.007660  65.382866 
 69.280632  86.264374  103.568748  121.144836  139.384369  158.109528  173.523590  183.267502  185.722504  181.405472  171.730316  154.782181  135.987350  117.738434  99.950310  82.491409  66.264534 
 68.336716  85.103592  102.032188  119.333755  136.979843  154.772659  170.301559  179.948593  182.705627  178.572815  168.501724  151.683121  133.281250  115.471405  98.212654  81.400467  65.640678 
 65.632080  81.470001  97.679222  114.035934  130.251251  146.360779  160.585007  170.044846  172.981400  168.422653  157.928757  143.262192  126.554214  110.230782  94.091560  78.089691  63.177605 
 61.540314  75.736565  90.653908  105.620316  120.010941  133.754684  145.556870  153.879379  156.142349  152.524216  143.528595  131.086090  116.782974  102.350471  87.574066  72.665779  59.585159 
 57.591560  68.979065  82.447029  95.976410  108.533752  119.962662  129.559525  135.775314  137.692032  134.582184  127.301407  117.211243  105.496559  92.884064  79.326561  66.275780  56.524323 
 55.111359  62.388435  72.827972  84.691406  95.997498  105.390938  112.886719  117.827499  119.262344  116.690155  111.113281  103.022186  93.028122  81.919533  70.062813  60.302498  54.486671 
 51.642189  56.975105  63.086510  72.317863  81.772087  89.392189  95.972343  99.602089  100.674217  99.046196  94.611412  88.115105  79.522713  69.926826  60.993652  55.517090  51.497505 
 } 
 GB Channel
 {
 50.967346  56.404015  62.807404  72.334946  82.032082  90.741722  96.986931  101.039894  102.361244  100.274010  95.666985  88.730782  79.904114  69.906357  60.999161  56.027290  52.551880 
 53.807762  61.142967  71.715309  83.872658  95.048752  105.002342  112.822968  117.916565  119.282501  116.667969  110.942810  102.552658  92.096405  80.729691  68.870003  59.136871  54.237709 
 56.341766  67.565941  81.034691  94.792030  107.790154  119.486252  129.078598  135.666718  137.473129  134.170776  127.031403  116.466568  104.325310  91.262184  77.400154  64.615936  55.353020 
 59.901619  74.268906  89.426407  104.658127  119.378128  133.425476  145.477036  153.749695  156.466721  152.508118  143.304062  130.298431  115.545471  100.678123  85.477028  70.597969  58.081512 
 63.692703  79.596878  95.896095  112.367340  129.061569  145.456726  159.802338  169.403900  172.354218  167.793594  157.368744  141.839539  124.715469  108.190628  91.767342  75.668594  61.447556 
 66.286201  83.142654  100.135468  117.592819  135.748596  153.977341  169.620941  179.595932  182.240158  177.755936  166.600006  150.181412  131.494537  113.288284  96.059998  79.320625  63.571045 
 67.222977  84.376091  101.730316  119.640320  138.093277  157.094681  172.815933  182.832184  185.546097  181.246719  171.176712  154.051407  134.710312  116.264847  98.131248  80.645470  64.457756 
 66.303856  83.055939  100.109375  117.544067  135.469681  153.493912  169.117493  179.106873  182.054688  177.814224  167.591095  150.567184  131.857819  113.711563  96.286095  79.407654  63.662445 
 63.555573  79.545784  95.844841  112.240005  128.774216  145.047180  159.245789  169.021881  172.226563  167.547180  156.959534  141.960007  124.937805  108.489532  92.241875  76.113594  61.433807 
 59.803185  74.040466  89.116096  104.072029  118.549057  132.443588  144.520309  152.923431  155.311569  151.625000  142.559692  129.843277  115.263123  100.702660  85.732658  70.889374  58.015625 
 56.331039  67.564377  81.019218  94.602501  107.369377  118.928131  128.635162  134.996246  137.028442  133.902191  126.467819  116.126724  104.230003  91.468903  77.771561  64.761871  55.123962 
 54.085732  61.315315  71.806252  83.718597  95.177185  104.728905  112.422974  117.419846  118.999527  116.302811  110.482811  102.227966  92.050934  80.819374  68.904999  59.091873  53.501457 
 51.049057  56.089478  62.398331  71.668800  81.427185  89.289536  95.830681  99.976303  100.972664  99.246147  94.562401  87.789009  78.919273  69.176880  60.008331  54.674789  50.666878 
 } 
 B Channel
 {
 19.042759  21.532341  24.684322  29.407970  34.215416  38.262238  41.019478  42.722500  43.143021  42.198700  39.964321  36.917191  32.669060  28.020679  23.684116  21.153229  20.438644 
 19.833179  23.286720  28.380783  34.183594  39.349998  43.785782  47.094063  49.224998  49.644684  48.391403  45.963280  42.255936  37.547813  32.257969  26.716408  22.194061  20.574478 
 21.030785  26.272655  32.706093  39.078907  44.917812  49.931717  53.975159  56.576408  57.147186  55.701408  52.697655  48.095314  42.686718  36.859531  30.576874  24.615623  20.973545 
 22.763802  29.568592  36.696251  43.639374  50.293434  56.248123  61.321091  64.643593  65.519218  63.778435  59.785309  54.099998  47.718594  41.215313  34.295155  27.541405  22.331200 
 24.555676  32.030468  39.684532  47.179844  54.566093  61.559532  67.549217  71.262810  72.251251  70.205627  65.630623  59.085159  51.666405  44.474998  37.160469  29.870781  23.840157 
 25.626354  33.590939  41.487656  49.397499  57.402969  65.146408  71.660782  75.465309  76.203438  74.210472  69.511719  62.432503  54.410004  46.621719  38.980782  31.413124  24.964790 
 25.981613  34.037655  42.135155  50.230934  58.304840  66.410469  72.889999  76.677498  77.482811  75.545624  71.156876  63.842033  55.739372  47.759689  39.781876  31.912655  25.400368 
 25.596409  33.402031  41.408436  49.332657  57.216873  64.824997  71.341408  75.118126  75.960312  74.015312  69.730782  62.544998  54.505470  46.685158  38.950470  31.417656  24.927864 
 24.208336  31.692501  39.327030  46.889843  54.224533  61.216721  67.140778  70.780472  71.750938  69.742813  65.303749  58.879532  51.615936  44.454220  37.179688  29.823750  23.787498 
 22.411247  29.121250  36.276093  43.257500  49.727814  55.638908  60.634216  63.857658  64.669060  63.007965  59.098747  53.618439  47.355625  40.962189  34.134064  27.330467  22.109844 
 20.758022  26.107189  32.521873  38.874844  44.634220  49.613129  53.660934  56.187035  56.781876  55.373909  52.087502  47.642502  42.406876  36.694530  30.387501  24.383907  20.578697 
 19.787342  23.137970  28.133751  33.724220  38.961094  43.198593  46.409218  48.401405  48.764221  47.605782  45.100624  41.389061  36.774063  31.666092  26.123436  21.615780  19.578903 
 18.488174  20.757763  23.627499  28.016094  32.459633  35.999218  38.879429  40.317863  40.737347  39.923489  37.919792  34.747814  30.728649  26.181305  22.005520  19.418907  18.027237 
 } 


 White Balance Data with optical Center Data
 r_center_x =  638 r_center_y =  487 
 gr_center_x =  645 gr_center_y =  498 
 b_center_x =  641 b_center_y =  474 
 gb_center_x =  615 gb_center_y =  485 
 r/gr 0.865058 
 b/gr 0.417284 
 gb/gr 0.998523 
 r_oc_ave 161.404449 
 b_oc_ave 77.857780 
 gr_oc_ave 186.582230 
 gb_oc_ave 186.306671 

 [AWB]
 RGr =  0.865058 
 BGr =  0.417284 
 GbGr =  0.998523 
 r_oc_ave =  161.404449 
 b_oc_ave =  77.857780 
 gr_oc_ave =  186.582230 
 gb_oc_ave =  186.306671 