 LEFT LENS SHADING DATA
 RED Channel
 {
 40.489426  44.122761  49.369270  57.225838  65.480003  72.566139  78.397141  81.688599  82.724747  80.923119  76.967400  70.823280  63.193123  54.996300  47.579372  42.915260  40.282761 
 43.291092  48.824219  57.834686  68.207497  78.096252  86.636566  93.566093  97.815468  99.058281  96.658127  91.767815  84.311409  75.189377  65.253593  55.166878  46.851719  42.274010 
 45.569061  54.646561  66.236717  78.427658  89.910156  99.997810  108.548904  114.237350  115.873596  112.942810  106.434219  97.114685  86.251091  74.885941  63.094063  52.069374  44.043957 
 49.034637  60.774841  73.903435  87.359840  100.652657  112.830475  123.465317  130.772812  132.884537  129.075470  120.878906  109.402031  96.573441  83.553749  70.386871  57.553749  46.727497 
 52.482292  65.928123  80.036407  94.730934  109.731247  124.103592  136.738129  145.164063  147.664368  143.248596  133.884216  120.282654  105.288437  90.498436  76.087814  62.001877  49.576042 
 54.796402  69.290779  84.148438  99.618591  116.059525  132.049530  146.003128  154.852966  157.335312  152.970306  142.955154  127.846405  111.245468  95.187347  79.918282  65.163284  51.717239 
 55.619896  70.457809  85.913597  101.748909  118.292816  135.089996  149.405945  158.319061  160.726563  156.529999  147.216721  131.706879  114.392502  97.675316  81.549377  66.334686  52.545937 
 54.879219  69.399841  84.508904  100.113747  116.070160  132.105774  146.083282  155.017975  157.406876  153.200470  144.053909  128.595001  111.853439  95.714844  80.255623  65.432503  52.285004 
 52.721458  66.248123  80.587502  95.327499  110.142029  124.333282  136.973282  145.576096  148.208130  143.641556  134.316406  120.979538  105.904999  91.272659  76.671410  62.766716  50.290268 
 49.567757  61.409218  74.593597  88.085785  101.179062  113.172974  123.670471  130.934219  133.158752  129.829681  121.602661  110.192497  97.476097  84.498283  71.158905  58.266876  47.340626 
 46.561771  55.727188  67.302498  79.369377  90.816872  100.932968  109.336250  114.897186  116.776718  114.011566  107.617813  98.250000  87.529060  76.205467  64.100311  52.954842  44.850471 
 44.623802  50.253593  58.964844  69.287346  79.264534  87.806717  94.688904  99.027344  100.226250  98.059372  93.065628  85.572968  76.463905  66.438126  56.075310  47.727501  43.287083 
 42.020470  46.076302  50.947968  58.790886  67.301407  74.582344  80.294952  83.575890  84.369995  82.861870  78.676460  72.671928  64.889114  56.288124  48.537811  44.163750  41.372501 
 } 
 GR Channel
 {
 51.347290  56.126045  61.847656  70.746246  79.824631  87.457550  93.620834  97.286041  98.417610  96.313545  92.291191  85.518806  77.511147  68.384476  59.718491  54.436516  50.826927 
 55.328545  61.980621  72.227028  83.696251  94.366096  103.549843  110.818748  115.445618  116.854691  114.190628  108.956406  101.073593  91.222809  80.620316  69.187035  59.674217  54.117760 
 58.346718  68.914841  81.947189  95.202812  107.705154  118.592194  127.807816  133.957184  135.704849  132.501404  125.638443  115.658432  103.791878  91.299217  78.225471  65.763123  56.441872 
 62.423492  76.044533  90.725159  105.487816  119.978745  133.300156  145.041870  152.822815  155.096252  151.067032  142.310318  129.733444  115.551712  101.141876  86.628441  72.236092  59.893387 
 66.469429  81.996719  97.685936  113.697662  130.349838  146.090317  159.982346  168.954224  171.399368  167.007965  157.015625  142.125473  125.502655  109.268593  93.390160  77.684685  63.291771 
 69.278076  85.960785  102.527809  119.522812  137.472809  155.296722  170.407806  179.661407  182.222031  177.841568  167.175934  150.835464  132.359222  114.726868  97.800934  81.329842  65.981720 
 70.305634  87.348122  104.507965  121.960938  140.122498  158.687653  174.491882  183.544067  185.900467  181.773438  172.029999  155.221252  136.181412  117.698746  99.959221  82.890625  67.136452 
 69.305679  86.020470  102.804375  119.893127  137.594223  155.342819  170.738907  180.370316  182.702652  178.306717  168.731400  151.982193  133.320313  115.373901  98.319687  81.730782  66.738907 
 66.751305  82.538597  98.426247  114.480942  130.836090  146.785629  160.640152  170.004684  172.894531  167.847656  157.943909  143.377350  126.326096  110.133125  94.112190  78.468124  64.351036 
 62.879997  76.860001  91.659065  106.465469  120.696243  134.022964  145.645782  153.497345  156.346878  152.594681  143.616089  130.880310  116.798904  102.459999  87.824066  73.290001  60.657089 
 59.366875  70.158127  83.370628  96.639687  109.185471  120.105942  129.281723  135.490158  137.381088  134.705780  127.612030  117.347183  105.498123  93.090157  79.728592  67.044533  57.508072 
 56.741463  63.756874  73.676720  85.251091  96.267654  105.413284  112.719681  117.471558  118.842651  116.389999  110.902031  102.902031  93.021248  82.041565  70.427345  60.832184  55.436348 
 52.925209  58.381454  64.264847  73.146301  82.456200  90.592239  96.458023  100.078644  100.954529  99.110001  94.665573  88.226822  79.789993  70.270317  61.408798  56.335938  52.737610 
 } 
 GB Channel
 {
 51.902863  56.638702  62.805832  71.994476  81.660774  89.792862  96.319420  100.353233  101.578545  99.324066  94.919838  87.664474  78.927551  69.293488  60.236046  54.648018  51.218849 
 55.348274  62.098907  72.711250  84.672813  95.911407  105.578903  113.434219  118.444061  119.951874  117.125305  111.451721  102.899063  92.427345  81.150780  69.240623  59.460938  53.988853 
 57.972031  68.705154  82.077660  95.824997  108.906563  120.225937  130.130630  136.630936  138.643753  135.136414  127.891251  117.188278  104.741722  91.623749  77.982658  65.123749  55.671257 
 61.539742  75.487030  90.318283  105.620003  120.607971  134.528900  146.725784  154.955627  157.542664  153.360626  144.308441  131.061874  116.122498  101.091095  85.899529  71.273125  58.606873 
 65.123909  80.913284  96.869843  113.236404  130.288757  146.494843  160.912506  170.275467  173.251251  168.621094  158.217194  142.899994  125.513901  108.676720  92.161720  76.252968  61.763596 
 67.672600  84.409691  101.069687  118.308289  136.607346  154.959534  170.400620  180.213287  182.914688  178.400467  167.651413  150.876251  131.937805  113.502975  96.212814  79.473907  64.080780 
 68.469894  85.470314  102.777809  120.286255  138.788589  157.522339  173.688278  183.304993  186.047974  181.765320  172.003906  154.768433  135.247025  116.324524  98.140625  80.827187  65.231766 
 67.436928  84.086716  100.857346  118.114685  136.075150  153.925781  169.648590  179.818909  182.486557  178.131714  168.459686  151.247025  132.254837  113.808594  96.324066  79.709999  64.660416 
 64.914642  80.677345  96.686722  112.821564  129.363434  145.422806  159.659851  169.536713  172.538589  167.555939  157.596252  142.662964  125.351089  108.664528  92.242500  76.505623  62.311462 
 61.462395  75.396561  90.196716  105.192657  119.574524  133.065933  144.806870  152.975159  156.011871  152.424850  143.315933  130.292816  115.780945  101.135002  86.116096  71.570160  58.935364 
 58.212761  69.109222  82.331566  95.768127  108.421562  119.453278  129.019058  135.444534  137.525314  134.690781  127.518127  116.934372  104.792191  91.995941  78.380783  65.616875  56.151459 
 55.839897  62.802811  72.912346  84.646873  95.818283  105.315781  112.866089  117.801254  119.246246  116.839539  111.097656  102.897812  92.591560  81.307816  69.484688  59.813126  54.451462 
 52.557396  57.755318  63.802551  72.969788  82.618484  90.839317  97.093803  100.990829  101.829582  99.978485  95.204948  88.426979  79.603645  69.863640  60.818855  55.539375  52.024796 
 } 
 B Channel
 {
 18.142811  20.159477  22.769531  26.974895  31.269482  34.955986  37.991615  39.655159  40.224113  39.369217  37.451458  34.210052  30.284321  25.795731  21.689636  19.123802  17.887135 
 19.876144  22.849064  27.595158  33.046562  38.072811  42.282032  45.657658  47.728283  48.420158  47.197342  44.848125  41.154842  36.537033  31.431564  25.996094  21.538593  19.364639 
 21.126720  26.108593  32.327343  38.537968  44.236404  49.081718  53.071716  55.735153  56.529686  55.124687  52.150154  47.638748  42.180313  36.442032  30.242500  24.450470  20.590679 
 22.915573  29.445782  36.412968  43.165157  49.663284  55.448280  60.425629  63.668121  64.521408  62.887344  59.158752  53.663284  47.342499  40.839531  34.023750  27.489376  22.413540 
 24.706879  32.026875  39.442501  46.823280  54.053909  60.864220  66.744690  70.280312  71.193596  69.300316  65.036407  58.680153  51.421562  44.210468  37.008751  29.936718  24.024841 
 25.753853  33.739689  41.340939  49.083748  56.972809  64.499687  70.802032  74.384842  75.325310  73.357346  68.949371  62.006721  54.132034  46.416405  38.821251  31.523594  25.294220 
 26.105572  34.088280  41.991405  49.785004  57.776878  65.608284  72.010628  75.766563  76.679375  74.682816  70.554840  63.401093  55.364998  47.505001  39.711250  32.085781  25.708904 
 25.603279  33.432655  41.198437  48.807190  56.510002  64.079063  70.504219  74.305939  75.175468  73.194847  69.082970  62.007660  54.100311  46.443283  38.877655  31.613281  25.471821 
 24.491302  31.773594  39.185001  46.472343  53.574066  60.347191  66.173592  69.964531  70.929375  68.802185  64.416405  58.315781  51.180153  44.226093  37.020626  30.116405  24.243698 
 22.725159  29.157032  36.135624  42.870468  49.205467  54.879219  59.761406  63.040466  63.983910  62.443748  58.521408  53.195938  47.122345  40.787033  34.132656  27.689529  22.546825 
 21.167706  26.164375  32.402657  38.520313  44.188595  48.998596  52.873596  55.466873  56.175003  54.890160  51.899376  47.467186  42.285469  36.610001  30.421093  24.718124  21.020626 
 20.026566  23.161564  27.880936  33.389530  38.441563  42.629532  45.854374  47.770470  48.334061  47.296249  44.925625  41.356876  36.811405  31.711563  26.230156  21.882500  20.059582 
 18.816147  21.354897  24.285522  28.604740  33.174061  37.013073  39.798126  41.402340  41.653645  40.884998  38.849792  35.786873  31.708282  27.104477  22.683281  20.302498  19.459164 
 } 


 White Balance Data with optical Center Data
 r_center_x =  640 r_center_y =  465 
 gr_center_x =  627 gr_center_y =  490 
 b_center_x =  628 b_center_y =  502 
 gb_center_x =  639 gb_center_y =  484 
 r/gr 0.863703 
 b/gr 0.411222 
 gb/gr 1.000119 
 r_oc_ave 161.324448 
 b_oc_ave 76.808891 
 gr_oc_ave 186.782227 
 gb_oc_ave 186.804443 

 [AWB]
 RGr =  0.863703 
 BGr =  0.411222 
 GbGr =  1.000119 
 r_oc_ave =  161.324448 
 b_oc_ave =  76.808891 
 gr_oc_ave =  186.782227 
 gb_oc_ave =  186.804443 