 LEFT LENS SHADING DATA
 RED Channel
 {
 37.961876  41.246456  46.305256  54.497917  62.835205  70.255783  76.329430  79.939377  80.989166  79.754898  76.169319  70.301872  62.680939  54.573280  47.159691  42.739014  39.837761 
 40.381039  45.759377  54.670471  65.218750  75.291878  83.772659  91.019218  96.021873  97.307503  95.404060  90.989532  83.841873  74.937187  65.143906  55.090935  46.959217  42.239845 
 42.502659  51.483284  62.999062  75.234062  86.704216  97.156715  106.009689  112.317505  114.441559  111.735466  105.834534  96.794846  86.329376  75.087814  63.304535  52.323441  44.038437 
 45.677662  57.417030  70.309998  83.840935  97.164215  109.826874  120.843277  128.922180  131.509369  128.269684  120.402344  109.008278  96.506874  83.778595  70.601875  57.901093  46.907135 
 48.967079  62.121246  76.330315  90.880623  106.190781  120.913132  134.081726  143.237808  146.235931  142.633438  133.428436  119.738434  105.100624  90.871407  76.380310  62.626717  50.005676 
 51.190834  65.328751  80.131409  95.670624  112.401718  128.965317  143.352661  152.954376  155.849533  152.337341  142.530624  127.527817  111.158127  95.550629  80.254532  65.636871  52.123543 
 52.144371  66.523125  81.870316  98.009689  114.858444  132.167343  146.976715  156.545471  159.410934  155.932663  146.992035  131.342651  114.335464  98.036095  82.103592  66.815628  53.321037 
 51.342552  65.733597  80.649063  96.318283  112.779526  129.245316  143.674377  153.421249  156.105469  152.513748  143.543594  128.225464  111.533752  95.923592  80.653122  65.889999  52.607079 
 49.368851  62.880936  77.022499  91.790154  106.793434  121.587036  134.952652  143.946091  146.673599  143.031876  133.936096  120.383911  105.492500  91.264999  77.014534  63.192810  50.459068 
 46.391560  58.310310  71.454376  84.870155  97.837189  110.316559  121.445465  129.409851  131.821869  128.762970  120.992035  109.752342  96.953125  84.364059  71.191254  58.485466  47.456516 
 43.358486  52.792030  64.428596  76.602654  87.971252  98.142815  107.095779  113.342194  115.291718  112.919525  106.671249  97.572815  87.129684  75.910309  64.022972  52.985153  44.932865 
 41.634846  47.335468  56.443436  66.997498  77.052811  85.654060  92.703903  97.537659  99.068436  97.264687  92.347504  85.047028  76.140472  66.484062  56.190315  47.787033  43.286407 
 39.744011  42.973179  48.203018  56.409584  64.954063  72.126564  77.996201  81.732857  82.925522  81.807602  77.890831  71.903908  64.456512  56.049896  48.182808  43.775990  40.908489 
 } 
 GR Channel
 {
 49.601402  54.304741  60.352394  69.703384  78.859428  87.049110  93.156143  96.953491  98.116150  96.536568  92.665520  86.628601  78.464066  69.415474  60.871460  55.611618  51.326614 
 53.438492  60.338280  70.629059  82.452347  93.426720  102.341408  109.909065  115.078278  116.412811  114.365311  109.695938  102.222969  92.762810  82.044846  70.616875  61.055153  54.925781 
 56.770996  67.388283  80.443596  94.015778  106.385155  117.624847  126.896713  133.296097  135.369537  132.595779  126.410309  117.011246  105.904533  93.705467  80.420784  67.739372  57.696045 
 60.860161  74.524529  88.968597  103.930626  118.252808  131.945007  143.541412  151.762650  154.529846  151.206879  143.092972  131.054840  117.678909  103.786560  89.127502  74.549690  61.436356 
 64.988022  80.167191  95.980156  111.907341  128.470474  144.454681  158.397339  167.857346  170.923904  167.204681  157.771561  143.217194  127.438126  111.955627  96.008125  80.250778  65.389328 
 67.791359  84.108437  100.661095  117.584534  135.695007  153.557816  168.833282  178.672806  181.573120  178.020157  167.973129  152.054382  134.485931  117.411713  100.513435  83.879219  68.073593 
 68.906876  85.618126  102.534531  120.193909  138.452972  157.124374  172.777039  182.647659  185.411087  182.032654  173.017654  156.642975  138.492035  120.624527  102.982811  85.453903  69.587448 
 68.103546  84.506874  101.103279  118.215317  135.939377  153.762497  169.487030  179.565781  182.320618  178.655777  169.672806  153.524994  135.547180  118.210007  101.270309  84.337967  68.706093 
 65.638649  81.279060  97.179375  113.338287  129.600159  145.771561  160.152649  169.698120  172.492493  168.888275  159.354538  145.115158  128.794067  112.940933  97.085312  81.049065  66.242393 
 61.740829  75.828751  90.652969  105.571251  119.765472  133.411713  145.632339  153.924683  156.500778  153.419373  145.306870  133.286560  119.151566  105.236877  90.348434  75.688904  62.442444 
 57.930573  69.388283  82.747971  96.269997  108.794060  119.934998  129.579849  136.229691  138.316101  135.782654  129.026245  119.287338  107.951408  95.393127  82.017342  69.090469  59.019844 
 55.516090  62.795471  73.370316  85.341095  96.319221  105.676559  113.308289  118.364532  120.084381  117.952194  112.772507  104.962814  95.378754  84.408127  72.671249  62.715157  56.828705 
 52.209839  57.029846  63.359901  72.651726  82.202339  90.177391  96.309731  100.163490  101.550621  100.167183  95.890419  89.755730  81.358742  71.823540  62.762917  57.351196  53.635780 
 } 
 GB Channel
 {
 49.007294  53.670624  59.937706  69.730217  79.500725  88.107658  94.611458  98.967865  100.252495  98.703850  94.845367  88.289528  79.424110  70.065414  61.201355  55.502655  51.248909 
 52.350624  59.235626  69.776878  81.980621  93.401566  103.022034  111.224373  116.843903  118.446243  116.389694  111.408905  103.553909  93.625153  82.457497  70.643440  60.768280  54.605156 
 55.045944  65.875938  78.991249  93.062187  105.984840  117.639526  127.643600  134.530472  136.935944  134.112030  127.917343  117.983276  106.396248  93.686096  80.058128  67.092972  57.073593 
 58.743172  72.451721  86.960472  102.276878  117.235931  131.528748  143.615463  152.517502  155.537506  152.355469  144.053284  131.530472  117.735153  103.347504  88.375778  73.580940  60.435524 
 62.401558  77.692810  93.538437  109.665314  126.725311  143.159531  157.737503  167.732025  171.339066  167.613754  158.092346  143.048599  126.909531  111.052811  94.779221  78.847809  64.025726 
 64.905991  81.152031  97.549843  114.703278  133.180466  151.586411  167.354996  177.819534  181.155945  177.846252  167.561569  151.404526  133.439224  116.110001  98.845467  82.245316  66.361557 
 65.784950  82.375153  99.230934  116.918121  135.374374  154.526566  170.633911  181.060944  184.386566  181.123276  172.091721  155.358597  136.997818  118.940002  101.119377  83.570465  67.480263 
 64.804794  81.274376  97.792343  114.755783  132.859528  151.201096  167.195313  177.921722  181.023743  177.707031  168.528595  152.271255  134.014694  116.486099  99.373283  82.518280  66.732239 
 62.561043  78.166878  93.980003  110.163284  126.694382  143.185776  157.990005  168.024368  171.262192  167.813599  158.336716  143.884064  127.291412  111.175003  95.224686  79.322342  64.439224 
 59.060051  73.163597  87.896873  102.827347  117.160309  131.333282  143.802963  152.487808  155.419998  152.639069  144.423126  132.125626  117.912506  103.727654  88.846718  74.133278  60.855995 
 55.741821  67.087029  80.373749  94.117340  106.712189  118.157654  128.194382  135.299850  137.654068  135.212189  128.539841  118.598907  106.928909  94.219063  80.746246  67.875153  57.698700 
 53.672028  60.945160  71.543282  83.590622  94.816559  104.507500  112.433594  117.900162  119.864532  117.917664  112.614212  104.566872  94.701721  83.562035  71.758438  61.753906  56.014526 
 50.911613  55.554535  61.950569  71.500206  81.331566  89.586243  96.059631  100.409111  102.005157  100.592865  96.269844  89.584381  81.061928  71.321404  62.161766  56.648705  52.845367 
 } 
 B Channel
 {
 17.159119  18.904114  21.785419  26.406097  31.052448  34.932812  37.766041  39.638332  40.113956  39.501820  37.597343  34.707291  30.665882  26.071091  21.933800  19.455002  17.988331 
 18.863281  21.780155  26.570000  32.427967  37.708908  41.912811  45.385624  47.665001  48.235626  47.255783  45.134220  41.568127  37.058594  31.814220  26.366093  21.950001  19.547081 
 20.189739  25.122032  31.121719  37.641563  43.556408  48.651878  52.659843  55.473122  56.355934  55.037811  52.272972  47.910625  42.723438  36.944218  30.754845  25.005783  20.823074 
 22.072708  28.470627  35.101719  41.970936  48.582184  54.668282  59.683746  63.241096  64.331566  62.807030  59.177811  53.663124  47.725155  41.305157  34.592499  28.065311  22.503647 
 23.782398  30.972813  38.109531  45.244064  52.679222  59.677658  65.625778  69.570000  70.829529  69.074532  64.912498  58.468750  51.536720  44.594532  37.417187  30.509064  24.241562 
 25.001041  32.560623  39.970001  47.339375  55.344376  63.088127  69.516876  73.557816  74.682030  73.053436  68.669846  61.739220  54.066406  46.628906  39.069218  32.002186  25.258018 
 25.479584  33.058750  40.662968  48.204842  56.084061  64.059372  70.529373  74.590469  75.688751  74.159691  70.184998  63.131248  55.290466  47.651093  39.901249  32.507656  25.845364 
 25.006664  32.441250  39.945469  47.285469  54.847031  62.374374  68.855003  72.881561  73.930313  72.389061  68.452034  61.623436  53.845001  46.443283  39.075939  31.990311  25.332397 
 23.880524  30.877186  38.057343  45.050938  51.883125  58.631096  64.558907  68.491249  69.450623  67.936722  63.906250  57.778748  50.882347  44.108749  37.106251  30.428905  24.225780 
 21.962238  28.393280  35.105000  41.615467  47.516720  53.250778  58.270782  61.646095  62.551872  61.213593  57.802032  52.764687  46.833282  40.670780  34.164532  27.897186  22.436771 
 20.271145  25.376564  31.425938  37.475155  42.776718  47.452030  51.425934  54.146248  54.954842  53.835785  51.021873  46.909218  41.956093  36.438751  30.397655  24.889530  20.848907 
 19.215576  22.249531  27.116405  32.444687  37.327656  41.286877  44.524376  46.667030  47.316406  46.409374  44.207188  40.772186  36.480312  31.532032  26.192032  21.922970  19.827759 
 17.897659  19.717239  22.509533  26.967190  31.278282  34.772289  37.443539  39.220573  39.849117  39.098125  37.319687  34.408855  30.572395  26.026405  21.807659  19.661510  18.544006 
 } 


 White Balance Data with optical Center Data
 r_center_x =  662 r_center_y =  492 
 gr_center_x =  660 gr_center_y =  492 
 b_center_x =  627 b_center_y =  486 
 gb_center_x =  655 gb_center_y =  491 
 r/gr 0.858951 
 b/gr 0.407074 
 gb/gr 0.995343 
 r_oc_ave 159.848892 
 b_oc_ave 75.755554 
 gr_oc_ave 186.097778 
 gb_oc_ave 185.231110 

 [AWB]
 RGr =  0.858951 
 BGr =  0.407074 
 GbGr =  0.995343 
 r_oc_ave =  159.848892 
 b_oc_ave =  75.755554 
 gr_oc_ave =  186.097778 
 gb_oc_ave =  185.231110 