 LEFT LENS SHADING DATA
 RED Channel
 {
 39.604687  42.635105  47.616299  55.583176  63.858704  71.048340  76.537659  80.039482  81.052498  79.348076  75.442657  69.497917  62.172348  53.986771  46.431194  41.693806  38.817135 
 42.176769  47.218437  55.917343  66.335472  76.180153  84.805000  91.682030  96.165314  97.436249  95.150780  90.268280  82.702499  73.769218  64.228439  54.200157  45.816093  41.130054 
 44.295418  52.977501  64.290001  76.179688  87.691254  97.930466  106.671875  112.691101  114.573120  111.659531  105.057030  95.588280  84.940781  73.846878  62.249062  51.170158  43.132450 
 47.286037  58.979378  71.913750  85.132660  98.364372  110.586876  121.608444  129.369843  131.600632  128.034378  119.678909  108.026093  95.174217  82.403595  69.410004  56.770782  45.975159 
 50.565674  63.977966  77.964844  92.574532  107.388435  121.845306  134.954529  143.692963  146.304688  142.044220  132.624527  118.901871  103.763123  89.279846  75.060471  61.299843  48.981720 
 52.831985  67.080315  81.968750  97.568909  113.722351  129.857498  144.094528  153.074997  155.838745  151.544067  141.560150  126.535934  109.932190  94.103439  78.971718  64.389534  51.186829 
 53.629486  68.124062  83.462814  99.715782  116.235474  132.710938  147.108749  156.237976  158.876877  154.934845  145.631088  130.063278  112.988434  96.497971  80.646095  65.512344  51.953384 
 53.148804  66.991096  81.919533  97.735779  113.752502  129.474380  143.482971  152.658432  155.182190  151.276245  141.921097  126.816254  110.169533  94.537033  79.214066  64.572815  51.429054 
 50.792343  63.970467  77.902969  92.834999  107.564377  121.772659  134.331406  142.732193  145.444382  141.144058  132.016724  118.834686  104.322189  89.985001  75.552345  61.734375  49.349792 
 47.634533  59.157654  72.172653  85.579376  98.543907  110.666878  121.013901  128.128281  130.288437  127.215775  119.272507  108.212814  95.711403  83.165154  69.962502  57.179840  46.325470 
 44.945313  53.699066  65.048752  76.977966  88.470314  98.571251  106.911873  112.476257  114.172180  111.615623  105.275002  96.357185  86.009377  74.813904  62.910469  51.865623  43.830208 
 43.452656  48.523285  56.825310  67.129372  76.985466  85.655785  92.441093  96.762657  98.049217  95.980621  91.027496  83.756561  74.932030  65.223747  55.051720  46.752655  42.369534 
 40.947239  44.726406  49.056564  56.626045  64.863602  72.089737  77.841721  81.345779  82.111931  80.655632  76.587090  70.781563  63.106827  54.962494  47.474010  43.154114  40.336613 
 } 
 GR Channel
 {
 50.271507  54.466934  60.451462  69.405518  78.629326  86.195625  92.106461  95.697868  97.095314  95.212135  91.204109  84.944839  76.858902  67.873703  59.215889  53.634369  49.821037 
 54.156090  60.455467  70.523125  82.117188  92.929535  102.383125  109.740623  114.631409  116.057816  113.658600  108.437653  100.404221  90.668282  80.106407  68.734840  59.021873  53.235626 
 56.946144  67.566559  80.265938  93.616096  106.360313  117.597809  127.364059  133.746399  135.685623  132.652817  125.531403  115.312653  103.474998  91.238907  78.185623  65.545158  55.732025 
 60.880104  74.549690  89.148590  103.925629  118.623749  132.574371  144.787338  153.045319  155.311249  151.578598  142.562653  129.628906  115.326096  101.100471  86.429062  72.160782  59.585579 
 64.748650  80.325310  96.005157  112.292191  128.894684  145.317963  159.889694  169.451569  172.022507  167.612350  157.562027  142.254059  125.204849  108.846565  92.959534  77.502029  63.320152 
 67.439842  83.981720  100.662033  117.907181  136.182816  154.432968  170.185318  179.905945  182.578598  178.087189  167.319061  150.588745  131.752975  114.047348  97.275154  81.066093  66.011307 
 68.690773  85.163910  102.487656  120.558121  138.935776  157.493744  173.458588  183.146088  185.456100  181.215469  171.461090  154.644379  135.583435  117.165787  99.413750  82.336876  66.709373 
 67.877083  84.002502  100.656097  118.317963  136.233749  153.916870  169.307816  178.878601  181.294693  177.335159  167.794373  151.207504  132.440475  114.843445  97.785156  81.314529  66.105576 
 65.075310  80.387810  96.171097  112.572662  129.082962  144.974060  158.699371  167.879532  170.607498  166.470932  156.690155  142.158127  125.640930  109.556564  93.392967  77.956406  63.659111 
 61.113693  74.772659  89.358284  104.155312  118.611725  132.064224  143.581100  151.488754  153.795624  150.645157  142.225937  129.726257  115.762497  101.748123  87.142502  72.665627  59.888123 
 57.761040  68.253128  81.183907  94.433594  107.105469  118.222183  127.332504  133.498901  135.373276  132.596100  125.792664  116.043274  104.564842  92.272972  78.975159  66.278748  56.696251 
 55.193695  61.948906  71.693596  83.088753  93.960312  103.495155  110.891090  115.492340  116.907806  114.715622  109.341408  101.612030  91.912498  81.169220  69.694847  60.137657  54.396202 
 51.384537  57.017448  62.294640  71.006256  80.121567  88.022865  94.249222  98.232971  99.213646  97.404373  93.062027  86.705994  78.533752  69.232338  60.516716  55.490372  51.402451 
 } 
 GB Channel
 {
 50.779427  55.131508  61.194527  70.672142  80.493591  88.797508  95.297142  99.301201  100.631981  98.603806  94.372444  87.527290  78.700783  69.142975  60.074638  54.408539  50.606873 
 54.196930  60.691719  71.061409  83.277344  94.789215  104.716248  112.616089  117.922653  119.635315  117.004837  111.435158  102.844376  92.547653  81.328590  69.413597  59.394379  53.435211 
 56.603073  67.385780  80.482811  94.362968  107.629532  119.563751  129.886719  136.883591  139.008743  135.761871  128.346725  117.463440  104.983284  92.046875  78.496559  65.449532  55.735573 
 59.864792  73.871872  88.828903  104.060623  119.327026  133.748444  146.652969  155.450775  158.296722  154.201569  144.968277  131.456879  116.407349  101.582344  86.366722  71.680000  58.926666 
 63.502548  79.141090  95.103592  111.760155  128.880157  145.846252  160.888901  171.047348  173.985153  169.618912  159.145309  143.395462  125.816254  108.840469  92.491096  76.595627  62.220207 
 65.957245  82.423279  99.330940  116.843597  135.289688  154.009216  170.108749  180.294067  183.492340  179.017654  167.908432  150.926254  131.691101  113.412033  96.184845  79.788910  64.580360 
 66.588074  83.180779  100.434219  118.737656  137.484070  156.436249  172.592346  182.742188  185.473282  181.287338  171.429688  154.263443  134.894226  116.128128  97.988907  80.765938  65.159683 
 65.915840  81.892502  98.562965  116.307343  134.408127  152.473282  168.017975  178.035782  180.914215  177.029373  167.344849  150.478439  131.587662  113.525467  96.251404  79.637184  64.368439 
 63.330002  78.412498  94.122658  110.719841  127.299057  143.434998  157.464371  167.002655  170.178284  165.983902  156.145630  141.331100  124.491714  108.167503  91.964531  76.333595  62.011299 
 59.566040  73.086876  87.582970  102.420937  117.029526  130.649689  142.421570  150.765472  153.254211  150.172974  141.620316  128.926254  114.731567  100.470779  85.647346  71.021721  58.608177 
 56.363014  66.839691  79.740936  93.042969  105.856247  117.231873  126.576569  132.898132  134.949524  132.289063  125.363907  115.357971  103.654221  91.179062  77.700623  65.079376  55.673958 
 54.226250  60.809998  70.544846  82.075935  93.178284  102.880470  110.474998  115.401093  116.908127  114.796570  109.213280  101.282501  91.377655  80.400780  68.784378  59.158127  53.722298 
 50.650841  56.055840  61.500877  70.324265  79.794319  87.856514  94.401245  98.418388  99.553123  97.844475  93.255997  86.729584  78.199951  68.705154  60.026451  54.838120  50.969795 
 } 
 B Channel
 {
 17.550209  19.397705  22.219112  26.564480  31.172657  34.932659  37.716408  39.333336  39.939739  39.019112  37.174217  34.109116  30.162708  25.682346  21.483803  18.962032  17.561199 
 19.240627  22.236874  27.012657  32.570313  37.767033  42.115780  45.559532  47.692501  48.300781  47.187656  44.804844  41.065155  36.416874  31.380470  25.862343  21.416405  19.039116 
 20.513645  25.524063  31.725624  37.920311  43.785625  48.901878  53.211876  56.039688  56.852341  55.417191  52.221565  47.594219  42.152813  36.320313  30.205467  24.411407  20.309948 
 22.438801  28.731094  35.703125  42.518593  49.122971  55.195778  60.492188  63.997185  64.955627  63.200623  59.374374  53.567810  47.188595  40.699844  33.919064  27.424374  22.093124 
 24.159168  31.369999  38.824375  46.273281  53.514061  60.468750  66.621719  70.659691  71.703751  69.817032  65.358597  58.703590  51.247498  44.005157  36.751095  29.778439  23.758438 
 25.369221  32.928593  40.672188  48.560623  56.424530  63.981407  70.523125  74.504219  75.633125  73.709999  69.186249  62.068596  53.970940  46.242031  38.576405  31.362968  24.913174 
 25.685936  33.362186  41.207657  49.393440  57.397346  65.008751  71.572029  75.519684  76.548279  74.769997  70.740784  63.433746  55.321877  47.361717  39.419533  31.948593  25.308804 
 25.318855  32.699688  40.330002  48.245628  56.053436  63.445938  69.735001  73.701874  74.692657  72.992188  69.060310  62.023285  54.048126  46.361874  38.693905  31.422188  25.021770 
 24.013645  31.069061  38.286720  45.739532  52.969063  59.620003  65.361092  69.126091  70.137344  68.293747  64.228905  58.176559  51.096878  44.010468  36.807812  29.932030  23.888493 
 22.205936  28.457188  35.226406  42.021873  48.441719  54.280785  58.979065  62.160782  63.015625  61.626717  58.103905  52.895157  46.865936  40.600311  33.879688  27.437187  22.161770 
 20.755833  25.403751  31.486874  37.647968  43.398594  48.354065  52.219063  54.665466  55.421722  54.214844  51.286560  47.088593  42.087189  36.378593  30.187969  24.509064  20.735310 
 19.562813  22.456562  26.949844  32.355312  37.473751  41.813126  45.123436  47.040157  47.617970  46.652500  44.269844  40.839844  36.359375  31.339687  25.869999  21.657345  19.706299 
 18.366142  20.608646  23.000885  27.191147  31.626247  35.466457  38.428440  40.132030  40.449425  39.738747  37.690052  34.700054  30.768127  26.302185  22.114166  19.934631  18.796719 
 } 


 White Balance Data with optical Center Data
 r_center_x =  650 r_center_y =  472 
 gr_center_x =  620 gr_center_y =  474 
 b_center_x =  628 b_center_y =  506 
 gb_center_x =  653 gb_center_y =  480 
 r/gr 0.857122 
 b/gr 0.412073 
 gb/gr 1.001816 
 r_oc_ave 159.413330 
 b_oc_ave 76.639999 
 gr_oc_ave 185.986664 
 gb_oc_ave 186.324448 

 [AWB]
 RGr =  0.857122 
 BGr =  0.412073 
 GbGr =  1.001816 
 r_oc_ave =  159.413330 
 b_oc_ave =  76.639999 
 gr_oc_ave =  185.986664 
 gb_oc_ave =  186.324448 