 LEFT LENS SHADING DATA
 RED Channel
 {
 40.464844  43.651093  48.827499  57.092133  65.320679  72.706879  78.211510  81.619324  82.503227  80.606461  76.838387  70.633278  63.066086  54.816765  47.286091  42.527084  39.863747 
 42.821514  48.320465  57.233749  67.716095  77.726715  86.298126  93.324219  97.895782  98.961563  96.559372  91.496094  83.747658  74.569221  64.792191  54.669220  46.448750  41.944584 
 44.933544  54.108124  65.676094  77.639534  89.056091  99.494530  108.476563  114.398911  116.103119  113.041412  106.219688  96.446251  85.449219  74.087029  62.359688  51.377342  43.548389 
 48.128235  60.000313  73.118591  86.578903  99.883904  112.389694  123.441879  131.051559  133.289688  129.395157  120.769226  108.785469  95.519844  82.322815  69.213753  56.624374  46.059372 
 51.120003  64.713753  79.022972  94.022499  108.983284  123.615311  136.531403  145.179840  147.664993  143.308441  133.478287  119.404999  103.930779  89.010155  74.606720  60.906097  48.929634 
 53.237129  67.714844  82.588127  98.650940  115.268753  131.377182  145.337662  154.258911  156.492813  152.207031  141.957504  126.716721  109.585938  93.387184  78.114845  63.734840  50.792969 
 54.007759  68.590469  84.044533  100.467346  117.312195  134.204224  148.417191  156.961563  159.356400  155.040466  145.622650  129.728912  112.365936  95.531876  79.490936  64.588440  51.394264 
 53.200470  67.334846  82.407501  98.096565  114.428436  130.581558  144.303757  153.109680  155.175629  151.018600  141.478912  126.076721  109.321877  93.239372  77.959846  63.529533  50.663483 
 50.825989  64.155785  78.396873  92.971252  107.873909  122.339996  134.858124  143.146408  145.584213  140.939224  131.438751  118.020782  103.038910  88.505783  74.231720  60.753906  48.771202 
 47.601765  59.149689  72.178436  85.482971  98.440155  110.619217  120.990936  128.095154  130.192810  126.770935  118.539536  107.059685  94.221405  81.523903  68.542656  56.209534  45.875988 
 44.499584  53.486252  64.812035  76.618904  87.923752  97.935783  106.427811  111.764221  113.449219  110.840309  104.169846  95.045784  84.413124  73.145622  61.485626  50.884064  43.584896 
 42.804947  48.067657  56.478752  66.642189  76.333122  84.837814  91.470314  95.580627  96.914841  94.837654  89.785309  82.448441  73.558128  63.872345  53.861252  46.119686  42.373856 
 40.764950  44.425365  49.118332  56.730103  64.983543  72.001976  77.670319  80.811867  81.825462  80.404114  76.421562  70.385941  62.850212  54.560051  47.335415  43.420525  41.000938 
 } 
 GR Channel
 {
 50.839424  55.474426  61.596817  70.962547  80.213905  87.963692  93.911354  97.653854  98.556511  96.587135  92.475830  85.904953  77.533905  68.346405  59.675987  54.081360  50.538437 
 54.546509  61.609222  72.007034  83.794846  94.597031  103.880157  111.240936  115.639694  116.962967  114.502350  109.245003  101.047653  91.184532  80.398285  68.960785  59.237190  53.577606 
 57.474327  68.622032  82.022034  95.308594  107.794220  118.883911  128.352966  134.426407  135.982819  132.965775  125.883743  115.590942  103.616409  91.238594  78.188591  65.476715  55.944427 
 61.588181  75.590469  90.488281  105.274529  119.611099  133.098907  145.156876  153.194839  155.363586  151.170151  142.232193  129.521408  115.133591  100.723122  86.128754  71.843903  59.259949 
 65.376251  81.125000  97.192032  113.397812  129.673752  145.780945  160.010941  169.407806  172.107193  167.207657  156.676559  141.623901  124.810944  108.495468  92.582497  76.918747  62.918747 
 68.105774  84.796410  101.381409  118.679535  136.653748  154.527039  170.133286  179.711868  182.215317  177.839996  166.877808  149.956726  131.242340  113.552338  96.616096  80.351875  65.227295 
 68.856354  85.744690  102.958435  120.833435  138.866714  157.612350  173.403748  183.203125  185.563278  181.111099  171.255157  153.988754  134.780472  116.155151  98.417656  81.438751  65.931252 
 68.003273  84.476410  101.017029  118.125000  135.937805  153.660629  169.050629  178.815628  181.257660  176.942505  166.989059  150.239212  131.497025  113.660782  96.617966  80.096878  65.043961 
 65.113327  80.588753  96.423752  112.522659  128.916245  144.697815  158.810318  167.942032  170.779999  166.034851  155.881409  140.948120  124.297028  108.239059  92.247032  76.699219  62.612343 
 61.004059  74.754059  89.336876  104.092499  118.272964  131.693588  143.251099  151.026093  153.431412  149.938751  141.235626  128.708908  114.302338  100.129684  85.675156  71.309532  59.125572 
 57.319267  67.938438  80.889847  94.092812  106.509842  117.494690  126.719681  132.710464  134.618439  131.857025  124.860779  114.831253  103.094528  90.626251  77.392029  64.844376  55.971046 
 54.426979  61.474060  71.298126  82.742966  93.494064  102.758125  109.980003  114.665939  116.195160  113.872971  108.349060  100.559219  90.691254  79.787811  68.280312  59.003906  54.310783 
 51.218651  56.535728  62.317711  71.094009  80.445724  88.290207  94.534164  98.223854  99.304939  97.585258  93.309059  86.855263  78.413330  68.895317  60.525734  55.642029  52.391197 
 } 
 GB Channel
 {
 51.523438  56.134689  62.464943  72.251930  82.077660  90.403900  96.648384  100.492348  101.628647  99.440727  94.882652  87.836197  78.972916  69.097450  59.894791  54.304474  50.675316 
 54.679268  62.017189  72.661407  84.912971  96.308281  106.027031  113.821091  118.595474  119.996567  117.297806  111.563278  102.748909  92.275002  80.900154  68.991875  59.011566  53.320313 
 57.391983  68.637810  82.352028  96.154373  109.123123  120.651718  130.632660  137.028442  138.719376  135.441406  127.903900  116.992661  104.411873  91.392502  77.846092  64.803749  55.236252 
 61.090988  75.355782  90.565628  105.797340  120.531876  134.505310  146.976715  155.452194  157.783279  153.365936  143.938751  130.554840  115.494064  100.460785  85.449684  70.832809  58.294479 
 64.442917  80.482498  96.805939  113.404068  130.138748  146.473587  161.148438  171.048279  173.725464  168.907501  157.787186  142.099838  124.691879  107.823906  91.478592  75.612190  61.537605 
 66.838127  83.706879  100.649689  118.102341  136.384537  154.619064  170.493286  180.462341  183.218445  178.586411  167.209839  150.078598  130.748276  112.562027  95.290627  78.796722  63.595673 
 67.601402  84.594528  101.875626  119.851715  138.273132  157.100159  173.057968  183.085785  185.778275  181.234680  171.155777  153.467819  133.887344  114.820313  96.817810  79.678596  64.261719 
 66.701256  83.121246  99.811409  117.067337  135.043900  153.046249  168.553131  178.661255  181.238907  176.878281  166.726563  149.448120  130.496719  112.266876  94.896721  78.348907  63.399117 
 63.657341  79.340469  95.202499  111.498749  127.997971  144.072189  158.260788  167.757339  170.779373  165.800934  155.395630  140.309845  123.172180  106.886871  90.667503  75.060471  61.020676 
 59.900787  73.776405  88.445313  103.275627  117.656723  131.214996  142.922180  150.922348  153.457657  149.760468  140.969055  128.031555  113.503433  99.024529  84.311249  69.856247  57.795418 
 56.464325  67.230782  80.283279  93.720627  106.280312  117.378601  126.682037  132.755005  134.811569  131.926254  124.746719  114.498276  102.467346  89.766876  76.267502  63.712967  54.873589 
 53.979637  60.972343  70.926247  82.575157  93.563904  102.976097  110.317970  115.200623  116.677658  114.288589  108.564217  100.484528  90.311874  79.142189  67.487816  58.121872  53.562706 
 50.982559  56.374222  62.137085  71.249954  80.643280  88.645470  95.059845  98.970619  99.963699  98.180885  93.549843  86.670570  78.239372  68.507607  59.803642  55.016869  51.961876 
 } 
 B Channel
 {
 19.061249  21.031666  24.015835  28.496822  32.953175  36.660313  39.573124  41.134377  41.390934  40.468906  38.379112  35.280678  31.223389  26.758801  22.428543  19.839687  18.545105 
 20.331669  23.668751  28.826248  34.569530  39.822968  44.099064  47.439377  49.460625  49.882187  48.548279  46.045155  42.159218  37.398594  32.208595  26.701874  22.149689  19.999271 
 21.575470  26.871094  33.362656  39.942657  45.878906  51.005470  55.173279  57.742653  58.391251  56.754684  53.445465  48.607971  43.054218  37.185471  30.885937  25.008125  21.069790 
 23.297760  30.029221  37.257969  44.340157  51.188904  57.254532  62.520935  65.794685  66.671722  64.575310  60.440155  54.619690  48.047028  41.268124  34.463436  27.818748  22.723335 
 24.848179  32.476719  40.272968  47.898750  55.358437  62.404060  68.467499  72.376564  73.188278  71.077347  66.440628  59.607498  51.987656  44.619530  37.255157  30.094063  24.221977 
 25.915573  33.924530  41.862968  49.903282  57.960312  65.668594  72.175156  76.093750  76.859062  74.845154  70.029533  62.803123  54.540779  46.646095  38.912342  31.540470  25.296097 
 26.123177  34.134220  42.253281  50.556091  58.597969  66.425781  72.988434  76.788437  77.650467  75.557503  71.339531  63.757034  55.584221  47.595627  39.606564  31.941875  25.463543 
 25.560104  33.323437  41.237656  49.119064  57.058441  64.563278  70.923439  74.655312  75.465469  73.520309  69.258438  62.109062  54.130936  46.372345  38.679218  31.265156  25.019947 
 24.137447  31.466408  38.933750  46.433750  53.743591  60.544533  66.439842  70.055466  70.938126  68.748283  64.429222  58.184219  50.978127  43.986874  36.768593  29.766876  23.948544 
 22.379845  28.695469  35.629219  42.478748  48.985153  54.862816  59.721565  62.826248  63.594528  61.924843  58.164841  52.836250  46.688438  40.344376  33.711876  27.260624  22.241459 
 20.641094  25.559219  31.682030  37.918907  43.651875  48.595940  52.593903  54.989059  55.707344  54.408127  51.302811  46.920937  41.749844  36.066719  29.850311  24.242813  20.736980 
 19.585678  22.670467  27.323593  32.830936  37.906406  42.177811  45.412342  47.426094  47.994686  46.987812  44.537342  40.933125  36.388126  31.289688  25.817814  21.596874  20.041042 
 18.647346  21.106094  23.858383  28.248020  32.945362  36.640316  39.555885  41.337551  41.745522  41.052399  38.981300  35.765625  31.665623  27.046768  22.793644  20.661461  19.872707 
 } 


 White Balance Data with optical Center Data
 r_center_x =  636 r_center_y =  478 
 gr_center_x =  618 gr_center_y =  471 
 b_center_x =  629 b_center_y =  469 
 gb_center_x =  614 gb_center_y =  474 
 r/gr 0.856887 
 b/gr 0.417058 
 gb/gr 0.999547 
 r_oc_ave 159.720001 
 b_oc_ave 77.737778 
 gr_oc_ave 186.395554 
 gb_oc_ave 186.311111 

 [AWB]
 RGr =  0.856887 
 BGr =  0.417058 
 GbGr =  0.999547 
 r_oc_ave =  159.720001 
 b_oc_ave =  77.737778 
 gr_oc_ave =  186.395554 
 gb_oc_ave =  186.311111 