 LEFT LENS SHADING DATA
 RED Channel
 {
 41.195415  45.154583  50.585258  59.137970  67.738441  75.367500  81.401413  84.829216  85.879478  84.325729  80.534790  74.638641  67.026047  58.643745  50.532967  45.557972  42.470882 
 43.199581  49.261253  58.452972  69.222343  79.413437  88.296249  95.369530  100.013596  101.431564  99.312813  94.618126  87.257813  78.245628  68.470001  58.109840  49.329842  44.311302 
 45.476147  54.900314  66.788437  79.177185  90.883591  101.374687  110.335472  116.538757  118.517807  115.838745  109.480782  100.158592  89.486252  78.263908  66.301247  54.823906  46.136620 
 48.664223  60.923592  74.336250  88.080467  101.383751  114.137650  125.283432  133.402649  135.901093  132.387344  124.273438  112.504684  99.750153  86.858124  73.595314  60.549377  49.114372 
 51.925316  65.727814  80.197968  95.100311  110.180313  124.947968  138.316406  147.556870  150.460464  146.445938  137.149841  123.392807  108.227188  93.803436  79.327972  65.195313  52.307396 
 54.257759  68.841721  84.116875  99.777191  116.370941  132.863281  147.144226  156.623444  159.350311  155.696869  145.975937  130.839539  114.169067  98.435158  83.110779  68.302498  54.405411 
 55.061615  69.997658  85.524689  101.730469  118.518600  135.647964  150.107971  159.630005  162.312805  158.678284  149.512650  134.157654  117.203278  100.773903  84.794998  69.459061  55.389900 
 54.324898  68.881561  83.896095  99.581718  115.971878  132.040619  146.230316  155.651718  158.499374  154.744537  145.527344  130.585938  113.957184  98.371872  83.156403  68.408127  54.728539 
 52.130363  65.667656  79.858124  94.843437  109.606094  123.887024  136.837036  145.711411  148.631088  144.900162  135.640778  122.454849  107.865936  93.773125  79.513435  65.597191  52.609680 
 48.986923  60.847969  74.209373  87.727188  100.481720  112.667664  123.236252  130.917038  133.361252  130.468445  122.560318  111.822342  99.335472  86.881721  73.707184  60.809059  49.386566 
 46.226250  55.317497  67.019684  79.174843  90.521408  100.589691  109.200783  115.095627  117.085312  114.631561  108.593124  99.819061  89.529060  78.410934  66.548904  55.255623  46.956459 
 44.722607  50.352188  58.825310  69.255470  79.363747  87.969688  94.930000  99.491409  100.995781  99.251564  94.543747  87.526093  78.683128  68.878281  58.595627  50.137970  45.301926 
 42.560104  46.352188  50.831566  58.630257  67.124580  74.191360  80.280411  84.039116  85.128075  83.987808  80.088753  74.445465  66.909790  58.376823  50.707291  46.163177  42.607346 
 } 
 GR Channel
 {
 50.853226  56.099060  62.149002  71.639160  81.303383  89.878700  95.947922  99.597397  100.919113  99.074478  94.784065  88.462814  80.110779  70.573952  61.468330  55.810989  52.297653 
 53.816147  61.000313  71.537971  83.573753  94.868591  104.460159  111.915001  116.905319  118.245163  115.924057  110.595314  102.749062  92.846405  81.983124  70.272499  60.294533  54.415993 
 56.703751  67.834999  81.425316  95.177498  108.125000  119.366882  128.886719  135.421570  137.366562  134.301712  127.597031  117.471252  105.741096  93.201248  79.891251  66.836716  56.626091 
 60.711563  74.896561  90.171097  105.427498  120.009689  133.939056  145.819687  154.041092  156.574371  152.919067  144.255310  131.613129  117.539536  103.229378  88.323280  73.517189  60.317604 
 64.496513  80.539215  96.927971  113.551086  130.078125  146.193283  160.236557  169.561249  172.606873  168.279068  158.472656  143.726563  127.121246  111.069687  95.070778  79.087029  64.238907 
 67.291565  84.320313  101.595001  119.011719  137.099838  154.987183  170.149063  179.875153  182.499847  178.412338  168.251877  152.055786  133.770157  116.309998  99.451561  82.798752  66.714584 
 68.292297  85.723122  103.327812  121.323120  139.701096  157.929688  173.353119  183.237030  185.639526  181.700470  172.274063  155.878754  137.395004  119.288589  101.539688  84.095314  68.047806 
 67.434425  84.371719  101.377190  118.909378  136.600784  154.182343  169.289063  179.197189  181.814850  177.812027  168.230621  152.063599  133.772186  116.496094  99.642189  82.836876  67.040207 
 64.901352  80.545937  96.753128  113.560944  129.717651  145.533600  159.230774  168.436722  171.235931  167.395157  157.379211  143.030945  126.960159  111.160469  95.272659  79.408127  64.507286 
 60.882339  74.752968  90.003128  105.159218  119.467651  132.898285  144.300781  152.271088  154.757339  151.454056  142.956253  131.086716  117.248123  103.313438  88.556091  73.769844  60.807556 
 57.501610  68.397659  81.738129  95.395157  107.985626  119.130157  128.350937  134.649841  136.639999  133.818130  127.042664  117.447662  105.935310  93.511566  80.179840  67.291405  57.567444 
 55.576614  62.352654  72.074997  83.811874  94.922653  104.497185  112.063599  116.928284  118.425629  116.373596  111.063438  103.217972  93.524841  82.490784  70.828590  61.235153  55.424950 
 51.939941  57.171196  62.378334  71.058952  80.495369  88.286774  95.083382  99.056404  100.082703  98.634636  94.473022  88.041924  79.650887  70.164734  61.462967  56.309532  51.939949 
 } 
 GB Channel
 {
 50.991463  56.212296  62.532082  72.803596  82.792503  91.885208  98.518440  102.570786  103.800880  101.993797  97.644745  90.593956  81.576927  71.590782  62.105156  56.100891  52.617973 
 53.470207  60.748123  71.586250  84.099220  96.059998  106.256874  114.168442  119.607651  121.127350  118.737350  113.168274  104.720627  94.164215  82.740158  70.535782  60.243591  54.334221 
 55.744476  67.129059  81.001564  95.302345  108.830780  120.681244  130.703751  137.683289  139.832809  136.839539  129.685623  119.149536  106.768906  93.620941  79.755310  66.286247  56.080002 
 59.132561  73.679840  89.171249  104.972504  120.186401  134.528595  147.000626  155.749527  158.460785  154.875305  145.924850  132.714539  118.053284  103.083122  87.734062  72.510780  59.324326 
 62.752388  78.824066  95.463593  112.377502  129.403442  145.997650  160.523590  170.442032  173.786255  169.328903  159.270782  144.024536  126.948914  110.355469  93.904686  77.566093  62.650047 
 65.088806  82.186096  99.536873  117.152969  135.668900  153.858902  169.382187  179.622498  182.652649  178.565628  168.150787  151.699844  133.019684  115.319839  97.901405  80.940781  64.944740 
 65.999840  83.240471  100.845627  119.007965  137.651718  156.181244  171.813599  181.975159  184.906876  181.188751  171.500626  154.902817  136.182968  117.829681  99.667191  82.063751  66.014168 
 65.028488  81.805779  98.750938  116.378601  134.382507  152.036407  167.538284  177.774689  180.710632  176.727814  167.096252  150.853439  132.330002  114.781250  97.686409  80.738129  65.126038 
 62.614998  78.093750  94.353127  111.127190  127.518127  143.536087  157.474533  167.084213  170.134064  166.250000  156.207336  141.807190  125.397964  109.371246  93.289215  77.398750  62.632912 
 58.899170  72.684998  87.893906  103.177345  117.554993  131.131088  142.762650  150.923904  153.561401  150.490631  141.832657  129.943283  115.790466  101.685623  86.753593  72.021095  58.959633 
 55.947708  66.589378  80.012810  93.764847  106.464844  117.679993  127.130783  133.667191  135.727814  133.013901  126.204224  116.382965  104.732658  92.108749  78.679375  65.837341  56.125885 
 54.334320  60.968285  70.676407  82.564842  93.834686  103.462029  111.269844  116.262497  117.983902  115.930618  110.512810  102.502190  92.545311  81.425629  69.722031  60.086250  54.341660 
 51.226402  56.122238  61.564529  70.281303  79.815102  87.945984  94.690468  98.840836  100.142448  98.633537  94.286560  87.700943  79.016144  69.416039  60.651817  55.394165  51.204590 
 } 
 B Channel
 {
 18.183384  20.603798  23.869114  28.779789  33.641510  37.759529  40.939373  42.782658  43.291355  42.449322  40.441612  37.180466  32.953751  28.209999  23.589893  20.742290  19.559792 
 18.976719  22.399845  27.516407  33.356876  38.866718  43.481407  47.049374  49.215782  49.778435  48.554535  46.248905  42.499844  37.873749  32.621250  26.926563  22.070625  19.839790 
 20.199791  25.455624  31.983124  38.630314  44.821407  50.125626  54.392654  57.187035  57.974686  56.453590  53.444374  48.908905  43.452969  37.510155  31.200470  24.946251  20.820415 
 21.988281  28.732655  35.996094  43.253124  50.141563  56.385155  61.608910  65.052811  66.085159  64.357498  60.611565  54.917816  48.514221  41.888283  34.964687  27.974064  22.536564 
 23.644009  31.157970  38.934219  46.762188  54.314690  61.417503  67.540466  71.326248  72.503754  70.593124  66.310936  59.809059  52.346092  45.102188  37.764999  30.409061  24.220726 
 24.769428  32.745468  40.893436  48.985313  57.027809  64.710625  71.152191  75.087814  76.167030  74.406876  69.939064  62.720154  54.772659  47.203594  39.509533  31.945313  25.194477 
 25.163910  33.297031  41.520939  49.730316  57.879059  65.640160  72.008904  76.074371  77.137184  75.238281  71.090622  63.892189  56.055939  48.159378  40.318436  32.405155  25.880363 
 24.778076  32.703281  40.704845  48.574997  56.344688  63.773750  70.098595  74.144218  75.120781  73.237503  69.034531  62.158127  54.314377  46.885311  39.437813  31.880001  25.457916 
 23.597290  31.110626  38.619064  46.188282  53.246407  59.991875  65.704216  69.427345  70.320465  68.549843  64.328903  58.236877  51.354843  44.603905  37.530312  30.323124  24.215626 
 22.008385  28.568592  35.571095  42.534687  48.747032  54.510315  59.197029  62.307343  63.171875  61.641876  58.142502  53.152496  47.254375  41.172970  34.576717  27.784843  22.405888 
 20.612137  25.556095  31.821407  38.098125  43.766407  48.493439  52.262970  54.740311  55.398903  54.177032  51.438278  47.345001  42.386250  36.855469  30.728283  24.802811  20.911564 
 19.647709  22.704376  27.302032  32.812187  37.777344  41.883438  45.115936  47.045155  47.657814  46.811092  44.585938  41.181564  36.867188  31.831875  26.440155  21.923595  19.795052 
 18.164371  20.398121  22.821407  26.789684  31.210888  34.666767  37.535107  39.338280  39.834480  39.250469  37.396770  34.626144  30.728855  26.228127  22.053699  19.609634  18.037136 
 } 


 White Balance Data with optical Center Data
 r_center_x =  628 r_center_y =  460 
 gr_center_x =  632 gr_center_y =  485 
 b_center_x =  621 b_center_y =  480 
 gb_center_x =  642 gb_center_y =  489 
 r/gr 0.874266 
 b/gr 0.415039 
 gb/gr 0.996228 
 r_oc_ave 162.768890 
 b_oc_ave 77.271111 
 gr_oc_ave 186.177780 
 gb_oc_ave 185.475555 

 [AWB]
 RGr =  0.874266 
 BGr =  0.415039 
 GbGr =  0.996228 
 r_oc_ave =  162.768890 
 b_oc_ave =  77.271111 
 gr_oc_ave =  186.177780 
 gb_oc_ave =  185.475555 