 LEFT LENS SHADING DATA
 RED Channel
 {
 40.879738  44.268902  49.135941  57.367500  65.710831  72.897400  78.443016  81.851044  83.009903  81.312912  77.204330  70.841667  63.237183  55.261093  47.726360  43.308491  40.842655 
 43.354740  48.718285  57.505936  68.097504  77.980003  86.507813  93.412186  97.866875  98.982811  96.587502  91.402031  83.793747  74.839691  65.311722  55.273438  46.954533  42.481819 
 45.472813  54.520309  66.199371  78.452660  89.774689  99.990471  108.679062  114.448746  115.992966  112.856094  106.077187  96.581406  86.040466  74.896095  63.282028  52.347343  44.039635 
 48.731506  60.706718  74.144844  87.606407  100.713905  113.096558  123.882507  131.378128  133.461090  129.344376  120.827820  108.984840  96.048592  83.159531  70.448753  57.841873  46.940212 
 52.111977  65.817810  80.381096  95.082184  109.954842  124.444687  137.435623  145.979065  148.473755  143.726257  133.916092  120.036255  104.737503  90.121559  76.100471  62.475311  49.910309 
 54.699532  69.157654  84.567032  100.070778  116.267807  132.499847  146.537338  155.695618  157.952194  153.579681  143.109848  127.764221  110.821404  94.820625  79.953278  65.665314  51.981972 
 55.445992  70.548279  86.247498  102.256874  118.912338  135.754379  149.932037  159.091568  161.345306  157.047974  147.232025  131.445465  113.867813  97.358437  81.669846  66.687500  52.858757 
 54.754120  69.591408  85.004845  100.488594  116.558746  132.718124  146.822342  155.818283  158.051086  153.622345  143.959061  128.299850  110.981560  95.265938  80.409691  65.921562  52.453232 
 52.626358  66.689690  81.013123  95.683907  110.669846  125.042664  137.729691  146.266251  148.400620  144.079849  134.304840  120.550934  105.437500  91.031876  76.997498  63.354691  50.602608 
 49.671715  61.791092  74.988594  88.514221  101.489532  113.630005  124.220932  131.362976  133.137970  129.689529  121.498123  110.150940  97.211716  84.383438  71.431564  58.887657  47.755779 
 47.008648  56.044060  67.722191  79.998909  91.417816  101.557190  110.009216  115.626404  116.872345  113.941711  107.470779  98.269684  87.586876  76.272499  64.611877  53.603592  45.122555 
 45.358852  50.673439  59.356720  69.971718  80.132347  88.771248  95.734375  99.783279  100.617035  98.466873  93.490784  86.032188  76.956253  67.073280  56.816559  48.459373  43.688957 
 42.816353  46.361355  50.923592  59.156929  67.621300  74.929169  80.733543  83.928909  84.552238  83.339371  79.249733  73.214684  65.403755  56.718079  49.017815  44.629795  41.703545 
 } 
 GR Channel
 {
 51.166870  56.298958  61.966766  71.177399  80.498016  88.230202  93.899849  97.653130  98.656670  96.565155  91.911980  85.142715  76.861870  67.917870  59.396820  54.292862  51.212868 
 55.004791  61.859375  72.090935  84.005310  94.865936  104.111877  111.305466  116.135620  117.086243  114.302032  108.612816  100.399376  90.439377  79.722656  68.358284  58.716408  53.224533 
 57.994316  68.944534  82.374374  96.207970  108.684059  119.729218  128.882813  134.688278  136.178131  132.696243  125.437347  115.192963  103.362968  90.895309  77.762497  65.018440  55.113846 
 62.135254  76.299217  91.715782  106.790939  121.177505  134.566101  145.859070  153.507813  155.274063  150.811874  141.853439  129.226089  115.159225  100.610313  86.004684  71.317032  58.246407 
 66.214897  82.350311  98.881409  115.276871  131.498901  147.052032  160.798126  169.367493  171.395309  166.332657  156.232498  141.757507  125.076721  108.714531  92.566406  76.711090  61.910469 
 69.217712  86.546875  103.884842  121.101257  138.637970  155.989532  170.647964  179.641098  181.467346  176.699692  166.103287  150.258438  132.048599  114.184372  97.066406  80.386253  64.244164 
 70.400261  88.104218  105.895157  123.522659  141.470306  159.530945  174.406250  183.506088  185.015472  180.363907  170.757965  154.531555  135.706406  117.390320  99.433746  81.732033  65.214737 
 69.465416  86.904999  104.329376  121.347183  138.940475  156.111877  170.926407  180.088120  181.659683  177.009689  167.467651  151.128433  132.582657  114.764221  97.706406  80.797966  64.512756 
 66.915886  83.257347  99.600784  115.996872  132.262497  147.814529  161.163284  169.974060  171.763275  167.228592  157.040939  142.712662  126.069687  109.887657  93.734375  77.845627  62.367714 
 63.136459  77.493126  92.601097  107.511871  121.955780  135.266724  146.441879  153.904846  155.474213  151.799057  143.203125  130.929993  116.731247  102.215782  87.404846  72.702812  59.001976 
 59.671928  70.737968  83.922501  97.611252  110.443748  121.399368  130.415619  136.315002  137.569061  134.266556  127.216095  117.394531  105.653908  92.963127  79.479530  66.547028  56.343903 
 57.147972  63.964844  73.921097  85.862656  97.167969  106.613907  114.082336  118.366882  119.056244  116.559845  111.118439  103.237030  93.290154  82.099686  70.333595  60.537186  54.908440 
 53.175049  58.147133  63.639633  72.827866  82.357758  90.131615  96.404640  99.773956  100.376251  98.540047  94.427605  87.930573  79.391197  69.736351  61.115051  55.863022  52.183434 
 } 
 GB Channel
 {
 51.653854  56.837601  62.935677  72.739372  82.586609  90.945984  97.222130  101.442863  102.700310  100.209061  95.285049  87.952293  78.773750  69.298912  60.249123  54.737396  51.298233 
 54.897186  61.923439  72.606720  85.088127  96.667656  106.555779  114.451096  119.682663  120.794067  117.829056  111.643593  102.715622  92.183746  80.734528  68.798904  58.765312  53.022812 
 57.403908  68.544533  82.344376  96.733124  109.950935  121.711563  131.501251  137.880463  139.455154  135.828278  128.086411  117.062805  104.620316  91.555939  77.751091  64.558281  54.494743 
 61.028847  75.274689  91.069847  106.684845  121.597351  135.718124  147.712662  155.909058  157.937347  153.241714  143.837967  130.588440  115.758118  100.531097  85.446404  70.322342  57.221298 
 64.328644  80.644066  97.608437  114.351257  131.145462  147.283905  161.592194  170.850937  173.109222  167.892029  157.397659  142.259689  124.935623  107.875153  91.400780  75.219063  60.228645 
 67.083649  84.357811  101.825157  119.333588  137.382339  155.206726  170.437027  179.903442  182.111252  177.171097  166.349686  149.914688  131.088440  112.731720  95.207184  78.398438  62.263855 
 67.894112  85.655159  103.409065  121.237183  139.526871  157.901413  173.251404  182.838745  184.747498  179.923126  170.171875  153.465317  134.186096  115.388748  97.090935  79.404060  63.096565 
 67.010048  84.364845  101.562347  118.783600  136.775620  154.265778  169.397186  179.055161  180.895935  176.213440  166.486725  149.777649  130.685318  112.600159  95.278282  78.298752  62.376244 
 64.671722  80.828590  97.126091  113.608444  130.252350  145.967194  159.725632  168.824524  170.946243  166.241089  155.888123  141.073288  124.137650  107.659065  91.361877  75.437965  60.244431 
 61.211670  75.348747  90.388596  105.494690  120.140778  133.584061  144.995941  152.854996  154.634369  150.820938  141.852493  129.408127  114.865005  100.227814  85.213593  70.519844  57.015884 
 58.007187  68.950935  82.192032  95.939217  108.881721  120.131409  129.435623  135.598129  136.853745  133.422974  126.161087  116.057816  103.925468  91.039688  77.480469  64.614372  54.506462 
 55.840416  62.541252  72.629997  84.639534  96.139221  105.719376  113.572037  118.007339  118.804214  116.274063  110.559845  102.331093  91.961563  80.619690  68.739372  58.981094  53.342140 
 52.132919  57.063339  62.770416  72.022652  81.661507  89.978958  96.489738  100.048805  100.744011  98.874062  94.335884  87.592560  78.568230  68.798851  59.887291  54.602974  50.767136 
 } 
 B Channel
 {
 17.757240  19.925575  22.754742  27.279377  31.820885  35.509636  38.355625  40.080467  40.694790  39.760468  37.678699  34.255989  30.088280  25.854378  21.738335  19.224064  18.616146 
 18.925159  22.260780  27.194530  32.931873  37.983593  42.289845  45.606876  47.882343  48.401878  47.111095  44.390156  40.422031  35.838905  30.818127  25.536251  21.141563  19.179066 
 20.238331  25.402500  31.914688  38.387188  44.105625  49.164688  53.332657  55.950470  56.610313  54.963440  51.487968  46.723438  41.490467  35.859688  29.897655  24.108280  19.945576 
 21.949585  28.703751  36.063908  43.022499  49.392029  55.509064  60.648285  63.929688  64.590622  62.448280  58.266876  52.577347  46.459217  40.007969  33.561405  26.974533  21.482239 
 23.718388  31.428593  39.115002  46.438282  53.765778  60.757660  66.753441  70.433281  71.191559  68.760002  64.123749  57.733749  50.530785  43.507187  36.441093  29.337502  23.077915 
 25.031406  33.105782  40.990158  48.623436  56.570313  64.195625  70.516251  74.290627  74.894684  72.615623  67.955002  61.097343  53.257187  45.689999  38.296719  30.876251  24.069168 
 25.490883  33.711094  41.673752  49.551407  57.599373  65.426407  71.773903  75.539528  76.074684  73.778595  69.623596  62.678909  54.662346  46.992500  39.195469  31.289063  24.591145 
 25.233696  33.091408  40.824219  48.508125  56.404846  63.978905  70.221718  74.032188  74.448906  72.233284  68.274216  61.401718  53.469063  45.878750  38.379375  30.798904  24.278698 
 24.106144  31.442814  38.765469  46.217812  53.524216  60.208435  66.092186  69.637970  70.057816  68.095627  63.921722  57.821404  50.808746  43.799061  36.622814  29.536877  23.379375 
 22.430367  28.758907  35.644062  42.504688  49.094528  54.921249  59.699066  62.593597  63.091873  61.562653  57.967972  52.913124  46.845779  40.461407  33.739689  27.150002  21.833332 
 20.837135  25.596092  31.700939  38.123280  44.070313  49.014999  52.765472  55.006096  55.483749  54.100311  51.276093  47.137344  42.017345  36.253906  30.096249  24.330624  20.163128 
 19.714687  22.497189  27.121407  32.943748  38.305939  42.590469  45.537655  47.188751  47.497501  46.568283  44.396561  40.995625  36.452343  31.242500  25.807343  21.513748  19.210419 
 18.110939  19.839272  22.464115  26.893333  31.670105  35.109009  37.846199  39.189587  39.518333  38.947659  37.104481  34.201462  30.113800  25.611668  21.418804  19.176666  17.848751 
 } 


 White Balance Data with optical Center Data
 r_center_x =  637 r_center_y =  481 
 gr_center_x =  613 gr_center_y =  482 
 b_center_x =  633 b_center_y =  458 
 gb_center_x =  620 gb_center_y =  475 
 r/gr 0.871711 
 b/gr 0.410822 
 gb/gr 0.998852 
 r_oc_ave 161.960007 
 b_oc_ave 76.328888 
 gr_oc_ave 185.795563 
 gb_oc_ave 185.582230 

 [AWB]
 RGr =  0.871711 
 BGr =  0.410822 
 GbGr =  0.998852 
 r_oc_ave =  161.960007 
 b_oc_ave =  76.328888 
 gr_oc_ave =  185.795563 
 gb_oc_ave =  185.582230 