 LEFT LENS SHADING DATA
 RED Channel
 {
 41.086044  44.720627  49.540367  57.323441  65.923279  73.194527  78.782349  82.020309  83.025833  81.445992  77.459267  71.224739  63.853020  55.763336  48.040474  43.777447  40.824947 
 43.627293  49.029373  57.757660  68.154686  78.163910  86.878906  93.724220  98.209061  99.323753  97.018280  91.828438  84.297028  75.444687  65.625000  55.454842  47.385155  42.702034 
 45.618385  54.797340  66.374535  78.573441  90.081718  100.576248  109.171875  115.200317  116.765930  113.673431  107.003754  97.465782  86.556717  75.350937  63.510628  52.552658  44.423695 
 49.088951  60.875626  74.159843  87.732498  101.128441  113.626099  124.761246  132.330933  134.457336  130.572662  122.028900  110.004532  96.892029  83.820625  70.717659  58.030159  47.043282 
 52.329117  65.805153  80.212502  95.331253  110.657501  125.422028  138.641876  147.261566  149.627502  145.237030  135.234070  120.989838  105.632500  90.911095  76.340469  62.577660  49.999115 
 54.714577  69.313751  84.354843  100.480316  117.208435  133.892975  148.128433  157.213593  159.557663  155.091400  144.514374  128.967346  111.788284  95.563751  80.190941  65.598747  52.049164 
 55.645058  70.391090  86.137657  102.666565  119.731873  137.197662  151.590149  160.497498  163.212341  158.668900  149.027191  132.653275  115.063751  98.091560  81.920311  66.825623  53.090630 
 54.875572  69.563278  84.855782  100.714378  117.287964  133.832657  148.142029  157.166092  159.688904  155.401871  145.507965  129.498276  112.097809  95.971252  80.553596  66.052971  52.440674 
 52.815727  66.452812  80.979691  95.837341  110.835938  125.621094  138.728119  147.139221  149.785156  145.541092  135.551254  121.406723  105.905937  91.462654  77.073128  63.200623  50.602295 
 49.570366  61.677658  75.040314  88.488594  101.609062  114.048431  124.899536  132.114059  134.481400  130.984528  122.453903  110.612968  97.612656  84.696716  71.309372  58.599686  47.593441 
 46.765942  56.022186  67.615936  79.770157  91.252029  101.569847  110.058128  115.797028  117.592194  114.775314  107.993279  98.552032  87.798126  76.380157  64.478127  53.339844  45.123386 
 45.116928  50.480469  59.119217  69.608749  79.780312  88.269997  95.133278  99.633904  100.938438  98.783592  93.578751  86.032501  76.889534  66.994843  56.739685  48.375626  43.709793 
 42.629009  46.241093  50.765678  58.750832  67.236145  74.641670  80.128906  83.655365  84.618027  83.196716  79.032082  72.989166  65.178902  56.502556  48.928856  44.617706  41.375626 
 } 
 GR Channel
 {
 50.939842  56.130257  62.058075  71.168495  80.530052  88.788025  94.648857  98.223595  99.227028  97.142235  92.968079  86.192551  78.042709  68.920158  60.094788  55.103180  51.340683 
 54.633179  61.765472  72.107033  83.789528  94.932343  104.393440  111.489685  116.044220  117.341400  114.812027  109.384529  101.288597  91.595627  80.660782  69.081879  59.580467  53.923599 
 57.522705  68.795624  82.239372  95.802811  108.544998  119.749069  128.633118  134.759369  136.359848  133.221558  126.258743  116.366714  104.622345  91.986252  78.573753  65.873909  55.952034 
 61.838913  76.025780  91.278908  106.335312  120.996399  134.348129  145.706726  153.497650  155.669525  151.637344  143.023590  130.364685  116.297806  101.750778  86.977341  72.334999  59.331665 
 65.947037  81.883904  98.216873  114.905945  131.347504  147.081253  160.886566  169.556870  171.858597  167.524994  157.378128  142.472183  125.903275  109.753593  93.570313  77.667503  63.017502 
 68.867035  85.933907  102.969841  120.600784  138.222961  155.819061  170.640472  179.955002  182.042038  177.699524  167.026718  150.946243  132.523438  114.928131  97.944061  81.236565  65.233643 
 69.989685  87.239685  105.046097  122.841095  140.777496  159.108444  174.195938  183.224380  185.847504  181.466873  171.945007  154.994370  136.243912  117.948914  99.957184  82.723282  66.621407 
 69.050415  86.341248  103.587967  120.535309  138.036560  155.451248  170.514847  179.851868  182.183441  177.808121  168.090149  151.226563  132.795624  115.164688  98.204063  81.542030  65.681824 
 66.485107  82.683441  99.027031  115.005005  130.853592  146.571411  160.243744  169.162033  171.703598  167.319214  157.106400  142.283432  125.620316  109.920937  93.966408  78.110153  63.019539 
 62.488495  76.830780  91.975624  106.631248  120.615463  133.821091  145.038284  152.501251  154.819382  151.269226  142.616089  130.249374  116.380783  102.114998  87.300934  72.623283  59.590149 
 58.917130  69.952347  83.326096  96.712189  108.912971  119.760620  128.605774  134.610931  136.402649  133.583435  126.434067  116.685944  105.103127  92.592346  79.100784  66.238594  56.430054 
 56.325729  63.095314  73.187347  84.777191  95.802032  104.936249  112.071564  116.703903  118.188904  115.840942  110.288284  102.448906  92.622185  81.467972  69.826248  60.095627  54.323128 
 52.019058  57.203224  62.909637  71.774269  81.126823  89.029167  95.074066  98.708694  99.892860  98.180519  93.766403  87.252441  78.705101  69.039009  60.400414  55.111870  50.878960 
 } 
 GB Channel
 {
 51.200722  56.343651  62.694740  72.228958  82.461411  91.158325  97.531670  101.570045  102.519737  100.516045  95.886093  88.759689  79.811150  70.068184  60.789162  55.532135  51.592552 
 54.369896  61.572815  72.292030  84.505623  96.245781  106.355003  114.138748  119.149841  120.595779  117.960632  112.176712  103.563438  93.237816  81.560471  69.470001  59.724846  53.892967 
 56.534012  68.114220  81.914063  96.059998  109.274529  121.139999  130.648132  137.321869  139.230774  135.921570  128.708130  118.169220  105.796875  92.456406  78.542343  65.497032  55.520157 
 60.552597  74.767189  90.293434  105.864220  121.031403  135.024994  147.132813  155.390152  157.784058  153.873901  144.785461  131.570786  116.827820  101.819847  86.411720  71.463127  58.274376 
 63.993385  80.104843  96.582184  113.669998  130.603119  146.839066  161.138275  170.511719  173.183289  168.784851  158.392349  143.086716  125.911407  109.144684  92.511871  76.322342  61.369637 
 66.576248  83.606247  100.826408  118.619064  136.634216  154.712967  170.022659  179.846558  182.393127  178.023743  167.189056  150.777344  131.855316  113.680466  96.317657  79.461876  63.426453 
 67.285942  84.712189  102.514534  120.386093  138.568130  157.243912  172.745621  182.182968  185.232651  180.930466  171.369537  154.197662  134.917191  116.106400  97.927498  80.563126  64.311874 
 66.434433  83.642967  100.800156  117.952820  135.626404  153.177811  168.689056  178.339371  181.072037  176.927032  167.037506  149.980164  131.212494  113.262344  96.041718  79.359222  63.343597 
 63.924217  80.149841  96.397034  112.392349  128.432968  144.200317  158.379379  167.357971  170.479370  166.191711  156.024063  140.942032  124.041412  108.001564  91.863594  75.970467  61.011093 
 60.382080  74.477501  89.472809  104.309372  118.352966  131.713913  143.244370  151.152817  153.547974  150.139069  141.454849  128.935318  114.805466  100.245628  85.378128  70.618752  57.669998 
 57.025215  68.060623  81.349220  94.732185  107.082809  118.104538  127.338745  133.397186  135.502029  132.615936  125.459686  115.529068  103.847809  91.093750  77.441093  64.615311  54.832390 
 54.829315  61.434532  71.586876  83.295937  94.451561  103.820625  111.320465  116.072189  117.751556  115.401871  109.752342  101.760315  91.673904  80.302185  68.451248  58.800468  52.934845 
 50.974327  55.983078  61.713127  70.755104  80.379898  88.625214  94.901093  98.851768  99.914482  98.463966  93.713379  86.885315  78.084526  68.271355  59.422501  54.119843  50.067345 
 } 
 B Channel
 {
 17.714272  20.128853  23.089428  27.556145  32.272552  36.107811  39.005989  40.558594  40.977711  40.000523  38.069790  34.887032  30.915882  26.439011  22.187393  19.698700  18.382446 
 19.100517  22.347187  27.355469  32.999062  38.297344  42.630314  45.838280  47.825470  48.316872  47.140938  44.690624  40.948906  36.463593  31.336720  25.935314  21.440155  19.231197 
 20.255310  25.544064  31.965939  38.519218  44.351719  49.322968  53.172813  55.731560  56.376564  54.917816  51.847343  47.383282  42.087658  36.333595  30.143436  24.226093  20.205051 
 22.120941  28.830936  36.119843  43.183125  49.645622  55.488594  60.361092  63.448128  64.296097  62.522972  58.742813  53.254219  47.072655  40.620625  33.924061  27.197968  21.649014 
 23.859791  31.399376  39.159061  46.687031  53.891090  60.635468  66.389374  69.968750  70.742966  68.874847  64.581879  58.223595  51.065628  43.961094  36.694061  29.486874  23.308960 
 25.126617  33.188908  41.132969  48.923904  56.608597  64.081879  70.123436  73.765625  74.570778  72.887657  68.441254  61.561249  53.672501  46.018124  38.462502  30.996250  24.330002 
 25.667084  33.697498  41.802502  49.655785  57.473595  65.105469  71.163437  74.709999  75.934219  74.155624  70.129372  63.022659  54.987030  47.119686  39.322968  31.546562  24.877811 
 25.268227  33.330311  41.100624  48.630783  56.124535  63.372810  69.477028  73.211403  74.396721  72.757965  68.625626  61.579376  53.596252  45.984844  38.577656  31.125469  24.410675 
 24.256977  31.757813  39.088749  46.153439  52.997185  59.444221  65.126564  68.886093  70.137344  68.345467  64.120316  57.722656  50.572189  43.735626  36.723125  29.518749  23.233334 
 22.576199  28.990158  35.832500  42.336094  48.368752  53.995155  58.841873  62.038910  63.171249  61.705467  58.060471  52.655937  46.632343  40.368908  33.734062  27.003281  21.532658 
 21.020885  25.823593  31.895939  37.806095  43.273281  48.054840  52.055939  54.702034  55.537659  54.319061  51.299377  46.967655  41.866093  36.189377  30.011719  24.089062  20.011147 
 19.828957  22.630627  27.046406  32.381092  37.434376  41.592186  44.901093  47.045311  47.716564  46.726093  44.311249  40.813126  36.259533  31.168125  25.726563  21.247814  18.944061 
 18.063957  19.899376  22.266617  26.488388  30.877708  34.712605  37.485470  39.293648  39.814896  39.050888  37.042500  34.001461  30.003075  25.452705  21.349060  18.946976  17.427395 
 } 


 White Balance Data with optical Center Data
 r_center_x =  641 r_center_y =  485 
 gr_center_x =  664 gr_center_y =  498 
 b_center_x =  621 b_center_y =  474 
 gb_center_x =  651 gb_center_y =  487 
 r/gr 0.879125 
 b/gr 0.408020 
 gb/gr 0.997592 
 r_oc_ave 163.884445 
 b_oc_ave 76.062225 
 gr_oc_ave 186.417770 
 gb_oc_ave 185.968887 

 [AWB]
 RGr =  0.879125 
 BGr =  0.408020 
 GbGr =  0.997592 
 r_oc_ave =  163.884445 
 b_oc_ave =  76.062225 
 gr_oc_ave =  186.417770 
 gb_oc_ave =  185.968887 