 LEFT LENS SHADING DATA
 RED Channel
 {
 40.400677  44.159428  48.795830  56.698235  65.014008  72.557762  78.067444  81.464897  82.532921  80.575577  76.694733  70.504845  63.181824  54.938126  47.358128  43.033176  40.290264 
 43.466511  48.505470  57.078751  67.601563  77.670471  86.496719  93.576408  97.910309  99.125000  96.659531  91.653282  83.982971  75.090782  65.303123  54.909378  46.791718  42.484844 
 45.438698  54.216408  65.666092  77.903435  89.660782  100.311562  109.099220  114.856094  116.553757  113.622650  106.902496  97.157654  86.397812  74.886253  62.958122  51.948593  43.952133 
 48.455261  60.199219  73.388283  86.995003  100.587341  113.420776  124.479370  132.095779  134.276093  130.585785  121.976563  109.894531  96.818748  83.448593  70.110313  57.389847  46.620468 
 51.712753  65.160469  79.585312  94.580627  109.814064  124.984680  138.021408  146.769531  149.482498  145.143753  135.374695  121.153442  105.705627  90.566872  75.781250  61.957970  49.626511 
 54.242500  68.531250  83.839531  99.775780  116.458755  133.076874  147.597961  156.790619  159.347656  155.202972  144.848434  129.195786  111.953903  95.351715  79.567032  65.137810  51.876144 
 55.362389  69.962814  85.622032  102.300003  119.261719  136.459061  151.402649  160.592194  163.038284  159.041565  149.015625  132.839539  115.001556  97.837814  81.284691  66.296410  52.697868 
 54.797455  69.150154  84.296249  100.354843  116.897507  133.284683  147.915619  157.315933  159.699524  155.476868  145.615158  129.551254  112.195007  95.707657  79.965935  65.342972  52.090675 
 52.359474  66.134064  80.349998  95.422653  110.717812  125.317810  138.476715  147.414841  149.891724  145.660782  135.512497  121.544693  106.102028  91.154221  76.500626  62.631248  50.044586 
 49.282349  61.097969  74.386093  87.903435  101.142815  113.705002  124.491089  132.280945  134.286713  130.762024  122.111099  110.421410  97.372971  84.208595  70.836250  58.004372  47.200630 
 46.498905  55.278282  66.976875  79.084846  90.673592  100.948280  109.677345  115.690933  117.369064  114.400314  107.491562  98.107033  87.403908  75.815315  63.757500  52.663124  44.409374 
 44.745365  49.907654  58.522812  69.055000  79.019218  87.568283  94.767029  99.212654  100.456253  98.152969  92.902809  85.331879  76.226410  66.308907  55.848122  47.479374  42.856876 
 42.201614  45.885365  50.652397  58.439583  66.764847  73.880569  79.695992  83.328705  84.307915  82.465675  78.517807  72.329796  64.671608  56.101608  48.231880  43.668541  41.156876 
 } 
 GR Channel
 {
 49.175880  54.756294  60.604324  69.715630  79.085625  87.161255  93.164474  97.067810  98.129112  96.269524  92.366875  86.224167  78.190262  69.154327  60.355835  55.109375  51.351044 
 54.080467  60.747345  70.775780  82.574371  93.488129  102.966248  110.464066  115.169067  116.636414  114.555161  109.659378  102.018753  92.455467  81.828278  70.223747  60.484375  54.785210 
 57.193443  67.807190  80.768127  94.217972  106.824532  118.129837  127.352493  133.577026  135.573288  132.906876  126.548279  116.874847  105.500465  93.251091  79.893280  67.067970  57.195679 
 60.992661  74.903282  89.651405  104.355621  118.860153  132.336411  144.023911  152.225464  154.845306  151.475784  143.318130  131.128601  117.412659  103.041252  88.518440  73.851097  60.748383 
 64.859428  80.639221  96.545311  112.512650  128.743912  144.714996  158.843903  168.315475  171.500305  167.506714  158.245316  143.688278  127.246246  111.050629  95.045158  79.327187  64.671768 
 67.902969  84.427345  101.216408  118.044220  135.750626  153.616089  169.277191  179.092194  182.213913  178.553284  168.377350  152.536087  134.158432  116.420151  99.412811  83.093124  67.488541 
 69.004318  85.952034  103.107033  120.578430  138.526245  157.332657  173.102966  183.000626  186.064056  182.581100  173.251404  156.840149  137.923279  119.560318  101.671562  84.464996  68.529167 
 68.197762  84.809219  101.631561  118.629837  136.158127  153.947342  169.578430  179.815308  182.875931  179.097504  169.762344  153.402969  134.740463  117.038757  100.048279  83.404533  67.670990 
 65.495834  81.364998  97.178749  113.397186  129.625000  145.583130  159.947189  169.449219  172.787506  168.883911  159.079056  144.635315  128.039368  112.052658  96.083595  80.234528  65.345985 
 61.617607  75.689690  90.599686  105.331406  119.461243  133.352493  144.968750  153.217819  155.981567  152.929382  144.386719  132.365936  118.353912  104.202499  89.602654  74.818283  61.527237 
 58.049843  69.066719  82.427185  95.720627  108.300934  119.475784  129.016251  135.257965  137.513748  134.874374  128.010468  118.558289  107.229378  94.677185  81.385155  68.347343  58.049217 
 55.504425  62.542969  72.761719  84.456253  95.370628  104.910782  112.707504  117.378906  119.074524  116.970779  111.685936  103.971565  94.463905  83.575470  71.764061  61.785782  55.832237 
 51.663177  57.096504  62.964012  71.977089  81.332291  89.148491  95.819588  99.675781  100.807243  99.444321  95.331352  88.902390  80.657028  70.969841  62.074478  56.508492  52.653908 
 } 
 GB Channel
 {
 49.551254  55.050415  61.320099  70.780464  80.494476  89.212341  95.776253  99.522820  100.738594  98.683746  94.583961  87.724640  79.117088  69.617706  60.382080  54.809845  50.920258 
 54.107498  60.851250  71.128441  83.401093  94.734062  104.705467  112.452499  117.505310  119.027969  116.652496  111.388123  103.178596  93.254997  81.896873  69.786247  59.916718  54.112762 
 56.805099  67.543434  80.777969  94.722504  107.686409  119.394836  129.141556  135.587662  137.645462  134.871246  128.105774  117.785004  105.814529  92.927498  79.151405  66.023903  56.013702 
 60.155983  74.238281  89.201874  104.202972  119.127029  133.012344  145.028122  153.687347  156.476563  152.978592  144.405624  131.561096  117.141251  102.336250  87.236877  72.415627  59.260208 
 63.786613  79.552658  95.622810  111.801407  128.296249  144.606720  159.151566  169.072662  172.384216  168.404694  158.554993  143.464996  126.437347  109.780937  93.271095  77.390625  62.605202 
 66.570724  82.969063  99.883278  116.810623  134.629837  152.780624  168.638901  178.905319  182.227188  178.437027  168.045151  151.531876  132.683289  114.572342  97.271248  80.803436  65.120941 
 67.543335  84.126251  101.307190  118.834839  136.841095  155.689682  171.838913  182.086868  185.312973  181.753128  172.230621  155.262650  135.961563  117.380630  99.209686  81.957809  65.989479 
 66.753174  83.074219  99.523903  116.583130  134.304214  152.121567  167.901871  178.549530  181.982498  178.047806  168.484070  151.719055  132.789368  114.676407  97.514374  80.932655  65.251198 
 63.949379  79.696877  95.321091  111.449371  127.802658  143.916870  158.403748  168.237656  171.829224  167.962814  157.807663  142.995789  126.014221  109.800629  93.747345  77.897346  62.980469 
 60.283180  74.259216  89.083435  103.689217  118.017349  131.995316  143.777817  152.347183  155.252975  152.268127  143.247192  131.008743  116.559845  102.292503  87.461716  72.650780  59.495575 
 57.066460  67.925629  81.273750  94.576721  107.204063  118.530151  128.132034  134.770004  137.091400  134.436096  127.444214  117.455154  105.925003  93.096252  79.564842  66.522659  56.528282 
 54.781509  61.617966  71.977188  83.793434  94.834061  104.402657  112.265152  117.281876  119.061096  116.849838  111.389534  103.323280  93.465469  82.334999  70.357498  60.359528  54.479317 
 51.021507  56.486099  62.343025  71.549271  81.171562  89.134529  95.856613  99.956459  101.242973  99.610466  95.168900  88.383911  80.002762  70.006256  60.877495  55.365990  51.720154 
 } 
 B Channel
 {
 17.607811  19.637398  22.397346  26.943436  31.493805  35.499321  38.301094  39.986820  40.571564  39.609951  37.646774  34.567867  30.555157  26.131981  21.821510  19.302288  17.943539 
 19.499897  22.391563  27.142967  32.857189  38.212345  42.687031  46.069218  48.097031  48.604065  47.551407  45.222187  41.488907  36.942032  31.799061  26.272968  21.711876  19.549793 
 20.832241  25.630783  31.827499  38.265938  44.213436  49.408592  53.532967  56.082031  56.752190  55.449997  52.450623  47.946095  42.658279  36.841564  30.622501  24.672813  20.621147 
 22.555988  28.912033  35.950470  42.883595  49.472343  55.523285  60.559685  63.945938  64.713593  63.030624  59.327660  53.807503  47.585781  41.107498  34.393436  27.772186  22.369690 
 24.419323  31.518280  39.037655  46.393593  53.629059  60.499535  66.565155  70.373909  71.417030  69.491875  65.190468  58.771561  51.559532  44.461094  37.212967  30.217186  24.089272 
 25.620262  33.160469  40.859375  48.548904  56.281097  63.891716  70.382187  74.335312  75.326721  73.512657  68.925468  62.078590  54.144997  46.511875  38.969063  31.753437  25.323856 
 26.093594  33.719219  41.545155  49.401566  57.211403  65.042503  71.485153  75.481560  76.444061  74.718750  70.453903  63.338280  55.280624  47.571564  39.733280  32.238438  25.682606 
 25.673283  33.218906  40.692032  48.310310  55.946564  63.430939  69.754845  73.721565  74.721252  72.862030  68.732971  61.781097  53.890472  46.342499  38.889217  31.681873  25.388542 
 24.357914  31.561249  38.685471  45.892967  52.966560  59.704689  65.511566  69.214691  70.283592  68.430153  64.153748  58.005470  51.011871  44.162655  37.159531  30.247345  24.239635 
 22.506458  28.868126  35.637657  42.177502  48.422966  54.272034  59.115471  62.305466  63.263435  61.755157  57.997971  52.887657  46.809063  40.790157  34.250156  27.703281  22.526405 
 20.906563  25.676563  31.787498  37.796719  43.390938  48.307816  52.281876  54.806252  55.637032  54.329376  51.264999  47.100624  42.116875  36.639687  30.574532  24.824219  20.867764 
 19.805729  22.677811  27.320313  32.617657  37.598438  41.835938  45.267189  47.226093  47.744843  46.755470  44.381405  40.867031  36.568592  31.626408  26.221561  21.853905  19.818699 
 18.387394  20.473648  22.954060  27.124115  31.497185  35.160522  38.147606  39.809635  40.243805  39.495262  37.632866  34.582657  30.794636  26.338699  22.068230  19.665367  18.780369 
 } 


 White Balance Data with optical Center Data
 r_center_x =  625 r_center_y =  483 
 gr_center_x =  653 gr_center_y =  512 
 b_center_x =  645 b_center_y =  511 
 gb_center_x =  648 gb_center_y =  511 
 r/gr 0.876115 
 b/gr 0.409888 
 gb/gr 0.994790 
 r_oc_ave 163.662216 
 b_oc_ave 76.568886 
 gr_oc_ave 186.804443 
 gb_oc_ave 185.831116 

 [AWB]
 RGr =  0.876115 
 BGr =  0.409888 
 GbGr =  0.994790 
 r_oc_ave =  163.662216 
 b_oc_ave =  76.568886 
 gr_oc_ave =  186.804443 
 gb_oc_ave =  185.831116 