 LEFT LENS SHADING DATA
 RED Channel
 {
 41.318279  44.638699  49.781036  57.733383  66.224899  73.483589  79.125671  82.808907  83.707863  82.081718  78.353279  72.377129  64.729012  56.453125  48.735413  43.952656  41.209324 
 43.118282  48.355156  57.141876  67.583595  77.672813  86.347969  93.451721  97.914528  99.393906  97.058594  92.376404  84.854843  75.900467  66.175629  56.006248  47.494530  42.640572 
 45.015575  53.834534  65.317657  77.451096  89.095314  99.491722  108.436722  114.608902  116.570786  113.688278  107.382500  98.026093  87.124847  75.786407  64.131874  52.941406  44.468281 
 48.200729  59.706566  72.873909  86.385155  99.877968  112.563751  123.784058  131.544373  134.086243  130.633591  122.466568  110.803123  97.806091  84.473747  71.337029  58.573753  47.503746 
 51.203850  64.415939  78.787186  93.849533  109.219528  124.190155  137.390320  146.419998  149.253128  145.297806  135.923279  121.977036  106.709061  91.659531  77.194061  63.259377  50.517708 
 53.111404  67.747032  82.913284  99.024216  115.820618  132.330627  146.733597  156.192505  159.003601  155.029846  144.924225  129.856094  112.985306  96.580627  81.045471  66.305000  52.679169 
 54.206566  69.011566  84.587967  101.104065  118.245621  135.409225  150.006409  159.394836  162.208588  158.321091  149.186569  133.621872  116.041092  99.056564  82.787346  67.447029  53.574326 
 53.285156  67.950783  83.153908  99.264687  115.956253  132.209686  146.536407  155.929214  158.849838  154.912659  145.810776  130.298431  113.287964  97.120155  81.437500  66.549843  53.046303 
 51.195572  64.823280  79.307816  94.455002  109.587654  124.451721  137.413132  146.283127  149.162033  144.892029  135.857498  122.418121  107.180153  92.532814  77.776253  63.841408  50.951614 
 48.156982  59.854065  73.186562  87.084373  100.536407  113.066101  123.894836  131.472656  133.931244  130.870468  122.855164  111.304688  98.473282  85.436409  72.124847  59.141090  47.931721 
 45.490158  54.379532  66.035469  78.341721  90.087341  100.496872  109.278908  115.200775  117.135468  114.767349  108.461403  99.224533  88.496407  76.960312  64.902344  53.622971  45.064846 
 43.997864  49.300156  57.764999  68.296722  78.394379  87.388123  94.492340  99.205940  100.876877  98.930466  93.867966  86.408905  77.356873  67.286873  56.925781  48.461403  43.380779 
 41.339115  45.093700  49.549583  57.464012  66.140205  73.633545  79.807137  83.534683  84.712715  83.247757  79.092758  73.010368  65.386871  56.723122  48.982658  44.274952  41.019535 
 } 
 GR Channel
 {
 52.064629  57.135475  63.213074  72.465729  81.883392  89.560783  95.328232  99.220734  100.083382  98.432861  94.769897  88.305260  80.238495  71.110992  62.240158  56.612076  53.348335 
 55.170052  61.858597  72.107033  83.859062  94.578590  103.687653  111.054062  116.009064  117.554840  115.250153  110.295311  102.507965  93.013283  82.263283  70.902031  60.962502  55.080414 
 57.861618  68.672653  81.597343  94.978592  107.382187  118.355164  127.755005  134.278275  136.392349  133.484848  126.829529  117.029694  105.446716  93.269218  80.268906  67.455002  57.247086 
 61.752182  75.549690  90.344528  104.990158  119.219528  132.767181  144.755157  153.083588  155.715942  152.080933  143.623123  131.347656  117.357971  103.019531  88.639999  74.105003  60.939163 
 65.601616  81.111404  97.182503  113.400162  129.539368  145.486404  159.690475  169.338440  172.325775  168.270935  158.399536  143.839844  127.342972  111.084846  95.344841  79.542503  64.610001 
 68.145683  85.009216  101.887032  118.991882  136.772186  154.412033  169.852341  179.781876  182.710938  178.751099  168.464996  152.625000  134.296249  116.575623  99.764061  83.232658  67.201614 
 69.409843  86.486717  103.793594  121.365463  139.450943  157.874527  173.573914  183.493591  186.543594  182.528442  173.262650  156.877975  138.170776  119.687027  101.963127  84.668907  68.327866 
 68.416138  85.206566  102.117966  119.302338  136.924530  154.547348  169.875305  179.882507  182.901566  178.958908  169.650314  153.375153  134.917664  117.431412  100.181252  83.452034  67.630569 
 65.716042  81.434372  97.670471  113.948746  130.180786  146.086716  160.101715  169.454681  172.560150  168.112808  158.673126  144.450623  127.989380  111.966408  95.887497  80.215622  65.110619 
 61.619637  75.644844  90.637184  105.754997  120.111099  133.429062  145.081558  153.095306  155.780777  152.584534  144.379059  131.977493  118.147034  103.945465  89.382187  74.717659  61.296616 
 58.243912  69.185783  82.586563  96.212341  108.726250  119.704224  128.954056  135.443130  137.426559  134.821091  128.119217  118.431412  106.991562  94.483749  81.035156  68.099373  57.966461 
 55.939171  62.871246  72.830780  84.712189  95.814064  105.242188  112.650787  117.680313  119.360153  117.117188  111.921410  104.093750  94.373123  83.343285  71.641403  61.706879  55.640205 
 51.919586  57.421669  63.101830  72.092598  81.650314  90.000938  96.081398  100.044899  101.154121  99.472603  95.279114  88.680840  80.468956  70.870567  62.137032  56.541870  52.521034 
 } 
 GB Channel
 {
 52.706612  57.609535  64.050682  73.571770  83.636513  91.812035  98.209587  102.386620  103.382339  101.587456  97.427605  90.569847  81.772186  72.086769  62.709579  56.874634  53.271301 
 54.998276  62.052658  72.601715  84.813438  96.195465  105.843903  113.711243  119.035156  120.659225  118.186401  112.912186  104.455467  94.268440  83.050934  71.181252  60.906097  54.908806 
 57.302711  68.250626  81.603279  95.489532  108.442032  120.107971  129.983444  136.817810  139.275787  136.126877  129.133591  118.700470  106.424217  93.648125  80.203125  67.015472  56.610260 
 60.707664  74.672028  89.835312  104.919846  119.765778  133.776566  146.368286  155.147034  157.987350  154.289368  145.304840  132.466248  117.766724  102.919373  88.081879  73.172966  59.793175 
 64.087448  79.746407  96.089691  112.735153  129.345306  145.796249  160.402039  170.454056  173.722809  169.669846  159.485931  144.439529  127.328598  110.436249  94.261871  78.197502  63.223328 
 66.232498  83.276253  100.374062  117.779221  135.825623  153.914215  169.746094  180.042191  183.210159  179.246094  168.779221  152.415787  133.681717  115.554993  98.286095  81.553596  65.487137 
 67.203438  84.493439  101.908905  119.719055  137.989838  156.675476  172.646088  182.919373  186.249695  182.152496  172.863907  156.166870  136.994537  118.226257  100.300934  82.757500  66.472076 
 66.286560  83.112816  100.043282  117.528442  135.179535  153.135162  168.702026  179.018280  182.337341  178.315628  168.964218  152.309067  133.721252  115.705780  98.373749  81.502815  65.684891 
 63.760574  79.439529  95.644844  112.110931  128.493912  144.719849  158.923126  168.400467  171.821869  167.454376  157.776245  143.351257  126.708908  110.351410  94.062035  78.232498  63.232079 
 59.849220  73.864845  88.940315  104.126251  118.754379  132.322342  144.094223  152.340469  155.227661  152.006882  143.584213  131.011093  116.923279  102.427971  87.862968  73.009842  59.622551 
 56.835831  67.737503  81.221092  94.955940  107.587502  118.767029  128.183441  134.845306  136.978287  134.406555  127.544846  117.741882  106.049217  93.262810  79.705940  66.774216  56.551926 
 54.914482  61.771561  71.914375  83.848907  95.122658  104.739845  112.446091  117.634842  119.449692  117.273438  111.834373  103.708282  93.668747  82.426407  70.662659  60.626404  54.726616 
 51.364479  56.717392  62.413956  71.654533  81.511612  90.048386  96.497971  100.494637  101.779686  99.946350  95.401878  88.763908  80.369164  70.347031  61.352867  55.888283  51.568695 
 } 
 B Channel
 {
 18.978333  21.217918  24.373333  28.939430  33.485210  37.335155  40.301559  41.931095  42.385315  41.445366  39.732449  36.690731  32.638596  28.077190  23.701462  20.888542  19.906040 
 19.699997  22.927502  27.847500  33.625469  38.925625  43.272030  46.620312  48.771721  49.380310  48.278908  46.040157  42.372814  37.824219  32.743439  27.198124  22.434376  20.257294 
 20.510418  25.582500  31.810780  38.176250  44.052189  49.133751  53.275314  55.994064  56.767654  55.390472  52.325310  48.007965  42.745625  37.082657  30.995937  24.987186  20.872185 
 22.134113  28.535156  35.545780  42.472343  49.165627  55.141716  60.353752  63.739532  64.637184  63.021095  59.257347  53.792969  47.507343  41.128750  34.481876  27.789845  22.327553 
 23.761253  31.036251  38.645782  46.135155  53.463753  60.504532  66.477188  70.333908  71.401405  69.505470  65.252029  58.841721  51.597191  44.465157  37.303280  30.133907  24.017029 
 24.805519  32.613438  40.502186  48.322968  56.219376  63.792969  70.263596  74.227501  75.298126  73.470627  69.055779  62.153122  54.250938  46.492970  39.032501  31.600468  25.054428 
 25.210781  33.212658  41.174061  49.088593  57.015938  64.884377  71.265472  75.367966  76.536407  74.654686  70.593750  63.445465  55.408440  47.543594  39.780312  32.035938  25.331352 
 24.744114  32.512657  40.224686  47.980312  55.722656  63.230621  69.521095  73.552032  74.632500  72.896248  68.912971  61.945313  54.004219  46.498592  38.932812  31.431564  25.037811 
 23.500832  30.778751  38.248592  45.666718  52.847504  59.603592  65.404846  69.110153  70.228752  68.205780  64.141876  58.131561  51.150002  44.257656  37.112656  30.004532  23.890991 
 21.680523  28.122189  35.126251  42.060623  48.460159  54.182343  58.955154  62.192497  62.980621  61.561409  58.011253  52.901718  46.954845  40.755470  34.248436  27.527031  22.177654 
 20.227451  25.277657  31.530624  37.822033  43.432343  48.230621  52.076408  54.659843  55.354218  54.229065  51.418747  47.288593  42.242188  36.632343  30.567970  24.649376  20.634792 
 19.341927  22.375469  27.089531  32.592342  37.690311  41.939529  45.211720  47.238438  47.842655  46.903595  44.602032  41.204376  36.769531  31.766251  26.330624  21.768436  19.601768 
 17.719845  20.076508  22.595573  26.920467  31.574482  35.326824  38.083591  39.918018  40.270782  39.505886  37.510159  34.671040  30.770992  26.293335  22.161041  19.558022  18.064686 
 } 


 White Balance Data with optical Center Data
 r_center_x =  647 r_center_y =  461 
 gr_center_x =  643 gr_center_y =  496 
 b_center_x =  623 b_center_y =  483 
 gb_center_x =  651 gb_center_y =  484 
 r/gr 0.868339 
 b/gr 0.410197 
 gb/gr 0.998837 
 r_oc_ave 162.595551 
 b_oc_ave 76.808891 
 gr_oc_ave 187.248886 
 gb_oc_ave 187.031113 

 [AWB]
 RGr =  0.868339 
 BGr =  0.410197 
 GbGr =  0.998837 
 r_oc_ave =  162.595551 
 b_oc_ave =  76.808891 
 gr_oc_ave =  187.248886 
 gb_oc_ave =  187.031113 