 LEFT LENS SHADING DATA
 RED Channel
 {
 41.306301  45.377552  50.690315  58.997498  67.272141  74.837769  80.492554  83.693123  84.760361  83.026718  79.255470  73.345367  65.759537  57.461296  49.750832  45.294685  42.180935 
 43.947136  49.953590  59.160309  69.589996  79.509842  88.344215  95.274841  99.636871  100.775154  98.583595  93.483597  86.190155  77.358910  67.571091  57.493752  49.172188  44.435520 
 46.330730  56.067810  67.874687  79.922653  91.539063  101.946877  110.564842  116.444687  118.365784  115.226715  108.548439  99.272346  88.737656  77.595627  65.710472  54.546562  46.156975 
 49.859787  62.284378  75.655159  89.238434  102.436874  115.120789  126.042038  133.772507  135.929993  132.036713  123.562500  111.797028  99.097809  86.191093  73.063591  60.149376  48.859375 
 53.456665  67.397499  81.846252  96.755310  112.050934  126.768906  139.918274  148.561401  151.099213  146.655472  136.792816  122.792343  107.691406  93.224060  78.717346  64.751564  52.079475 
 56.011452  70.674377  86.053284  101.985779  118.594223  135.079529  149.408905  158.465469  160.791092  156.472961  146.139374  130.801254  114.022186  97.841408  82.515778  68.079689  54.268860 
 57.020470  72.066093  87.779846  104.286560  121.163284  138.262024  152.740936  161.861725  164.330627  160.204376  150.639374  134.557816  117.058441  100.520622  84.413910  69.330467  55.277763 
 56.283279  71.182655  86.595154  102.521721  118.835007  135.337341  149.429214  158.616089  161.036255  156.764694  147.394058  131.560471  114.430786  98.359840  83.121719  68.268593  54.662552 
 54.025574  68.269531  82.757187  97.725937  112.727966  127.393906  140.249695  149.047501  151.521408  147.516251  137.602493  123.920471  108.750153  94.176247  79.785934  65.670471  52.492760 
 51.014793  63.439377  76.775314  90.476563  103.661720  115.949692  126.703125  134.058121  136.293594  133.101410  124.715622  113.386719  100.539528  87.603592  74.184059  61.204529  49.661827 
 48.132233  57.622032  69.498596  81.805779  93.371246  103.565315  112.186569  118.000305  119.825317  117.205307  110.624535  101.558746  90.878754  79.346878  67.162186  55.743591  47.173809 
 46.364162  52.072502  61.013123  71.621094  81.809845  90.534843  97.529533  101.951721  103.385468  101.334686  96.325623  88.775002  79.709999  69.652344  59.058441  50.677498  45.878334 
 43.788334  47.540001  52.457710  60.526726  69.150475  76.467133  82.290573  85.924431  87.152344  85.931770  81.653130  75.713753  67.829590  59.240883  51.374687  46.932503  43.429165 
 } 
 GR Channel
 {
 50.755890  55.821297  62.093704  71.397919  80.526611  88.917549  95.103287  98.685524  99.719170  97.753647  93.422813  86.820000  78.741562  69.695885  60.842659  55.536148  51.984062 
 54.402557  61.712341  72.355156  83.970001  94.918907  104.393593  111.760155  116.283432  117.572495  114.957809  109.634064  101.973747  92.307816  81.659843  70.250778  60.515312  54.909897 
 57.469376  68.914375  82.490623  95.809685  108.433746  119.621399  128.826569  134.959061  136.564529  133.276871  126.487350  116.813126  105.441093  93.147659  79.949219  66.997658  56.983704 
 61.806824  76.324532  91.552345  106.393440  120.671570  134.242493  145.740158  153.468903  155.684998  151.752975  143.242661  131.025787  117.186096  103.104378  88.473595  73.612968  60.329849 
 66.215202  82.284378  98.511253  114.648743  130.937347  146.725632  160.476715  169.309525  172.042038  167.563599  157.866562  143.263748  127.019058  111.061249  95.110001  79.160309  64.073235 
 69.134216  86.407341  103.537971  120.437973  138.265472  155.744537  170.554688  179.790466  182.328430  178.223907  167.826874  151.927811  133.895309  116.373596  99.560936  82.957657  66.780357 
 70.308128  87.864372  105.348434  122.929062  140.913132  158.788589  173.951569  183.446091  186.065155  181.993912  172.443436  155.837967  137.391876  119.415466  101.709999  84.427345  67.792549 
 69.437500  86.707497  104.035309  121.073746  138.351410  155.431564  170.273590  179.945786  182.693588  178.642029  168.976563  152.652039  134.201569  116.742966  99.952034  83.180939  66.874268 
 66.655937  83.070938  99.371559  115.643600  131.681717  146.896561  160.415787  169.750626  172.393280  168.337967  158.389069  144.022339  127.600464  111.582809  95.910156  79.849060  64.281982 
 62.741615  77.382660  92.489685  107.340935  121.198441  134.233276  145.613281  153.201096  155.801559  152.500778  143.996246  131.975311  118.012192  104.095779  89.415314  74.508904  60.791199 
 59.246559  70.604065  84.008125  97.384529  109.692657  120.537338  129.654526  135.729538  137.550934  134.818283  128.066879  118.459839  107.107658  94.497971  81.103592  68.039063  57.837807 
 56.724327  63.748283  73.913124  85.519684  96.466560  105.748596  113.205933  117.941254  119.379379  117.235001  111.951096  104.178436  94.420158  83.205467  71.536407  61.804840  55.875885 
 52.746399  57.833908  63.511879  72.312187  81.887817  89.715462  95.883446  99.807076  101.019371  99.621254  95.268806  88.665932  80.342033  70.861099  62.083702  57.015053  52.525055 
 } 
 GB Channel
 {
 50.826614  56.209526  62.888908  72.676247  82.631248  91.592812  98.240944  101.973747  103.335258  101.140472  96.725418  89.637970  80.683075  71.023071  61.826248  56.157448  52.313278 
 54.016197  61.607658  72.622032  84.941254  96.501251  106.715309  114.477188  119.517502  120.894226  118.246094  112.477493  104.282341  94.048279  82.592033  70.699997  60.642654  54.878281 
 56.717972  68.359840  82.309532  96.233749  109.409531  121.280777  131.005783  137.594849  139.498749  136.200623  129.003433  118.838440  106.775940  93.862030  79.993126  66.615158  56.481194 
 60.545731  75.154060  90.681564  106.142502  121.042664  135.199692  147.265930  155.567963  158.033905  154.126099  145.265778  132.428909  118.011093  103.150002  88.093597  72.880310  59.256561 
 64.394844  80.536720  97.100937  113.640320  130.478119  146.793747  161.106720  170.339066  173.556412  169.036560  159.095001  143.893600  126.929382  110.527496  94.052971  77.718437  62.618439 
 66.841614  84.091408  101.380783  118.565933  136.766556  154.698746  170.017502  179.972809  182.736557  178.678436  168.149994  151.852188  133.197037  115.185471  98.007813  81.089996  64.797920 
 67.733910  85.213280  102.802658  120.604843  138.778900  157.112183  172.649536  182.762497  185.720154  181.869370  172.120621  155.173431  136.188431  117.792816  99.813591  82.273590  65.694221 
 66.897606  84.062187  101.225159  118.409683  136.010788  153.445007  168.634064  178.797028  181.746872  177.936249  168.104218  151.484375  132.753754  114.886871  97.913910  80.990623  64.731461 
 64.380989  80.568283  96.752502  113.106567  129.252808  144.802811  158.595306  168.340622  171.298599  167.482498  157.250931  142.634216  125.979691  109.731247  93.818283  77.688591  62.139221 
 60.590996  75.140778  90.113434  105.076248  119.185318  132.243118  143.995316  151.908432  154.617813  151.489838  143.007813  130.698914  116.501404  102.260468  87.449997  72.447029  58.984741 
 57.451515  68.684219  82.109688  95.363594  107.894844  118.976563  128.382813  134.689224  136.638596  134.112976  127.199692  117.435318  105.797340  92.860939  79.386253  66.467033  56.150574 
 55.200935  62.245941  72.432343  84.120941  95.169220  104.713905  112.409851  117.403748  118.999847  116.930618  111.530312  103.382813  93.359840  82.104691  70.217186  60.462341  54.563805 
 51.600517  56.655098  62.305054  71.344688  81.087341  89.242447  95.800880  100.171669  101.390472  99.815208  95.271149  88.604897  79.846298  70.034264  61.138023  56.003387  51.725891 
 } 
 B Channel
 {
 17.580677  20.013180  23.092972  27.791248  32.429428  36.374374  39.322918  41.029690  41.360104  40.423176  38.259377  35.088539  31.062710  26.728695  22.575466  19.917343  18.627762 
 18.847347  22.337967  27.461094  33.118752  38.416718  42.886875  46.130001  48.243439  48.648438  47.324219  44.760624  41.149376  36.693127  31.666405  26.427345  21.834217  19.631508 
 20.239738  25.619530  32.120937  38.575314  44.420624  49.448128  53.510155  56.077499  56.541718  54.882034  51.727966  47.374062  42.305939  36.844376  30.753906  24.785938  20.619690 
 22.142757  28.942970  36.214218  43.308750  49.747810  55.754845  60.662811  63.799065  64.352341  62.402031  58.578903  53.239220  47.280937  41.005936  34.517345  27.712189  22.139690 
 24.056091  31.577969  39.359375  46.848438  54.117966  60.853592  66.606560  69.993126  70.793594  68.647186  64.492340  58.210312  51.264534  44.460625  37.350468  30.100468  23.865257 
 25.237759  33.316719  41.378593  49.121246  56.844841  64.331879  70.360001  73.896873  74.563751  72.642189  68.326874  61.651566  54.060783  46.586407  39.161564  31.686092  24.986721 
 25.757607  33.984688  42.110470  50.024216  57.792030  65.302185  71.305939  74.882500  75.704842  74.025002  70.112030  63.088753  55.362816  47.840939  40.092186  32.345627  25.480625 
 25.522243  33.534531  41.468281  49.067970  56.557816  63.707497  69.562813  73.184845  74.210938  72.504845  68.697655  61.897812  54.138283  46.646095  39.289219  31.771252  25.030834 
 24.414532  31.947655  39.410156  46.614220  53.455940  59.788284  65.304375  68.893593  69.972343  68.412498  64.394684  58.370628  51.419373  44.580002  37.643749  30.292500  23.867085 
 22.653801  29.411095  36.190937  42.898281  48.822189  54.289528  58.826096  62.045311  63.139847  61.953125  58.403748  53.368126  47.390156  41.305313  34.694843  27.834530  22.085991 
 21.148594  26.214218  32.396408  38.292656  43.726719  48.282967  52.165466  54.773590  55.631409  54.612503  51.810783  47.689999  42.707813  37.107189  30.936405  24.852501  20.733334 
 20.059944  23.062656  27.650936  32.855469  37.758125  41.959373  45.264843  47.348438  48.084534  47.233906  44.969219  41.455467  37.084217  31.992657  26.508125  21.919846  19.700470 
 18.491615  20.329948  22.672188  26.749424  31.193539  34.740623  37.689636  39.624271  40.160572  39.654114  37.699429  34.760262  30.794010  26.489117  22.231876  19.722134  18.140049 
 } 


 White Balance Data with optical Center Data
 r_center_x =  641 r_center_y =  491 
 gr_center_x =  619 gr_center_y =  471 
 b_center_x =  621 b_center_y =  477 
 gb_center_x =  635 gb_center_y =  486 
 r/gr 0.883158 
 b/gr 0.407458 
 gb/gr 0.998119 
 r_oc_ave 164.844452 
 b_oc_ave 76.053337 
 gr_oc_ave 186.653336 
 gb_oc_ave 186.302216 

 [AWB]
 RGr =  0.883158 
 BGr =  0.407458 
 GbGr =  0.998119 
 r_oc_ave =  164.844452 
 b_oc_ave =  76.053337 
 gr_oc_ave =  186.653336 
 gb_oc_ave =  186.302216 