 LEFT LENS SHADING DATA
 RED Channel
 {
 40.793438  44.404686  48.708855  56.410782  64.578545  72.193336  77.912033  81.217804  82.314217  80.886459  77.018593  71.057449  63.937347  55.802505  48.270470  43.941978  41.176979 
 43.648853  48.564690  56.787186  67.206406  77.119377  85.931252  92.983910  97.550316  98.808594  96.751877  91.872971  84.576408  75.662971  66.193748  56.164841  47.939064  43.279476 
 45.341095  53.930466  65.182968  77.284218  88.995316  99.383125  108.222343  114.373749  116.208755  113.386719  106.895782  97.630783  86.878128  75.910934  64.266563  53.333595  44.997967 
 48.126404  59.744530  72.990311  86.489059  99.908905  112.660629  123.727036  131.558899  134.011871  130.402039  122.026566  110.332657  97.374374  84.601097  71.542191  59.004372  47.957294 
 51.383545  64.508125  79.101097  93.999222  109.246719  124.023590  137.480469  146.522812  149.509689  145.382187  135.572968  121.541565  106.361717  91.779373  77.344688  63.550468  51.135674 
 53.771927  67.849220  83.222031  99.318596  115.997025  132.627182  147.276566  156.867035  159.627350  155.687973  145.328125  129.781403  112.788910  96.689217  81.398750  66.824219  53.407753 
 54.809952  69.326408  84.879219  101.791092  118.999527  136.286407  151.278442  160.847183  163.475937  159.592819  150.115311  133.984680  116.061401  99.402809  83.347809  68.067497  54.272087 
 54.174370  68.528122  83.688126  99.882660  116.978912  133.553757  148.330002  158.025940  160.581558  156.568283  146.986725  131.049530  113.482193  97.429222  81.945160  67.264221  53.624428 
 51.937347  65.537971  79.965782  94.937653  110.589066  125.672806  138.991562  148.464371  151.224213  147.277969  137.398438  123.132339  107.584999  92.747971  78.315002  64.464066  51.583229 
 49.045464  60.723595  74.061874  87.790314  101.109528  114.164215  125.248444  133.322495  135.924683  132.528595  123.930161  112.178757  98.886871  85.882965  72.585312  59.792191  48.458023 
 46.511509  55.205467  66.835938  79.060783  90.765625  101.334061  110.683907  116.863129  118.896088  116.192657  109.402496  99.780472  88.919998  77.553909  65.577812  54.254059  45.502811 
 44.848228  50.049065  58.567970  69.136566  79.313126  88.128441  95.615471  100.428284  101.927811  99.941719  94.703903  87.152657  78.138123  68.211876  57.611877  48.814217  43.837345 
 42.191143  46.083645  50.674423  58.556557  67.093544  74.400932  80.536514  84.364319  85.496147  84.291512  80.173698  74.212448  66.574371  58.004379  49.699371  44.919010  41.711926 
 } 
 GR Channel
 {
 49.381195  54.634529  60.397552  69.160263  78.470993  86.777657  92.993126  96.517494  97.649170  96.142136  92.417503  86.288330  78.220833  69.439217  60.720100  55.275108  51.582603 
 53.973694  60.438904  70.154846  82.001717  93.070778  102.505783  110.119377  114.839996  116.214996  114.167343  109.470001  102.036247  92.531250  82.081093  70.608437  60.927185  54.993019 
 56.862137  67.138596  80.087189  93.662186  106.417816  117.597656  126.901413  133.124222  135.075943  132.303589  126.105621  116.758911  105.554222  93.469528  80.374847  67.615784  57.533073 
 60.390938  74.132187  89.020157  103.978905  118.393600  132.016724  143.544846  151.753281  154.391556  150.821564  142.747818  130.881088  117.380310  103.502502  88.991722  74.486877  61.367287 
 64.274582  79.826248  96.088593  112.122345  128.403275  144.244537  158.423599  167.859222  171.086411  166.994217  157.398132  143.150940  127.050781  111.327972  95.442810  79.806564  65.282814 
 67.280571  83.785782  100.824371  118.072968  135.638596  153.446243  168.899536  178.921249  181.847351  178.037033  167.720779  151.985931  134.101410  116.894058  100.200935  83.614532  67.853905 
 68.562813  85.346565  102.650940  120.613434  138.541412  157.090775  173.001877  183.033432  185.806870  182.094528  172.924377  156.551407  138.092499  120.286713  102.647972  85.308441  69.005104 
 67.610466  84.386093  101.240784  118.551407  136.535461  154.181717  169.830475  179.960464  182.897659  179.322495  170.015625  153.905472  135.240311  117.695160  100.757500  84.033905  68.123695 
 64.840576  80.915779  97.032028  113.312027  129.971252  146.066101  160.315155  170.150620  173.404068  169.701096  159.947968  145.334381  128.693436  112.447037  96.509216  80.737656  65.675789 
 61.037659  75.182030  90.401253  105.340622  119.719849  133.788132  145.677505  153.999069  156.983444  153.950943  145.404526  133.249374  119.009842  104.727966  90.015160  75.287033  61.654739 
 57.792244  68.568283  82.145935  95.807968  108.552185  119.927811  129.649216  136.236252  138.505630  135.896713  129.105942  119.261246  107.814529  95.187965  81.755623  68.533592  58.196304 
 55.169167  62.275002  72.444221  84.622810  95.846718  105.394066  113.140930  118.158905  119.793121  117.772812  112.542496  104.784378  95.155624  84.049065  72.105934  61.950470  55.694847 
 51.031662  56.880836  62.648598  71.827400  81.481514  89.504059  96.166359  100.018700  101.402710  99.876144  96.040421  89.641457  81.356041  71.709061  62.288857  56.628174  52.608177 
 } 
 GB Channel
 {
 49.678596  55.091927  60.995102  70.298233  80.078957  89.082245  95.585258  99.444481  100.925789  99.211205  94.995262  88.004585  79.553802  70.028542  60.932915  55.340729  51.512810 
 54.005684  60.621719  70.572189  82.896561  94.443123  104.479530  112.404221  117.514069  118.982651  116.715149  111.431717  103.462502  93.393593  82.320625  70.483749  60.481560  54.522392 
 56.407242  66.868279  80.139534  94.128441  107.434998  119.154068  128.793274  135.484680  137.466248  134.616089  127.799377  117.920624  106.071091  93.443283  79.843750  66.715469  56.648178 
 59.635475  73.479843  88.662811  103.881409  118.837036  132.928436  144.897034  153.556564  156.284683  152.707809  144.115311  131.587494  117.384689  102.920311  88.022972  73.171562  59.975731 
 63.205055  78.712341  95.051559  111.362816  128.090942  144.387817  158.939529  168.833908  172.237656  168.157974  158.052505  143.299683  126.575470  110.309685  94.110001  78.129372  63.499794 
 65.789688  82.263435  99.352341  116.705475  134.568909  152.595306  168.550156  178.914215  182.105621  178.275314  167.641098  151.387024  133.137024  115.474380  98.233284  81.602814  65.647820 
 66.831093  83.650467  100.874222  118.954056  137.051880  155.741089  171.842651  182.270935  185.235001  181.583130  172.183594  155.469376  136.357025  118.230621  100.343437  82.920784  66.724319 
 65.964584  82.629997  99.338593  116.644379  134.766098  152.423904  168.426712  178.924530  182.092819  178.416565  168.954529  152.430466  133.438599  115.432495  98.366096  81.693436  65.728859 
 63.183487  79.198280  95.238907  111.404999  128.234528  144.438278  158.879059  169.028595  172.463287  168.885620  158.808899  143.824692  126.851257  110.372810  94.252190  78.488434  63.434273 
 59.525780  73.638908  88.817184  103.723907  118.110931  132.329529  144.398590  153.042969  156.189224  153.100159  144.337036  131.873901  117.312195  102.879997  88.041405  73.164688  59.830101 
 56.723541  67.348122  80.940941  94.564842  107.419373  118.997345  128.935318  135.672653  138.138275  135.518600  128.396088  118.269058  106.440468  93.658905  80.048592  66.841721  56.584846 
 54.354172  61.293747  71.524529  83.695313  95.022812  104.740471  112.838440  118.020309  119.763596  117.579224  112.243591  104.249374  94.214691  82.812653  70.769684  60.558907  54.463699 
 50.910416  56.257088  62.183495  71.397400  81.291977  89.296509  96.263855  100.434486  101.869637  100.429420  96.050468  89.276871  80.484276  70.551613  61.236778  55.596619  51.698700 
 } 
 B Channel
 {
 17.914532  19.772446  22.322914  26.667240  31.259583  35.297451  38.293018  39.944061  40.327656  39.628750  37.798073  34.785519  30.883541  26.500210  22.236404  19.627136  18.315056 
 19.692867  22.443905  26.992500  32.690781  38.028751  42.520157  45.993439  48.069061  48.514534  47.501251  45.227032  41.699688  37.178123  32.095627  26.710781  22.124844  19.805050 
 20.960781  25.502655  31.669998  38.067188  44.041405  49.186409  53.382813  56.068283  56.680153  55.300781  52.353279  48.051094  42.867031  37.198906  31.070000  25.179218  21.002342 
 22.741299  28.816093  35.824062  42.797188  49.335625  55.376251  60.411407  63.879532  64.733437  62.939064  59.228279  53.835472  47.806252  41.416561  34.824062  28.154999  22.762501 
 24.339844  31.449219  38.907188  46.348595  53.583122  60.494217  66.492500  70.327972  71.396248  69.400314  65.022972  58.777496  51.714531  44.724533  37.593437  30.558125  24.549377 
 25.576302  33.147343  40.961094  48.678436  56.464844  63.966408  70.300468  74.343597  75.302345  73.472191  68.837029  61.955315  54.322968  46.825157  39.366562  32.097813  25.691147 
 25.939949  33.746407  41.621563  49.569534  57.343597  65.176872  71.537033  75.439842  76.485313  74.707970  70.489059  63.346252  55.446716  47.916092  40.215782  32.615311  26.107815 
 25.531094  33.175468  40.877029  48.479065  56.225159  63.629372  69.897812  73.849533  74.843285  73.141716  69.063438  62.069687  54.145157  46.581249  39.260311  32.002029  25.617657 
 24.123543  31.519375  38.905468  46.052811  53.185471  59.939529  65.686409  69.518280  70.658440  69.009689  64.654846  58.346718  51.336563  44.399845  37.406250  30.508438  24.522602 
 22.380520  28.810936  35.814064  42.479218  48.639061  54.514061  59.406097  62.646248  63.638435  62.211403  58.464378  53.230934  47.202030  40.977657  34.450314  27.925625  22.637707 
 20.756565  25.732811  31.923752  38.086250  43.669533  48.508278  52.586090  55.179840  56.021248  54.778595  51.760941  47.452030  42.378593  36.821095  30.719063  24.913750  20.844166 
 19.681717  22.684845  27.322342  32.870781  37.867813  42.031563  45.432343  47.517811  48.012032  47.072968  44.782188  41.314842  36.984688  31.937813  26.439220  21.907970  19.861095 
 18.189220  20.595051  23.172970  27.514324  31.964478  35.429066  38.420055  40.160313  40.618076  39.851093  38.080105  35.067135  31.290936  26.686146  22.384842  19.846508  18.686508 
 } 


 White Balance Data with optical Center Data
 r_center_x =  628 r_center_y =  482 
 gr_center_x =  660 gr_center_y =  486 
 b_center_x =  655 b_center_y =  469 
 gb_center_x =  630 gb_center_y =  462 
 r/gr 0.880671 
 b/gr 0.411869 
 gb/gr 0.996255 
 r_oc_ave 164.102219 
 b_oc_ave 76.746666 
 gr_oc_ave 186.337784 
 gb_oc_ave 185.639999 

 [AWB]
 RGr =  0.880671 
 BGr =  0.411869 
 GbGr =  0.996255 
 r_oc_ave =  164.102219 
 b_oc_ave =  76.746666 
 gr_oc_ave =  186.337784 
 gb_oc_ave =  185.639999 