 LEFT LENS SHADING DATA
 RED Channel
 {
 41.722549  45.043385  50.228226  58.242546  66.544220  73.980988  79.547760  82.842606  83.905891  82.281982  78.308388  72.012810  64.425835  56.178284  48.699226  44.758541  41.408127 
 44.219219  49.434845  58.430313  69.164841  79.127342  87.920784  95.001717  99.443436  100.672340  98.347809  93.258591  85.574066  76.496246  66.602654  56.289841  48.435623  44.138126 
 46.355465  55.081093  66.813591  79.280624  91.046562  101.699844  110.513908  116.366257  118.052032  115.023911  108.342812  98.614845  87.640472  76.310936  64.322815  53.147659  45.588699 
 49.289429  61.125465  74.282814  88.148125  101.867813  114.822815  125.904999  133.539215  135.790161  131.920624  123.341568  111.065468  97.961563  84.722504  71.430313  58.529999  47.952503 
 52.108025  65.928436  80.177032  95.329842  111.128906  126.405777  139.501556  148.137970  150.822189  146.299225  136.353912  122.089539  106.483437  91.535934  76.923904  63.001404  50.733284 
 54.220367  68.910156  84.142189  100.174217  117.358597  134.335312  148.968445  157.715469  160.220474  155.900162  145.349838  129.754837  112.496399  95.990623  80.581093  65.895622  52.583542 
 55.130310  69.816559  85.622032  102.212029  119.720001  137.251099  152.176254  161.077972  163.506088  159.385941  149.505783  133.380630  115.575623  98.439064  82.093597  66.873436  53.303856 
 54.465729  68.727814  83.960938  100.100784  117.051086  133.975159  148.626724  157.747818  160.087494  155.872025  145.915787  130.077499  112.693909  96.301872  80.559845  65.811562  52.549477 
 52.282288  65.683128  80.011719  95.092033  110.695313  125.726563  139.123444  147.857971  150.394058  146.087814  136.047180  121.947189  106.441559  91.588905  76.841248  62.951408  50.533279 
 49.154373  60.915627  73.891403  87.497971  100.979065  113.951874  125.073746  132.745163  134.868118  131.358597  122.683594  110.803436  97.723747  84.621246  71.255157  58.350937  47.726353 
 46.223125  55.244377  66.767189  78.755623  90.434219  101.048279  110.160309  116.043594  117.812347  114.853745  107.948753  98.375938  87.678436  76.058281  64.095314  53.084686  45.350521 
 44.529167  49.838753  58.393906  68.783279  78.853439  87.572968  94.982033  99.404999  100.875626  98.634377  93.307816  85.645782  76.464066  66.563438  56.313278  48.315781  44.128071 
 42.230415  45.655003  50.262863  57.870155  66.316765  73.408173  79.415573  83.212921  84.037285  82.641457  78.368645  72.360573  64.631973  56.078018  48.890984  44.785156  41.878906 
 } 
 GR Channel
 {
 50.245163  55.321404  61.529579  70.773590  79.970528  87.880005  93.585411  97.046669  98.329269  96.414528  92.616257  86.306198  78.173645  69.263336  60.758179  55.802086  51.368332 
 54.685150  61.217033  71.651253  83.575470  94.380936  103.625000  110.953751  115.466248  116.878433  114.648911  109.567497  101.746407  92.282814  81.557503  70.040466  60.665001  55.510834 
 57.787506  68.272499  81.431404  95.184998  107.606247  118.670944  127.931870  133.867340  135.820313  132.843903  126.205627  116.462662  104.980934  92.717972  79.485313  66.686096  57.562965 
 61.654060  75.256561  89.963905  104.981247  119.667496  133.246399  144.930161  152.846252  155.294846  151.599060  143.064377  130.522034  116.575943  102.377342  87.899376  73.190941  60.927605 
 65.026718  81.084846  96.700783  112.987656  129.843597  145.934067  160.026093  169.153900  172.093124  167.610306  157.768600  142.922501  126.446869  110.364220  94.309059  78.703903  64.206200 
 67.536301  84.607346  101.350937  118.367966  136.764526  154.823593  170.411255  179.927658  182.383286  178.395630  167.851410  151.690002  133.289215  115.612350  98.758751  82.269531  66.713074 
 68.595520  85.530937  102.780312  120.378281  139.100311  158.079681  174.004837  183.708588  186.093277  182.081879  172.551712  155.792816  136.880157  118.546402  100.758904  83.509842  67.760887 
 67.651764  84.062187  100.894531  118.030945  135.932037  154.196091  170.214691  179.957962  182.663757  178.455933  168.841400  152.329376  133.723282  116.006561  98.896095  82.312347  66.665047 
 64.972763  80.460472  96.379219  112.515472  129.129684  145.525467  160.169220  169.641098  172.497650  168.372971  158.149536  143.386719  126.799850  110.800629  94.633438  78.904686  64.273857 
 61.142601  74.809685  89.369217  104.077660  118.516724  132.598434  144.841721  153.170151  155.734528  152.361877  143.530472  131.128433  117.228439  102.933907  88.117035  73.431091  60.744637 
 57.379219  68.246094  81.142029  94.281403  106.827972  118.368118  128.288589  134.771255  136.978439  134.058441  127.114059  117.316559  105.683441  93.132187  79.824997  67.081093  57.789642 
 55.118385  61.699844  71.529846  83.049377  93.882034  103.444687  111.524529  116.399216  118.167496  115.924225  110.518753  102.684998  92.955315  82.061562  70.492340  61.316559  56.034904 
 51.580887  56.275047  61.660469  70.246880  79.521408  87.216354  93.863907  98.009422  99.260841  97.837341  93.496666  87.135414  78.838646  69.543648  61.166718  56.651978  53.005310 
 } 
 GB Channel
 {
 50.046623  54.961617  61.546669  71.121826  80.867348  89.190933  95.607918  99.345055  100.558388  98.741043  94.333908  87.522346  78.938072  69.124840  60.293701  55.075310  50.586143 
 53.937035  60.562653  71.242500  83.574532  94.867966  104.734688  112.447495  117.403595  118.882339  116.496872  110.884529  102.492966  92.393280  81.080467  69.133904  59.609062  54.390732 
 56.344841  67.112968  80.637497  94.798592  107.711716  119.337494  128.921097  135.385788  137.309998  134.225311  127.191711  116.678589  104.604530  91.812500  78.173904  65.160622  55.969795 
 59.808540  73.763123  88.727341  104.040154  119.089691  133.261719  145.377808  153.710312  156.303757  152.437195  143.544846  130.353287  115.827026  101.127968  86.140938  71.206879  58.688538 
 62.895363  79.022659  94.891251  111.367653  128.639221  145.355774  159.703278  169.300781  172.329849  167.960464  157.749847  142.254059  125.187973  108.488907  92.140938  76.146721  61.894424 
 65.363335  82.043747  98.958595  116.227966  134.873901  153.321564  169.406555  179.325775  182.080933  177.855942  167.100464  150.439377  131.525940  113.314682  96.021721  79.479691  63.925941 
 66.195618  82.836876  100.105156  118.040466  136.929993  156.116257  172.394226  182.500931  185.231720  181.088120  171.296570  154.225464  134.617813  115.931412  97.775002  80.516876  64.823540 
 65.369476  81.545311  98.157501  115.406555  133.807343  152.255005  168.475937  178.788757  181.562347  177.382507  167.435944  150.426880  131.510315  113.387344  95.853752  79.307655  63.989532 
 62.737709  78.234375  93.824066  110.112030  127.075943  143.779068  158.720779  168.414368  171.603592  167.193130  156.724213  141.707184  124.692032  108.239059  91.991096  76.136871  61.850624 
 59.243538  72.975624  87.409218  102.225624  116.910156  131.272339  143.657349  152.280777  155.042969  151.515152  142.536255  129.750626  115.347961  100.772659  85.764374  71.094376  58.628128 
 56.132446  66.815155  79.688278  92.887497  105.680313  117.464371  127.595001  134.360153  136.586243  133.632507  126.496567  116.206879  104.345940  91.486877  78.002029  65.199684  56.036354 
 53.984222  60.646095  70.538750  82.230782  93.285622  103.171875  111.376404  116.549057  118.379211  116.077499  110.328125  102.049843  91.925629  80.776878  69.083435  59.819534  54.798073 
 50.842964  55.664642  61.168755  69.940155  79.333961  87.279793  94.124115  98.533226  99.920677  98.140831  93.516876  86.950882  78.213539  68.769371  60.190521  55.402237  52.166824 
 } 
 B Channel
 {
 18.224792  19.878956  22.967865  27.587551  32.073227  35.800625  38.672760  40.236149  40.811459  39.975262  37.981819  34.766148  30.721355  26.193699  22.092865  19.658699  18.132866 
 19.807293  22.593124  27.482655  33.518593  38.856564  43.211876  46.511719  48.485313  49.065628  47.889217  45.469532  41.655312  36.990936  31.778908  26.256405  21.866405  19.985363 
 21.034012  25.790470  32.060623  38.840313  44.907188  50.066559  54.092812  56.645470  57.296562  55.843437  52.725784  48.069221  42.681408  36.809532  30.511562  24.589062  20.934898 
 22.679688  29.034687  36.081093  43.240311  50.232971  56.339066  61.366409  64.548279  65.427658  63.598907  59.746094  53.973122  47.601406  41.078594  34.226563  27.517189  22.380520 
 24.281666  31.563751  39.085155  46.668594  54.429375  61.605621  67.526253  71.170471  72.024216  69.920311  65.551720  58.914375  51.481720  44.315155  36.996407  29.845314  23.921978 
 25.324371  32.910625  40.760624  48.652191  56.939217  64.874687  71.413750  75.056877  75.726563  73.744690  69.195000  62.061096  54.058441  46.301407  38.716251  31.375626  25.018539 
 25.641716  33.226093  41.150314  49.288597  57.544998  65.710625  72.354065  76.047813  76.710312  74.771095  70.529373  63.254059  55.172653  47.267967  39.429375  31.863907  25.423279 
 25.314999  32.549999  40.034687  47.937969  55.852188  63.610153  70.282188  74.071251  74.826408  72.875778  68.754684  61.647812  53.666092  46.029221  38.455002  31.137344  24.875050 
 24.077549  30.934845  37.959530  45.222500  52.652657  59.557816  65.640938  69.477501  70.299843  68.200310  63.845001  57.598907  50.562347  43.660156  36.505314  29.512814  23.720314 
 22.325314  28.310314  34.779530  41.305000  47.816250  53.823128  58.944687  62.329216  63.058594  61.406876  57.582809  52.410309  46.415939  40.154842  33.598751  27.037498  22.030834 
 20.665680  25.336720  31.063282  36.897499  42.597656  47.618439  51.833908  54.469841  55.086403  53.759064  50.704529  46.453281  41.498592  35.837189  29.827812  24.162033  20.567242 
 19.583904  22.308281  26.640938  31.784218  36.662342  41.039375  44.554062  46.679531  47.284218  46.189377  43.698750  40.223125  35.802189  30.910000  25.624062  21.486874  19.861046 
 18.283909  20.099323  22.452602  26.233177  30.426720  34.013958  37.021561  38.885159  39.369011  38.736874  36.711670  33.641460  29.878437  25.529167  21.638233  19.492706  18.651878 
 } 


 White Balance Data with optical Center Data
 r_center_x =  646 r_center_y =  488 
 gr_center_x =  638 gr_center_y =  488 
 b_center_x =  647 b_center_y =  473 
 gb_center_x =  646 gb_center_y =  492 
 r/gr 0.880685 
 b/gr 0.411958 
 gb/gr 0.994889 
 r_oc_ave 164.648895 
 b_oc_ave 77.017776 
 gr_oc_ave 186.955551 
 gb_oc_ave 186.000000 

 [AWB]
 RGr =  0.880685 
 BGr =  0.411958 
 GbGr =  0.994889 
 r_oc_ave =  164.648895 
 b_oc_ave =  77.017776 
 gr_oc_ave =  186.955551 
 gb_oc_ave =  186.000000 