 LEFT LENS SHADING DATA
 RED Channel
 {
 40.816612  44.541615  49.396614  57.447090  66.013542  73.134117  78.726776  82.112442  82.923019  81.150101  77.170311  70.978806  63.441147  55.118484  47.486092  42.910366  40.119949 
 43.055779  48.420158  57.223907  67.733749  77.679375  86.281403  93.175934  97.530159  98.593437  96.170937  91.210312  83.502342  74.429062  64.637032  54.474220  46.177658  41.469116 
 45.116352  53.959686  65.573593  77.823593  89.362656  99.559532  108.273438  113.927811  115.547653  112.562805  105.910782  96.396248  85.307816  73.977188  62.213593  51.256096  42.863384 
 48.337090  60.125000  73.323753  86.819534  100.160782  112.556244  123.514069  130.775940  132.863434  129.094849  120.622025  108.627655  95.496094  82.422028  69.330315  56.666565  45.653229 
 51.591667  65.266251  79.512970  94.407654  109.431252  124.002808  136.980621  145.544998  148.025940  143.566254  133.608124  119.723434  104.282028  89.398903  75.042343  61.167030  48.573074 
 53.960838  68.413750  83.566559  99.480316  115.991562  132.151093  146.512970  155.383438  157.678436  153.200470  142.841400  127.359222  110.469215  94.224533  78.809219  64.180939  50.589272 
 54.843231  69.639061  85.208122  101.692810  118.348755  135.255157  149.676559  158.672348  160.956100  156.634995  147.120468  131.105316  113.655624  96.724846  80.566406  65.339531  51.472244 
 54.047867  68.637657  83.701248  99.712654  116.004684  132.074997  145.976257  155.034683  157.418274  153.313904  143.713120  128.103592  110.872345  94.722969  79.100311  64.436562  50.722397 
 52.007553  65.423592  79.876091  94.948906  109.822655  124.070313  136.685944  145.116714  147.818436  143.417191  133.910309  120.330933  105.020622  90.172501  75.708282  61.842812  48.871140 
 48.701149  60.584061  73.959534  87.446564  100.514847  112.592972  123.234222  130.585464  132.661880  129.372498  120.995789  109.371094  96.469063  83.369690  70.142654  57.295471  45.856506 
 46.091358  55.049690  66.473282  78.672340  90.181717  100.428436  108.999535  114.617661  116.251724  113.418900  106.649376  97.357811  86.608749  75.109375  63.141876  52.015938  43.409687 
 44.338596  49.569221  58.118591  68.664841  78.780312  87.474998  94.251877  98.609840  99.814529  97.579216  92.337029  84.783279  75.653435  65.729843  55.325783  47.003281  42.130157 
 41.745258  45.612343  50.220467  57.954216  66.589890  73.608330  79.290207  82.721298  83.694321  81.875671  77.704330  71.592239  63.984276  55.329636  47.755573  43.459743  40.479740 
 } 
 GR Channel
 {
 51.887604  56.885101  62.923180  71.840416  81.023178  88.957703  94.815781  98.521873  99.662964  97.514374  93.351768  87.111824  78.821831  69.753647  61.079536  55.562500  52.114998 
 55.140526  61.834686  71.861717  83.622498  94.425468  103.558128  110.955154  115.578125  116.652344  114.198120  109.000938  101.045784  91.299530  80.591560  69.331406  59.650002  53.862495 
 58.090416  68.633751  81.628906  94.936249  107.600311  118.619995  128.039536  133.968277  135.766556  132.612183  125.690781  115.593750  103.654846  91.379059  78.216721  65.654533  55.853073 
 62.020576  75.788284  90.454529  105.307816  119.929062  133.289841  145.008911  152.880783  155.189224  151.362030  142.483444  129.746246  115.519226  101.004845  86.487190  72.169373  59.275208 
 66.041985  81.762810  97.566719  113.998749  130.228287  146.107971  159.924377  169.204224  171.830933  167.471252  157.388596  142.443909  125.364532  109.048752  93.169373  77.482658  62.937035 
 68.900314  85.530312  102.307343  119.595154  137.401413  155.073120  170.427185  179.953278  182.500931  178.253601  167.660004  151.160156  132.717499  114.872818  97.714378  81.126091  65.561302 
 69.845261  86.811722  104.197655  121.961411  140.137970  158.566101  174.050934  183.728287  186.248444  181.812500  172.427032  155.689682  136.426880  117.848129  99.852341  82.610313  66.796562 
 68.920212  85.495628  102.314529  119.775162  137.617035  155.322495  170.568756  180.118286  182.657028  178.656555  169.145782  152.211563  133.325775  115.433746  98.127029  81.480316  65.640724 
 66.189323  81.798279  97.902809  114.329376  130.816406  146.717194  160.652039  169.663910  172.591873  168.056244  158.108902  143.448746  126.566101  110.223122  94.042816  78.364845  63.247559 
 62.301926  76.186722  91.093437  106.014687  120.454681  133.883118  145.699997  153.792343  156.056564  152.422653  143.635788  131.035461  116.854370  102.434219  87.629219  72.949997  59.468338 
 59.178329  69.668747  82.715782  96.306564  108.889061  120.200317  129.699066  135.771255  137.496872  134.441879  127.381088  117.304062  105.650467  93.032654  79.522499  66.653595  56.280052 
 56.501663  63.334999  73.291405  85.041405  96.087654  105.537346  112.792496  117.492188  118.872025  116.619217  110.951096  102.944221  93.190002  82.130623  70.378128  60.539215  54.501930 
 52.809174  58.193336  63.714111  72.537445  81.904526  89.494629  95.479591  99.653847  100.512657  98.621513  94.150047  87.713173  79.306664  69.854797  61.011040  55.875267  51.757759 
 } 
 GB Channel
 {
 52.221870  57.517708  63.762756  73.208748  83.052032  91.243797  97.577759  101.580780  102.572762  100.493546  95.987648  88.887344  80.082558  70.380829  61.367706  55.578339  51.998749 
 55.096466  62.069374  72.485466  84.592499  95.938904  105.702347  113.545471  118.570160  119.874222  117.031876  111.428284  102.710472  92.324844  81.135002  69.205627  59.248749  53.331665 
 57.652550  68.408592  81.787186  95.591560  108.621246  120.357819  130.194534  136.676880  138.425476  135.180161  127.740631  117.034058  104.356407  91.428749  77.825470  64.785469  54.888596 
 61.297501  75.143753  90.080154  105.271561  120.351563  134.318130  146.538132  154.824692  157.247025  153.123123  143.929062  130.474533  115.575150  100.439377  85.305626  70.707184  57.832603 
 64.840210  80.485626  96.507034  113.286087  129.930161  146.302811  160.612503  170.179993  173.001556  168.497025  158.072037  142.582031  124.866882  107.979378  91.402031  75.465935  60.863022 
 67.168961  83.809372  100.667030  118.096252  136.334381  154.212036  169.991562  179.860153  182.620163  178.265778  167.363586  150.402817  131.451874  113.052811  95.433281  78.738594  63.274635 
 68.063492  84.792030  102.096878  120.037033  138.433121  156.996872  172.723434  182.771713  185.450317  181.145157  171.360153  154.354691  134.747971  115.677505  97.398285  79.992653  64.172455 
 66.892288  83.411873  100.128441  117.670776  135.624527  153.443588  168.852036  178.750000  181.510162  177.498276  167.891724  150.673126  131.367813  113.047348  95.550316  78.845779  62.940994 
 64.351044  79.770622  95.906563  112.357346  128.889221  144.890778  158.911880  168.296875  171.434692  166.865631  156.741714  141.779526  124.661255  108.000313  91.684845  75.854530  60.768494 
 60.606300  74.527344  89.293121  104.336563  118.793747  132.353287  144.153122  152.439056  154.788284  151.309219  142.315475  129.384369  114.946411  100.275154  85.396561  70.665154  57.319534 
 57.779015  68.302971  81.356247  95.007813  107.578438  118.937653  128.435471  134.760315  136.570007  133.502350  126.207657  115.896881  103.991409  91.212814  77.675156  64.686722  54.407341 
 55.528183  62.242966  72.209221  83.991875  95.175781  104.777496  112.195786  117.055618  118.508911  116.036560  110.216560  101.966873  91.839996  80.699371  68.858597  59.030472  53.097343 
 52.079849  57.331505  62.995262  71.931458  81.485992  89.238335  95.473068  99.567299  100.564537  98.664482  93.857399  87.055626  78.389587  68.741875  59.913803  54.678177  50.599014 
 } 
 B Channel
 {
 18.784218  21.123386  24.196617  28.973804  33.808800  37.863544  40.732136  42.513229  42.962555  41.819218  39.730415  36.495468  32.462971  27.763229  23.373798  20.643959  19.423122 
 19.510883  22.679844  27.787655  33.631092  39.007343  43.384377  46.824844  48.816559  49.181091  47.978592  45.582500  41.793594  37.146095  31.965313  26.464844  21.770626  19.467293 
 20.560364  25.626408  32.086563  38.525780  44.536877  49.618591  53.769531  56.363281  57.002655  55.567970  52.446564  47.856251  42.359844  36.546406  30.382030  24.395782  20.210571 
 22.362030  28.882656  36.096874  43.055000  49.819847  55.860001  60.953125  64.357971  65.187653  63.393753  59.413437  53.754997  47.390156  40.799374  34.058281  27.266251  21.785831 
 24.030727  31.482811  39.033127  46.637344  54.045158  61.065468  67.110153  71.028908  71.959534  69.968903  65.520157  58.939064  51.480316  44.115780  36.859219  29.606407  23.495365 
 25.138905  32.989532  40.822189  48.687813  56.733597  64.481873  71.132187  75.029846  75.958282  74.112503  69.420784  62.208595  54.138596  46.364063  38.663906  31.116249  24.575832 
 25.458122  33.294376  41.371719  49.412659  57.558746  65.565002  72.255157  76.124535  77.112343  75.167816  71.005157  63.568283  55.387497  47.422813  39.534218  31.621719  24.949844 
 24.873280  32.597656  40.446251  48.363907  56.323280  64.016251  70.517967  74.436409  75.418907  73.621246  69.390472  62.149689  54.086403  46.297657  38.666874  30.978283  24.472240 
 23.597866  30.898907  38.554844  46.080624  53.422966  60.248909  66.143593  69.885941  70.893127  68.964218  64.717346  58.414688  51.191872  44.025314  36.812031  29.634377  23.243961 
 21.819950  28.401405  35.515781  42.474533  48.922653  54.658440  59.704689  62.912811  63.810310  62.353592  58.556564  53.035309  46.912968  40.563126  33.886562  27.043751  21.459583 
 20.471771  25.478439  31.810936  38.162186  43.921562  48.880936  52.905937  55.361877  56.057343  54.634216  51.500778  47.085155  41.971405  36.311405  30.122189  24.152500  19.942917 
 19.579117  22.737656  27.438438  33.059532  38.242500  42.499531  45.638126  47.571251  48.040154  46.903908  44.394531  40.823906  36.359688  31.308750  25.850624  21.299530  18.987656 
 18.289948  20.626202  23.076771  27.302654  31.837086  35.423908  38.228123  39.799168  40.045784  39.154945  37.050571  34.092861  30.150520  25.678333  21.576458  19.127239  17.750156 
 } 


 White Balance Data with optical Center Data
 r_center_x =  640 r_center_y =  467 
 gr_center_x =  643 gr_center_y =  503 
 b_center_x =  635 b_center_y =  509 
 gb_center_x =  650 gb_center_y =  485 
 r/gr 0.865557 
 b/gr 0.413858 
 gb/gr 0.996553 
 r_oc_ave 161.839996 
 b_oc_ave 77.382225 
 gr_oc_ave 186.977783 
 gb_oc_ave 186.333328 

 [AWB]
 RGr =  0.865557 
 BGr =  0.413858 
 GbGr =  0.996553 
 r_oc_ave =  161.839996 
 b_oc_ave =  77.382225 
 gr_oc_ave =  186.977783 
 gb_oc_ave =  186.333328 