 LEFT LENS SHADING DATA
 RED Channel
 {
 41.498333  45.333336  50.314430  58.477608  66.874580  74.143860  79.520317  82.853073  83.824783  82.290413  78.689941  72.692238  65.202446  57.017914  49.219322  44.506042  41.751041 
 43.960835  49.582497  58.414215  68.913437  78.778748  87.232185  94.035309  98.467033  99.604378  97.347504  92.696404  85.335785  76.520157  66.937500  56.707031  48.144379  43.446457 
 46.231720  55.307343  67.069061  79.242340  90.473122  100.618591  109.100624  114.791565  116.544693  113.822342  107.515938  98.010468  87.596878  76.614532  64.816406  53.605316  45.169064 
 49.549164  61.622498  74.975311  88.487190  101.361877  113.648911  124.187027  131.648438  133.950150  130.404221  122.101410  110.558746  97.885780  85.176247  72.100159  59.369843  48.044640 
 53.070938  66.725937  81.247345  95.835159  110.683746  124.970932  137.669846  146.432663  149.034058  144.735779  135.323288  121.523590  106.599998  92.259064  77.932030  64.022812  51.199898 
 55.553017  70.272186  85.269066  100.895309  117.264999  133.296097  147.295776  156.539841  158.952820  154.698593  144.615158  129.467972  112.994064  97.171875  81.863907  67.381096  53.555054 
 56.511093  71.659218  86.991722  103.219376  120.065155  136.678131  151.156555  160.191559  162.632965  158.667343  149.061249  133.414841  116.103745  99.805939  83.860466  68.704376  54.563538 
 56.046303  70.672340  85.904221  101.739998  118.002029  133.873596  148.014526  157.094681  159.660156  155.555618  145.953430  130.452972  113.799683  98.023285  82.671722  67.949844  54.138802 
 53.766663  67.504997  82.099533  97.232346  111.998909  126.425934  139.110626  147.836868  150.412506  146.241714  136.680618  123.092972  108.093597  93.727814  79.312347  65.310158  52.292862 
 50.528496  62.737030  76.219528  90.033127  103.128593  115.473587  125.989059  133.361099  135.555786  132.160782  124.021255  112.726410  99.911407  87.055153  73.896561  60.850784  49.367241 
 47.710209  57.119377  69.124535  81.472191  93.112816  103.432343  111.869064  117.669998  119.499695  116.782501  110.130623  100.938591  90.362190  78.971565  66.895622  55.489685  46.761768 
 46.110729  51.857811  60.737190  71.426720  81.748436  90.535934  97.514374  101.850471  103.168594  101.069687  96.036095  88.447502  79.579689  69.526253  58.867035  50.228279  45.192238 
 43.844063  47.743645  52.509682  60.654434  69.493027  76.837601  82.586037  86.203590  87.239220  85.884689  81.699638  75.777496  67.885933  59.214172  51.213493  46.516407  42.862240 
 } 
 GR Channel
 {
 51.011566  56.284065  62.169746  71.387299  80.623589  88.219948  94.146461  97.960258  99.005623  97.321869  93.502495  86.862030  78.937767  69.737656  60.907242  55.625259  52.276505 
 54.749901  61.535309  71.723282  83.383125  94.184219  103.225159  110.569374  115.514221  116.866882  114.521881  109.322502  101.386406  91.790466  81.134529  69.657028  60.002968  54.526505 
 57.639481  68.345314  81.586876  95.194687  107.650627  118.563904  127.767654  134.157974  136.148743  133.167664  126.298752  116.174683  104.545624  92.235313  79.117966  66.392342  56.597549 
 61.906776  75.543434  90.528435  105.614220  120.015472  133.197495  144.669693  152.933121  155.580933  151.652039  143.138123  130.582336  116.458908  102.139221  87.505470  73.104378  60.093964 
 65.833694  81.403908  97.681404  113.848587  130.372818  145.846405  159.657806  168.857651  171.565933  167.227814  157.707809  142.988907  126.322495  110.284378  94.162346  78.594841  63.817139 
 68.714058  85.501564  102.367500  119.642029  137.650787  155.318756  170.211411  179.582657  181.776413  177.766098  167.532349  151.668121  133.552338  116.034683  98.807343  82.436409  66.536621 
 69.837601  87.037186  104.345154  122.131561  140.537659  158.919373  174.218903  183.273285  185.499847  181.516556  172.212662  155.915314  137.207031  119.181244  101.271408  84.022034  67.751404 
 69.109688  86.057190  103.037186  120.467819  138.325943  155.666565  170.914215  180.054840  182.443130  178.270157  168.749069  152.639999  134.382813  116.768753  99.654221  83.006096  67.250885 
 66.682343  82.395470  98.712341  115.310776  131.764526  147.433594  161.209534  170.396255  172.856873  168.601715  158.678284  144.294998  127.666718  111.696404  95.564690  79.743126  64.830215 
 62.547340  76.759216  91.889061  107.073593  121.482025  134.960632  146.481094  154.102188  156.411560  153.158752  144.801254  132.621872  118.328278  103.948280  89.207031  74.516403  61.337868 
 59.075630  70.184372  83.671875  97.218437  110.046722  121.103287  130.236725  136.292664  138.321716  135.647034  128.810471  119.164841  107.498909  94.883904  81.325935  68.381874  58.204376 
 56.675308  63.896561  73.916565  85.697342  97.001717  106.398285  113.869690  118.642654  120.043121  117.817963  112.481400  104.494690  94.869064  83.940941  72.076561  62.199371  56.215210 
 52.632820  58.277397  63.988647  72.964638  82.400673  90.584320  96.706352  100.645775  101.763954  100.117767  96.072868  89.476768  81.222397  71.665100  62.710724  57.281464  53.001869 
 } 
 GB Channel
 {
 51.372032  56.634529  62.946869  72.362862  82.021568  90.242294  96.587448  100.720573  101.926041  100.136879  95.807861  88.723640  80.083122  70.548912  61.344383  55.853645  52.534065 
 54.537445  61.443909  71.870628  84.026405  95.410309  104.929375  112.773911  118.039536  119.630630  117.124374  111.507660  102.917816  92.798126  81.678284  69.763123  59.870316  54.147392 
 57.111618  67.802658  81.345001  95.340469  108.332497  119.779694  129.542816  136.207809  138.520935  135.363907  128.098587  117.443909  105.229378  92.431091  78.805626  65.844528  55.865578 
 60.576302  74.498596  89.768440  105.226097  120.078598  133.815155  145.860626  154.492493  157.431244  153.469055  144.432663  131.424225  116.683121  101.806091  86.792816  72.009377  58.873123 
 64.233749  79.942497  96.355003  112.896088  129.794067  145.850464  159.874374  169.676712  172.575623  168.225159  158.324066  143.116257  125.967026  109.322342  92.823753  77.028282  62.212662 
 66.629845  83.491722  100.423279  117.849380  136.273132  154.357651  169.657028  179.259369  181.881088  177.854218  167.360626  151.063599  132.513901  114.426712  96.940155  80.471565  64.429482 
 67.510216  84.856873  102.067032  119.985931  138.551254  157.302032  172.841873  182.260468  184.906876  180.776413  171.291565  154.757507  135.650620  117.345474  99.211876  81.784065  65.637398 
 66.840469  83.601097  100.603905  118.098907  136.141098  153.662506  169.119995  178.782349  181.409378  177.154068  167.689529  151.103119  132.548904  114.806412  97.419533  80.649376  64.917290 
 64.514786  80.224373  96.537811  113.234070  129.678909  145.572968  159.658905  169.039536  171.802963  167.578751  157.503601  142.785004  126.039215  109.660469  93.361092  77.537498  62.683746 
 60.972343  74.956718  90.065155  105.251717  119.742340  133.451569  145.135788  153.025940  155.491882  152.300934  143.626724  131.291092  116.754059  102.142342  87.326096  72.543594  59.407967 
 57.700516  68.765938  82.243591  95.814217  108.636719  119.855469  129.338745  135.631256  137.888596  135.106567  128.064529  118.058441  106.284065  93.286720  79.675781  66.689377  56.588951 
 55.666878  62.780624  72.827347  84.697502  96.160934  105.820778  113.605469  118.540161  120.062500  117.807495  112.172501  103.935936  94.035004  82.795158  70.785156  60.892815  54.977402 
 52.203133  57.514381  63.353806  72.422501  82.174271  90.368073  97.023170  101.254524  102.271667  100.732086  96.286667  89.365524  80.650414  70.876190  61.817444  56.188644  52.061569 
 } 
 B Channel
 {
 18.023022  20.440937  23.386562  27.917553  32.333961  36.403175  39.321404  40.963226  41.390205  40.333225  38.477139  35.363388  31.471249  26.915783  22.536510  19.765003  18.805416 
 19.149685  22.328438  27.195313  32.871094  38.036877  42.287968  45.579533  47.575314  47.980625  46.805313  44.513596  40.849842  36.328751  31.255157  25.809219  21.193748  19.106667 
 20.430836  25.496250  31.865623  38.208282  44.094688  49.106720  53.146561  55.609375  56.292191  54.797028  51.831253  47.238594  41.843750  36.184532  30.064220  24.116249  20.109997 
 22.255680  28.831718  35.979687  43.051876  49.607971  55.505470  60.405785  63.695938  64.543121  62.807968  58.876404  53.216873  46.853127  40.405624  33.735157  27.110157  21.659531 
 24.073021  31.468437  39.188908  46.699219  54.099533  60.846565  66.685783  70.358124  71.357811  69.247810  64.822968  58.209221  50.835472  43.723751  36.520000  29.475468  23.451511 
 25.388435  33.285938  41.226250  49.175629  57.102501  64.600624  70.870155  74.592972  75.457497  73.351563  68.634064  61.486252  53.644531  45.962967  38.487968  31.166561  24.625313 
 25.782188  34.010937  42.123280  50.252342  58.246246  66.017967  72.268440  76.001877  76.609222  74.615936  70.172028  62.904533  54.832809  47.219845  39.473907  31.801407  25.215778 
 25.446774  33.542187  41.567657  49.457497  57.175003  64.613434  70.870941  74.464066  75.081093  73.026566  68.705154  61.687347  53.905624  46.403439  38.897655  31.463123  24.891876 
 24.385056  32.008595  39.679688  47.204063  54.337967  61.060471  66.616096  70.116096  70.768280  68.807503  64.468750  58.243126  51.228439  44.378437  37.253750  30.076874  23.920624 
 22.742603  29.472187  36.630936  43.591873  49.932343  55.620155  60.211250  63.202660  63.819847  62.224533  58.633751  53.421097  47.393593  41.190468  34.525623  27.732498  22.302502 
 21.381458  26.515625  32.873436  39.172344  44.913280  49.565002  53.328590  55.739532  56.389999  55.095779  52.149689  47.849998  42.759064  37.121094  30.932812  24.874531  20.725990 
 20.446980  23.592812  28.338280  33.773281  38.891094  43.037186  46.300468  48.137497  48.647186  47.673439  45.447655  41.880001  37.420780  32.305157  26.731876  22.044376  19.728539 
 18.862392  21.112392  23.600574  27.729321  32.187969  36.003437  38.710674  40.526249  40.920105  40.219688  38.334949  35.352081  31.372242  26.754532  22.412292  19.874374  18.166874 
 } 


 White Balance Data with optical Center Data
 r_center_x =  615 r_center_y =  502 
 gr_center_x =  647 gr_center_y =  499 
 b_center_x =  635 b_center_y =  468 
 gb_center_x =  653 gb_center_y =  486 
 r/gr 0.876090 
 b/gr 0.412668 
 gb/gr 0.996250 
 r_oc_ave 163.026672 
 b_oc_ave 76.791115 
 gr_oc_ave 186.084442 
 gb_oc_ave 185.386673 

 [AWB]
 RGr =  0.876090 
 BGr =  0.412668 
 GbGr =  0.996250 
 r_oc_ave =  163.026672 
 b_oc_ave =  76.791115 
 gr_oc_ave =  186.084442 
 gb_oc_ave =  185.386673 