 LEFT LENS SHADING DATA
 RED Channel
 {
 40.512188  44.397190  49.810371  58.233284  66.736305  73.978172  79.426620  82.980629  84.088074  82.513855  78.577911  72.522285  65.196152  57.178329  49.372810  44.883385  42.000889 
 42.810108  48.873436  58.051407  68.685158  78.422340  86.934219  93.828903  98.499374  99.824532  97.594688  92.692497  85.393127  76.606560  67.013748  56.886566  48.517342  43.854221 
 45.091145  54.735313  66.616409  78.735001  89.902657  100.109688  109.006561  115.225464  116.987030  114.046249  107.521561  98.265160  87.762810  76.578125  64.812500  53.830315  45.531979 
 48.602501  61.043747  74.335785  87.622498  100.674690  113.293900  124.469849  132.342972  134.507965  130.834534  122.547348  110.846252  98.024689  85.194061  72.159531  59.424217  48.341095 
 52.301453  66.146873  80.309532  94.855469  110.136253  125.017654  138.226563  146.889999  149.497498  145.338440  135.830933  121.969849  106.840782  92.197968  77.867653  63.977654  51.427452 
 54.991821  69.497032  84.352814  100.060310  116.853119  133.644226  147.765152  156.705475  159.139847  155.130936  145.085632  129.764221  113.146561  97.004059  81.759842  67.174377  53.551872 
 56.099846  70.620468  85.835159  102.467033  119.734848  136.761093  151.183899  160.076096  162.768127  158.850784  149.389694  133.699692  116.290314  99.578751  83.529221  68.348122  54.433960 
 55.286255  69.522499  84.936096  100.966873  117.489059  133.608749  147.691879  157.057190  159.508438  155.480942  146.087662  130.682816  113.630157  97.518593  82.188751  67.559059  53.805313 
 52.887871  66.570160  81.378593  96.376251  111.312813  125.843277  138.754211  147.635162  150.220627  146.118286  136.391251  122.753433  107.710938  93.107971  78.772499  64.705467  51.842346 
 49.486404  62.069534  75.705780  89.135002  101.977654  114.491562  125.279694  132.891876  135.084061  131.873123  123.554382  112.095154  99.318436  86.320938  73.053596  60.178909  49.069534 
 46.968643  56.707809  68.462502  80.371559  91.847343  102.092499  110.767502  116.866257  118.567032  115.893906  109.393593  100.032501  89.364532  78.021561  66.013435  54.805466  46.615677 
 45.714581  51.412498  59.980156  70.281876  80.449066  89.279686  96.238747  100.807030  102.079376  100.110313  94.860626  87.394066  78.378128  68.513123  58.086876  49.780937  45.151772 
 43.560833  46.968334  51.538696  59.422707  68.174896  75.561768  81.381256  85.090164  85.919373  84.422813  80.376038  74.256561  66.624374  58.165627  50.621880  46.203854  42.714687 
 } 
 GR Channel
 {
 49.941772  55.327606  61.909370  71.460312  80.696617  88.449226  94.429588  98.433861  99.600304  97.831871  93.586609  87.036346  78.943855  69.773590  60.820885  55.641090  51.912346 
 53.391357  60.839691  71.789375  83.720314  94.188904  103.353592  110.846252  115.832184  117.185318  114.616882  109.412659  101.689690  92.150940  81.390472  69.899841  60.167969  54.551933 
 56.535057  68.157341  81.907501  95.302345  107.320625  118.337189  127.937653  134.414536  136.218445  132.937805  126.224686  116.369217  104.767967  92.489998  79.281876  66.460472  56.744011 
 60.826614  75.586403  90.762497  105.337814  119.467499  133.066711  144.952347  153.267349  155.689056  151.701874  143.281876  130.617966  116.531876  102.434845  87.862030  73.254532  60.293907 
 65.403229  81.550316  97.393593  113.406876  129.948746  145.994537  160.023590  169.363907  172.099213  167.875305  157.990463  142.982819  126.418900  110.441719  94.541718  78.810783  64.118073 
 68.609482  85.405312  102.008438  119.207031  137.455307  155.312805  170.428757  179.856094  182.466400  178.557190  168.073746  151.594223  133.481720  115.876877  99.117653  82.612656  66.714119 
 69.703331  86.722504  103.839691  121.880630  140.490784  158.928284  174.107346  183.638748  186.155624  182.196869  172.679840  155.947342  137.020309  118.967499  101.190941  83.945000  67.745415 
 68.819893  85.435310  102.576721  120.082336  137.729538  155.287506  170.589539  180.282028  182.683441  178.587662  168.932037  152.660309  134.043747  116.533905  99.515938  82.859840  66.826721 
 66.035675  81.976715  98.551559  114.942963  131.079376  146.739685  160.604065  170.085312  172.498901  168.229218  158.097031  143.654694  127.181717  111.187187  95.286560  79.378906  64.379524 
 61.797134  76.668594  92.007034  106.686562  120.530624  133.984222  145.418594  153.532349  155.908905  152.493286  144.031403  131.649368  117.637192  103.513748  88.704376  73.985466  61.014847 
 58.511665  70.343750  83.708748  96.649841  109.036720  120.171875  129.210159  135.621872  137.366409  134.626404  127.985931  118.173752  106.777344  94.209846  80.714691  67.765312  58.002808 
 56.454842  63.750465  73.714996  85.086250  96.220940  105.567810  112.835312  117.671570  118.990631  116.830154  111.566406  103.798592  94.079842  83.118126  71.309998  61.558907  55.737862 
 52.719849  57.798172  63.220001  72.102493  81.730103  89.628639  95.868233  99.597809  100.712288  99.122452  94.685783  88.420471  80.052551  70.449791  61.785423  56.515366  51.952866 
 } 
 GB Channel
 {
 50.114685  55.466774  62.309059  72.469894  82.065109  90.484215  96.880104  101.260628  102.583122  100.639427  95.723389  88.918388  80.110786  70.561043  61.274902  55.644585  52.077499 
 52.872192  60.613434  71.852814  84.244064  95.312187  104.978592  112.974686  118.444382  119.891876  117.157974  111.709846  103.282341  93.172653  81.855621  69.812813  59.977501  54.262085 
 55.532967  67.418594  81.566093  95.377815  107.901253  119.564224  129.751251  136.695938  138.600464  135.207031  128.087189  117.637497  105.602966  92.636719  78.995155  65.945000  56.057083 
 59.461922  74.419220  89.915154  105.001564  119.569534  133.760620  146.265930  155.076096  157.537338  153.536087  144.731873  131.497818  116.743912  102.200310  87.267502  72.258438  59.163017 
 63.505157  79.872032  95.996094  112.375000  129.261093  145.852188  160.396408  170.245621  173.269226  169.085938  158.815933  143.179688  126.104691  109.668594  93.375778  77.294533  62.584320 
 66.450264  83.310471  100.020157  117.568588  136.115784  154.225311  169.817184  179.859848  182.635620  178.833588  168.075150  151.175156  132.492813  114.512192  97.434685  80.717972  64.674004 
 67.427971  84.287346  101.356720  119.679062  138.590469  157.276413  172.836563  182.698914  185.767181  181.726089  171.995468  155.040619  135.803909  117.373901  99.223282  81.838753  65.610001 
 66.388496  82.939529  100.126404  117.594055  135.540787  153.467026  168.960464  179.061722  181.924850  177.767181  167.987808  151.386414  132.567505  114.658432  97.484840  80.653595  64.672554 
 63.597702  79.630623  96.190468  112.701874  128.939224  144.855621  159.097504  168.925476  171.733597  167.354370  157.210632  142.419846  125.679382  109.340309  93.389687  77.250938  62.487602 
 59.838173  74.696716  90.039688  104.758904  118.760788  132.461411  144.065308  152.594055  155.144226  151.894684  143.180313  130.608597  116.382339  101.946404  87.085625  72.196251  59.227921 
 57.022141  68.792343  82.106407  95.276093  107.803123  119.075943  128.410782  135.034531  136.979218  134.228287  127.443588  117.400620  105.557190  92.949066  79.307190  66.231720  56.559845 
 55.252754  62.449219  72.437035  83.961250  95.287346  104.917503  112.597809  117.551407  119.055786  116.787186  111.319061  103.272972  93.401093  82.113434  70.172653  60.384216  54.608177 
 51.924431  56.939842  62.440575  71.597084  81.532135  89.700409  96.096985  100.222031  101.374733  99.733017  94.956978  88.426506  79.594635  70.061768  61.005363  55.701508  51.136101 
 } 
 B Channel
 {
 17.818123  20.504375  23.800156  28.522236  33.187553  37.099945  39.908020  41.543072  41.985367  41.140312  38.992085  35.758385  31.736614  27.306198  22.856091  20.280941  19.301357 
 18.991875  22.585625  27.752029  33.458282  38.578594  42.821407  46.169689  48.177032  48.707657  47.487812  45.076248  41.392345  36.825157  31.805157  26.394218  21.773438  19.790524 
 20.462708  25.970627  32.474533  38.783436  44.561718  49.486252  53.602341  56.219063  56.879532  55.339378  52.237190  47.706875  42.450470  36.742500  30.592812  24.650002  20.744579 
 22.495106  29.373436  36.504532  43.333595  49.923904  55.902191  60.898903  64.263283  65.032341  63.194847  59.291405  53.680939  47.384689  41.074062  34.472031  27.718437  22.430103 
 24.425365  32.043907  39.500313  46.903908  54.399841  61.344063  67.182655  70.857811  71.700783  69.595940  65.119064  58.702187  51.447655  44.438282  37.338749  30.142189  24.092186 
 25.832603  33.597187  41.388596  49.432030  57.446404  65.159065  71.305466  74.912186  75.469841  73.635628  69.056252  62.102028  54.305939  46.722813  39.223282  31.738125  25.226456 
 26.249481  34.111561  42.210781  50.504845  58.735779  66.357185  72.480621  75.975784  76.767029  74.823593  70.699997  63.624687  55.719376  47.909061  40.081562  32.273907  25.674114 
 25.664478  33.674061  41.943592  49.951096  57.579842  64.849533  70.864998  74.434685  75.228752  73.304840  69.300629  62.532341  54.504684  46.927345  39.397499  31.845158  25.333282 
 24.504166  32.392502  40.362656  47.707188  54.593750  60.979378  66.379219  70.039688  70.959846  69.104378  64.844063  58.827499  51.748909  44.751877  37.647812  30.330311  24.234062 
 22.920418  30.208752  37.422501  44.005001  49.861252  55.369530  59.982346  63.230934  64.086876  62.676247  59.060936  53.829842  47.738281  41.410938  34.698593  27.924217  22.677345 
 21.847553  27.417343  33.519688  39.344376  44.670467  49.332657  53.202972  55.841095  56.509064  55.295784  52.397499  48.038597  42.946407  37.250938  30.973751  24.990780  21.056408 
 21.275990  24.269531  28.650467  33.775780  38.779842  43.004845  46.298752  48.299530  48.867500  47.873905  45.455154  42.000156  37.467499  32.324532  26.753281  22.219376  20.108959 
 19.626820  21.434738  23.531925  27.637657  32.221722  35.997967  38.899582  40.516827  40.964581  40.264946  38.285782  35.236618  31.185001  26.673073  22.543076  20.047710  18.454376 
 } 


 White Balance Data with optical Center Data
 r_center_x =  671 r_center_y =  501 
 gr_center_x =  621 gr_center_y =  480 
 b_center_x =  633 b_center_y =  480 
 gb_center_x =  651 gb_center_y =  505 
 r/gr 0.873438 
 b/gr 0.412130 
 gb/gr 0.998119 
 r_oc_ave 163.084442 
 b_oc_ave 76.951111 
 gr_oc_ave 186.715561 
 gb_oc_ave 186.364441 

 [AWB]
 RGr =  0.873438 
 BGr =  0.412130 
 GbGr =  0.998119 
 r_oc_ave =  163.084442 
 b_oc_ave =  76.951111 
 gr_oc_ave =  186.715561 
 gb_oc_ave =  186.364441 