 LEFT LENS SHADING DATA
 RED Channel
 {
 40.609379  44.415211  49.532242  57.842392  66.392860  74.006195  79.847244  83.555519  84.828079  83.300468  79.560364  73.459526  65.898018  57.562607  49.481354  44.613071  41.270992 
 42.825626  48.676872  57.625778  68.245316  78.501404  87.167656  94.278282  98.958435  100.368279  98.661095  93.910156  86.703903  77.735939  67.980934  57.423439  48.647034  43.539322 
 45.048595  54.405472  65.978752  78.221405  89.692497  99.972343  108.756248  114.682343  117.030151  114.730942  108.866249  99.809059  89.032188  77.880783  65.790001  54.374062  45.470314 
 48.324944  60.396408  73.584534  87.124374  100.129219  112.531876  123.252182  130.986877  133.861252  131.094376  123.500305  112.209061  99.414528  86.530937  73.254219  60.190155  48.537865 
 51.496147  65.176559  79.414215  94.102814  109.025314  123.345627  136.199692  145.006882  148.495941  145.306412  136.434525  122.971725  108.097809  93.628754  79.047501  64.864059  51.754478 
 53.842552  68.219841  83.226250  98.825783  114.967972  130.975464  145.210632  154.600159  158.037033  154.780777  145.219528  130.638748  114.134842  98.456566  83.067810  68.201561  53.986565 
 54.742455  69.502655  84.846878  101.042816  117.392029  133.941879  148.448746  157.797806  161.231720  158.223755  149.333282  134.312973  117.215149  100.896248  84.865311  69.311562  54.766975 
 53.868484  68.545784  83.662186  99.127190  115.140152  130.849838  145.133438  154.532501  157.937500  154.675629  145.909531  131.257813  114.473587  98.768906  83.292343  68.238434  54.082184 
 51.774475  65.607811  79.846405  94.550781  109.310310  123.600937  136.287186  145.397507  148.528275  145.233124  136.522186  123.381409  108.596565  93.944061  79.492035  65.237190  51.993851 
 48.757347  60.851715  74.002029  87.475937  100.537811  112.804062  123.380936  131.014526  133.744217  131.121399  123.599213  112.655472  99.793747  86.826408  73.483124  60.528282  48.823906 
 46.275311  55.285309  66.869217  78.931404  90.360779  100.591721  109.290939  115.276566  117.494064  115.435623  109.364998  100.323441  89.654373  78.175316  66.151405  54.851563  46.061146 
 44.649479  49.942810  58.565628  68.935310  79.052185  87.784065  94.817345  99.468903  101.120003  99.496559  94.625778  87.240311  78.106873  68.315155  57.863907  49.417503  44.412498 
 42.444061  45.873230  50.146873  58.065315  66.686768  73.754890  79.832550  83.539116  84.899582  83.754898  79.750160  73.695320  66.024376  57.564537  49.820786  45.230831  41.930836 
 } 
 GR Channel
 {
 51.245522  56.249275  62.088440  71.331612  80.815468  88.946144  94.808334  98.332657  99.610992  97.875107  93.832344  87.602295  79.600990  70.442970  61.277397  55.861191  51.905777 
 54.670517  61.763435  71.954689  83.712654  94.589844  103.816559  110.993752  115.720779  117.080780  115.035934  110.259216  102.610626  92.945778  82.356094  70.660309  60.620155  54.600372 
 57.633652  68.706566  81.775314  95.112343  107.507965  118.326248  127.485474  133.631561  135.708282  133.250778  126.843277  117.276245  105.871407  93.576874  80.232346  67.167191  56.842606 
 61.512711  75.535622  90.325623  105.106407  119.178589  132.423126  143.921402  151.920776  154.747025  151.613434  143.673904  131.610931  117.605469  103.409378  88.742966  73.917503  60.357498 
 65.315941  81.212189  96.984528  113.044220  129.176559  144.808441  158.423752  167.487503  170.962341  167.513275  158.107651  143.931564  127.617340  111.589691  95.296249  79.320313  64.007393 
 68.189171  84.845001  101.469841  118.513443  136.089996  153.498596  168.581879  178.097183  181.353287  177.697815  168.162186  152.466400  134.408279  116.887192  99.850311  83.104378  66.641037 
 69.070099  86.187187  103.197655  120.830475  138.807663  156.870163  172.171875  181.743118  184.732346  181.481873  172.582657  156.817810  137.931091  119.938599  102.016876  84.464378  67.663536 
 68.280098  85.050934  101.855156  118.745468  136.108749  153.274689  168.443588  178.134689  181.247345  177.815002  169.013748  153.372192  134.840775  117.181717  100.060936  83.166405  67.019951 
 65.511566  81.596565  97.499222  113.569687  129.410004  145.057190  158.837967  168.222656  171.552811  167.871719  158.668274  144.501556  127.839066  111.739998  95.600624  79.634529  64.398483 
 61.986252  75.976250  90.749535  105.445778  119.302811  132.673599  144.277649  152.514221  155.360779  152.398438  144.273285  132.289993  118.071091  103.743279  88.977188  74.207031  60.849327 
 58.799377  69.410622  82.555779  95.529533  107.989532  118.800308  128.266098  134.728439  136.986557  134.649063  127.825470  118.069214  106.386871  93.944847  80.604378  67.778282  57.600151 
 56.546562  62.897812  72.659218  84.036407  94.825310  104.043434  111.568436  116.425781  118.252808  116.286087  110.964066  103.156563  93.376251  82.523125  70.991722  61.365784  55.615150 
 52.900734  57.516563  62.337349  71.012451  80.524063  87.905945  94.076767  98.095154  99.297813  97.811722  93.826561  87.491562  79.257080  69.975632  61.470261  56.291817  52.555573 
 } 
 GB Channel
 {
 51.296097  56.449425  62.627663  72.346405  82.444275  91.224220  97.697502  101.933174  103.205521  101.422295  97.073067  90.124687  81.369530  71.609428  62.130516  56.133018  52.191353 
 54.184006  61.466721  72.034531  84.292030  95.950935  105.916092  113.853745  119.167969  120.689682  118.573120  113.244537  105.009689  94.606407  83.292969  70.944687  60.713440  54.368439 
 56.433128  67.831879  81.292503  95.278435  108.391716  119.872498  129.837189  136.474838  138.975159  136.392181  129.561722  119.332504  107.116875  94.151405  80.306252  66.846092  56.348801 
 59.835571  74.122032  89.422340  104.631561  119.451401  133.385941  145.637650  154.296402  157.399689  154.256256  145.754059  132.972809  118.310776  103.553436  88.403282  73.215622  59.329369 
 63.295578  79.253281  95.379684  111.997658  128.723755  145.029068  159.451874  168.980774  172.790161  169.262344  159.577194  144.781250  127.722961  111.032341  94.432655  78.148590  62.720055 
 65.586609  82.573906  99.413910  116.811249  134.938278  152.943588  168.569839  178.692032  182.273590  178.763901  168.834213  152.686874  134.126251  116.074066  98.456093  81.628128  65.015617 
 66.527443  83.596405  100.796097  118.714539  137.165939  155.723282  171.517181  181.535309  185.040314  181.901245  172.592819  156.459061  137.164215  118.605316  100.317810  82.612190  65.787605 
 65.688751  82.522499  99.416565  116.530319  134.308746  151.814224  167.541565  177.957336  181.304688  177.823288  168.908127  152.724533  133.879379  115.838120  98.400627  81.333908  65.108284 
 63.298904  79.262032  95.265625  111.476097  127.739838  143.802811  157.923752  167.924377  171.318283  167.852814  158.421722  143.895630  126.910004  110.425629  93.889061  77.907814  62.715309 
 59.998901  74.118279  88.864059  103.779999  118.000153  131.689224  143.669220  152.239380  155.296249  152.539841  144.155945  131.834213  117.257660  102.601410  87.617035  72.788124  59.388954 
 57.367027  67.977654  81.118279  94.338905  107.096718  118.174850  127.985001  134.714218  137.271408  134.893127  128.078751  117.886719  106.039841  93.146408  79.548279  66.652031  56.349747 
 55.492081  61.883751  71.671722  83.297501  94.462814  104.052498  111.910004  117.034683  119.052338  116.972183  111.625313  103.446404  93.287659  82.214996  70.393127  60.538284  54.704735 
 52.177917  56.794998  61.943176  70.790840  80.609062  88.405830  94.987495  99.345528  100.577972  99.338852  94.764069  88.245781  79.542870  69.972084  61.105621  55.726822  51.798904 
 } 
 B Channel
 {
 17.501774  19.785103  22.750210  27.346405  32.135365  35.926407  38.919529  40.375206  40.734947  39.856979  38.025257  34.976978  31.024372  26.718906  22.329113  19.592602  18.142189 
 18.588856  22.014687  26.970627  32.768280  38.030155  42.374531  45.546406  47.620625  48.026405  47.049061  44.822968  41.316563  36.845627  31.782032  26.241405  21.500938  19.035519 
 19.932758  25.165470  31.551720  38.025467  43.890469  48.725937  52.699997  55.296722  56.050003  54.823280  52.073906  47.778282  42.517811  36.913906  30.640781  24.469688  20.070518 
 21.656616  28.316406  35.506092  42.568283  48.975471  54.724060  59.670937  62.942497  63.956093  62.530472  59.090469  53.772499  47.584843  41.214687  34.466564  27.507656  21.694115 
 23.322346  30.819218  38.400623  45.909218  53.089066  59.718285  65.559532  69.133438  70.422966  68.948128  65.062035  58.894997  51.632187  44.558125  37.206562  29.835312  23.264896 
 24.484844  32.330467  40.243282  47.959373  55.545784  62.991562  69.236877  73.172653  74.360466  73.133125  68.995941  62.266090  54.312347  46.695782  39.056252  31.423283  24.380157 
 24.784065  32.949062  40.954533  48.760468  56.472809  63.991562  70.327972  74.154221  75.651253  74.392815  70.584846  63.660622  55.566254  47.767189  39.836563  31.884998  24.627502 
 24.528538  32.406876  40.171406  47.623436  55.053909  62.116096  68.387184  72.421875  73.897659  72.672653  68.988907  62.243904  54.184219  46.518593  38.911095  31.270626  24.356457 
 23.406406  30.842030  38.131561  45.211563  51.980003  58.393440  64.046722  68.058907  69.595627  68.268593  64.458122  58.363434  51.141090  44.127811  36.889530  29.617344  23.239220 
 21.896458  28.240623  35.044846  41.536720  47.460938  53.036873  57.902344  61.430626  62.716248  61.707497  58.267654  53.156876  46.953751  40.589375  33.880157  27.106876  21.480209 
 20.479061  25.211563  31.166874  36.995155  42.431252  47.095001  51.158592  54.025467  55.116875  54.168907  51.398903  47.181564  41.964375  36.311562  30.150936  24.212502  19.928749 
 19.612553  22.207344  26.553593  31.688126  36.624531  40.795780  44.099842  46.382500  47.165314  46.361404  44.194687  40.651875  36.187656  31.118752  25.743908  21.263439  18.908440 
 18.222553  19.773800  21.742970  25.728542  30.179741  33.809742  36.768803  38.553333  39.166149  38.444118  36.643021  33.759373  29.789948  25.503750  21.369530  18.900101  17.434689 
 } 


 White Balance Data with optical Center Data
 r_center_x =  638 r_center_y =  486 
 gr_center_x =  638 gr_center_y =  489 
 b_center_x =  639 b_center_y =  476 
 gb_center_x =  639 gb_center_y =  466 
 r/gr 0.871587 
 b/gr 0.408570 
 gb/gr 1.000814 
 r_oc_ave 161.720001 
 b_oc_ave 75.808891 
 gr_oc_ave 185.546661 
 gb_oc_ave 185.697784 

 [AWB]
 RGr =  0.871587 
 BGr =  0.408570 
 GbGr =  1.000814 
 r_oc_ave =  161.720001 
 b_oc_ave =  75.808891 
 gr_oc_ave =  185.546661 
 gb_oc_ave =  185.697784 