 LEFT LENS SHADING DATA
 RED Channel
 {
 39.510628  43.542294  48.282761  56.000832  64.112389  71.205154  76.856766  80.297707  81.340523  80.139900  76.298332  70.305107  62.918282  54.915672  47.415836  42.959377  40.343544 
 42.263958  47.645626  56.339218  66.751251  76.647812  85.134529  91.978439  96.529373  97.724686  95.742813  91.097504  83.689690  74.868904  65.302971  55.227501  46.986874  42.616455 
 44.169949  53.090157  64.540939  76.524376  88.107971  98.516090  107.158279  113.170624  114.959686  112.222961  106.003754  96.675781  86.041878  74.980469  63.205940  52.182816  44.190311 
 47.200001  58.878754  72.051407  85.436096  98.696716  111.171410  122.371567  130.291245  132.679214  129.160461  121.089996  109.321716  96.414215  83.607658  70.490158  57.816406  47.129944 
 50.512238  63.903282  77.985626  92.719841  107.797813  122.454529  135.828903  145.005157  147.882813  143.820007  134.329529  120.405472  105.150780  90.587654  76.266403  62.426094  50.175880 
 53.070679  67.200470  82.145309  97.781876  114.117966  130.722504  145.214996  154.782654  157.405624  153.503906  143.426407  128.289841  111.506096  95.458748  80.092812  65.578438  52.435524 
 53.828377  68.562347  83.778595  99.922966  116.765930  133.857193  148.567184  158.046570  160.736099  157.130310  147.886719  132.102493  114.622345  97.953278  81.978127  66.754372  53.330627 
 53.223076  67.579529  82.566254  98.280937  114.587189  130.840775  145.173279  154.682495  157.341400  153.554840  144.381088  128.843124  111.915466  95.947815  80.539375  65.919998  52.490005 
 51.089844  64.635468  78.777191  93.618126  108.667969  122.966095  136.167969  145.261246  147.862030  143.927032  134.567810  120.929840  105.881721  91.272346  76.962654  63.078278  50.658485 
 47.978802  59.929840  72.935310  86.467499  99.515160  111.837967  122.723755  130.290787  132.627808  129.627182  121.376404  110.043594  97.229065  84.368126  71.340935  58.539688  47.584690 
 45.184116  54.328903  65.831879  77.850471  89.279999  99.454689  108.098907  114.119843  116.013596  113.428909  107.075310  97.872810  87.298904  76.049843  64.149376  52.990471  44.959843 
 43.697395  49.152809  57.853127  68.261566  78.196251  86.840782  93.842972  98.364372  99.659378  97.777344  92.901093  85.434219  76.498283  66.707031  56.418121  47.939686  43.539268 
 41.946560  45.984062  50.820206  58.780731  67.491257  74.673485  80.464424  84.040207  85.132706  83.684212  79.900055  73.859016  66.280151  57.606819  49.794373  45.130104  42.519272 
 } 
 GR Channel
 {
 49.262451  54.262863  59.799637  68.406822  77.373489  85.210266  91.571777  95.271622  96.447136  94.648537  90.807556  84.140678  76.169632  67.229111  58.786247  53.601463  50.380211 
 53.051613  59.560158  69.577347  81.340782  92.322029  101.816719  109.043434  113.825150  115.136093  113.104370  107.922340  100.080467  90.352341  79.771408  68.347504  58.766876  53.551460 
 55.510368  66.256409  79.434845  93.010002  105.738281  117.194382  126.476563  132.725159  134.558746  131.505630  124.986725  115.039215  103.484688  91.127029  77.904221  65.174843  55.607132 
 59.210365  73.091408  88.254372  103.305779  117.977036  131.496094  143.429993  151.681412  154.239059  150.571243  142.074524  129.360153  115.311401  101.125000  86.497032  71.891251  59.266251 
 63.405884  79.088593  95.239685  111.651093  128.218750  144.062347  158.252182  167.876099  170.756882  166.737503  156.851089  142.045944  125.347351  109.104530  93.122185  77.284843  63.045059 
 66.514320  83.115784  100.113747  117.427032  135.277649  152.982193  168.593597  178.639374  181.377182  177.436874  166.975632  150.914368  132.770935  115.091721  97.876251  81.212814  65.673653 
 67.565575  84.692032  102.121094  119.837189  138.067505  156.578903  172.236252  182.358276  185.153595  181.392975  171.887817  155.167038  136.258438  118.134216  100.288597  82.669685  66.912186 
 66.830109  83.484688  100.598122  117.887817  135.719376  153.382187  168.724533  178.922974  181.808594  178.026413  168.435150  151.768753  133.328598  115.679062  98.422340  81.570160  66.210785 
 64.052452  80.010155  96.182968  112.611404  129.095627  144.929535  158.979691  168.780777  171.702194  167.682343  157.712036  142.868286  126.284378  110.261406  94.124535  78.146561  63.616982 
 60.362656  74.438278  89.328590  104.408905  118.753754  132.337967  144.214996  152.410156  154.984680  151.769226  143.127502  130.837341  116.523911  102.302658  87.462502  72.684685  59.987183 
 56.908806  67.811096  81.148125  94.706093  107.361404  118.614838  128.039688  134.526871  136.661713  133.850937  126.934372  116.914063  105.244690  92.669220  79.179840  66.227814  56.586555 
 54.727127  61.584846  71.718597  83.680153  94.952347  104.454063  112.082809  117.095154  118.594849  116.406097  111.077812  102.922188  93.014221  81.988907  70.206718  60.264061  54.805313 
 51.920883  57.412971  63.252556  72.450783  82.268387  90.396141  96.866562  100.788277  102.229637  100.452141  96.221977  89.707191  81.117760  71.272026  62.259842  56.741142  53.091980 
 } 
 GB Channel
 {
 49.807655  54.708069  60.441719  69.801514  79.100830  87.668282  94.395470  98.594063  99.929787  97.973801  93.472969  86.606880  77.775940  68.339790  59.388542  54.023964  50.641037 
 53.084740  59.742035  70.201096  82.389221  94.008751  103.861404  111.817345  116.879059  118.304382  116.106094  110.544846  102.130623  91.873436  80.600624  68.701874  58.844376  53.491463 
 55.296616  66.056404  79.600624  93.638435  107.104218  118.996872  128.737030  135.293121  137.371094  134.294998  127.310944  116.835159  104.573593  91.570000  77.771561  64.687500  55.184578 
 58.391975  72.527809  87.947815  103.447815  118.627182  132.729996  145.048904  153.759689  156.592026  152.830475  143.801407  130.618591  115.955780  101.128754  85.908127  71.036407  58.393700 
 62.120316  77.922813  94.328590  111.251091  128.250626  144.477966  159.209381  169.217346  172.382034  168.032349  158.134689  142.641724  125.362808  108.629997  92.162346  76.072968  61.663597 
 64.769066  81.601563  98.767815  116.410156  134.591248  152.785461  168.462189  179.008438  182.075470  178.060776  167.272507  150.796249  132.206406  113.991882  96.282501  79.487030  64.014320 
 65.589737  82.785782  100.321404  118.285309  136.795624  155.553131  171.496246  181.979843  185.011093  181.283600  171.534531  154.634842  135.339691  116.682968  98.445465  80.690628  64.911453 
 64.851143  81.542816  98.643440  116.129532  134.206879  152.078903  167.795624  178.306564  181.387650  177.387650  167.748444  150.925781  132.163910  114.050308  96.516716  79.472343  64.133804 
 62.283333  78.141251  94.337502  110.901718  127.682037  143.687027  157.927963  168.036087  171.014221  167.033600  156.853439  141.948120  125.044373  108.594688  92.203278  76.173126  61.700623 
 58.813652  72.787811  87.712967  103.014221  117.530151  131.296249  143.247345  151.716721  154.386246  151.211868  142.334213  129.854218  115.305161  100.777969  85.698128  70.841408  58.280777 
 55.637505  66.570000  79.912811  93.588127  106.399063  117.879684  127.445160  134.258911  136.320618  133.521881  126.447815  116.231720  104.165154  91.414063  77.835159  64.724846  55.224213 
 53.839371  60.656876  70.867653  82.939377  94.321404  104.049843  111.934059  117.011719  118.630630  116.314529  110.782814  102.405472  92.324532  81.069847  69.132034  59.091873  53.718544 
 51.427711  56.625206  62.593277  72.065628  81.989952  90.434219  96.829895  101.261101  102.488121  100.848900  96.332397  89.296516  80.708076  70.661713  61.491409  55.901047  52.453545 
 } 
 B Channel
 {
 18.165054  20.497971  23.300835  27.836716  32.336460  36.054634  39.126301  40.740986  41.303387  40.524532  38.510990  35.363750  31.244061  26.763229  22.480156  19.941040  18.646877 
 19.830887  22.917343  27.915001  33.781094  39.165627  43.712345  47.151093  49.304535  49.824844  48.707657  46.313282  42.610001  37.874062  32.612812  26.964531  22.344376  20.285625 
 20.864948  26.092655  32.599533  39.153751  45.261875  50.573593  54.824684  57.621407  58.473907  57.048592  54.005783  49.315002  43.829533  37.915470  31.452499  25.437344  21.488800 
 22.457920  29.257500  36.593281  43.810471  50.662033  56.851563  62.144844  65.746246  66.735466  65.116249  61.368752  55.468285  49.019844  42.390312  35.330467  28.529530  23.298492 
 24.270885  31.873592  39.694687  47.514843  55.152657  62.238747  68.496246  72.544685  73.735779  71.740471  67.434532  60.669533  53.165627  45.732811  38.253906  30.999531  25.050156 
 25.564793  33.539375  41.667500  49.817345  58.009689  65.957184  72.624222  76.769684  77.695778  75.828125  71.257813  64.084846  55.977814  48.070938  40.162968  32.600311  26.235729 
 26.005001  34.171249  42.355938  50.621559  58.927811  67.120628  73.832657  77.942497  78.905159  77.210472  72.997345  65.553596  57.280472  49.125000  41.045624  33.183437  26.583855 
 25.714375  33.594376  41.607811  49.637184  57.658440  65.418121  72.090309  76.246407  77.323593  75.564690  71.477501  64.215469  56.034691  48.102028  40.199532  32.668282  26.129322 
 24.530106  32.115936  39.682499  47.391407  54.798126  61.740158  67.802498  71.946564  72.990311  71.232346  66.849686  60.376877  52.990623  45.733280  38.346249  31.103439  25.038437 
 22.798332  29.461250  36.604374  43.715469  50.295937  56.279533  61.305779  64.734375  65.708748  64.333908  60.526878  55.142967  48.636719  42.210312  35.341408  28.515625  23.230625 
 21.222191  26.434689  32.877968  39.365467  45.300156  50.308281  54.351250  57.042816  57.834534  56.642342  53.565155  49.130310  43.763905  37.915470  31.502811  25.510937  21.695107 
 20.464375  23.704376  28.766094  34.591408  40.020000  44.475624  47.933125  50.028595  50.659691  49.577812  47.152031  43.353592  38.747501  33.443592  27.700314  23.036720  21.169426 
 19.656040  22.303959  25.175049  29.963696  34.931252  38.939373  42.022293  43.920467  44.360104  43.581562  41.572239  38.252136  34.061249  29.160053  24.594894  21.994846  21.056927 
 } 


 White Balance Data with optical Center Data
 r_center_x =  646 r_center_y =  479 
 gr_center_x =  635 gr_center_y =  467 
 b_center_x =  628 b_center_y =  503 
 gb_center_x =  648 gb_center_y =  484 
 r/gr 0.867483 
 b/gr 0.425154 
 gb/gr 0.997823 
 r_oc_ave 161.182220 
 b_oc_ave 78.995552 
 gr_oc_ave 185.804443 
 gb_oc_ave 185.399994 

 [AWB]
 RGr =  0.867483 
 BGr =  0.425154 
 GbGr =  0.997823 
 r_oc_ave =  161.182220 
 b_oc_ave =  78.995552 
 gr_oc_ave =  185.804443 
 gb_oc_ave =  185.399994 