 LEFT LENS SHADING DATA
 RED Channel
 {
 41.363487  44.933071  50.197868  58.705841  67.266197  74.757805  80.790474  84.603592  85.742348  84.115570  80.556358  74.815727  67.180473  58.741348  50.869888  46.164059  42.849064 
 43.927238  49.497032  58.696404  69.458748  79.830154  88.930313  96.109840  100.894218  102.497971  100.309532  95.679688  88.432816  79.627342  69.579689  59.156563  50.425316  45.455311 
 45.983547  55.220627  67.024529  79.517654  91.435783  102.436096  111.504372  117.802811  119.907181  117.098282  110.834846  101.484528  91.038750  79.524376  67.409843  56.066254  47.279583 
 49.150475  61.119843  74.534378  88.544533  102.358749  115.661560  126.866562  134.856567  137.521561  133.944382  125.861557  113.920471  101.382813  88.231720  74.828438  61.684219  50.389847 
 52.347763  66.016716  80.449066  95.675316  111.534691  126.767029  140.322342  149.478119  152.419998  148.393600  138.841095  124.829376  109.904999  95.210312  80.506561  66.270935  53.617188 
 54.807030  69.290154  84.454689  100.466248  117.634842  134.718445  149.555939  159.019531  161.656250  158.119370  147.963593  132.513443  115.872498  99.740784  84.239685  69.380310  55.749901 
 55.548546  70.420624  86.034065  102.566719  119.945618  137.736099  152.712036  162.181870  165.003433  161.275314  152.083755  136.132965  118.616089  102.091248  85.905159  70.447655  56.563286 
 54.759903  69.295311  84.668121  100.629845  117.373901  134.253601  149.156403  158.656250  161.364685  157.743912  148.403595  132.741562  115.690781  99.759216  84.339844  69.457344  55.761299 
 52.401405  66.207031  80.753754  95.890625  111.101410  126.178436  139.598587  148.861252  151.623749  147.738434  138.186096  124.551559  109.365471  94.872658  80.485939  66.581093  53.737976 
 49.253075  61.283279  74.692657  88.561249  101.834534  114.541092  125.800781  133.716721  136.225311  132.967026  124.869995  113.493286  100.457344  87.684998  74.540314  61.604530  50.433907 
 46.445107  55.578438  67.405312  79.827812  91.562653  101.932503  111.053596  117.337341  119.396255  116.883286  110.339378  101.181717  90.470467  79.104843  67.215622  55.942032  47.783493 
 44.867397  50.227814  59.082031  69.842659  80.032654  88.932343  96.143753  100.933441  102.718597  100.607346  95.634842  88.266563  79.374847  69.398438  59.008751  50.655472  46.056507 
 42.582397  46.132813  50.775574  58.874947  67.702858  75.106300  81.219994  85.017601  86.168800  84.975471  80.955467  74.837395  67.222557  58.768433  50.963745  46.494427  43.436508 
 } 
 GR Channel
 {
 50.287453  55.320786  61.435837  70.778328  80.304016  88.330315  94.083229  98.120621  99.103752  97.743126  93.736877  87.656509  79.609741  70.441452  61.476250  55.855103  51.936356 
 54.503700  61.267654  71.832497  83.809998  94.877968  104.202812  111.560310  116.345627  117.778748  115.590622  110.883125  103.364220  93.957031  83.104378  71.442497  61.533440  55.428436 
 57.541252  68.383751  81.793121  95.432343  108.165627  119.403442  128.582962  134.865311  136.854996  133.994217  127.647964  118.116882  107.038437  94.687500  81.380157  68.307343  58.379219 
 61.476349  75.433441  90.470467  105.537659  120.188431  133.964539  145.443756  153.446564  155.962036  152.470932  144.061569  132.012650  118.757034  104.616562  89.955154  75.116875  61.941460 
 65.526459  81.294373  97.342812  113.705475  130.360779  146.318756  160.310776  169.594528  172.425476  168.524536  158.719376  144.359070  128.318588  112.693283  96.726715  80.677185  65.968018 
 68.415672  85.177971  102.110939  119.390152  137.433746  155.285004  170.638275  180.330627  182.921249  179.245789  168.748901  152.907028  135.032181  117.872818  101.108749  84.423439  68.728439 
 69.385574  86.607033  103.911560  121.658905  139.749222  158.666870  174.246872  184.093597  186.675156  182.963593  173.602661  157.198120  138.558441  121.013123  103.467499  85.952660  69.819946 
 68.416931  85.314217  102.396873  119.567337  137.201569  155.105621  170.786713  180.492813  183.127182  179.390472  170.021408  153.670471  135.591568  118.375931  101.643280  84.873596  69.054634 
 65.646149  81.669060  97.915939  114.286255  130.612183  146.582504  160.865631  170.356247  173.140778  169.157501  159.393906  145.121399  128.766876  112.817505  97.062500  81.430466  66.376930 
 61.640152  75.817032  90.976250  106.155159  120.429688  134.058289  146.167969  154.300629  156.817184  153.541565  145.121399  133.067184  119.201569  104.837341  90.555153  75.737190  62.532181 
 58.101875  69.140625  82.701096  96.517815  109.156563  120.305618  129.996872  136.479691  138.531097  135.702347  128.886414  119.288910  107.942970  95.375153  82.047340  69.030624  59.165207 
 56.106247  62.697502  72.904221  84.974220  96.217186  105.778595  113.369217  118.497650  120.098434  117.896408  112.670471  104.898750  95.348907  84.253128  72.427498  62.642815  57.015312 
 52.462494  57.410416  62.865257  71.827339  81.556358  89.667137  96.150261  100.032036  101.462181  100.102036  95.706093  89.126251  80.976616  71.315208  62.468330  57.419479  53.528229 
 } 
 GB Channel
 {
 49.662918  54.488747  60.879272  70.807655  80.890518  89.539421  96.115685  100.579842  101.803696  100.034691  95.914894  89.240105  80.733177  71.056618  61.611511  55.968132  51.706047 
 53.287918  60.146248  70.835938  83.262032  95.032188  104.935471  112.910461  118.202972  119.868912  117.653442  112.584061  104.739685  94.759216  83.423904  71.345467  61.199371  55.096870 
 55.827446  66.643906  80.244843  94.262497  107.611717  119.474380  129.149216  136.026245  138.418900  135.546570  128.849213  118.893433  107.485626  94.601410  80.836090  67.533127  57.403542 
 59.118698  73.173904  88.220940  103.691093  118.940002  133.315002  145.413757  154.095932  157.035461  153.479065  144.960785  132.423904  118.556870  104.020935  89.003128  73.949684  60.667191 
 62.798279  78.465157  94.669220  111.227501  128.368591  144.880630  159.390472  169.338593  172.846725  168.892349  158.882813  144.187500  127.638901  111.609375  95.345154  79.163597  64.331299 
 65.253387  82.001091  98.883125  116.255783  134.668442  153.100464  168.899216  179.261414  182.379684  178.827652  168.209381  152.117188  133.922501  116.446716  99.424217  82.632660  66.755363 
 66.143066  83.155785  100.448906  118.242966  136.724060  155.933121  171.895782  182.302185  185.541092  182.036255  172.445938  155.799850  137.083130  119.155151  101.351563  83.818283  67.795982 
 65.081200  81.980156  98.963127  116.148743  133.922806  152.102661  168.268753  178.615784  181.904999  178.198746  168.853745  152.236557  133.814377  116.361099  99.429535  82.665154  66.845367 
 62.431824  78.515778  94.682030  111.089218  127.589218  143.981567  158.645935  168.652817  171.799530  168.148911  158.218277  143.715775  127.118118  111.036095  95.197189  79.394684  64.388435 
 58.893326  72.993752  88.107498  103.359840  117.774994  131.800629  144.202499  152.906876  155.746719  152.567963  144.085159  132.036713  117.790466  103.298592  88.760941  73.978752  60.847496 
 55.901878  66.796875  80.151718  94.105621  106.966721  118.527649  128.474213  135.536087  137.968597  135.334686  128.314850  118.564056  106.870781  94.122032  80.796410  67.668907  57.860367 
 54.204216  60.813591  71.007660  83.170784  94.617188  104.511093  112.585312  118.007187  120.050003  117.925781  112.435776  104.450623  94.670624  83.444534  71.499535  61.636406  56.050369 
 51.231308  55.908386  61.558693  70.618073  80.783020  89.110466  96.104057  100.341774  102.070000  100.522240  96.069321  89.233955  80.609795  70.874741  61.818481  56.730370  53.057030 
 } 
 B Channel
 {
 18.055622  19.871044  22.779377  27.482914  32.171616  35.932289  38.972710  40.704166  41.220577  40.430264  38.763542  35.707603  31.555622  27.001770  22.709118  20.168018  18.661354 
 19.817707  22.685623  27.554375  33.376251  38.826405  43.274376  46.616875  48.788750  49.390778  48.386719  46.133125  42.559689  37.984375  32.727188  27.128906  22.583439  20.245522 
 21.044273  25.967186  32.113594  38.611717  44.696720  49.926407  53.986565  56.741096  57.611092  56.290779  53.331406  48.980782  43.781876  37.910469  31.623436  25.735470  21.383591 
 22.704117  29.232655  36.062813  43.082188  49.879219  56.122498  61.036247  64.471092  65.530312  63.926094  60.164528  54.740158  48.622185  42.137970  35.309219  28.691093  23.065468 
 24.431877  31.771873  39.143906  46.430000  53.935310  61.041252  67.010315  70.822655  71.989059  70.182816  65.813904  59.584221  52.422966  45.406094  38.136562  31.187187  24.828022 
 25.591824  33.348282  40.967812  48.548279  56.458748  64.229530  70.681404  74.643593  75.542343  73.911560  69.495781  62.593437  54.914215  47.311874  39.817501  32.673283  25.975574 
 25.985054  33.754845  41.587658  49.231873  57.077812  65.057503  71.572029  75.512970  76.533279  74.845154  70.822029  63.852654  55.907341  48.313751  40.579063  33.129532  26.381821 
 25.461876  33.065624  40.752655  48.093437  55.648285  63.098907  69.645309  73.521873  74.510780  72.927345  68.973595  62.210472  54.509842  46.987030  39.622658  32.551250  25.918747 
 24.151043  31.311874  38.657188  45.776875  52.557816  59.285622  65.181252  69.048439  70.104065  68.388283  64.262970  58.288124  51.422966  44.504532  37.631405  30.964844  24.680054 
 22.352291  28.631874  35.469532  42.154530  48.095467  53.820625  58.857185  62.105621  63.056091  61.684219  58.146561  53.183281  47.282814  40.960155  34.563908  28.350624  22.837292 
 20.655262  25.489220  31.554218  37.693127  43.120155  47.859219  51.869217  54.598434  55.411247  54.200310  51.370155  47.269844  42.400467  36.789845  30.868282  25.297657  21.382034 
 19.709789  22.415627  27.016407  32.447342  37.378750  41.555000  44.821251  47.030468  47.681408  46.742813  44.502968  41.082657  36.880314  31.843437  26.534374  22.398438  20.329269 
 18.284794  20.171455  22.669113  26.756302  31.240837  34.699581  37.770832  39.436092  40.032028  39.524899  37.548592  34.507030  30.749481  26.355522  22.238960  20.195522  18.974686 
 } 


 White Balance Data with optical Center Data
 r_center_x =  653 r_center_y =  474 
 gr_center_x =  605 gr_center_y =  510 
 b_center_x =  631 b_center_y =  458 
 gb_center_x =  657 gb_center_y =  487 
 r/gr 0.883975 
 b/gr 0.410026 
 gb/gr 0.993330 
 r_oc_ave 165.515549 
 b_oc_ave 76.773331 
 gr_oc_ave 187.240005 
 gb_oc_ave 185.991104 

 [AWB]
 RGr =  0.883975 
 BGr =  0.410026 
 GbGr =  0.993330 
 r_oc_ave =  165.515549 
 b_oc_ave =  76.773331 
 gr_oc_ave =  187.240005 
 gb_oc_ave =  185.991104 