 LEFT LENS SHADING DATA
 RED Channel
 {
 40.551876  44.523540  49.695580  57.921776  66.534065  74.098747  79.914108  83.312553  84.384537  82.331093  78.718170  72.038849  64.628593  56.055153  48.135368  43.801044  40.553959 
 42.988541  48.921875  58.078278  68.718437  78.869064  87.723747  94.742653  99.092346  100.265160  97.951721  92.892967  85.122185  76.027969  66.137032  55.761406  47.508125  42.718128 
 45.151093  54.637970  66.542656  78.977966  90.744530  101.308746  109.978439  115.744537  117.355774  114.215469  107.519531  97.982033  87.297501  75.922966  63.887344  52.755310  44.261978 
 48.397758  60.834221  74.360001  88.126564  101.639534  114.368591  125.285782  132.745621  134.722656  130.760941  122.096878  110.200310  97.307968  84.397346  71.172028  58.386406  47.027031 
 51.821724  65.829842  80.487503  95.634529  110.976097  125.677185  138.725464  147.077026  149.424683  144.886246  135.058746  120.835785  105.747658  91.175316  76.834373  62.922501  50.186668 
 54.097450  69.003906  84.447502  100.718437  117.269058  133.646881  147.663284  156.523285  158.909531  154.281403  143.698914  128.193130  111.462814  95.721252  80.410782  65.872345  52.100044 
 54.903488  69.969528  85.838280  102.480156  119.502975  136.383438  150.636871  159.405319  161.570313  157.547348  147.668121  131.538284  114.079681  97.869217  82.135002  67.013283  52.979744 
 54.081772  68.893440  84.526718  100.476097  117.025467  132.929840  146.939224  155.767807  157.969055  153.893433  143.949219  128.100632  111.430313  95.669060  80.648590  65.973907  52.200783 
 51.578079  65.685783  80.456406  95.469376  110.470627  124.934525  137.543594  145.822815  148.239532  143.952820  134.090622  120.246399  105.279221  90.992653  76.823753  63.017029  50.131409 
 48.417191  60.719688  74.177498  87.753906  100.917030  113.283127  123.834061  130.838745  132.689056  129.378601  121.049530  109.523590  96.808281  84.118904  71.009529  58.339691  47.093853 
 45.588543  54.924377  66.540779  78.659691  90.142342  100.467499  109.060783  114.554688  116.073288  113.401245  106.805313  97.457031  86.911247  75.695778  63.901093  52.907188  44.712185 
 44.047550  49.522346  58.013283  68.302032  78.398125  87.112968  94.130936  98.485626  99.624535  97.509689  92.347969  84.763748  75.882965  66.031876  55.816406  47.801250  43.286667 
 41.459217  45.119221  49.521820  57.226830  65.637291  73.029846  78.788857  82.550209  83.362656  81.930931  77.836098  71.803329  64.147346  55.698959  48.176201  44.053749  40.803749 
 } 
 GR Channel
 {
 50.738853  56.070938  62.107445  71.631462  80.611923  88.550476  94.730469  98.208900  99.477188  97.341408  92.991928  86.200989  77.943489  68.411308  59.829323  54.835052  50.846306 
 54.216354  61.688438  72.141403  83.899376  95.004219  104.547340  112.091095  116.745789  117.762192  115.008286  109.557968  101.248283  91.287033  80.404846  68.795784  59.221092  53.547546 
 57.351509  68.540466  82.140312  95.786873  108.814529  120.276871  129.739685  135.716400  137.157028  133.547806  126.308289  115.914688  104.309685  91.545937  78.085159  65.333908  55.397865 
 61.089996  75.718750  90.922966  106.251091  121.220474  135.258911  146.871399  154.714996  156.539063  152.176880  142.885788  130.187500  115.805618  101.276878  86.387344  71.805000  58.568336 
 65.288589  81.505470  97.890312  114.763443  131.664993  147.660629  161.533905  170.236557  172.392029  167.643600  157.471725  142.376724  125.706253  109.180939  92.922966  76.982033  61.999329 
 68.094322  85.254532  102.737968  120.557968  138.795776  156.566879  171.461243  180.282028  182.326721  177.479996  166.910934  150.854218  132.609528  114.563278  97.180466  80.482185  64.268021 
 68.752861  86.382660  104.307343  122.494537  141.247192  159.334534  174.244370  183.161407  185.085785  180.855164  171.287033  154.487808  135.513748  117.250000  99.187187  81.851715  65.326088 
 67.737190  84.975937  102.560783  120.223907  138.256256  155.460007  170.166565  179.239380  181.331558  177.104065  167.267029  150.762024  132.384537  114.481400  97.284218  80.546249  64.439163 
 64.807449  81.211403  97.650780  114.406250  131.001724  146.599686  160.145004  168.792969  171.181412  166.906097  156.640930  141.984070  125.267807  109.062965  92.927185  77.226410  62.062447 
 60.961098  75.347969  90.327660  105.546562  119.845627  133.429382  144.837662  152.447189  154.424683  151.048431  142.195160  129.633911  115.384064  101.031250  86.192970  71.826096  58.650887 
 57.629478  68.597809  81.633591  94.998123  107.445465  118.734375  128.057343  134.144058  135.731720  132.832657  125.680786  115.643906  103.887184  91.372971  77.999847  65.507965  55.871513 
 55.288803  61.952347  71.583435  82.846252  93.723747  103.164215  110.910309  115.484528  116.773743  114.300629  108.731560  100.675781  90.985001  80.141563  68.732971  59.620941  54.235107 
 51.213387  56.319221  61.260521  69.595421  78.901245  86.740685  92.804901  96.754326  97.790413  95.946465  91.759483  85.230988  77.036247  67.840317  59.495262  54.831764  50.949684 
 } 
 GB Channel
 {
 50.600929  55.918022  62.363701  72.331558  82.156044  90.974060  97.565727  101.717918  102.772087  100.443176  95.711510  88.304741  79.369530  69.500160  60.166351  54.806458  50.730202 
 53.749687  61.152191  72.011406  84.400314  96.341873  106.597809  114.742813  119.774994  121.073746  118.046722  112.119217  103.193283  92.532654  80.913284  68.893440  58.986877  53.190620 
 56.125938  67.469688  81.564690  95.788750  109.544685  121.772659  131.932037  138.392807  140.049225  136.285934  128.694061  117.647964  105.147034  91.851875  77.835312  64.697502  54.630829 
 59.412498  74.163750  89.805000  105.665154  121.363434  136.121719  148.351410  156.802963  158.952347  154.429993  144.685776  131.271881  116.357346  101.073128  85.679535  70.701408  57.382866 
 63.132652  79.437035  96.172028  113.566559  131.084061  147.803131  162.254684  171.631714  174.099686  169.214371  158.579529  142.931870  125.511093  108.440155  91.737343  75.425629  60.482292 
 65.380318  82.709061  100.383751  118.596558  137.568909  155.855316  171.200775  180.558441  183.093750  178.330933  167.387344  150.712662  131.739212  113.275314  95.517502  78.552032  62.422661 
 66.019112  83.632660  101.571716  120.151718  139.397964  158.001556  173.419067  182.747192  185.050476  180.894836  170.997192  153.732971  134.324371  115.574692  97.205315  79.767342  63.166298 
 64.771935  82.132965  99.899376  117.586563  136.247650  153.800003  168.992813  178.541092  181.026093  176.776718  166.592346  149.766403  130.986252  112.561249  95.152809  78.372345  62.344635 
 62.329010  78.709221  95.263596  112.077194  129.005157  145.136246  158.909531  168.100159  170.852188  166.597809  155.857498  140.843124  123.714691  107.336250  90.901093  75.204689  59.997604 
 58.813171  73.205467  88.176407  103.551247  118.341873  132.133743  143.956406  151.748749  154.182037  150.668747  141.517029  128.702820  114.019836  99.519997  84.485939  69.966721  56.927757 
 55.876244  66.826248  80.022659  93.544060  106.411560  117.959381  127.567505  133.860779  135.608749  132.693436  125.337341  115.004532  102.960312  90.082031  76.586876  64.073593  54.528801 
 54.074272  60.649689  70.418121  81.805939  93.095154  102.928909  110.963127  115.806717  117.197189  114.682343  108.839378  100.494530  90.338280  79.352341  67.690941  58.530312  52.976143 
 50.365936  55.371773  60.476875  69.307610  78.662025  86.912865  93.528534  97.614006  98.726357  96.752968  92.261459  85.545578  76.880157  67.368385  58.892181  54.145309  50.161568 
 } 
 B Channel
 {
 17.363857  19.659271  22.590572  27.189949  31.864220  35.924114  38.842812  40.325993  40.858597  39.600365  37.623852  34.220367  30.165730  25.644585  21.323853  18.841980  17.486980 
 18.535938  21.945938  26.939529  32.793907  38.203594  42.738907  46.095314  48.012032  48.384216  46.996407  44.483437  40.580154  35.945313  30.698750  25.178436  20.606564  18.242813 
 19.789478  25.049061  31.618595  38.294689  44.445938  49.723434  53.821091  56.404846  56.806091  55.092659  51.737656  47.074844  41.655937  35.749218  29.432968  23.391251  19.053333 
 21.507915  28.393749  35.789532  43.078907  49.965622  56.186722  61.201408  64.486565  65.100937  62.995155  58.846405  53.054535  46.626095  39.922813  33.032188  26.192970  20.544010 
 23.322086  31.071251  39.001408  46.867970  54.461090  61.488434  67.445160  70.952499  71.636093  69.299843  64.774376  58.042503  50.588753  43.191719  35.801250  28.472343  22.030468 
 24.484638  32.709843  41.041718  49.241875  57.347343  64.964996  71.218124  74.688126  75.439064  73.252029  68.563751  61.346878  53.171722  45.194843  37.467030  29.920780  22.965576 
 24.901146  33.230312  41.613438  49.882813  58.064529  65.831253  71.958435  75.459534  76.234840  74.302658  70.084061  62.566406  54.145782  46.097500  38.294846  30.427345  23.420467 
 24.445103  32.659687  40.838749  48.656876  56.511871  63.807030  69.849373  73.532654  74.435471  72.640778  68.224998  60.963280  52.780937  44.959061  37.419064  29.870625  22.953541 
 23.306824  31.008282  38.608280  45.958908  53.106407  59.727501  65.278908  68.920471  70.032028  68.259842  63.624847  57.019684  49.688126  42.654686  35.518124  28.382656  21.925781 
 21.684322  28.243282  35.123592  41.947498  48.084061  53.851097  58.668434  61.870003  62.722969  61.267654  57.346092  51.780624  45.494217  39.200470  32.551876  25.934219  20.345261 
 20.191093  25.040470  31.030155  37.012657  42.532658  47.363438  51.460785  54.066719  54.765472  53.454216  50.208122  45.749062  40.576874  34.981876  28.832344  23.063126  19.065624 
 19.218643  21.981564  26.257030  31.408279  36.430782  40.695625  44.109062  46.194374  46.716095  45.565937  43.027187  39.342342  34.975780  29.926720  24.599377  20.380314  18.237396 
 17.581146  19.251564  21.448906  25.484325  29.761822  33.468544  36.464481  38.226460  38.537552  37.693024  35.710106  32.530468  28.803490  24.412346  20.426041  18.281982  16.793228 
 } 


 White Balance Data with optical Center Data
 r_center_x =  611 r_center_y =  475 
 gr_center_x =  613 gr_center_y =  494 
 b_center_x =  617 b_center_y =  459 
 gb_center_x =  640 gb_center_y =  483 
 r/gr 0.870989 
 b/gr 0.411371 
 gb/gr 0.998613 
 r_oc_ave 161.911118 
 b_oc_ave 76.471107 
 gr_oc_ave 185.893326 
 gb_oc_ave 185.635559 

 [AWB]
 RGr =  0.870989 
 BGr =  0.411371 
 GbGr =  0.998613 
 r_oc_ave =  161.911118 
 b_oc_ave =  76.471107 
 gr_oc_ave =  185.893326 
 gb_oc_ave =  185.635559 