 LEFT LENS SHADING DATA
 RED Channel
 {
 39.820107  43.692184  48.662811  56.790840  65.067345  72.491508  78.089790  81.608643  82.637398  80.837143  77.085258  70.814056  63.620987  55.584892  47.764225  43.284061  40.566978 
 42.262604  47.732189  56.684059  67.141251  76.834221  85.529221  92.415627  96.921562  98.179062  95.844841  90.921722  83.516563  74.723282  65.117813  55.033592  46.739063  42.067398 
 44.335369  53.657654  65.246559  77.364685  88.622185  98.841095  107.548752  113.357819  114.997192  111.992340  105.582970  96.425781  85.895470  74.611404  62.951096  51.940002  43.627079 
 47.816040  59.918121  73.190781  86.458282  99.507660  111.787498  122.569214  130.062195  132.185318  128.522507  120.449692  108.826874  96.103439  83.300156  70.143906  57.396248  46.396248 
 51.360466  64.998596  79.373436  94.039688  108.850311  123.224838  135.834381  144.348282  146.884689  142.819839  133.451874  119.595306  104.669998  90.196564  75.764687  61.975624  49.318542 
 53.976196  68.390160  83.504372  99.116875  115.413284  131.133911  145.107971  154.002655  156.599686  152.597031  142.553757  127.310776  110.885628  94.795311  79.731407  65.282188  51.717606 
 54.949577  69.767502  85.317497  101.590935  118.052338  134.441254  148.546570  157.670944  160.196716  156.190308  146.684372  131.031097  113.832184  97.389534  81.537811  66.473747  52.569580 
 54.273178  68.965469  84.228905  99.775780  115.649994  131.390320  145.607346  154.573593  156.953430  152.786880  143.445313  127.994064  111.172813  95.392815  80.212029  65.643127  52.095619 
 52.090889  65.984840  80.450310  95.132347  109.647812  124.027969  136.745316  145.305466  147.563278  143.608276  133.983276  120.398132  105.548904  91.143280  76.932343  63.036247  50.242508 
 49.026093  61.229218  74.511253  88.052811  101.022499  113.166565  123.559372  130.710632  132.821243  129.531250  121.263275  109.938126  97.292030  84.554222  71.497498  58.602028  47.525154 
 46.066772  55.524689  67.368752  79.823753  91.293434  101.199997  109.597656  115.128128  116.785461  113.907181  107.382187  98.225937  87.734222  76.501251  64.592033  53.357811  44.976982 
 44.229893  50.194061  59.334686  70.044846  80.029999  88.486717  95.309845  99.561409  100.775314  98.617340  93.605316  86.143753  77.217812  67.317810  56.946877  48.390160  43.590366 
 41.732815  45.971146  51.260101  59.079636  67.827507  74.787766  80.656715  84.181198  84.960732  83.477547  79.521980  73.333748  65.582397  57.080315  49.313126  44.710365  41.247448 
 } 
 GR Channel
 {
 50.707550  55.590050  61.378540  70.481148  79.514214  87.507813  93.566460  97.387550  98.782814  96.922653  92.618179  86.013443  78.170097  69.336456  60.601616  55.239479  51.841980 
 53.963806  60.622345  70.760628  82.306564  93.038597  102.481560  109.926872  114.937347  116.411560  113.687027  108.307968  100.375938  90.854691  80.299377  69.006409  59.499062  53.936562 
 56.800056  67.608597  80.704689  94.175781  106.615784  117.863586  127.369217  133.959381  135.542343  132.297501  125.326096  115.191879  103.674065  91.346565  78.340935  65.829376  56.121880 
 61.012550  74.837341  89.714218  104.604691  119.095779  132.938126  144.857193  152.723907  155.159531  151.282181  142.407974  129.739838  115.558899  101.191406  86.642029  72.184532  59.383904 
 65.096092  80.897972  96.804222  113.206879  129.736099  145.802658  159.686722  168.733124  171.674377  167.269058  157.432495  142.427185  125.619064  109.229691  93.112656  77.579689  63.016357 
 68.186356  84.908440  101.791718  119.049377  137.274994  154.820618  169.978592  179.771255  182.104370  178.163132  167.882034  151.434692  132.840775  114.690475  97.685783  81.501564  65.932808 
 69.547813  86.387810  103.686096  121.715317  140.019531  158.409851  173.815002  183.534683  186.066254  182.275787  172.578430  155.650787  136.395462  117.846252  99.989059  82.894684  66.935524 
 68.448227  85.280312  102.386871  119.685776  137.458908  155.251404  170.684067  180.399216  183.038437  178.934845  169.114838  152.181870  133.256088  115.274368  98.257347  81.828590  66.308388 
 65.784172  81.809998  98.009842  114.357346  130.865784  146.950150  160.997650  170.384537  173.087189  168.723434  158.531723  143.365311  126.526871  110.306252  94.357498  78.612816  63.853226 
 62.107712  76.243126  91.155785  106.232346  120.763123  134.394379  146.170319  154.143600  156.487183  152.967194  143.958130  131.221405  116.910004  102.557343  87.872345  73.397972  60.474014 
 58.470413  69.607498  83.095154  96.750626  109.488594  120.604538  130.127655  136.270462  138.121246  135.042343  127.682816  117.489532  105.821251  93.177658  80.011871  67.180939  57.346771 
 55.836143  63.305313  73.692345  85.574684  96.672966  105.961876  113.450623  118.218124  119.473755  117.000626  111.592033  103.444687  93.649063  82.654221  71.007813  61.231407  55.370361 
 52.333229  57.953232  63.813805  72.786774  82.260674  90.007706  96.381874  100.058121  101.115837  99.348953  95.065994  88.399269  80.052811  70.621506  61.839478  56.381615  52.100365 
 } 
 GB Channel
 {
 51.139580  56.080833  62.186661  71.827187  81.384895  89.691460  96.452187  100.498962  101.966309  100.072243  95.220001  88.252342  79.704018  70.295525  61.133698  55.710831  52.309586 
 53.986671  60.826248  71.237503  83.270935  94.531563  104.615623  112.589691  117.916870  119.488586  116.672028  110.897499  102.362968  92.245468  81.025940  69.296410  59.458748  53.882919 
 56.366516  67.350471  80.838440  94.752968  107.824684  119.573288  129.602341  136.412506  138.259216  134.847351  127.401718  116.907349  104.688126  91.670624  78.144218  65.286407  55.412025 
 60.002182  74.169685  89.389061  104.663910  119.684845  133.914368  146.315155  154.670624  157.222031  153.272186  144.175934  130.908432  116.124695  101.165939  86.069061  71.216560  58.408234 
 63.699951  79.601410  95.864059  112.503281  129.532974  146.089691  160.195313  169.882034  172.944839  168.576569  158.447037  142.901871  125.617493  108.643753  92.071564  76.126251  61.515831 
 66.409378  83.188126  100.132187  117.721558  136.101715  154.097809  169.599060  179.719223  182.539063  178.406555  167.893280  151.009842  132.013123  113.427338  96.117813  79.649376  63.925201 
 67.445984  84.278282  101.630936  119.843277  138.330475  156.905319  172.596725  182.733444  185.642029  181.771881  172.108749  154.696411  135.081100  116.105621  97.972809  80.730156  64.805779 
 66.255104  83.015938  100.224220  117.599213  135.461563  153.451874  169.203903  179.138901  182.235626  178.033752  168.074219  150.998123  131.708588  113.426880  96.147034  79.626404  63.985779 
 63.862816  79.796562  95.897972  112.302032  128.966873  145.135468  159.368118  169.126404  172.030945  167.744995  157.427032  142.024368  124.913757  108.330627  92.154373  76.459373  61.977707 
 60.426147  74.501564  89.365784  104.527031  119.091721  132.909225  144.865784  153.053284  155.449997  151.912811  142.872025  129.962967  115.365311  100.841873  85.997032  71.461403  58.712448 
 57.166931  68.192970  81.645935  95.427658  108.150002  119.358902  128.978287  135.390472  137.209534  134.181564  126.753281  116.407974  104.468597  91.718285  78.388748  65.596718  55.695679 
 54.772972  62.164841  72.543747  84.446564  95.675156  105.142029  112.876099  117.799530  119.094055  116.690475  111.154533  102.578438  92.647346  81.434845  69.777809  59.981407  54.241608 
 51.674217  57.104225  63.022079  72.199898  81.856613  89.723076  96.103798  100.144745  101.398651  99.632759  94.939323  88.118439  79.407547  69.772972  60.791977  55.393280  51.207870 
 } 
 B Channel
 {
 18.079792  20.448124  23.483334  28.156456  32.868439  36.847656  39.836040  41.631981  42.276508  41.281090  39.373020  36.150265  32.209633  27.606979  23.164845  20.522606  19.481358 
 18.958958  22.118126  27.142502  32.824375  37.988438  42.469532  45.991875  48.170311  48.716721  47.617970  45.195938  41.494217  36.957344  31.877811  26.381718  21.748436  19.610939 
 20.110313  25.262814  31.591095  38.009842  43.964687  49.123436  53.350471  56.181252  56.886871  55.408592  52.359688  47.769062  42.466408  36.646561  30.500313  24.505314  20.447815 
 21.938072  28.563282  35.742500  42.773438  49.462029  55.617500  60.847809  64.363747  65.287971  63.497345  59.589996  53.939842  47.576717  41.008595  34.290939  27.426250  22.047501 
 23.738071  31.192032  38.831093  46.506405  53.917656  61.042343  67.115471  71.013908  72.094688  70.110939  65.775002  59.065781  51.679840  44.424217  37.137344  29.771408  23.638279 
 25.005779  32.823906  40.807030  48.754684  56.836090  64.612190  71.209373  75.152496  76.101410  74.330940  69.734375  62.592972  54.498436  46.635468  38.948593  31.453438  24.815102 
 25.418961  33.403126  41.550468  49.793747  57.964218  65.967812  72.515312  76.379219  77.445313  75.641403  71.441872  63.985313  55.704842  47.726250  39.750782  31.921562  25.251148 
 24.998070  32.967030  41.000938  48.913284  56.752502  64.470314  70.957970  74.888908  75.866409  73.957497  69.855316  62.469528  54.214691  46.506092  38.907501  31.367500  24.892498 
 23.824425  31.397968  39.093750  46.692501  53.986565  60.814842  66.819534  70.683128  71.558594  69.713593  65.237656  58.647186  51.418434  44.237968  37.087502  29.872971  23.670258 
 22.220882  28.877342  36.104843  43.062813  49.539375  55.443596  60.472504  63.609222  64.380157  62.732658  58.793282  53.330627  47.035625  40.767654  34.132656  27.416874  22.121460 
 20.659477  26.016563  32.429062  38.916092  44.713749  49.518753  53.407654  55.863907  56.408752  54.980782  51.802185  47.388748  42.229218  36.597031  30.480312  24.551720  20.535259 
 19.813648  23.126564  28.022812  33.697033  38.834999  42.986404  46.117188  47.909843  48.349373  47.222187  44.773125  41.234219  36.791092  31.746563  26.318592  21.794533  19.648491 
 18.285313  20.728645  23.612396  27.839737  32.189583  35.669949  38.472607  40.042137  40.311878  39.574272  37.646038  34.643181  30.725468  26.351982  22.192970  19.635571  18.173489 
 } 


 White Balance Data with optical Center Data
 r_center_x =  651 r_center_y =  481 
 gr_center_x =  644 gr_center_y =  486 
 b_center_x =  629 b_center_y =  475 
 gb_center_x =  644 gb_center_y =  500 
 r/gr 0.860061 
 b/gr 0.415911 
 gb/gr 0.997095 
 r_oc_ave 160.533340 
 b_oc_ave 77.631111 
 gr_oc_ave 186.653336 
 gb_oc_ave 186.111115 

 [AWB]
 RGr =  0.860061 
 BGr =  0.415911 
 GbGr =  0.997095 
 r_oc_ave =  160.533340 
 b_oc_ave =  77.631111 
 gr_oc_ave =  186.653336 
 gb_oc_ave =  186.111115 