 LEFT LENS SHADING DATA
 RED Channel
 {
 40.083958  43.459377  48.873955  57.165359  65.342918  72.419792  78.188492  81.613647  82.483490  80.918747  76.905678  70.533905  63.295517  55.175056  47.483387  43.080467  40.463806 
 42.543545  48.328125  57.278122  67.778908  77.605003  86.209373  93.134529  97.609062  98.857033  96.546249  91.437965  83.764534  74.757187  65.114845  55.049843  46.866093  42.474632 
 44.918594  54.197968  65.728752  77.809845  89.166565  99.612343  108.377815  114.377655  116.015778  112.986557  106.282967  96.537811  85.873909  74.467033  62.739845  51.916565  43.839893 
 48.388069  60.178284  73.166565  86.492500  99.748749  112.462967  123.563431  131.227966  133.288589  129.474686  120.839539  108.920624  95.825935  82.710625  69.658440  57.129997  46.461674 
 51.550835  65.073753  79.062653  93.756248  108.828903  123.619064  136.838120  145.497971  147.751404  143.323120  133.542496  119.424377  104.237816  89.486252  75.028435  61.610466  49.366508 
 53.802032  68.160156  83.150154  98.760155  115.266251  131.726089  145.870789  154.765778  156.921097  152.479691  142.057190  126.961411  110.116249  94.018280  78.634689  64.400314  51.294060 
 54.661819  69.260780  84.603127  100.744530  117.608902  134.487503  148.687347  157.549530  159.751099  155.526566  145.898285  129.848587  112.454224  96.120316  80.228592  65.489532  52.039742 
 54.039055  68.120316  83.129532  98.724846  114.834839  130.863907  144.525162  153.509842  155.838440  151.666092  141.925629  126.705933  110.237656  94.282341  78.869530  64.474846  51.351715 
 51.621086  64.905472  78.888123  93.472031  108.226563  122.711868  135.270462  143.522812  145.883286  141.678284  132.316406  118.767029  103.783279  89.350624  75.149376  61.661873  49.510208 
 48.390419  59.998749  72.621094  86.012970  98.932816  111.079529  121.678589  128.762650  130.664993  127.376404  119.151093  107.800003  95.236717  82.615471  69.569061  57.136871  46.892712 
 45.720417  54.252502  65.389687  77.175156  88.320625  98.380936  107.058907  112.550629  114.131561  111.434998  104.884064  95.808907  85.435471  74.249222  62.690002  51.973747  44.549168 
 44.225208  49.118126  57.273590  67.263748  77.070465  85.473122  92.353127  96.642654  97.752342  95.698593  90.624535  83.284691  74.587029  64.949371  55.066254  47.479530  43.634739 
 42.246456  45.708958  49.972557  57.306252  65.454842  72.450211  78.035202  81.387444  82.610886  81.022545  77.006401  70.874687  63.464325  55.345207  48.239166  44.701824  41.877659 
 } 
 GR Channel
 {
 51.150780  56.042442  62.382759  71.745468  81.170937  88.702858  94.778229  98.754059  99.893700  98.093697  94.020676  87.351357  79.376465  70.008171  61.147705  55.678230  52.002815 
 54.964531  62.392654  72.935471  84.721092  95.365936  104.663910  111.850311  116.546570  118.097656  115.730164  110.486717  102.629684  92.880623  82.087967  70.494377  60.691559  54.869896 
 58.269844  69.635468  82.852188  96.170158  108.517502  119.579056  128.834381  135.141251  136.800003  133.725937  126.999847  116.884842  105.365784  92.890938  79.685158  67.019379  57.028961 
 62.489746  76.758278  91.378281  105.937500  120.278442  133.916565  145.708908  153.758591  156.093445  152.054840  143.404526  130.672348  116.681091  102.499374  87.858284  73.468437  60.657188 
 66.469742  82.319534  98.176720  113.924057  130.137192  146.299683  160.470474  169.532806  172.100159  167.722504  157.459534  142.586716  126.162964  110.077660  94.173752  78.779686  64.398857 
 69.211143  86.016563  102.657814  119.631256  137.272659  155.044525  170.571564  180.106720  182.455780  177.784058  167.203278  150.862183  132.797180  115.284683  98.476715  82.252190  66.860931 
 70.131821  87.155785  104.177811  121.777649  139.804535  157.942032  173.421722  183.192337  185.485779  181.185471  171.428284  154.298752  135.482651  117.746094  100.450310  83.556717  67.915672 
 69.129219  85.671097  102.536560  119.432495  136.928589  154.538437  169.089066  178.709839  181.283752  177.312805  167.115631  151.144379  133.247025  115.537811  98.631874  82.125000  66.933327 
 66.170517  81.862190  97.777191  113.706558  129.801559  145.700775  159.325943  167.905151  170.454849  166.379532  156.608276  142.130463  125.724686  110.022659  94.216721  78.843437  64.422180 
 62.176773  76.102188  90.472031  105.245468  119.411087  132.753754  144.306870  151.872498  153.800934  150.323746  141.810776  129.852814  116.032181  102.253281  87.840309  73.407814  60.918648 
 58.592865  69.337654  82.177185  95.296562  107.616562  118.556091  127.829376  133.932037  135.591873  132.682968  125.751404  116.085632  104.947502  92.667656  79.567497  67.045158  58.094528 
 56.253548  62.844376  72.458748  83.889999  94.753906  104.005470  111.288910  116.023743  117.329224  115.238281  109.812965  101.792816  92.337814  81.583595  70.169685  61.181717  55.973183 
 52.854378  58.003548  63.576668  72.117081  81.304535  89.314011  95.419121  99.022919  100.461090  98.668488  94.328171  87.783638  79.358231  70.059219  61.903854  57.194435  52.985268 
 } 
 GB Channel
 {
 51.708336  56.663750  63.274681  73.268539  83.018539  91.012085  97.639061  101.784065  102.797241  100.753548  96.304222  89.159424  80.645210  70.844940  61.374901  55.693069  52.254318 
 55.062912  62.702499  73.567184  85.658127  96.965622  106.720001  114.337814  119.361557  120.949524  118.336868  112.694839  104.131721  93.829376  82.418907  70.384064  60.354530  54.670990 
 57.959686  69.588440  83.124687  96.992188  109.643280  121.295776  130.996094  137.500473  139.292038  136.158600  128.934067  118.322037  106.028435  92.894844  79.222656  66.234528  56.293068 
 61.927399  76.382813  91.233124  106.168747  120.916092  135.127029  147.271088  155.751877  158.111725  154.128601  144.896255  131.613907  117.037033  102.152809  87.028282  72.186409  59.519531 
 65.533386  81.596092  97.545784  113.585632  130.151871  146.751404  161.307190  170.839996  173.583282  169.059067  158.441879  142.911407  125.940308  109.237030  92.923592  77.204842  62.934219 
 67.826515  84.869217  101.760628  118.642654  136.519531  154.675629  170.528122  180.339996  182.951569  178.316879  167.403122  150.601715  132.050934  114.003906  96.847809  80.328438  65.063019 
 68.640312  85.699066  102.873436  120.508118  138.640320  156.976868  172.740158  182.825623  185.442810  181.205780  171.139069  153.643127  134.508286  116.250626  98.632965  81.552345  65.922554 
 67.517662  84.207031  101.183746  118.183441  135.737976  153.417038  168.244690  178.212036  181.147964  177.109848  166.684998  150.245316  132.056717  114.050003  96.681404  80.196564  64.979065 
 64.901512  80.577972  96.412346  112.476868  128.661407  144.750473  158.510162  167.637344  170.229996  166.129059  156.097031  141.321564  124.558594  108.488907  92.388435  76.874374  62.646461 
 61.049843  75.000465  89.434059  104.384064  118.659851  132.052505  143.813278  151.590622  153.657806  150.167496  141.486252  129.135788  115.035934  100.989532  86.229378  71.699066  59.377388 
 57.770256  68.401718  81.361717  94.591095  107.134529  118.175003  127.622025  133.904694  135.787186  132.896561  125.586090  115.685776  104.149841  91.687500  78.370003  65.846878  56.728958 
 55.663544  62.210625  72.006409  83.577812  94.633904  104.032188  111.617340  116.546875  117.979065  115.682495  110.008591  101.746094  91.902031  80.910782  69.322029  60.171410  55.300369 
 52.585625  57.767296  63.458702  72.089066  81.494949  89.583855  95.984642  99.673546  101.092812  99.252083  94.805466  87.914635  79.141411  69.489326  61.150154  56.447868  52.695366 
 } 
 B Channel
 {
 18.547966  20.533382  23.412086  27.871929  32.314636  35.991302  38.832447  40.560055  40.986927  40.299271  38.349220  35.292240  31.438229  26.922291  22.520832  19.894115  18.524117 
 19.982967  23.411095  28.377499  33.931717  38.907345  43.183594  46.486404  48.558594  49.035469  47.893436  45.499844  41.895782  37.435314  32.384377  26.883751  22.262657  20.002033 
 21.334949  26.642654  33.046562  39.365780  45.060780  50.017815  53.972809  56.608124  57.215782  55.737343  52.672966  48.166092  43.023594  37.285156  31.056408  25.212502  21.253334 
 23.049061  29.884064  36.938438  43.904999  50.427032  56.373123  61.309372  64.553436  65.255157  63.292503  59.483749  53.917969  47.764374  41.337345  34.627811  28.053905  22.898697 
 24.719116  32.285156  39.875782  47.289688  54.599998  61.492500  67.375938  70.908752  71.678749  69.576408  65.112656  58.558128  51.515625  44.473125  37.369373  30.438126  24.545208 
 25.782242  33.748280  41.639843  49.475784  57.309998  64.900467  71.183907  74.828438  75.474998  73.357971  68.733910  61.838127  54.034218  46.518749  39.107033  31.860313  25.714897 
 26.069897  34.181564  42.169998  50.085938  58.040627  65.817810  72.066719  75.779999  76.388435  74.379997  70.097191  62.891876  54.937500  47.393436  39.758125  32.246094  25.973801 
 25.575523  33.400936  41.273750  48.978439  56.538124  63.964844  69.915314  73.725311  74.617966  72.624847  68.409691  61.525940  53.955315  46.432186  38.900158  31.647499  25.491665 
 24.344894  31.572811  39.064842  46.327499  53.394997  60.064217  65.695625  69.179688  70.062813  68.193123  63.954063  57.762970  50.864372  44.052967  36.937969  30.103592  24.254635 
 22.596039  28.911877  35.674843  42.564220  48.920937  54.628906  59.339691  62.347656  63.050156  61.686096  57.991249  52.773903  46.837967  40.718750  34.099377  27.627342  22.633801 
 20.992813  25.740311  31.824375  37.995781  43.637501  48.496872  52.429840  54.801094  55.391563  54.308281  51.311409  47.129532  42.091408  36.555782  30.416248  24.682968  21.170261 
 20.025257  22.856720  27.351719  32.747032  37.864845  42.110626  45.394218  47.356564  47.798283  46.859844  44.489063  40.925156  36.580311  31.583439  26.212658  22.040157  20.401196 
 19.192760  21.440678  23.969425  28.100990  32.568798  36.478123  39.318180  40.967392  41.460571  40.696716  38.634895  35.532452  31.559895  27.050522  22.997032  20.888699  19.836617 
 } 


 White Balance Data with optical Center Data
 r_center_x =  628 r_center_y =  485 
 gr_center_x =  643 gr_center_y =  485 
 b_center_x =  650 b_center_y =  476 
 gb_center_x =  631 gb_center_y =  491 
 r/gr 0.860486 
 b/gr 0.411435 
 gb/gr 1.000119 
 r_oc_ave 160.333328 
 b_oc_ave 76.662224 
 gr_oc_ave 186.328888 
 gb_oc_ave 186.351105 

 [AWB]
 RGr =  0.860486 
 BGr =  0.411435 
 GbGr =  1.000119 
 r_oc_ave =  160.333328 
 b_oc_ave =  76.662224 
 gr_oc_ave =  186.328888 
 gb_oc_ave =  186.351105 