 LEFT LENS SHADING DATA
 RED Channel
 {
 40.884533  44.809116  49.362083  56.947395  65.219109  72.508591  78.004166  81.578964  82.412086  80.924789  76.965828  70.736923  63.397079  55.325417  47.956348  43.560207  40.660625 
 43.516617  48.953903  57.671249  67.969063  77.616409  86.149216  93.077499  97.489372  98.731247  96.661873  91.654999  84.217972  75.293747  65.546249  55.494690  47.413124  43.223125 
 45.513435  54.422188  65.813438  77.902191  89.191093  99.415939  107.887970  113.672806  115.442657  112.629532  106.135780  96.772034  86.204376  74.945778  63.290627  52.385155  44.642864 
 48.322655  60.119530  73.356720  86.684372  99.762344  112.134995  122.839371  130.464066  132.676407  128.883438  120.613434  108.980316  96.229378  83.341095  70.343285  57.779221  47.380680 
 51.500786  64.978905  79.141251  93.798279  108.728279  123.250473  136.177505  144.969055  147.547501  143.167664  133.588913  119.753906  104.653595  90.205315  75.914841  62.233124  50.166046 
 53.940414  68.112503  82.958122  98.658752  114.929840  131.399536  145.548599  154.556870  156.929535  152.814529  142.532349  127.335938  110.678436  94.637184  79.598282  65.284531  52.056404 
 54.864891  69.359062  84.584061  100.759377  117.469223  134.341873  148.870789  157.848755  160.330154  156.376099  146.916870  131.096878  113.749695  97.077812  81.225159  66.356873  52.977295 
 54.033798  68.386093  83.235466  98.786407  115.112808  131.194382  145.378433  154.506256  156.972656  152.871567  143.402039  127.877029  111.079689  95.111252  79.885155  65.379059  52.313232 
 52.030106  65.424690  79.447968  94.107658  108.992500  123.373123  136.240463  144.842499  147.467346  143.384369  133.604691  119.970627  105.170158  90.592186  76.480003  62.766090  50.228806 
 48.816040  60.674377  73.562035  86.925156  99.724846  112.008591  122.668747  130.085312  132.284378  128.966721  120.712494  109.406403  96.620468  83.962029  70.975159  58.320000  47.404583 
 45.788754  54.985001  66.417503  78.316254  89.582344  99.693436  108.119690  113.858124  115.593277  113.017975  106.429222  97.315468  86.904373  75.753754  64.110626  52.997498  44.827499 
 43.835987  49.427032  58.173126  68.621559  78.441872  86.920937  93.689529  98.019684  99.270157  97.155785  92.203751  84.938904  76.119843  66.500153  56.227654  47.859219  43.485680 
 41.754322  45.584736  50.700203  58.928650  67.391457  74.351357  80.171402  83.610527  84.498283  83.132233  79.057915  73.091614  65.599640  57.073700  49.232864  44.808594  41.966927 
 } 
 GR Channel
 {
 50.232399  55.583229  60.978226  69.712708  78.763855  86.789894  92.890526  96.603539  97.635628  95.766563  91.610626  85.019737  76.796875  67.832138  59.250099  54.461243  50.616241 
 54.177391  60.957809  71.084061  82.709373  93.653435  102.944061  110.465935  114.815628  116.340622  114.099060  108.770622  100.677032  90.865623  80.037346  68.683441  59.323753  54.103752 
 56.961563  67.577812  80.706879  94.503754  107.092972  118.280151  127.330307  133.364059  135.091095  132.163284  125.275314  115.253433  103.574844  91.140778  77.869530  65.287971  56.044014 
 60.478592  74.335472  89.586876  104.669846  119.234680  132.728745  144.122650  152.122498  154.392654  150.341095  141.723282  129.068283  115.100159  100.796097  86.126877  71.671097  59.290886 
 64.352966  80.058594  96.407967  112.826721  129.221252  145.018753  158.925308  168.063126  170.900787  166.400620  156.316879  141.492493  124.910004  108.824219  92.713440  77.035782  62.859734 
 67.272964  84.013596  101.087654  118.402039  136.106247  153.916092  169.099686  178.746094  181.220154  177.117966  166.471725  150.284851  131.903748  114.220154  97.148285  80.654686  65.145523 
 68.430573  85.462029  102.700783  120.582031  138.647034  157.238754  172.777039  182.426712  184.947495  180.975006  171.279526  154.534225  135.668274  117.224686  99.227501  81.896095  66.285469 
 67.525421  84.176247  101.077972  118.216873  135.938431  153.717026  168.985306  178.939224  181.523743  177.491089  167.634537  151.084839  132.428284  114.708435  97.505310  80.800156  65.379112 
 64.948486  80.643280  96.632813  112.847183  129.237030  145.137817  159.065002  168.534531  171.225632  167.102188  156.830002  142.120163  125.509689  109.273750  93.281097  77.509529  62.919319 
 60.995209  74.896873  89.662186  104.476250  118.681564  132.321091  144.025162  152.100464  154.526245  151.117966  142.437653  129.845001  115.684067  101.441254  86.737656  72.119377  59.402298 
 57.228645  68.184059  81.277969  94.652344  107.236877  118.179382  127.551407  134.001251  135.955780  133.111099  126.093597  116.010315  104.372185  91.869530  78.560936  65.770309  56.224899 
 54.534065  61.657814  71.676094  83.468597  94.253441  103.641090  111.227654  115.991409  117.494370  115.197342  109.667343  101.655472  91.869064  81.030312  69.321251  59.637184  54.372604 
 51.288223  56.696564  62.800056  71.994637  81.336357  89.188797  95.443695  99.375778  100.430626  98.804214  94.311722  87.887764  79.630730  69.922394  61.177917  56.015938  52.653442 
 } 
 GB Channel
 {
 50.755623  56.298958  61.828026  71.203285  80.744270  89.238541  95.995049  100.008644  101.241302  98.990265  94.389374  87.057968  78.402817  68.658592  59.798546  54.687447  50.667442 
 54.490623  61.363129  71.810936  83.901405  95.423439  105.411873  113.233597  118.061569  119.749847  117.257965  111.359375  102.661095  92.139061  80.672966  68.769379  59.145157  53.868698 
 56.792648  67.639534  81.200623  95.416092  108.622658  120.317337  129.932495  136.399368  138.187195  134.961411  127.688431  116.888596  104.557655  91.389061  77.583435  64.714844  55.470055 
 59.751190  73.950157  89.623909  105.157967  120.251099  134.237808  146.148132  154.605316  157.058121  152.798904  143.619690  130.320007  115.638123  100.682968  85.485153  70.643440  58.185524 
 63.197449  79.263908  95.893593  112.753128  129.650940  145.930466  160.102814  169.921402  172.892975  168.166565  157.631088  142.236099  124.878281  108.112968  91.579529  75.598434  61.378853 
 65.978127  82.666878  100.106094  117.714996  135.862503  153.966248  169.506088  179.562973  182.283432  178.072815  166.972809  150.288437  131.421570  113.091248  95.576096  78.843437  63.475937 
 66.760101  83.842186  101.364685  119.435623  137.927811  156.638443  172.543594  182.582031  185.395157  181.173752  171.289841  154.104538  134.568436  115.727814  97.358749  79.980469  64.410675 
 65.810097  82.524689  99.602188  116.959213  135.036560  152.944061  168.563751  178.660629  181.573746  177.531250  167.197968  150.234680  131.224213  113.010468  95.507034  78.709061  63.413231 
 63.438545  79.093124  95.131248  111.514999  128.198120  144.364532  158.572968  168.226257  171.231400  166.905151  156.390625  141.298126  124.298431  107.721405  91.421875  75.529846  61.183800 
 59.648331  73.606247  88.347656  103.353127  117.878754  131.789688  143.634842  151.875473  154.502975  150.997498  142.018127  129.232346  114.583435  100.009842  85.120316  70.346718  57.873596 
 56.254791  67.269379  80.404686  93.947815  106.586716  118.012344  127.581879  134.130936  136.095932  133.189224  125.805618  115.461716  103.526878  90.709999  77.228127  64.325470  54.883179 
 53.934685  60.977188  71.206718  83.086876  94.089996  103.714378  111.507187  116.517654  117.965775  115.455154  109.757187  101.458595  91.339066  80.303123  68.396408  58.592346  53.512970 
 51.088432  56.307602  62.626091  71.950211  81.571663  89.688126  96.080101  100.229111  101.250992  99.410362  94.793022  87.872971  79.317398  69.376038  60.292862  55.134636  52.024223 
 } 
 B Channel
 {
 18.537918  20.946251  23.736820  28.130939  32.546200  36.315155  39.202759  40.839840  41.228954  40.394844  38.307030  35.014374  31.075108  26.498646  22.280102  19.807289  18.343124 
 20.136665  23.291248  28.283279  34.123436  39.457657  43.959530  47.402969  49.426720  49.901878  48.677971  46.150158  42.315624  37.563438  32.211563  26.620937  22.088123  20.110626 
 21.147709  26.309376  32.847813  39.535938  45.505627  50.877655  54.996872  57.676094  58.306404  56.757660  53.679062  48.801559  43.348907  37.345001  30.950001  24.921406  21.166615 
 22.597240  29.300781  36.842030  44.171719  50.982811  57.128754  62.310623  65.795784  66.611252  64.728127  60.867340  54.913437  48.418282  41.722031  34.715782  27.883595  22.642967 
 24.203178  31.786720  39.707344  47.538280  55.103752  62.247971  68.346252  72.221405  73.258751  71.232185  66.786247  60.103439  52.568748  45.186405  37.625626  30.282345  24.419216 
 25.452187  33.267189  41.536877  49.664841  57.764847  65.699844  72.249687  76.098747  77.063591  75.212341  70.524689  63.408127  55.237656  47.293907  39.446095  31.873280  25.400154 
 25.862812  33.775314  41.937500  50.200935  58.512970  66.657028  73.244690  77.068123  78.044533  76.197502  72.094841  64.793434  56.440781  48.376404  40.223907  32.372501  25.844166 
 25.467758  33.189220  41.023594  48.980621  57.049843  64.768906  71.304375  75.265160  76.247971  74.442345  70.248283  63.089996  54.967499  47.152813  39.362499  31.797031  25.399738 
 24.216198  31.606407  39.044689  46.523125  53.875000  60.865158  66.815781  70.656715  71.802971  69.944687  65.566406  59.135780  51.854065  44.675781  37.414845  30.229061  24.181149 
 22.508335  28.981251  35.919533  42.867657  49.278122  55.259216  60.155624  63.513283  64.510780  62.953903  59.249847  53.868439  47.553280  41.123749  34.391094  27.711563  22.496143 
 20.810310  25.907814  32.161095  38.401562  44.138596  49.091721  53.011093  55.691406  56.342499  55.194374  52.186409  47.769531  42.603439  36.872814  30.637657  24.705002  20.933750 
 19.717190  22.975937  27.827656  33.490467  38.616718  42.969219  46.228127  48.221405  48.773590  47.746094  45.352970  41.780624  37.270157  32.155937  26.536720  22.008907  20.143700 
 18.751354  21.287186  24.328697  28.929428  33.696095  37.474846  40.445210  42.174114  42.579220  41.768803  39.677341  36.644375  32.551197  27.820107  23.408176  20.894951  20.016197 
 } 


 White Balance Data with optical Center Data
 r_center_x =  649 r_center_y =  484 
 gr_center_x =  649 gr_center_y =  486 
 b_center_x =  615 b_center_y =  482 
 gb_center_x =  651 gb_center_y =  477 
 r/gr 0.865514 
 b/gr 0.421770 
 gb/gr 1.003160 
 r_oc_ave 160.693329 
 b_oc_ave 78.306664 
 gr_oc_ave 185.662216 
 gb_oc_ave 186.248886 

 [AWB]
 RGr =  0.865514 
 BGr =  0.421770 
 GbGr =  1.003160 
 r_oc_ave =  160.693329 
 b_oc_ave =  78.306664 
 gr_oc_ave =  185.662216 
 gb_oc_ave =  186.248886 