 LEFT LENS SHADING DATA
 RED Channel
 {
 39.748177  43.781929  48.702553  56.918648  65.132660  72.450211  78.144325  81.517448  82.521355  81.081459  77.293800  71.111305  63.632187  55.532028  48.056145  43.775784  41.427864 
 42.047760  47.765469  56.639847  66.940315  76.917030  85.530624  92.488281  97.047653  98.377190  96.230621  91.173592  83.612343  74.572189  65.021408  55.080315  47.023907  42.740364 
 44.277866  53.468903  64.922653  76.946877  88.491875  98.997032  107.873909  113.894226  115.767502  112.755463  106.148438  96.595154  85.868279  74.617813  62.942184  52.132813  44.165314 
 47.566097  59.464218  72.640778  86.161247  99.515472  112.169693  123.198288  131.007813  133.242813  129.310944  120.934692  109.136719  96.332809  83.303123  70.228905  57.589691  46.848022 
 50.840828  64.313751  78.700935  93.531715  108.864372  123.642181  136.649216  145.270462  147.736725  143.507507  134.098129  120.281723  105.022972  90.355469  75.962502  62.165466  49.902344 
 53.293076  67.590782  82.669220  98.646721  115.314224  131.709381  145.918900  154.957184  157.447189  153.463913  143.266098  128.142654  111.442345  95.156097  79.797813  65.330780  51.883911 
 54.240318  68.885315  84.412498  100.976875  118.038589  134.958435  149.240311  158.341400  160.976410  157.070160  147.643600  132.029221  114.652191  97.688278  81.616722  66.449371  52.778961 
 53.723701  67.922653  83.166718  99.143440  115.625778  131.912811  145.949997  155.115311  157.812973  153.797348  144.376877  128.857498  111.870155  95.661407  80.201561  65.585472  52.165672 
 51.287704  64.853127  79.269684  94.341408  109.546875  124.231873  137.128433  145.931564  148.516556  144.489685  134.942505  121.220474  106.036095  91.321877  76.884064  62.898285  50.259735 
 48.324425  60.056717  73.370468  87.043594  100.378754  113.007034  123.849838  131.296570  133.660461  130.403595  122.079056  110.602654  97.613129  84.585785  71.278748  58.485466  47.483593 
 45.662395  54.452812  66.183907  78.488281  90.298439  100.690315  109.491409  115.383743  117.333588  114.545151  107.863907  98.579216  87.812653  76.348122  64.299530  53.253754  45.375416 
 43.810993  49.289528  58.133751  68.695160  78.926247  87.735153  94.848434  99.447815  100.877502  98.719528  93.583748  86.052811  76.922340  66.879997  56.577972  48.569534  44.205154 
 41.389324  45.382240  50.142082  57.895782  66.566254  73.747452  79.808434  83.476982  84.516663  83.053490  79.128334  73.040726  65.194221  56.719589  49.190674  45.239742  41.998489 
 } 
 GR Channel
 {
 50.504845  56.008598  61.933388  71.364532  80.558960  88.324791  94.417496  97.919640  99.128441  97.651566  93.727394  87.331413  79.087135  69.983589  61.329224  56.188751  52.921661 
 54.163177  61.200470  71.453590  82.941406  93.674377  102.891876  110.211250  115.026093  116.560944  114.181564  109.191559  101.172028  91.612343  81.004219  69.799843  60.379997  54.977921 
 57.277496  68.221252  81.312035  94.477966  106.933441  117.964691  127.217194  133.643906  135.632187  132.427185  125.488754  115.447495  104.149689  92.004684  79.046875  66.660469  56.915680 
 61.350937  75.263435  90.027809  104.802185  119.046875  132.527969  144.401871  152.633911  155.264526  150.905151  142.241409  129.665314  115.824844  101.876251  87.565315  73.108910  60.360367 
 65.295364  80.895157  96.856407  112.911255  129.389374  145.202499  159.291245  168.406097  171.030472  166.855774  157.042191  142.167038  125.676712  109.861404  94.085312  78.523750  64.211250 
 68.038231  84.739059  101.436562  118.520462  136.342651  154.312195  169.452194  179.017349  181.835464  177.797974  167.197662  151.086716  132.919998  115.355621  98.593124  82.320000  66.727921 
 69.245941  86.013435  103.235779  120.878128  139.317032  157.801712  173.131088  182.984070  185.740936  181.701096  172.037186  155.492966  136.707962  118.427963  100.827347  83.679840  68.025475 
 68.229065  84.881561  101.658592  118.951569  136.810776  154.365005  169.881409  179.691711  182.402039  178.222351  168.742966  152.278442  133.622345  116.030777  99.214218  82.785622  67.086044 
 65.454323  81.234528  97.279999  113.661560  129.945786  146.091400  160.143753  169.557663  172.192184  168.073914  158.231567  143.582336  126.912659  110.992035  95.245941  79.507660  64.745361 
 61.644745  75.543282  90.433128  105.496719  119.947037  133.747971  145.340469  153.406555  155.768433  152.578125  143.896408  131.559372  117.572662  103.470467  88.834999  74.205315  61.276146 
 58.096191  68.977654  82.287186  95.987190  108.715622  119.886871  129.247498  135.690933  137.712814  134.927505  127.801880  118.035934  106.422028  94.027496  80.656403  67.859840  58.333382 
 55.589790  62.750626  72.948441  84.779533  95.853752  105.367813  112.960938  117.839996  119.460159  117.106720  111.823280  103.828751  94.057655  83.129219  71.418282  61.939217  56.266510 
 52.087296  57.673119  63.413857  72.122650  81.475418  89.471146  95.850525  99.826256  100.928276  99.557762  95.238907  89.077919  80.426193  70.912758  62.348488  57.451096  53.140259 
 } 
 GB Channel
 {
 50.951096  56.518181  63.006821  72.762398  82.387024  90.965157  97.336571  101.200264  102.617188  100.784218  96.520111  89.608803  80.772293  71.093643  62.060364  56.829796  53.233543 
 54.158592  61.486717  72.002029  84.065315  95.388908  105.173279  113.032806  118.244217  119.862183  117.272339  111.794685  103.239845  93.003128  81.866562  70.073906  60.306877  54.931877 
 56.777451  67.946404  81.365784  95.186249  108.126251  119.751724  129.620941  136.374695  138.615311  135.254684  127.802338  117.146713  105.204063  92.405159  78.971718  66.123283  56.322655 
 60.299217  74.556091  89.657341  104.916878  119.671875  133.698441  146.073746  154.833755  157.443909  153.147659  143.964066  130.724380  116.267654  101.648903  86.872498  72.097504  59.369995 
 63.761871  79.645622  95.849220  112.274368  129.148132  145.597504  160.060944  169.685776  172.635315  168.171249  158.022964  142.603119  125.539536  109.087502  92.967499  77.052032  62.610992 
 66.399529  82.975159  99.797813  117.146713  135.386414  153.612350  169.359222  179.199219  182.453598  178.337341  167.448288  150.767654  132.162186  114.134537  97.007965  80.427345  64.832130 
 67.209473  84.045311  101.261566  119.180618  137.837036  156.474060  172.061249  182.299683  185.391251  181.257187  171.416870  154.544067  135.432037  116.631714  98.757500  81.578438  65.586769 
 66.235474  82.773590  99.574371  116.999695  134.928757  152.684998  168.399216  178.617493  181.575150  177.408279  167.829376  150.990631  132.119537  114.094055  97.005470  80.447189  64.817604 
 63.392807  79.119064  95.309532  111.757965  128.177963  144.472809  158.667343  168.396408  171.307968  167.281097  157.091873  142.188431  125.291245  109.095001  92.996719  77.224846  62.475464 
 60.073433  73.808441  88.710938  103.788124  118.393906  132.322662  143.978439  152.136093  154.983597  151.646881  142.663132  130.146088  115.995316  101.605782  86.776405  72.155159  59.298691 
 56.723488  67.568283  80.934845  94.705940  107.522186  118.812500  128.253906  134.854218  137.053284  134.134216  126.907501  116.903595  105.084221  92.445625  78.990471  66.127815  56.776978 
 54.634483  61.631561  71.918594  83.895309  95.054222  104.644997  112.425781  117.565628  119.160782  116.780624  111.241249  103.004845  93.016403  81.798592  70.060310  60.602654  55.100365 
 51.566978  56.874901  62.809639  71.514061  81.066513  89.291245  96.009315  99.988121  101.317650  99.721046  95.300827  88.682968  79.777451  70.018387  61.368652  56.298279  52.044113 
 } 
 B Channel
 {
 17.888229  20.550312  23.675312  28.419220  33.007137  37.057606  39.947033  41.695366  42.319012  41.630573  39.777500  36.598232  32.526768  27.865311  23.514896  20.906410  19.846825 
 18.929062  22.257813  27.256561  32.889843  38.043594  42.420937  45.851406  48.118904  48.752968  47.689529  45.406250  41.709061  37.115936  32.070313  26.625313  22.069530  20.048904 
 19.980469  25.273594  31.525002  37.906719  43.726719  48.914688  53.006721  55.876564  56.683907  55.330154  52.238434  47.690468  42.485939  36.808750  30.674061  24.751564  20.766148 
 21.850784  28.451405  35.545155  42.438595  49.036095  55.147346  60.359222  63.939064  64.902031  63.115623  59.228439  53.676247  47.457031  41.091564  34.446251  27.659374  22.359795 
 23.494114  30.872658  38.442345  45.827499  53.249847  60.277031  66.455467  70.269997  71.317345  69.417503  65.152191  58.724686  51.478752  44.449062  37.321407  30.043125  24.084373 
 24.756924  32.362968  40.213436  48.043594  56.018593  63.859528  70.389999  74.345779  75.294685  73.569687  69.071091  62.122032  54.210785  46.602657  39.147968  31.659218  25.026096 
 25.117916  32.924999  40.947342  48.985466  57.126877  65.160309  71.524529  75.518280  76.612343  74.821877  70.655937  63.495628  55.545158  47.683750  39.915001  32.128906  25.414532 
 24.722866  32.338905  40.203281  48.100937  55.959373  63.478752  69.930939  73.809998  74.989685  73.293434  69.239998  62.224686  54.285934  46.633282  39.098125  31.603905  24.949947 
 23.448906  30.733280  38.277187  45.803280  53.047653  59.890312  65.713905  69.708908  70.681877  68.956406  64.699066  58.510468  51.274689  44.396873  37.218437  30.077187  23.850105 
 21.736355  28.262188  35.382500  42.336876  48.654999  54.612030  59.419846  62.761253  63.673439  62.331566  58.522346  53.272972  47.168907  40.947655  34.320782  27.537342  22.232552 
 20.215366  25.345158  31.583752  37.935314  43.755627  48.660156  52.600937  55.231720  56.010941  54.729530  51.715935  47.386250  42.278126  36.665314  30.542969  24.637032  20.785152 
 19.443436  22.568436  27.332344  32.938282  38.095001  42.342499  45.581875  47.600937  48.187813  47.153751  44.795467  41.176876  36.689529  31.681717  26.309532  21.920467  19.929428 
 18.158020  20.355518  23.045467  27.154320  31.625000  35.138748  38.058956  39.780941  40.165730  39.495834  37.507763  34.543957  30.592655  26.111511  22.180988  19.876095  18.475677 
 } 


 White Balance Data with optical Center Data
 r_center_x =  660 r_center_y =  486 
 gr_center_x =  629 gr_center_y =  480 
 b_center_x =  636 b_center_y =  506 
 gb_center_x =  618 gb_center_y =  473 
 r/gr 0.865409 
 b/gr 0.410801 
 gb/gr 0.998285 
 r_oc_ave 161.462219 
 b_oc_ave 76.644447 
 gr_oc_ave 186.573334 
 gb_oc_ave 186.253326 

 [AWB]
 RGr =  0.865409 
 BGr =  0.410801 
 GbGr =  0.998285 
 r_oc_ave =  161.462219 
 b_oc_ave =  76.644447 
 gr_oc_ave =  186.573334 
 gb_oc_ave =  186.253326 