 LEFT LENS SHADING DATA
 RED Channel
 {
 39.358856  43.527603  48.523857  56.885887  65.560318  73.026360  79.057549  82.860054  84.266098  82.643951  78.896515  72.616142  64.990623  56.524429  48.582870  44.169216  41.204220 
 41.620937  47.255936  56.182190  66.961090  77.145309  86.239685  93.474846  98.209846  99.800468  97.741875  92.970467  85.336563  76.214378  66.272972  55.887657  47.644844  43.105465 
 43.461666  52.476250  64.115471  76.395622  88.233284  98.936722  108.093903  114.310471  116.373123  113.738434  107.317184  97.896873  87.168907  75.673752  63.723907  52.613281  44.467239 
 46.296974  58.315315  71.514534  85.333908  98.787033  111.689842  122.934372  130.922501  133.592499  130.153122  121.981873  110.222191  97.308281  84.180000  70.990623  58.038597  47.022556 
 49.450989  63.090782  77.474846  92.498283  107.827499  122.879684  136.291245  145.520004  148.559525  144.396561  134.990005  121.115463  105.964691  91.111252  76.636719  62.680466  50.127762 
 51.804008  66.179222  81.451248  97.438751  114.222809  130.986725  145.627655  155.099060  157.995163  154.071411  143.990463  128.902817  112.056717  95.842972  80.415001  65.744530  52.205566 
 52.506615  67.165154  82.724373  99.101250  116.347656  133.742188  148.637497  158.246719  161.057343  157.244064  148.003128  132.302963  114.709686  98.171722  82.029060  66.798279  53.019325 
 51.662186  66.137184  81.330002  97.256561  113.836243  130.404846  145.095627  154.662811  157.440933  153.653595  144.338440  128.850464  112.119995  96.053284  80.568123  65.748596  52.370880 
 49.489113  63.031403  77.351715  92.249374  107.414375  122.204681  135.538132  144.507507  147.393600  143.523285  134.198288  120.767807  105.769844  91.198593  76.937653  63.011566  50.204895 
 46.339375  58.110626  71.200623  84.787971  97.969215  110.573753  121.688599  129.298752  131.808441  128.808121  120.798431  109.710625  97.020782  84.176559  71.186249  58.308594  47.226715 
 43.305889  52.383591  63.943909  75.988281  87.538597  97.926247  106.827187  113.023132  115.049530  112.721725  106.472191  97.457657  86.951408  75.797813  63.931564  52.856720  44.554844 
 41.721825  47.165783  55.889374  66.329529  76.409531  85.211403  92.356873  97.103752  98.574371  96.775627  92.005157  84.838753  76.206718  66.374847  56.088127  47.797970  43.209011 
 39.675575  43.334320  48.114799  56.175575  64.716820  72.027451  77.876038  81.524582  82.866035  81.608543  78.072029  72.244583  64.738586  56.300049  48.596458  44.215679  41.318176 
 } 
 GR Channel
 {
 49.909790  55.201042  61.460258  70.474731  79.827866  88.111038  94.555153  98.502861  100.077034  98.475212  94.333755  87.693855  79.346718  70.068703  61.178017  55.765366  51.795364 
 53.250206  60.303123  70.584221  82.592033  93.795158  103.528122  111.425781  116.448914  117.962662  115.728119  110.638748  102.517189  92.497345  81.527657  69.930939  60.358910  54.737450 
 55.795006  66.597504  79.905937  93.560623  106.576408  118.228592  128.044846  134.618286  136.659058  133.783127  126.992035  116.920944  105.212341  92.524063  79.153122  66.431404  56.834534 
 59.484848  73.490471  88.424065  103.817657  118.614532  132.661713  144.575943  152.756409  155.504837  151.804382  143.268906  130.773132  116.799530  102.407188  87.580467  72.904533  59.986816 
 63.265152  79.077034  95.235466  111.912811  128.777969  144.924225  159.066879  168.632507  171.634369  167.505005  157.887650  143.240631  126.885162  110.516090  94.362343  78.596092  64.000885 
 66.195213  82.924377  100.229218  117.734375  135.978912  153.959381  169.402191  179.085785  181.968277  177.939529  167.572815  151.812347  133.661713  115.935471  98.772659  82.082184  66.395935 
 67.018585  84.241722  101.899216  119.986252  138.631409  157.259842  172.834839  182.487656  185.144684  181.469681  172.137344  155.706879  136.844055  118.776413  100.832031  83.391876  67.422707 
 65.853119  82.839378  100.097191  117.905151  136.105316  153.936401  169.224838  178.771561  181.460159  177.635468  168.165619  152.086090  133.986404  116.125778  98.985779  82.128128  66.346458 
 63.267502  79.178749  95.486565  112.132965  128.899994  145.094528  159.244370  168.307037  171.156250  167.086563  157.314224  142.977341  126.625305  110.506721  94.508125  78.747810  63.942818 
 59.348961  73.304375  88.161720  103.480621  118.131088  132.053909  144.046097  151.883743  154.335632  151.042816  142.730774  130.646561  116.665466  102.495468  87.855621  73.261566  60.329475 
 55.700096  66.573441  79.808746  93.416718  106.270157  117.718903  127.476563  133.977814  136.004379  133.275940  126.604996  116.815155  105.278435  92.784531  79.569061  66.885315  56.966148 
 53.481560  60.331566  70.401718  82.224373  93.448906  103.209373  111.051720  116.197189  117.537506  115.224060  110.022346  102.333748  92.775627  81.984528  70.364059  60.743752  55.049995 
 50.506149  55.346558  61.263596  70.213539  79.622452  87.738541  94.176086  98.182602  99.481667  97.732811  93.655884  87.515839  79.377289  69.988495  61.437393  56.056252  52.146248 
 } 
 GB Channel
 {
 50.038696  55.497032  61.989059  71.690262  81.635521  90.496666  97.446198  102.041611  103.509834  101.763229  97.392189  89.857391  81.087448  71.156563  61.785995  56.142448  52.185776 
 53.168282  60.343903  70.990311  83.370468  95.179688  105.558746  113.996399  119.457657  121.269226  118.861557  113.273438  104.675316  94.020157  82.280312  70.212029  60.397659  54.864944 
 55.072502  66.089996  79.750626  93.951096  107.651718  119.883743  130.195618  137.313751  139.555313  136.599838  129.476410  118.704681  106.460312  93.049530  79.074532  66.077660  56.414116 
 58.325417  72.547501  87.888748  103.669373  119.033752  133.620316  146.304688  154.995621  157.986877  154.212967  145.318130  132.021088  117.502350  102.415939  87.192184  72.100624  59.228127 
 61.734642  77.777344  94.161720  111.186096  128.578598  145.247650  160.035004  170.040787  173.370468  169.111877  159.180786  143.949692  126.947662  110.102654  93.578125  77.386566  62.680305 
 64.394325  81.132034  98.630157  116.427338  134.980164  153.587814  169.309525  179.574692  182.777191  178.672806  168.124695  151.922653  133.275162  114.990463  97.428123  80.547653  64.953285 
 64.886772  82.117188  99.868904  118.220779  137.176712  156.112808  171.998596  182.127808  185.233276  181.445618  171.995316  155.131409  136.073120  117.454376  99.198593  81.583282  65.642242 
 63.681557  80.667816  98.022499  116.015152  134.472351  152.443130  168.074997  178.182816  181.134689  177.488129  167.836411  151.282028  132.867188  114.737808  97.198593  80.180153  64.712448 
 61.222389  77.132813  93.478127  110.325157  127.308441  143.854996  158.127808  167.689056  170.804214  166.653275  156.957031  142.187347  125.455475  109.150002  92.892967  76.950935  62.303436 
 57.596870  71.603127  86.493591  101.892815  116.706879  130.895935  143.141098  151.328278  154.084534  150.730316  142.363586  129.944839  115.724380  101.344215  86.502655  71.776253  58.987495 
 54.222137  65.203590  78.567184  92.291405  105.302498  116.997345  126.949524  133.762024  135.840775  133.122971  126.365784  116.301086  104.567032  91.945160  78.423904  65.687500  55.932495 
 52.439529  59.217659  69.493279  81.536247  93.008278  102.835159  111.006096  116.359680  117.828598  115.530472  110.103752  102.167656  92.343597  81.331253  69.541092  59.868279  54.359329 
 49.777443  54.611610  60.562653  69.787498  79.581825  88.134529  94.569214  98.944695  100.370049  98.594841  94.306664  87.917870  79.516716  69.708748  60.967140  55.525162  51.628075 
 } 
 B Channel
 {
 17.617085  20.000416  22.979374  27.605782  32.288643  36.377708  39.501457  41.405365  41.944061  41.217293  39.223488  35.974529  31.854008  27.207657  22.793228  20.217918  18.779583 
 19.177082  22.623749  27.814377  33.840157  39.380314  44.121876  47.761875  50.035156  50.792816  49.743126  47.388283  43.506405  38.617970  33.207031  27.487812  22.758751  20.701252 
 20.372551  25.693592  32.395782  39.218750  45.598595  51.198280  55.670311  58.675629  59.608124  58.182968  55.118126  50.385002  44.852032  38.662655  32.087189  25.805000  21.862499 
 22.090416  28.881248  36.317188  43.806873  50.789063  57.431717  62.863594  66.584686  67.770157  66.159065  62.314842  56.558128  49.988747  43.105312  35.949688  28.837814  23.216564 
 23.680000  31.397499  39.290470  47.181564  55.012344  62.438591  68.853905  72.995628  74.207970  72.445160  68.115623  61.387497  53.824997  46.292969  38.684219  31.165939  24.864685 
 24.864895  32.780312  41.022186  49.229691  57.558128  65.700623  72.450157  76.611717  77.823753  76.165779  71.575935  64.465782  56.241409  48.197189  40.238281  32.524689  25.789688 
 25.039841  33.016720  41.343594  49.659531  58.070000  66.381096  73.197029  77.360939  78.603279  76.848434  72.836563  65.500465  57.128593  49.042969  40.893593  32.845314  26.004063 
 24.393074  32.342030  40.354687  48.444687  56.620468  64.531250  71.182343  75.327812  76.580780  74.955780  70.835472  63.780624  55.661407  47.806717  39.986252  32.212967  25.586094 
 23.207916  30.656250  38.270939  45.875156  53.361717  60.411873  66.659843  70.540939  71.805466  70.102654  65.883278  59.649216  52.471252  45.351250  38.004219  30.666718  24.460678 
 21.457966  28.012344  34.985001  41.999531  48.636719  54.743752  59.919060  63.439064  64.574066  63.244217  59.634842  54.387497  48.211716  41.903439  35.103905  28.206249  22.821667 
 19.646408  24.800781  31.186874  37.588905  43.511250  48.686874  52.932503  55.818748  56.792030  55.734840  52.830467  48.509529  43.351875  37.622501  31.369064  25.312187  21.272606 
 18.694897  21.980312  26.909843  32.631248  37.934845  42.442188  45.985313  48.164063  48.862656  47.972031  45.738281  42.223282  37.755157  32.625156  27.072655  22.498905  20.459534 
 17.629894  19.831982  22.719639  27.136250  31.728382  35.598854  38.464897  40.324894  40.974117  40.421825  38.603489  35.572659  31.709946  27.158699  22.857033  20.263695  19.009529 
 } 


 White Balance Data with optical Center Data
 r_center_x =  631 r_center_y =  472 
 gr_center_x =  653 gr_center_y =  488 
 b_center_x =  644 b_center_y =  476 
 gb_center_x =  644 gb_center_y =  466 
 r/gr 0.869745 
 b/gr 0.424267 
 gb/gr 1.000263 
 r_oc_ave 161.648895 
 b_oc_ave 78.853333 
 gr_oc_ave 185.857773 
 gb_oc_ave 185.906662 

 [AWB]
 RGr =  0.869745 
 BGr =  0.424267 
 GbGr =  1.000263 
 r_oc_ave =  161.648895 
 b_oc_ave =  78.853333 
 gr_oc_ave =  185.857773 
 gb_oc_ave =  185.906662 