 LEFT LENS SHADING DATA
 RED Channel
 {
 41.732395  45.531979  50.502029  58.671249  67.243797  74.219894  79.893593  83.132973  84.051765  82.285629  78.362396  72.295883  64.649277  56.416878  48.530052  43.924580  41.037502 
 44.601147  49.897812  58.857658  69.523750  79.546097  88.109062  94.964218  99.197342  100.272186  98.085625  92.982811  85.511093  76.375938  66.715622  56.498596  47.970001  43.249165 
 46.772503  55.717499  67.491409  79.684845  91.259842  101.615471  110.150940  115.880783  117.192657  114.310944  107.732811  98.188438  87.399063  76.267815  64.510315  53.379997  45.070000 
 50.052246  61.823280  75.162971  88.785004  102.025467  114.470154  125.236877  132.479538  134.383911  130.594849  122.288757  110.441406  97.575310  84.725159  71.625778  58.882347  48.013382 
 53.174583  66.809998  81.349533  96.300316  111.178123  125.715317  138.746872  147.014847  149.275787  144.682663  135.192184  121.203598  106.054535  91.504845  77.131409  63.485626  50.967712 
 55.413124  70.124374  85.343285  101.232033  117.548126  133.805466  147.967972  156.780472  158.996399  154.338913  144.307037  128.909225  112.007339  96.068748  80.894997  66.360626  53.064369 
 56.110626  71.291878  86.986717  103.423126  120.100006  137.050781  151.222031  160.272034  162.389374  158.103287  148.353287  132.484375  115.169693  98.530785  82.627029  67.426559  53.774063 
 55.373383  70.159843  85.639221  101.583122  117.933594  133.961090  147.852814  156.973755  159.165314  154.700943  145.159531  129.383286  112.534683  96.650940  81.200157  66.503128  53.119789 
 53.347183  66.890938  81.668747  96.778595  111.621407  126.142029  138.813431  147.194061  149.673904  144.860626  135.104843  121.489380  106.623749  92.157341  77.715622  63.708282  51.055153 
 49.978333  61.959999  75.521408  89.486092  102.472969  114.737030  125.228912  132.294067  134.242188  130.688278  122.194839  110.671562  97.995781  85.225624  72.134529  59.236877  48.068962 
 47.218121  56.211876  68.011566  80.632813  92.201408  102.384842  110.780624  116.204376  117.562195  114.657028  108.034531  98.798439  88.070625  77.053123  65.070160  53.693748  45.206669 
 45.443180  50.801720  59.446404  70.246719  80.522034  89.282341  96.054375  100.279221  101.375153  99.139374  93.945000  86.440468  77.349533  67.568436  57.104530  48.519844  43.539219 
 42.531929  46.584011  51.163284  59.241096  67.971405  75.380463  81.135620  84.649849  85.309944  83.642708  79.466667  73.289009  65.409325  56.975517  49.081406  44.507549  41.065052 
 } 
 GR Channel
 {
 50.819481  55.713646  61.715256  70.815056  80.012390  87.659004  93.590729  97.105202  98.080940  96.224899  92.057915  85.701660  77.668228  68.616089  60.062553  54.652077  51.289581 
 55.100731  61.584061  71.809219  83.653595  94.666565  104.007965  111.236565  115.641876  116.912186  114.551559  109.316254  101.256248  91.627815  80.984222  69.662346  59.968750  54.367088 
 58.265007  68.625000  81.762497  95.392502  108.116875  119.309845  128.480164  134.519836  136.007965  133.008286  126.228439  116.089691  104.410622  92.109062  79.100471  66.529060  56.794067 
 62.130524  75.895935  90.802498  105.926407  120.344055  133.841248  145.533905  153.110153  155.097961  151.290619  142.977493  130.349380  116.350159  101.956093  87.443123  73.135002  60.413750 
 66.122925  81.802498  98.022034  114.539688  130.649841  146.477814  160.240784  169.041092  171.560623  166.994217  157.437195  142.773132  126.186874  109.999222  94.084686  78.491096  63.956299 
 68.756409  85.774529  102.755623  120.161407  137.863907  155.253128  170.378906  179.566101  181.815155  177.535309  167.332504  151.408432  133.287659  115.586090  98.524529  82.139221  66.511086 
 69.585213  87.163124  104.790779  122.692184  140.761414  158.950943  173.858444  183.394684  185.879837  181.672653  171.893906  155.472809  137.195313  118.740463  100.878281  83.479218  67.482758 
 68.730995  85.788284  103.217499  120.618591  138.207184  155.636566  170.535156  180.108597  182.728745  178.361557  168.764847  152.483749  134.261566  116.338287  99.124062  82.330780  66.643494 
 66.101822  81.902031  98.663124  115.333755  131.594849  147.428757  161.073914  169.966568  172.901413  168.132339  158.226563  143.852661  127.448441  111.184845  94.802032  78.996872  64.168129 
 62.141823  76.079529  91.363747  106.998596  121.314850  134.841248  146.304535  153.940475  156.357193  152.809219  143.970932  131.576874  117.587036  103.183128  88.433128  73.689217  60.564850 
 58.874161  69.368752  82.805313  96.752029  109.605156  120.914215  130.139374  136.147659  137.773590  134.936569  127.845932  117.853912  106.132660  93.517815  80.034218  67.184845  57.218384 
 56.182449  62.963905  72.924217  84.954842  96.209373  105.939377  113.363754  117.931412  119.282974  116.976715  111.470940  103.441559  93.448441  82.402809  70.655785  60.904373  55.141869 
 52.107033  57.608284  62.977348  71.853798  81.504379  89.571457  95.951248  99.584526  100.404007  98.741936  94.403435  87.908234  79.257187  69.844894  61.022659  55.939796  52.056046 
 } 
 GB Channel
 {
 50.414009  55.359840  61.614166  71.115883  81.007813  89.178284  95.712814  99.567078  100.574059  98.698700  94.078079  87.267860  78.621765  69.080574  60.057762  54.325882  50.903389 
 54.166512  60.822968  71.178749  83.492340  95.091560  104.913910  112.736557  117.600006  118.989059  116.633911  110.934532  102.493904  92.090935  81.040779  69.274216  59.447342  53.634224 
 56.966881  67.359375  80.746407  94.715935  107.998283  119.693756  129.376556  135.834686  137.594223  134.573746  127.387192  116.760788  104.615158  91.682030  78.316559  65.479843  55.632553 
 60.361664  74.040001  89.168594  104.500313  119.514999  133.571564  145.740936  153.837814  156.137970  152.397507  143.712662  130.522812  115.960464  101.165154  86.275940  71.694374  58.763954 
 63.690163  79.532028  95.812965  112.409531  129.120621  145.348434  159.707962  169.150940  171.947342  167.375778  157.536560  142.389374  125.396255  108.714844  92.448753  76.625465  62.002762 
 66.131195  83.028908  100.022499  117.498123  135.429535  153.427505  168.980164  178.700317  181.393906  177.183289  166.769058  150.317184  131.975311  113.724060  96.418907  79.924843  64.346718 
 66.651672  84.147499  101.572815  119.664536  137.838287  156.285782  171.854538  181.974060  184.715942  180.654221  170.776566  154.204849  135.469055  116.568130  98.572968  81.179688  65.076355 
 65.776047  82.650627  99.874847  117.531876  135.384689  152.886566  168.375305  178.328751  181.488434  177.243591  167.532654  150.903275  132.420624  114.170151  96.772812  80.009842  64.256302 
 63.471619  78.993904  95.628754  112.448441  128.965942  145.010620  159.058899  168.429688  171.629837  167.047501  157.067657  142.447342  125.642181  109.159531  92.643127  76.832657  61.922035 
 59.868439  73.614685  88.858124  104.432968  119.012497  132.915939  144.674530  152.789368  155.447342  151.952347  143.005936  130.317032  115.973434  101.380470  86.566093  71.703903  58.681618 
 56.887245  67.379532  80.747971  94.852501  107.860779  119.572037  129.157349  135.382339  137.280624  134.487503  127.214691  116.931564  104.991875  92.213127  78.429688  65.513123  55.701454 
 54.715416  61.360001  71.369530  83.548439  95.088905  105.086716  112.897659  117.796875  119.408432  116.973282  111.387344  103.018593  92.596878  81.503754  69.470001  59.724373  53.964790 
 51.120834  56.367081  61.804741  70.821777  80.824532  89.249008  96.029106  100.021454  100.993446  99.316818  94.765053  88.034637  78.973953  69.236244  60.209587  55.081039  51.221046 
 } 
 B Channel
 {
 17.954742  19.851410  22.620781  27.170052  31.748383  35.402657  38.295990  39.867863  40.137241  39.296459  37.441097  34.374481  30.376614  25.881615  21.706039  19.193958  17.959793 
 19.750992  22.578281  27.351406  33.129845  38.469845  42.824532  46.144531  48.053909  48.452034  47.344376  44.934219  41.146561  36.581406  31.563908  26.078125  21.610626  19.367706 
 21.020782  25.816406  32.036407  38.561405  44.503281  49.594688  53.641716  56.228279  56.651718  55.244064  52.153122  47.534687  42.238907  36.438751  30.342342  24.576405  20.464115 
 22.730160  29.160782  36.296875  43.172188  49.848907  55.842659  60.940002  64.035156  64.660156  62.838127  59.003441  53.369217  47.179531  40.695313  34.016407  27.550156  22.182865 
 24.370312  31.780312  39.426563  46.876720  54.059685  61.018906  66.874222  70.474998  71.227188  69.065315  64.733597  58.271873  51.142502  43.965313  36.777031  29.848438  23.738438 
 25.553333  33.352501  41.306408  49.080940  56.822502  64.347969  70.627968  74.288284  75.019997  72.939217  68.410156  61.444374  53.735153  45.958439  38.445156  31.329533  24.820152 
 25.834949  33.780155  41.915783  49.927971  57.628281  65.332344  71.557816  75.397346  76.172340  74.088280  69.854691  62.749687  54.920784  47.042656  39.240002  31.819374  25.217709 
 25.371197  33.037655  41.065937  48.906876  56.437035  63.652809  69.820160  73.619377  74.428909  72.430626  68.267654  61.310783  53.580467  45.906094  38.327343  31.225780  24.699738 
 24.196148  31.214062  38.895000  46.454845  53.409843  59.995628  65.565941  69.139687  70.144531  67.920937  63.637497  57.535156  50.567345  43.646717  36.461250  29.721561  23.622810 
 22.400002  28.572498  35.635155  42.691406  48.875778  54.495316  59.131721  62.208908  62.991875  61.316872  57.563904  52.262810  46.304062  40.098125  33.584686  27.251251  21.995419 
 20.748650  25.417812  31.615936  38.027187  43.717968  48.456253  52.361404  54.707184  55.176247  53.886093  50.783592  46.490158  41.454689  35.911407  29.876877  24.300312  20.361145 
 19.744373  22.478127  27.012188  32.615467  37.814999  41.925781  45.140625  46.991875  47.538750  46.371876  43.939842  40.386250  35.934219  30.979687  25.646252  21.463749  19.326668 
 18.181461  20.165211  22.555523  26.781097  31.311249  34.994324  37.787708  39.393543  39.629585  38.873127  36.874638  33.871250  29.844425  25.506771  21.432503  19.284584  18.094582 
 } 


 White Balance Data with optical Center Data
 r_center_x =  618 r_center_y =  496 
 gr_center_x =  633 gr_center_y =  489 
 b_center_x =  641 b_center_y =  494 
 gb_center_x =  622 gb_center_y =  498 
 r/gr 0.873233 
 b/gr 0.408667 
 gb/gr 0.992718 
 r_oc_ave 163.088882 
 b_oc_ave 76.324448 
 gr_oc_ave 186.764450 
 gb_oc_ave 185.404449 

 [AWB]
 RGr =  0.873233 
 BGr =  0.408667 
 GbGr =  0.992718 
 r_oc_ave =  163.088882 
 b_oc_ave =  76.324448 
 gr_oc_ave =  186.764450 
 gb_oc_ave =  185.404449 