 LEFT LENS SHADING DATA
 RED Channel
 {
 41.268280  44.869534  49.961723  58.044006  66.598595  73.838959  79.571350  83.154114  84.239166  82.617142  78.933022  72.649475  65.040154  56.716042  48.916092  44.369480  41.363228 
 43.770367  49.187653  58.092346  68.762970  78.746719  87.425629  94.462189  99.126404  100.541252  98.444847  93.459686  85.789063  76.708282  66.904373  56.712967  48.265312  43.487812 
 45.869217  54.701096  66.226715  78.477814  90.145622  100.521873  109.385468  115.530945  117.520004  114.623123  108.089218  98.624222  87.680939  76.481720  64.655937  53.491562  45.143230 
 49.064316  60.513283  73.594528  87.138748  100.560310  113.289536  124.453278  132.062347  134.475311  130.781097  122.421402  110.669846  97.695778  84.699066  71.508591  58.776878  47.824791 
 51.785103  65.267189  79.250465  94.143593  109.358749  124.090775  137.341248  146.208588  148.965149  144.725937  135.222504  121.298904  105.980316  91.279060  76.988129  63.043121  50.861046 
 53.757500  68.197502  83.188438  98.732811  115.317963  131.694839  146.082962  155.297028  158.060318  153.976257  143.927658  128.556870  111.711250  95.670624  80.624847  66.101410  52.622032 
 54.323181  69.011719  84.469688  100.701721  117.254059  134.140778  148.621872  158.059998  160.755157  156.740311  147.346405  131.617035  114.320313  97.788124  81.975471  66.870468  53.295265 
 53.352760  67.601715  82.552498  98.289688  114.499847  130.479843  144.609375  153.757965  156.615158  152.695465  143.242493  128.036713  111.154999  95.346565  80.208908  65.708748  52.472916 
 51.062607  64.250938  78.300316  93.052498  107.810158  122.154526  134.843445  143.589066  146.366089  141.960159  132.835632  119.456100  104.670311  90.414063  76.230469  62.616249  50.185005 
 47.767082  59.195000  72.073593  85.462654  98.437035  110.569847  121.145004  128.480942  130.654999  127.428284  119.585159  108.300468  95.830154  83.208748  70.429375  57.857346  47.181717 
 44.946247  53.563751  64.814064  76.617653  87.900002  98.055153  106.486404  112.142654  113.869537  111.362190  105.124374  96.340469  85.908440  74.887184  63.255157  52.444061  44.486980 
 43.225784  48.156403  56.439064  66.523750  76.339844  84.884216  91.698441  95.936722  97.254845  95.378128  90.489220  83.570938  74.821716  65.269997  55.209846  47.188908  42.846611 
 41.107029  44.249115  48.524902  56.135834  64.587135  71.424843  77.093857  80.705673  81.630463  80.350624  76.423180  70.648849  63.323601  55.263748  47.702137  43.698280  40.967865 
 } 
 GR Channel
 {
 51.613434  56.353432  62.656151  71.862549  81.471405  89.555679  95.746826  99.718803  101.127190  99.305313  95.338127  88.898643  80.366302  70.990570  61.883652  56.375107  52.149269 
 55.435936  62.272186  72.794060  84.747345  95.855782  105.080467  112.555786  117.438599  119.140930  116.987808  111.930626  103.859062  93.984840  82.925781  71.262810  61.292191  55.217606 
 58.234993  69.156250  82.355621  95.990936  108.959221  119.912964  129.040466  135.364838  137.412964  134.639374  127.947342  118.058441  106.365936  94.035309  80.758591  67.658592  57.653381 
 62.236145  75.977814  90.893906  105.698128  120.398590  133.978745  145.617966  153.360474  155.943130  152.225784  143.907181  131.743118  117.833435  103.783279  89.137184  74.319221  61.429848 
 65.830261  81.522972  97.426407  113.801086  130.007034  145.898590  160.003281  169.014526  171.756088  167.457504  157.843445  143.649063  127.168747  111.339691  95.562965  79.622810  65.008644 
 68.058228  85.159065  101.892029  118.917816  136.699066  154.238754  169.427185  179.057190  181.642654  177.557343  167.486404  151.530624  133.593124  116.380630  99.761871  83.172653  67.276199 
 68.711037  86.015625  103.437653  120.942963  138.810623  157.103912  172.238434  182.044998  184.906097  180.768906  171.377350  155.014999  136.780777  118.924530  101.431252  84.125465  68.145264 
 67.589226  84.307343  101.185158  118.380463  135.872650  153.100159  168.312653  177.686096  180.789368  176.839844  167.373596  151.244690  133.145462  115.977036  99.226563  82.698128  67.118538 
 64.710732  80.241562  96.250465  112.585312  128.577026  144.216873  157.818588  166.902496  169.687500  165.648132  156.179382  142.130157  125.964844  110.400780  94.477654  78.915001  64.315826 
 60.680099  74.200935  89.073906  103.976715  118.229065  131.576096  142.817657  150.601257  152.996872  149.733749  141.912186  129.876099  116.092499  102.197029  87.799217  73.259689  60.467186 
 57.148491  67.653282  80.666565  93.919846  106.552811  117.710007  126.793121  132.698288  134.586411  131.979691  125.440475  116.219376  104.858437  92.545624  79.352814  66.660469  57.028175 
 54.564018  61.040466  70.794533  82.300468  93.243904  102.770157  110.162346  114.658752  116.230164  114.162811  108.972809  101.534691  91.994377  81.233749  69.715935  60.247658  54.787445 
 51.480682  55.887756  61.315987  69.982346  79.546204  87.331619  93.467552  97.420418  98.449944  96.938232  92.764069  86.353851  78.303123  69.132088  60.426773  55.393280  51.899948 
 } 
 GB Channel
 {
 52.059944  56.816620  63.477654  73.266251  83.448433  92.212868  98.767601  103.258064  104.568489  102.648750  98.300621  91.251198  82.239738  72.101349  62.586563  56.720680  52.430679 
 55.517448  62.565155  73.432030  85.915001  97.613434  107.551407  115.569687  120.933289  122.839539  120.321243  114.774368  106.186409  95.593285  83.899689  71.681564  61.345467  55.309006 
 57.973228  68.954063  82.609375  96.754219  110.324684  121.971100  131.833755  138.673752  140.977966  137.897659  130.700470  120.200317  107.669685  94.707970  80.875938  67.416092  57.271721 
 61.459267  75.335938  90.733124  105.972969  121.276871  135.593903  147.696091  156.132507  158.967819  155.171249  146.267502  133.324371  118.760315  104.065315  88.807503  73.675003  60.503334 
 64.663391  80.611092  96.778282  113.481400  130.365158  146.840775  161.337036  170.968750  174.057495  169.727661  159.670471  144.761414  127.718445  111.191254  94.842499  78.596405  63.795372 
 66.529526  83.807655  100.772499  118.089539  136.373123  154.314850  169.975311  180.234375  183.164841  178.889526  168.503754  152.075775  133.518127  115.750473  98.705002  81.849998  65.850418 
 66.904015  84.351715  101.898590  119.666565  137.995941  156.620789  172.106873  182.364212  185.718597  181.544525  171.808441  155.051407  136.315933  118.071243  100.195465  82.610466  66.639427 
 65.831039  82.560623  99.548126  116.991562  134.846558  152.298904  167.704224  177.725784  181.154526  177.142029  167.498123  150.975784  132.500153  114.948746  97.897034  81.148285  65.512238 
 63.112923  78.644997  94.790939  111.288124  127.681564  143.467972  157.315308  167.043594  169.987183  165.857025  156.263275  141.806244  125.314850  109.194061  93.169685  77.424377  62.807289 
 59.345825  72.980003  87.848747  102.875938  117.563599  130.989212  142.629837  150.687195  153.335159  150.034683  141.972031  129.727814  115.597504  101.330780  86.703751  71.999535  59.288071 
 56.185097  66.618439  79.765778  93.220001  106.050003  117.469376  126.784058  133.087189  135.087341  132.499069  125.822495  116.224213  104.523750  91.997498  78.469063  65.751564  56.213638 
 53.889740  60.427032  70.324997  82.030472  93.184998  102.985313  110.624535  115.476563  117.164688  114.963440  109.628128  101.813904  91.964844  80.900467  69.147186  59.595467  54.238594 
 51.305992  55.454742  61.114174  69.991096  79.759583  87.789063  94.281403  98.564903  99.728020  98.115517  93.670212  87.067444  78.652550  69.050255  60.076775  55.063599  51.786507 
 } 
 B Channel
 {
 18.926720  21.000053  23.695831  28.163902  32.817966  36.653595  39.647034  41.485001  42.060726  41.247814  39.487968  36.364841  32.252289  27.612446  23.066929  20.325676  18.731510 
 20.578804  23.629845  28.598751  34.298283  39.479843  43.841721  47.220158  49.437500  50.107811  49.139061  46.892345  43.166718  38.486874  33.220158  27.555470  22.740467  20.370262 
 21.834007  26.852970  33.255314  39.737812  45.616093  50.611565  54.737968  57.419846  58.204216  56.958282  54.044060  49.512970  44.077812  38.290783  31.892967  25.812813  21.665310 
 23.547451  29.988907  37.206875  44.239063  50.900627  56.837189  61.838753  65.143440  66.003128  64.374535  60.672028  55.211716  48.937653  42.495937  35.627499  28.810936  23.367607 
 24.951824  32.433281  40.075157  47.652500  55.032501  61.885002  67.691559  71.377342  72.329063  70.454063  66.212654  59.931717  52.665154  45.602970  38.322811  31.072498  25.031666 
 25.869740  33.799530  41.781094  49.547813  57.497185  65.165154  71.330315  75.070313  75.963905  74.255310  69.782654  62.817184  55.014999  47.534687  40.006718  32.549061  26.051147 
 25.985466  34.054844  42.217655  50.153748  58.017029  65.794685  72.172028  75.998749  77.002029  75.106873  70.880623  63.803123  55.944221  48.325310  40.597656  32.879845  26.292965 
 25.362030  33.127655  40.991405  48.758438  56.469215  63.727341  70.104218  73.963280  74.869377  73.112656  68.952660  62.095467  54.293594  46.922657  39.544220  32.170467  25.813595 
 23.971718  31.191093  38.665157  45.993126  53.082184  59.677498  65.379684  69.065468  70.101875  68.193596  64.064690  58.072029  51.191719  44.396408  37.337967  30.367657  24.453278 
 22.042137  28.333595  35.345158  42.180000  48.501404  54.124222  58.922340  62.105621  63.001564  61.575935  58.030624  52.908127  46.899063  40.761875  34.276093  27.792187  22.585106 
 20.410004  25.215000  31.393906  37.642654  43.285000  48.115936  51.967972  54.486092  55.226097  54.101250  51.346565  47.238907  42.153751  36.587189  30.463123  24.754375  20.962292 
 19.299740  22.153282  26.735626  32.210625  37.354843  41.603905  44.827499  46.734375  47.360783  46.518906  44.306564  40.915001  36.503750  31.449532  26.084999  21.706562  19.819893 
 18.341408  20.347652  23.000626  27.248543  31.895885  35.534534  38.406250  40.105625  40.596821  39.986195  38.118229  35.089165  31.209999  26.685993  22.438332  20.096146  19.127811 
 } 


 White Balance Data with optical Center Data
 r_center_x =  642 r_center_y =  468 
 gr_center_x =  628 gr_center_y =  487 
 b_center_x =  640 b_center_y =  482 
 gb_center_x =  631 gb_center_y =  493 
 r/gr 0.868719 
 b/gr 0.415513 
 gb/gr 1.004114 
 r_oc_ave 161.431107 
 b_oc_ave 77.213333 
 gr_oc_ave 185.826660 
 gb_oc_ave 186.591110 

 [AWB]
 RGr =  0.868719 
 BGr =  0.415513 
 GbGr =  1.004114 
 r_oc_ave =  161.431107 
 b_oc_ave =  77.213333 
 gr_oc_ave =  185.826660 
 gb_oc_ave =  186.591110 