 LEFT LENS SHADING DATA
 RED Channel
 {
 40.634426  44.206512  49.260101  57.382141  65.697968  72.835106  78.393700  81.603073  82.491982  80.608696  76.734268  70.837868  63.410828  55.124123  47.301979  42.742920  40.267502 
 43.121510  48.574219  57.495941  67.929840  77.902344  86.527191  93.505157  97.817032  98.999062  96.631409  91.607185  83.967659  75.073753  65.236404  55.064064  46.777500  42.125000 
 45.132866  54.200157  65.710938  77.771095  89.342186  99.548904  108.439217  114.360153  116.158905  113.035309  106.324844  96.805000  85.850159  74.602814  62.857498  51.923279  43.820988 
 48.258026  60.049690  73.180939  86.502190  99.864685  112.393906  123.682816  131.238754  133.470779  129.540619  121.082962  109.171722  96.146721  82.905624  69.847031  57.325935  46.611355 
 51.645210  64.909378  79.028908  93.846092  108.862656  123.588593  136.781876  145.504684  147.990005  143.748276  133.987350  119.975937  104.595940  89.580627  75.311409  61.689690  49.529686 
 53.783493  68.028282  82.799843  98.465309  114.995163  131.379211  145.800934  154.848129  157.406876  153.128754  142.826096  127.341400  110.205627  94.006409  78.861092  64.551247  51.421669 
 54.495049  69.006096  84.211403  100.392029  117.237350  134.190308  148.820465  157.805466  160.180161  156.107346  146.648132  130.514374  113.035782  96.253754  80.390472  65.512810  52.143234 
 53.747810  67.867813  82.672653  98.244530  114.559219  130.705627  144.906555  153.966568  156.471878  152.201096  142.839996  127.189224  110.140160  94.115158  78.917503  64.577660  51.510773 
 51.483902  64.608284  78.687035  93.269844  108.104843  122.562805  135.387497  143.929688  146.484528  142.077820  132.713913  119.341095  104.123749  89.709221  75.410782  61.832970  49.694427 
 48.200882  59.677345  72.538124  85.846405  98.669533  110.993439  121.547180  128.785156  130.967499  127.640320  119.627502  108.293747  95.617653  82.775780  69.895935  57.332031  46.674328 
 45.385830  54.025002  65.170937  76.997345  88.362816  98.460472  107.031715  112.553757  114.202972  111.511253  105.141876  96.227188  85.757347  74.576561  62.799217  52.001251  44.203335 
 43.819477  48.944061  57.117813  67.216095  77.131096  85.699684  92.503128  97.004219  98.256721  96.138908  91.105934  83.982185  75.037659  65.363281  55.288437  47.249374  42.983124 
 41.904480  45.614063  50.136978  57.882545  66.140045  73.184273  79.048538  82.532761  83.486923  82.062035  78.116768  72.141769  64.790779  56.322655  48.775101  44.676041  41.790207 
 } 
 GR Channel
 {
 51.200935  55.902184  61.893646  71.281097  80.753746  88.579788  94.690468  98.499123  99.426353  96.977402  92.554016  86.266930  78.152344  68.730881  59.887817  54.539223  51.100052 
 54.669266  61.602188  72.127815  84.202972  95.357498  104.850624  112.386093  117.078903  118.148438  115.455307  110.005470  101.954216  92.115471  81.263596  69.569061  59.729843  53.995049 
 57.265617  68.375626  81.929062  95.632187  108.641563  119.864212  129.338593  135.480942  137.275620  133.840622  126.655624  116.625473  104.682503  92.267342  78.968750  66.122345  56.237129 
 61.370674  75.404221  90.693748  105.757347  120.559372  134.351410  146.165314  153.950470  156.286087  152.037506  143.294998  130.584381  116.523438  102.027969  87.404533  72.724060  59.823235 
 65.474472  81.252815  97.495781  114.204681  130.695786  146.493286  160.460464  169.590469  172.351868  167.849838  157.689682  142.804840  126.119370  109.697815  93.873123  77.967972  63.537758 
 68.122032  85.046410  102.142029  119.497192  137.369995  154.972351  170.332184  179.614838  182.505630  178.054993  167.420776  150.952652  132.483597  114.927811  98.065155  81.583908  65.968277 
 68.976822  86.339531  103.852966  121.662659  139.708282  158.100006  173.358902  182.950623  185.480774  181.399216  171.762817  154.669067  136.020782  117.715317  100.038437  82.651718  66.760262 
 67.932762  84.796722  101.933441  119.079376  136.828125  154.330307  169.515152  178.963440  181.572662  177.224686  167.674683  151.109528  132.652496  114.959213  97.972343  81.343903  65.948280 
 65.134743  80.822029  97.130936  113.356400  129.584534  145.206253  159.057663  168.094528  170.939224  166.233276  156.529068  142.217026  125.725784  109.688751  93.711403  77.987968  63.437759 
 60.923439  74.798439  89.797188  104.747345  119.004532  132.418900  143.762497  151.548904  153.991882  150.537186  141.991562  129.781723  115.898438  101.731560  87.087654  72.490623  59.716461 
 57.591515  67.989220  81.128593  94.686722  107.231407  118.323746  127.617035  133.656555  135.479691  132.676254  125.811401  115.964844  104.446251  91.960785  78.678436  65.964218  56.364006 
 55.207291  61.746872  71.500778  83.290154  94.364372  103.859528  111.385628  116.074524  117.619217  115.283127  109.884529  101.933594  92.146721  81.129059  69.669373  60.013596  54.527969 
 52.211876  57.445206  62.911400  71.812866  81.511871  89.573486  96.082291  99.938080  100.720680  99.229378  94.802658  88.421722  79.869011  70.309898  61.493538  56.457558  52.539635 
 } 
 GB Channel
 {
 51.371094  56.293175  62.653542  72.621674  82.607758  90.881721  97.751617  101.910362  102.889221  100.359688  95.737549  88.758278  79.893753  69.875679  60.374634  54.670517  51.400520 
 54.580261  61.709221  72.574371  85.208748  96.889221  106.984840  115.096405  120.181412  121.523590  118.573441  112.753601  104.035156  93.613747  81.969215  69.848595  59.660934  53.799271 
 56.872444  68.151405  82.000000  96.244843  109.691406  121.585632  131.689224  138.169220  140.253601  136.763596  129.097656  118.356873  105.903122  92.732346  78.884216  65.628441  55.625938 
 60.386925  74.542969  90.274376  105.841873  121.194839  135.473434  147.856247  156.097961  158.698914  154.526566  145.178589  131.925629  117.033752  101.933128  86.753128  71.762970  58.804420 
 64.050674  79.989220  96.587189  113.618286  130.520782  146.794220  161.352036  170.988907  173.982819  169.431244  158.847809  143.530945  126.152817  109.065468  92.662811  76.505310  62.020729 
 66.419533  83.397659  100.647034  118.379837  136.618744  154.506088  170.151566  180.095001  183.252502  178.923431  167.912033  150.982193  132.020004  113.767654  96.536247  79.773590  64.185051 
 67.019165  84.317497  101.948593  120.037659  138.293442  156.975311  172.693283  182.673431  185.549225  181.514069  171.487808  154.175156  135.014526  116.256409  98.189690  80.576248  64.810417 
 65.963020  82.735939  99.825157  117.184067  135.132813  152.889999  168.366714  178.308121  181.208908  176.870316  167.096100  150.303589  131.385620  113.403748  96.057655  79.234528  63.980988 
 63.113068  78.842033  95.216721  111.530785  127.955627  143.890152  157.962494  167.311096  170.445160  165.838745  155.909851  141.251724  124.439682  108.121559  91.892967  76.079216  61.475677 
 59.277809  73.161560  88.234375  103.266251  117.640625  131.085159  142.827026  150.872971  153.430466  150.010941  141.358902  128.921249  114.660461  100.285004  85.402191  70.683281  58.137238 
 56.300148  66.710785  79.884216  93.440628  106.231873  117.416565  126.961868  133.182816  135.212189  132.314682  125.422028  115.483124  103.593903  90.731720  77.256409  64.597656  54.984108 
 54.308022  60.808441  70.531097  82.425629  93.722191  103.455940  111.123123  116.045776  117.586716  115.384689  109.745316  101.607185  91.473595  80.282814  68.600311  58.913910  53.587860 
 51.793022  56.688850  62.291718  71.305206  81.000519  89.355103  96.184792  100.088905  101.254433  99.480522  94.808235  88.405945  79.467552  69.739899  60.747810  55.768700  52.150360 
 } 
 B Channel
 {
 18.462341  20.548176  23.612347  28.330002  32.955883  36.799427  39.662601  41.431095  41.783962  40.687656  38.836407  35.680523  31.717243  27.155468  22.679478  19.932446  18.798279 
 19.854843  23.105469  28.230469  34.057499  39.407345  43.934219  47.414688  49.502968  50.044373  48.859528  46.424530  42.618439  38.010780  32.753593  27.174061  22.382656  20.198696 
 20.894321  26.208282  32.797657  39.323280  45.407658  50.584061  54.774841  57.566406  58.333748  56.845940  53.645782  49.098122  43.617188  37.793282  31.504063  25.354530  21.299740 
 22.607033  29.258907  36.607346  43.741562  50.686722  56.822029  62.126404  65.429840  66.358284  64.561562  60.656715  54.973282  48.645935  41.960781  35.179844  28.357967  22.931091 
 24.294582  31.688751  39.371876  47.098907  54.627968  61.785782  67.986565  71.917969  72.937813  71.071251  66.612030  60.088753  52.659531  45.264374  38.030155  30.673439  24.623020 
 25.441460  33.299374  41.139843  49.071404  57.120468  64.899689  71.595940  75.560310  76.659218  74.912498  70.345001  63.231873  55.104691  47.306095  39.679688  32.134842  25.710052 
 25.863228  33.765312  41.754845  49.767654  57.790466  65.803123  72.363281  76.283752  77.421562  75.714066  71.682190  64.376404  56.312965  48.312347  40.439686  32.506092  25.971302 
 25.353439  33.115936  40.906876  48.712029  56.451874  64.048904  70.426407  74.360466  75.359528  73.636253  69.737343  62.705154  54.818596  47.057499  39.511875  31.939220  25.601509 
 24.043022  31.308437  38.881248  46.199844  53.542816  60.269844  66.185623  69.776878  70.841408  68.938591  64.907814  58.934372  51.781715  44.853592  37.610157  30.473125  24.433540 
 22.225624  28.613125  35.593906  42.521095  48.908440  54.676559  59.642029  62.754684  63.635628  62.271248  58.697815  53.546562  47.527500  41.236252  34.528439  27.827656  22.576195 
 20.599274  25.490936  31.648281  37.954376  43.796719  48.768753  52.709534  55.269379  55.925316  54.781097  51.889999  47.756405  42.614845  36.962502  30.760780  24.866249  20.924999 
 19.844585  22.845001  27.526875  33.148438  38.473751  42.850937  46.204845  48.312653  48.900002  47.925468  45.561092  42.093437  37.568592  32.384220  26.927658  22.346561  20.455727 
 19.041668  21.321667  24.044376  28.444271  33.160000  37.148853  40.301300  42.097866  42.582500  41.793175  39.835888  36.804691  32.720051  28.054844  23.676617  21.327812  20.293644 
 } 


 White Balance Data with optical Center Data
 r_center_x =  638 r_center_y =  459 
 gr_center_x =  635 gr_center_y =  489 
 b_center_x =  630 b_center_y =  476 
 gb_center_x =  640 gb_center_y =  477 
 r/gr 0.862608 
 b/gr 0.417138 
 gb/gr 1.001097 
 r_oc_ave 160.755554 
 b_oc_ave 77.737778 
 gr_oc_ave 186.360001 
 gb_oc_ave 186.564438 

 [AWB]
 RGr =  0.862608 
 BGr =  0.417138 
 GbGr =  1.001097 
 r_oc_ave =  160.755554 
 b_oc_ave =  77.737778 
 gr_oc_ave =  186.360001 
 gb_oc_ave =  186.564438 