 LEFT LENS SHADING DATA
 RED Channel
 {
 41.734634  45.467136  50.122238  58.444740  66.909271  74.310471  79.972656  83.311623  84.274063  82.343384  78.807709  72.290054  64.575310  56.097443  48.393600  44.286304  41.484638 
 44.723389  49.806091  58.717033  69.385780  79.705940  88.451096  95.417030  99.830154  100.744064  98.441093  93.425629  85.847343  76.582809  66.635155  56.144218  47.896095  43.390053 
 46.724323  55.545784  67.297653  79.830627  91.607498  102.122345  110.857658  116.667191  118.169846  114.885162  108.286247  98.693436  87.823128  76.398285  64.185471  52.997498  44.817081 
 49.703903  61.632034  75.113747  89.034218  102.630936  115.206406  126.068130  133.702972  135.736252  131.565781  122.915619  110.889999  97.855156  84.846878  71.380623  58.376564  47.373646 
 52.773438  66.547188  81.235153  96.523125  111.871559  126.348587  139.543121  148.382187  150.703903  146.062805  135.926880  121.646561  106.260002  91.620941  76.884377  62.793747  50.283745 
 55.008957  69.841873  85.344841  101.519531  118.176086  134.742188  148.890152  158.145004  160.432816  155.987503  145.126724  129.428909  112.349380  96.169685  80.682968  65.862968  52.276093 
 55.808487  71.094528  87.100624  103.840622  120.920319  138.008743  152.586090  161.669846  164.096558  159.735931  149.716721  133.151413  115.445160  98.629532  82.304222  67.047340  53.019226 
 55.302765  69.852966  85.711876  102.102654  118.726257  135.177963  149.388123  158.375153  160.908752  156.571716  146.499695  130.132187  112.727814  96.405624  80.816559  66.044846  52.425888 
 53.028694  66.757660  81.525627  97.027191  112.305313  127.079529  140.202499  148.759995  151.078751  146.843597  136.634216  122.373901  106.793121  91.934532  77.249374  63.188438  50.495934 
 49.717972  61.723595  75.219376  89.303436  102.818123  115.510162  126.306717  133.631714  135.704529  132.039841  123.327347  111.390160  98.153908  84.961563  71.447968  58.485939  47.312599 
 46.742554  55.873596  67.709373  80.200310  92.061409  102.559845  111.342659  117.308899  118.835632  115.780624  108.763908  99.230621  88.195160  76.536095  64.238747  53.007034  44.698902 
 45.045101  50.393440  59.031250  69.848122  80.139221  89.206253  96.305626  100.778435  101.970001  99.634529  94.173592  86.559372  77.226563  66.929535  56.236404  47.799061  43.187813 
 42.306355  46.025520  50.830414  58.699379  67.385262  74.800003  80.833954  84.316772  85.244995  83.670151  79.295052  73.048958  65.084900  56.431404  48.447441  43.934895  40.711143 
 } 
 GR Channel
 {
 50.915932  56.220100  61.914688  70.984215  80.285362  88.129898  94.279892  97.479744  98.665932  96.725418  92.757759  86.698959  78.602921  69.667038  60.856094  56.070473  52.112968 
 55.657181  62.112190  72.163437  83.948593  94.831406  104.249062  111.457809  116.132034  117.240936  114.884995  109.912971  102.245628  92.601250  81.790154  70.404221  60.946091  55.425468 
 58.711716  69.162346  82.173126  95.829063  108.294846  119.496399  128.746246  134.764694  136.381561  133.193130  126.519058  116.780777  105.437965  93.047653  79.785156  67.133591  57.485054 
 62.614632  76.234840  91.164063  106.174530  120.718124  134.076569  145.658432  153.331253  155.523132  151.544846  142.988281  130.683441  116.882660  102.810936  88.212967  73.550468  60.861931 
 66.395363  82.087654  98.222969  114.503601  130.871246  146.459213  160.199844  169.144379  171.733902  167.265930  157.513901  142.894531  126.601257  110.661407  94.619690  78.823441  64.507187 
 69.058128  86.051872  102.982033  120.337967  138.056244  155.401245  170.228439  179.527191  182.384995  178.120163  167.734375  151.759216  133.657349  116.165619  99.171875  82.642502  67.021248 
 69.881096  87.397972  105.037346  122.723434  140.910934  158.982819  174.135315  183.434998  185.979218  182.042664  172.778122  156.276871  137.513123  119.208130  101.461403  84.077972  68.099846 
 69.169746  85.908279  103.389221  120.809067  138.498444  155.987503  170.939224  180.235779  182.887650  179.110001  169.614059  153.196091  134.446869  116.698914  99.587029  82.814064  67.142807 
 66.391304  82.358597  98.580780  115.326248  131.700943  147.564377  161.509216  170.676254  173.205002  169.254059  159.350159  144.596878  127.706406  111.456718  95.349220  79.699371  64.752708 
 62.614639  76.449844  91.450157  106.742813  121.355942  134.945313  146.666870  154.595627  157.111099  153.525467  144.897034  132.746567  118.155624  103.677971  88.770157  74.134689  61.052605 
 58.862183  69.717186  82.995781  96.612190  109.513748  120.901245  130.434998  136.826874  138.772339  135.688278  128.470474  118.802505  106.776093  93.985001  80.336876  67.523285  57.792236 
 56.255211  63.153122  73.063278  85.032341  96.195313  105.951874  113.680786  118.425003  119.957504  117.371719  111.809998  104.081093  94.047340  82.795937  71.041718  61.427345  55.797554 
 52.303963  57.571877  63.082657  71.779633  81.367393  89.514374  95.966820  99.629166  100.855415  98.868179  94.612083  88.143387  79.964218  70.437195  61.457344  56.426712  52.759216 
 } 
 GB Channel
 {
 50.923180  56.136101  62.149895  71.567291  81.324173  89.777817  96.186874  100.057976  101.166458  99.254478  95.087547  88.007759  79.405045  69.798126  60.710732  55.563744  51.613754 
 55.004845  61.602966  71.869064  84.105621  95.598747  105.426559  113.193130  118.144836  119.315628  116.851563  111.441093  103.156715  92.863594  81.516876  69.664063  60.043747  54.396675 
 57.640617  68.219376  81.457344  95.548592  108.475937  120.168442  129.841873  136.320465  138.050781  134.592346  127.654846  117.262650  105.319221  92.374062  78.813751  65.832809  56.144890 
 60.992607  74.755936  89.827347  105.118279  120.127502  133.987183  145.949692  154.204224  156.589539  152.444061  143.522034  130.592346  116.264069  101.567970  86.637184  71.789841  59.181297 
 64.312340  80.026718  96.262032  112.817810  129.530472  145.437973  159.781876  169.317032  172.078903  167.569214  157.364059  142.256561  125.507187  108.992500  92.678596  76.709221  62.371513 
 66.680527  83.534691  100.528435  117.933441  136.016251  153.812805  169.000153  178.705933  181.759689  177.539215  166.877029  150.612976  132.058594  113.953430  96.737656  80.151405  64.421616 
 67.363228  84.615311  102.154060  119.972809  138.426880  156.804993  172.345779  181.968445  185.030945  181.077820  171.362183  154.543900  135.396881  116.787964  98.613594  81.297028  65.270576 
 66.773438  83.124687  100.476875  117.927658  135.929535  153.708435  168.837341  178.683441  181.573593  177.894684  168.041412  151.316406  132.209061  114.037506  96.750626  80.072502  64.442497 
 64.266502  79.779221  95.881561  112.740936  129.378281  145.409225  159.555313  169.234680  172.038757  167.999222  157.908905  142.900620  125.617813  109.063126  92.732185  77.093750  62.301666 
 60.519012  74.319221  89.136871  104.510468  119.318588  133.176407  145.272339  153.404221  156.027496  152.543442  143.727814  131.097351  116.276566  101.612656  86.426407  71.836250  58.887085 
 57.238335  68.011253  81.209534  94.955154  107.957497  119.632965  129.385468  136.080933  138.176559  134.914536  127.681564  117.538132  105.248596  92.207344  78.449844  65.641403  55.976616 
 54.971817  61.854530  71.750313  83.780937  95.162971  105.122345  113.179688  118.254837  119.808899  117.152191  111.460938  103.292969  92.989372  81.484688  69.630310  59.895622  54.428543 
 51.429321  56.600159  62.269478  71.255516  81.001511  89.386719  96.141357  99.869217  101.206612  99.305519  94.495941  88.004425  79.106873  69.505524  60.360313  55.303123  51.528961 
 } 
 B Channel
 {
 18.102760  20.064011  22.670574  27.179424  31.832451  35.694271  38.664997  40.177761  40.650784  39.645466  37.804325  34.602764  30.792656  26.362968  22.019424  19.618645  18.199898 
 19.940262  22.741718  27.478283  33.221718  38.650158  43.133438  46.466251  48.567970  48.861404  47.668594  45.230782  41.556717  37.028282  31.836094  26.309219  21.845314  19.721142 
 21.139221  25.976093  32.177345  38.705311  44.667343  49.889374  53.984062  56.628593  57.150627  55.518593  52.318123  47.757813  42.560314  36.831562  30.545155  24.685780  20.649323 
 22.860889  29.252342  36.369999  43.347031  50.079063  56.124847  61.261406  64.510155  65.287346  63.201721  59.113907  53.412971  47.202969  40.930313  34.228905  27.506248  22.210415 
 24.528336  31.776249  39.444843  46.934376  54.245003  61.255936  67.220001  70.893906  71.766563  69.551720  64.841248  58.186874  50.983597  44.088280  36.867500  29.816719  23.792763 
 25.739429  33.381718  41.362343  49.224060  57.053596  64.652496  70.911560  74.653908  75.629684  73.458282  68.660469  61.370155  53.494064  45.913750  38.503906  31.285313  24.874062 
 25.988438  33.832188  41.944374  50.037659  57.917030  65.679222  71.973282  75.703751  76.625465  74.708595  70.207809  62.730156  54.567345  46.873436  39.200314  31.713593  25.160053 
 25.580261  33.109219  41.068283  48.932030  56.569221  63.966408  70.057968  73.872032  74.878128  72.944061  68.576561  61.313126  53.163284  45.495625  38.206718  31.015938  24.743019 
 24.398232  31.417812  38.813282  46.334373  53.526093  60.163910  65.810471  69.462814  70.382965  68.528435  63.978905  57.488747  50.192032  43.206249  36.273907  29.548283  23.598907 
 22.434376  28.714375  35.573437  42.465469  48.821564  54.527031  59.229691  62.285469  63.154686  61.508751  57.662971  52.274529  46.029530  39.792187  33.243439  26.994217  21.840679 
 20.732342  25.532970  31.622658  37.785313  43.549530  48.341873  52.138283  54.593124  55.282341  53.949066  50.783440  46.507813  41.268749  35.608124  29.466564  23.951248  20.300415 
 19.602242  22.513283  26.992813  32.385468  37.489220  41.728905  44.919064  46.805157  47.260468  46.186249  43.740936  40.263905  35.782345  30.666874  25.301094  21.127968  19.309010 
 18.173908  20.119320  22.623230  26.564426  30.945675  34.716618  37.511562  38.980782  39.362347  38.603333  36.645939  33.697865  29.775467  25.336044  21.220051  18.961926  18.060677 
 } 


 White Balance Data with optical Center Data
 r_center_x =  631 r_center_y =  478 
 gr_center_x =  639 gr_center_y =  490 
 b_center_x =  644 b_center_y =  462 
 gb_center_x =  636 gb_center_y =  496 
 r/gr 0.882639 
 b/gr 0.411264 
 gb/gr 0.995140 
 r_oc_ave 164.653336 
 b_oc_ave 76.720001 
 gr_oc_ave 186.546661 
 gb_oc_ave 185.639999 

 [AWB]
 RGr =  0.882639 
 BGr =  0.411264 
 GbGr =  0.995140 
 r_oc_ave =  164.653336 
 b_oc_ave =  76.720001 
 gr_oc_ave =  186.546661 
 gb_oc_ave =  185.639999 