 LEFT LENS SHADING DATA
 RED Channel
 {
 41.489895  45.151142  50.102707  58.173851  66.685417  74.182549  79.883751  83.143860  84.205521  82.644112  78.797653  72.687134  64.921097  56.559319  48.625214  44.026302  41.392971 
 44.359058  49.650314  58.495628  69.190941  79.341248  88.127342  95.133751  99.548439  100.893440  98.815155  93.915779  86.412346  77.144218  67.163284  56.691872  48.086090  43.486721 
 46.212444  55.381409  67.100471  79.582970  91.101410  101.688278  110.421097  116.304840  118.219223  115.477036  108.973282  99.461250  88.581879  76.885780  64.888748  53.463753  45.073330 
 49.312294  61.280624  74.652969  88.610153  101.988747  114.556412  125.577499  133.164368  135.524368  132.032028  123.813278  111.955002  98.897186  85.582184  72.184219  59.023590  47.990887 
 52.483391  66.242340  80.760628  95.946404  111.232185  125.900940  138.933441  147.521561  150.257034  146.212036  136.693756  122.804214  107.535934  92.620316  77.850784  63.518753  50.985832 
 54.956512  69.455467  84.844688  100.957809  117.652496  134.117340  148.248444  157.106400  159.637344  155.634842  145.636566  130.384064  113.573441  97.289688  81.638435  66.661720  53.041931 
 55.942963  70.661095  86.591721  103.196716  120.176559  137.244537  151.691101  160.519836  163.164536  159.294067  149.982025  134.372192  116.802338  99.840469  83.419846  67.775780  53.882233 
 55.333336  69.733749  85.155159  101.387497  117.813431  134.169998  148.429993  157.388901  159.966568  156.104370  146.714066  131.193436  114.137970  97.800316  81.938591  66.801247  53.196663 
 53.009224  66.638596  81.106720  96.505783  111.702972  126.258438  139.275467  147.900314  150.457809  146.387497  136.800629  123.177032  108.167030  93.124222  78.416878  64.093437  51.245102 
 49.905891  61.729843  75.070465  88.950157  102.465935  114.996872  125.753906  133.112183  135.133438  132.042816  123.774216  112.332504  99.310471  86.184219  72.472504  59.386871  48.361046 
 46.942448  56.010155  67.702347  80.028748  91.799217  102.373596  111.068436  116.931244  118.636414  115.945160  109.325623  100.051247  89.271095  77.620155  65.383751  53.953903  45.707867 
 45.363277  50.577660  59.281876  69.862343  80.093903  88.956253  96.272346  100.523750  102.042030  100.007500  94.748749  87.080315  78.029999  67.904999  57.436249  48.946564  44.303646 
 42.474949  46.189114  50.861038  58.703384  67.229950  74.467087  80.755890  84.315834  85.383072  84.000000  79.665833  73.596558  65.719582  57.220833  49.478752  45.127811  42.180313 
 } 
 GR Channel
 {
 50.812653  55.830986  61.704735  70.860580  79.984421  87.783127  93.645569  97.053123  98.528282  96.950363  93.131195  87.125832  79.071411  69.985573  61.228592  55.866150  52.407402 
 55.276413  61.809532  71.943283  83.588280  94.316719  103.584373  110.778282  115.519379  117.031403  115.045151  110.282654  102.650002  93.133278  82.448280  70.911720  61.037811  55.624481 
 58.255211  68.778122  81.814377  95.374222  107.546410  118.610931  127.830933  133.945465  136.105774  133.538132  127.051407  117.466873  105.980934  93.654686  80.344376  67.567497  57.757500 
 61.941566  75.742813  90.475311  105.319847  119.671097  133.018600  144.792496  152.889069  155.459061  152.195313  143.979996  131.763275  117.687805  103.611717  88.922188  74.224686  61.333023 
 65.763641  81.572815  97.367340  113.534851  129.891876  145.773132  159.740936  169.021881  171.845779  168.059845  158.607498  143.973587  127.741562  111.606094  95.526878  79.620781  65.091820 
 68.640518  85.255936  102.084373  119.277817  137.055161  154.847031  170.195007  179.519058  182.384216  178.692032  168.746399  152.755310  134.882339  117.279846  100.082031  83.395157  67.727859 
 69.817612  86.623436  103.986404  121.677338  139.781097  158.333908  173.830154  183.191406  186.172180  182.563431  173.555618  157.428436  138.869064  120.506088  102.395622  84.911560  68.762398 
 69.080254  85.431717  102.285934  119.661560  137.235001  154.932816  170.456558  180.071411  182.961090  179.163132  170.202499  154.095932  135.649994  117.915939  100.546722  83.702187  67.906769 
 66.289429  81.820465  97.680466  114.244995  130.637817  146.548126  160.823120  170.296097  173.023743  169.205780  159.370941  145.063278  128.877655  112.658905  96.488129  80.495468  65.531509 
 62.392708  76.160622  90.830780  105.920471  120.440002  134.069534  146.010315  154.060150  156.502029  153.514847  145.003754  133.049377  119.195938  104.945000  89.911247  75.011719  61.946098 
 58.730316  69.479065  82.583748  96.153595  108.715309  120.003281  129.529999  135.954681  138.125473  135.539993  128.837967  118.998596  107.660782  95.094528  81.614220  68.638435  58.647598 
 56.198326  63.018753  72.907501  84.618126  95.552498  105.222191  113.027969  117.688126  119.552338  117.548599  112.258911  104.442184  94.760002  83.803749  72.116875  62.456879  56.853951 
 52.252914  57.400002  62.877502  71.596039  80.909584  88.698853  95.111923  99.251877  100.437965  98.964638  94.915367  88.672188  80.340836  71.104584  62.517296  57.462288  53.962708 
 } 
 GB Channel
 {
 50.447556  55.581306  61.738388  71.373642  81.019844  89.374161  95.635780  99.474060  100.777451  99.023537  95.043755  88.303131  79.476143  69.997398  60.686302  55.187286  51.573540 
 54.563805  61.197342  71.579842  83.652809  94.949219  104.682503  112.438904  117.409058  119.047653  116.898132  111.686249  103.691872  93.431564  82.099060  70.164841  60.024376  54.358124 
 56.953751  67.701248  80.988129  94.858597  107.620941  119.151413  128.892975  135.479370  137.775620  134.949997  128.108902  117.906250  105.797966  92.838593  79.122185  66.068283  56.085159 
 60.334106  74.263908  89.254532  104.311249  119.081879  133.092499  145.282349  153.677185  156.507339  153.026413  144.335159  131.542664  117.031876  102.230469  87.147812  72.212502  59.247498 
 63.850311  79.515312  95.520782  111.882813  128.524536  144.807968  159.335938  169.031403  172.195007  168.234375  158.499847  143.312973  126.364838  109.768127  93.166718  77.247185  62.588860 
 66.280312  82.822815  99.666878  116.963593  135.001404  153.197968  168.861099  178.743912  181.906876  178.033279  167.800934  151.452820  133.009064  114.795319  97.255470  80.505310  64.856148 
 67.321243  83.868752  101.229065  119.024216  137.277344  156.265152  172.029373  181.914063  185.153275  181.380463  172.133438  155.616409  136.516876  117.639847  99.186409  81.747971  65.746925 
 66.690254  82.757965  99.430313  116.772507  134.634995  152.640778  168.487656  178.511719  181.695160  177.899841  168.618912  152.170151  133.308289  115.069534  97.475784  80.570000  65.012085 
 63.912338  79.374222  95.045311  111.600471  128.282501  144.461716  159.098755  168.895004  171.899063  167.993591  158.016098  143.348434  126.752808  110.070160  93.676872  77.614059  62.759056 
 60.338959  74.100624  88.663284  103.882500  118.569687  132.411255  144.613281  153.083588  155.687805  152.628906  143.914688  131.440475  117.124222  102.570938  87.408752  72.528595  59.615051 
 57.156250  67.883751  80.964218  94.494843  107.410782  118.961868  128.663437  135.383911  137.713287  135.101868  128.059845  117.947815  106.162498  93.302345  79.598434  66.646721  56.708176 
 55.096352  61.645935  71.789375  83.548439  94.753441  104.549690  112.654526  117.671722  119.598907  117.528122  112.059845  103.805779  93.710938  82.472191  70.619843  60.896561  55.412819 
 51.332184  56.655518  62.268539  71.000931  80.465103  88.740517  95.636406  99.870262  101.157036  99.600624  95.037140  88.353905  79.682610  70.130096  61.331718  56.281975  52.867813 
 } 
 B Channel
 {
 18.161144  19.911144  22.747444  27.095730  31.655731  35.471306  38.256092  40.071926  40.728386  39.930885  37.949692  34.929581  30.753647  26.215469  21.901512  19.331512  18.114841 
 19.840313  22.684063  27.437656  33.069061  38.256561  42.624844  45.899220  48.125465  48.817345  47.937344  45.564686  41.802502  37.052811  31.844845  26.281719  21.745468  19.540676 
 21.013020  25.880936  32.081093  38.500782  44.181252  49.262657  53.352814  55.988594  57.005470  55.843285  52.824997  48.245003  42.792969  36.908279  30.581249  24.696407  20.652863 
 22.736618  29.061405  36.132030  43.003437  49.473282  55.347343  60.440468  63.891403  64.983597  63.507034  59.825470  54.205154  47.729061  41.213593  34.334686  27.652031  22.275154 
 24.461876  31.651875  39.145157  46.561874  53.730156  60.508904  66.409218  70.152809  71.290466  69.680153  65.500153  59.133591  51.728592  44.506874  37.043125  29.947811  23.906563 
 25.700520  33.173439  40.969532  48.820938  56.462654  63.970779  70.291718  73.909378  74.964691  73.420471  69.227341  62.309685  54.433907  46.622658  38.820938  31.459686  24.963024 
 26.070889  33.634842  41.563595  49.609062  57.365471  65.092972  71.249222  74.960625  76.012184  74.372498  70.596405  63.641090  55.726715  47.705002  39.660782  31.964062  25.463646 
 25.671303  33.016094  40.600468  48.420937  56.006721  63.342346  69.540001  73.260315  74.164688  72.536247  68.794533  62.121407  54.303284  46.502029  38.857655  31.352345  24.953384 
 24.333176  31.337967  38.483906  45.863281  53.034378  59.528122  65.205467  68.758904  69.591721  67.919998  63.935783  58.010002  51.197502  44.263126  37.029999  29.914219  23.899010 
 22.422241  28.645782  35.280937  42.061092  48.462029  54.154533  58.790627  61.847031  62.513748  61.195778  57.717499  52.848122  46.965313  40.830154  34.129375  27.486252  22.309170 
 20.650574  25.483280  31.439686  37.461094  43.200314  48.022972  51.790627  54.221252  54.848907  53.641403  50.932968  46.857811  42.042187  36.559219  30.432030  24.643280  20.745159 
 19.601250  22.459999  27.018906  32.307812  37.286720  41.541874  44.788906  46.584530  47.081249  46.129375  43.912968  40.525002  36.357189  31.491562  26.144844  21.794998  19.878330 
 18.141666  20.119587  22.552448  26.575729  30.957344  34.521873  37.445782  39.018074  39.287502  38.580624  36.673176  33.838749  30.189690  25.964478  21.929634  19.741669  18.604168 
 } 


 White Balance Data with optical Center Data
 r_center_x =  639 r_center_y =  506 
 gr_center_x =  639 gr_center_y =  465 
 b_center_x =  633 b_center_y =  457 
 gb_center_x =  639 gb_center_y =  470 
 r/gr 0.876621 
 b/gr 0.406918 
 gb/gr 0.995646 
 r_oc_ave 163.764450 
 b_oc_ave 76.017776 
 gr_oc_ave 186.813339 
 gb_oc_ave 186.000000 

 [AWB]
 RGr =  0.876621 
 BGr =  0.406918 
 GbGr =  0.995646 
 r_oc_ave =  163.764450 
 b_oc_ave =  76.017776 
 gr_oc_ave =  186.813339 
 gb_oc_ave =  186.000000 