 LEFT LENS SHADING DATA
 RED Channel
 {
 41.812450  45.548695  50.133385  58.203026  66.265007  73.328331  78.586250  81.834114  82.722183  81.040733  77.311974  71.339951  64.007080  55.923538  48.279953  44.117760  41.440258 
 44.441196  49.725159  58.436096  68.739685  78.528748  86.891251  93.558746  97.842659  98.787186  96.454063  91.705315  84.231407  75.437500  65.851875  55.862656  47.644218  43.256924 
 46.533588  55.606720  67.123123  79.215622  90.336403  100.537186  108.992653  114.703903  116.111404  113.191101  106.639221  97.245003  86.628593  75.510468  63.853752  52.871407  44.644527 
 49.937813  61.870316  75.115311  88.512184  101.505783  113.899536  124.650314  132.028595  133.972504  130.149994  121.616257  109.804222  96.897972  83.974373  71.026405  58.364372  47.244793 
 53.309998  66.903748  81.401878  96.093750  111.175934  125.801712  138.714539  147.038284  149.409058  144.891724  134.999374  120.951874  105.642967  90.950157  76.743126  62.982346  50.278389 
 55.721611  70.485153  85.579376  101.535782  118.200943  134.454224  148.577499  157.349380  159.440155  155.015320  144.587036  128.972183  112.083755  95.994530  80.770782  66.284065  52.575317 
 56.910202  72.005623  87.627655  104.175629  121.257339  138.234070  152.674377  161.372498  163.580154  159.244690  149.116714  133.072037  115.528748  98.717033  82.660782  67.483749  53.667496 
 56.358650  71.125313  86.550629  102.536873  119.152649  135.536407  149.778275  158.564850  160.744537  156.198288  146.341873  130.361725  112.992966  96.807968  81.389061  66.775314  53.050308 
 54.186302  68.166092  82.819374  98.005623  113.380463  128.045624  140.970474  149.495316  151.660629  147.053757  136.990936  122.891876  107.477501  92.717812  78.183441  64.278282  51.206818 
 51.146408  63.477028  77.014999  90.930779  104.225471  116.774063  127.612030  134.942337  136.778748  133.060776  124.327499  112.432495  99.372658  86.287033  72.859688  59.887344  48.540054 
 48.511360  57.945938  69.912033  82.289688  94.061409  104.399376  113.176407  118.802658  120.173126  117.058121  110.206093  100.555939  89.706566  78.181717  66.015778  54.602341  46.003384 
 46.939217  52.549843  61.448753  72.168282  82.486877  91.305779  98.203903  102.452972  103.486717  101.130157  95.877502  88.132500  78.916405  68.748596  58.199684  49.591248  44.607914 
 44.407555  48.232971  53.076660  61.127235  69.925209  77.133072  83.110367  86.381096  87.128174  85.541199  81.220833  74.934998  67.119110  58.435051  50.603859  45.865833  42.602917 
 } 
 GR Channel
 {
 50.443230  55.755730  61.095467  70.147606  79.355728  86.891151  92.812447  96.473076  97.569633  95.502235  91.601349  85.389999  77.105316  68.119377  59.484581  54.418015  51.185104 
 54.298225  60.945313  71.076096  82.714691  93.237816  102.341560  109.687653  114.398285  115.507339  112.980774  107.807190  99.953751  90.437813  79.743126  68.423752  58.924690  53.420517 
 57.333542  68.003128  81.184059  94.559059  106.587654  117.819534  126.945313  133.037186  134.616089  131.435150  124.628128  114.760315  103.282188  91.050934  77.928123  65.389687  55.490517 
 61.339844  75.334221  90.307030  104.984062  119.119370  132.520462  144.135620  151.991714  154.128601  149.964218  141.413437  128.821243  114.997192  100.920471  86.455002  71.909218  58.889015 
 65.414162  81.342499  97.374062  113.472961  129.621719  145.527344  159.506882  168.305618  170.573914  166.030151  155.883911  141.177032  124.804214  108.859375  93.029533  77.350937  62.523849 
 68.413902  85.413284  102.242035  119.391403  137.269058  154.906876  170.095154  179.117966  181.172501  176.850159  166.157349  149.929993  132.023911  114.508911  97.677032  81.239532  65.263489 
 69.783852  86.980934  104.303436  122.226089  140.341095  158.734375  174.073288  183.049850  185.257965  181.074692  171.173752  154.526093  135.872818  117.789688  99.883904  82.662659  66.375786 
 68.988647  85.879059  102.958595  120.317032  137.779999  155.489838  170.565002  179.891724  182.155319  177.948746  168.189682  151.540466  132.889374  115.372025  98.357033  81.663284  65.747238 
 66.139633  82.394844  98.847809  115.149536  131.446243  147.015930  160.528122  169.690155  172.297653  168.009842  157.791718  143.006088  126.483902  110.427971  94.399063  78.574066  63.346138 
 62.443024  77.080940  92.178123  106.951248  121.152649  134.493439  145.812805  153.770630  156.015930  152.484528  143.780945  131.406097  117.283600  103.055939  88.227188  73.475159  59.935783 
 59.083069  70.460785  83.643906  97.234528  109.852028  120.669693  130.024216  136.261414  137.804062  134.749847  127.788132  117.730621  106.192497  93.645782  80.150154  67.054375  56.801872 
 56.733589  63.755470  73.767654  85.599846  96.683128  105.977028  113.384064  118.144531  119.394379  117.039841  111.472809  103.500626  93.716560  82.625778  70.866722  60.824532  54.845154 
 52.717346  57.959846  63.731613  72.607140  82.254791  90.060989  96.587395  100.110573  101.041870  99.182968  94.837395  88.445625  79.767807  70.383072  61.477753  56.155159  51.984322 
 } 
 GB Channel
 {
 51.259842  56.710678  62.483597  72.128952  81.847237  90.088951  96.504478  100.621567  101.772186  99.626411  95.199898  88.177818  79.286400  69.627083  60.519737  55.150826  51.754578 
 54.574013  61.502968  72.001717  84.166878  95.475784  105.094376  113.012817  118.209061  119.359680  116.664536  111.150314  102.662811  92.348282  81.027496  69.158279  59.221252  53.600410 
 57.059166  67.973747  81.631409  95.550316  108.248909  119.966721  129.773132  136.336868  138.056091  134.687653  127.543274  116.984848  104.899689  91.932816  78.188278  65.090469  55.063179 
 60.434792  74.690628  90.079842  105.041092  119.826721  133.925308  146.184525  154.463913  156.879059  152.743286  143.590149  130.572662  116.065933  101.266251  86.092972  71.211250  57.946243 
 63.902138  80.057343  96.388908  112.755936  129.552338  145.968277  160.508743  169.933594  172.531250  167.777649  157.351868  142.102814  125.075623  108.470627  92.120468  76.108749  61.117912 
 66.533119  83.575623  100.411247  117.936249  136.183441  154.209381  169.931244  179.492493  182.008438  177.562195  166.624069  149.971558  131.469528  113.469849  96.260002  79.525627  63.406876 
 67.648491  84.842033  102.219528  120.170624  138.650467  157.221100  172.862030  182.414841  185.047501  180.743591  170.799225  153.892029  134.729843  116.098907  97.991722  80.679535  64.189323 
 66.695518  83.532188  100.626091  118.009995  135.741714  153.484222  168.876877  178.669373  181.416092  177.144058  167.315475  150.430161  131.341873  113.503128  96.168282  79.487656  63.539116 
 64.073959  80.185623  96.641563  112.883118  129.226715  145.099213  158.936722  168.368286  171.353745  167.127029  156.677032  141.649689  124.933746  108.527344  92.355316  76.433128  61.229790 
 60.595314  75.062813  90.119377  104.995781  119.262024  132.692032  144.214066  152.537338  154.883286  151.487183  142.642975  129.845627  115.572968  101.126404  86.204689  71.402657  58.007858 
 57.620888  68.834846  82.043121  95.542343  108.185623  119.279068  128.900620  135.320313  137.018753  134.006882  126.919067  116.631256  104.818123  92.114372  78.517189  65.376717  55.261932 
 55.569061  62.445313  72.443283  84.389221  95.537811  105.160934  112.870621  117.717346  119.057968  116.823288  111.018753  102.702972  92.676247  81.405785  69.449066  59.537811  53.600731 
 51.931557  56.954475  62.768906  71.795258  81.685730  89.745934  96.511879  100.360466  101.307350  99.537651  94.738335  87.974007  79.120834  69.570984  60.523224  55.006561  50.979065 
 } 
 B Channel
 {
 18.145210  20.413124  23.168278  27.608383  32.149010  35.987762  38.900677  40.550209  40.983021  39.986927  38.086304  35.025990  30.882294  26.510471  22.326302  19.744480  18.472397 
 19.331875  22.426876  27.238907  32.859844  38.051720  42.350468  45.671719  47.803123  48.143440  46.989220  44.591095  40.849533  36.356876  31.286095  25.921093  21.380314  19.140312 
 20.440628  25.574375  31.879845  38.261093  44.037342  49.166405  53.211716  55.807343  56.400780  54.878128  51.725311  47.130157  41.821720  36.256718  30.198437  24.257343  20.045471 
 22.242035  28.795155  35.970779  42.929844  49.578590  55.548752  60.586876  63.822502  64.566719  62.578590  58.559532  52.980621  46.786720  40.478592  33.903282  27.174374  21.476456 
 23.999428  31.377968  39.049530  46.688282  54.076096  60.972969  66.913597  70.516563  71.246407  68.990471  64.401566  57.863747  50.842033  43.787811  36.679688  29.480625  23.166039 
 25.146351  33.024689  41.131092  49.097656  57.091721  64.688751  71.089844  74.610153  75.237656  73.084999  68.189217  61.261871  53.563591  45.969376  38.583282  31.076717  24.350677 
 25.608643  33.745312  42.051250  50.239372  58.255470  66.170784  72.415466  75.866249  76.481247  74.349373  69.958595  62.804062  54.926720  47.178123  39.394062  31.638439  24.738853 
 25.287762  33.326717  41.479687  49.324219  57.196404  64.684372  70.856873  74.279221  74.934532  72.979218  68.825470  61.761093  53.692345  46.131092  38.607189  31.149845  24.463383 
 24.167347  31.895470  39.555782  47.121876  54.336403  61.001717  66.556564  69.983284  70.807503  68.872032  64.574219  58.194534  51.040154  44.065624  36.909531  29.792969  23.407345 
 22.582497  29.417500  36.497345  43.390625  49.730621  55.354378  60.099220  63.219215  63.988747  62.477966  58.671875  53.278595  47.142033  40.806873  34.150623  27.451561  21.851147 
 21.308594  26.451717  32.702812  38.893749  44.552967  49.208435  53.212502  55.707657  56.299217  55.006409  51.976875  47.529999  42.349064  36.721874  30.583282  24.604218  20.449429 
 20.431667  23.422501  28.017811  33.475468  38.498280  42.755470  46.027969  48.033752  48.534065  47.460938  45.003750  41.332970  36.845314  31.742657  26.303436  21.750626  19.376461 
 18.941666  20.929581  23.131149  27.314426  31.798908  35.439007  38.463177  40.168747  40.432812  39.678020  37.585415  34.547764  30.555309  26.073280  22.035522  19.417294  17.938961 
 } 


 White Balance Data with optical Center Data
 r_center_x =  661 r_center_y =  487 
 gr_center_x =  637 gr_center_y =  469 
 b_center_x =  629 b_center_y =  484 
 gb_center_x =  623 gb_center_y =  470 
 r/gr 0.881707 
 b/gr 0.412235 
 gb/gr 0.998567 
 r_oc_ave 164.044449 
 b_oc_ave 76.697777 
 gr_oc_ave 186.053329 
 gb_oc_ave 185.786667 

 [AWB]
 RGr =  0.881707 
 BGr =  0.412235 
 GbGr =  0.998567 
 r_oc_ave =  164.044449 
 b_oc_ave =  76.697777 
 gr_oc_ave =  186.053329 
 gb_oc_ave =  185.786667 