 LEFT LENS SHADING DATA
 RED Channel
 {
 42.178539  45.903542  50.944946  59.143852  67.587662  74.703491  80.485046  84.162552  85.201714  83.343071  79.474113  73.397972  65.560051  57.178131  49.597290  44.981823  42.171822 
 44.595623  49.941872  58.852654  69.603439  79.623283  88.488281  95.567345  100.094841  101.324844  99.022034  93.943909  86.258591  77.229843  67.351875  57.039375  48.624535  43.892658 
 46.603588  55.614220  67.450310  79.863747  91.522659  102.006721  110.873123  116.859070  118.573914  115.383743  108.923592  99.434532  88.618752  77.082031  65.106094  53.860153  45.664532 
 49.611458  61.594376  75.129219  88.891716  102.450783  114.951874  126.012344  133.619995  135.835632  132.029068  123.505310  111.757500  98.978439  85.783440  72.468597  59.518440  48.381355 
 52.928337  66.750000  81.307503  96.312965  111.643753  126.224533  139.422806  147.989838  150.651245  146.222183  136.397034  122.699692  107.527969  92.848907  78.333282  64.180466  51.456505 
 55.212349  69.837967  85.191872  101.280624  117.982971  134.353745  148.617188  157.397812  160.080780  155.948746  145.536713  130.376724  113.614380  97.423279  82.069534  67.344376  53.501877 
 55.898804  70.893593  86.693123  103.400940  120.293747  137.331253  151.752808  160.815155  163.396255  159.227814  149.902039  133.949371  116.686722  100.059845  84.004684  68.522346  54.442970 
 55.072968  69.772346  85.322342  101.478127  117.840149  134.098129  148.180939  157.134537  159.888443  155.683441  146.203751  130.665314  113.953125  98.006409  82.537811  67.530472  53.914841 
 52.740311  66.609062  81.378593  96.455002  111.674065  126.131088  138.963593  147.562347  150.320938  145.750931  136.280151  122.737350  107.859688  93.406876  78.917656  64.821091  51.855057 
 49.471672  61.622498  75.200935  88.974373  102.254845  114.720306  125.338440  132.791565  135.201721  131.635162  123.275787  111.736252  99.164215  86.484375  73.245941  60.260468  48.716095 
 46.931042  56.054375  67.806877  80.142815  91.815155  102.142654  110.933907  116.741257  118.341095  115.702026  109.121559  99.831566  89.301872  78.101875  65.965782  54.697502  46.079998 
 45.479008  50.805466  59.370316  69.908752  80.081566  88.821404  95.952187  100.507660  101.832031  99.727341  94.584846  87.289063  78.314690  68.512184  58.007500  49.451721  44.386093 
 42.888180  46.543179  51.097397  58.988747  67.619064  75.113281  81.127182  84.734528  85.805992  84.197136  80.014221  74.158234  66.524277  57.944687  50.223747  45.554428  41.902760 
 } 
 GR Channel
 {
 51.331505  56.721092  62.941559  72.001877  80.874893  88.566719  94.683487  98.552658  99.580002  97.616554  93.451088  87.081154  78.932442  69.853439  61.222244  55.928024  52.128021 
 55.183182  62.085472  72.391563  84.099373  94.709061  103.826096  111.280785  116.008286  117.267502  114.702820  109.542969  101.582809  92.032654  81.467186  70.024529  60.465935  54.708855 
 58.254890  69.010315  82.212654  95.529221  107.968750  118.908432  128.354538  134.412506  136.142807  132.899994  126.227814  116.257660  104.724686  92.495781  79.402031  66.790627  56.888535 
 62.186615  75.901405  90.837341  105.681404  120.096252  133.475311  145.315155  153.101257  155.256561  151.271408  142.649216  130.241714  116.356094  102.211716  87.762657  73.280785  60.406822 
 65.878433  81.694687  97.667343  114.010468  130.391251  146.177505  159.937653  168.677338  171.319061  167.045471  157.143906  142.577499  126.131561  110.159691  94.317970  78.663284  64.064743 
 68.735939  85.557190  102.337654  119.535309  137.406403  155.086868  170.063431  178.904221  181.719849  177.444534  167.108597  151.144836  132.844223  115.378281  98.675781  82.273285  66.652245 
 69.671822  86.782028  104.029686  121.979538  140.012024  158.328598  173.316254  182.559845  185.099686  180.844055  171.871246  155.201569  136.516556  118.374695  100.833748  83.727501  67.687500 
 68.696457  85.431877  102.603127  119.922028  137.525467  155.258118  169.983124  179.128128  181.729691  177.832184  168.535004  151.926880  133.428436  115.923599  99.091560  82.588905  67.136200 
 65.994370  81.941872  98.211403  114.449997  130.630936  146.592651  160.155624  169.130463  172.040939  167.517349  157.733276  143.119843  126.545624  110.617035  94.892189  79.401253  64.788330 
 62.248749  76.253754  91.368126  106.110313  120.407806  133.785461  145.139069  152.939850  155.547180  151.999069  143.332962  130.880783  117.069382  103.100471  88.671562  74.148750  61.055000 
 58.900162  69.688278  82.882347  96.224373  108.610626  119.522812  128.859375  134.981873  136.808899  133.994843  127.078751  117.397186  105.995628  93.798752  80.505783  67.845314  57.549896 
 56.642860  63.400154  73.100784  84.617340  95.472656  104.707809  112.104370  116.991562  118.347504  116.043747  110.720467  103.161720  93.544685  82.847343  71.278595  61.425156  55.313698 
 52.462448  57.680367  63.175575  71.912560  81.082451  88.965317  95.164375  99.069901  100.209999  98.497505  94.268593  87.981934  79.990112  70.691307  61.895050  56.388695  51.824112 
 } 
 GB Channel
 {
 51.759949  57.263275  63.509903  73.154686  82.694580  90.927498  97.628120  101.760307  102.953491  100.636452  96.201927  89.259010  80.442764  70.748962  61.708649  56.187866  52.417038 
 55.101616  62.102654  72.732811  85.004684  96.184998  106.025002  113.979370  119.115311  120.520782  117.609375  112.104218  103.502968  93.372971  82.108124  70.282814  60.416405  54.573700 
 57.774483  68.582809  82.112656  96.001564  109.080627  120.623596  130.678131  137.256409  139.101563  135.676086  128.564529  117.962341  105.702972  92.815315  79.286560  66.342499  56.422913 
 60.956512  75.007965  90.248436  105.588905  120.506882  134.572662  146.950943  155.339844  157.595627  153.687805  144.565933  131.571411  117.014221  102.199371  87.177971  72.444061  59.426979 
 64.380310  80.377815  96.661720  113.270004  130.218750  146.598129  160.954224  170.074997  173.061249  168.770630  158.290619  143.235626  126.091400  109.514847  93.304375  77.258125  62.682289 
 66.868286  83.593903  100.558441  118.173752  136.457184  154.535156  169.887344  179.366089  182.315308  178.155151  167.522964  151.023590  132.179535  114.232025  97.078125  80.624374  64.699791 
 67.359268  84.580940  102.005783  120.078278  138.421875  157.205780  172.353119  182.217819  185.033127  180.814056  171.598755  154.519836  135.311249  116.766724  98.945313  81.793907  65.897858 
 66.530205  83.250626  100.368126  117.928757  135.794846  153.741409  168.759064  178.351257  181.360931  177.316406  167.786560  150.866714  132.133118  114.135788  97.032654  80.605469  65.139427 
 64.074692  79.820938  96.070000  112.513275  128.944382  144.994537  158.986099  168.209213  171.434525  167.052185  157.038437  142.175003  125.289063  109.073753  93.085159  77.639534  62.853912 
 60.383018  74.464691  89.538437  104.486404  118.801712  132.482819  144.070465  152.224060  155.024536  151.574844  142.712967  130.039215  115.868591  101.760002  87.017029  72.544220  59.489433 
 57.575890  68.406097  81.637970  94.966095  107.572968  118.771088  128.227966  134.698914  136.631714  133.699692  126.710007  116.711411  105.023750  92.654999  79.152969  66.431091  56.407555 
 55.685776  62.336403  72.162659  83.827034  94.825935  104.310158  112.027817  116.972031  118.563599  116.208282  110.649216  102.739059  92.982346  81.964531  70.211563  60.361404  54.243279 
 52.174530  57.018280  62.440773  71.446411  80.992599  89.048279  95.540726  99.793495  100.951302  99.094322  94.809013  88.219063  79.673386  70.251823  61.344063  55.697037  51.405373 
 } 
 B Channel
 {
 17.814949  20.049114  23.060936  27.461510  31.920002  35.729687  38.615883  40.507969  40.986252  40.048386  38.165314  34.943226  30.845936  26.478123  22.204323  19.522083  18.328331 
 18.973701  22.055157  26.862186  32.514217  37.621250  41.930939  45.352345  47.412342  47.982498  46.807343  44.364063  40.679062  36.095936  30.995625  25.618282  21.090000  18.849167 
 20.194008  25.192970  31.441875  37.747814  43.557968  48.546562  52.742966  55.422340  56.079376  54.582970  51.514061  46.978439  41.594376  35.983593  29.831093  23.955936  19.872185 
 21.705887  28.243595  35.297657  42.250313  48.789063  54.709999  59.845779  63.136871  64.104691  62.126091  58.173592  52.628754  46.489845  40.128906  33.571095  26.829845  21.450466 
 23.469112  30.790157  38.352188  45.841564  53.094063  59.952187  65.835625  69.583435  70.560936  68.479378  63.949997  57.482185  50.317032  43.329689  36.282658  29.094532  23.046822 
 24.612553  32.333595  40.200470  48.008438  55.767342  63.400154  69.730621  73.405472  74.222656  72.256409  67.541565  60.621872  52.885315  45.300468  37.951096  30.570938  24.042603 
 24.874947  32.843906  40.873123  48.870003  56.685471  64.405937  70.744217  74.340309  75.264999  73.229218  69.115936  61.911407  54.025940  46.339375  38.761093  31.141563  24.518642 
 24.452656  32.239532  40.136562  47.818283  55.331406  62.714378  68.790314  72.497032  73.401878  71.485466  67.464691  60.501564  52.829376  45.386250  37.950157  30.649220  24.176514 
 23.422657  30.717030  38.180313  45.406406  52.316719  58.826721  64.368904  67.925003  68.948128  66.906097  62.820625  56.701874  49.818909  43.123905  36.176250  29.296249  23.139999 
 21.711040  28.174374  35.010468  41.690781  47.755783  53.219063  57.789528  60.898750  61.890625  60.399063  56.758591  51.512657  45.720936  39.782501  33.414219  26.876408  21.485783 
 20.340469  25.219845  31.263748  37.194218  42.549061  47.153282  50.957657  53.432503  54.197189  53.127815  50.151253  45.897812  41.113438  35.676563  29.764061  23.947655  19.935783 
 19.445675  22.249218  26.685158  31.858124  36.618439  40.718594  43.952187  45.969532  46.613594  45.596249  43.322968  39.949844  35.698593  30.833126  25.552502  21.087502  18.751247 
 17.741928  19.758175  22.011196  25.989792  30.244274  33.875469  36.711769  38.482239  38.871716  38.153332  36.259430  33.437550  29.694637  25.453545  21.319164  18.816250  17.183331 
 } 


 White Balance Data with optical Center Data
 r_center_x =  626 r_center_y =  472 
 gr_center_x =  634 gr_center_y =  481 
 b_center_x =  633 b_center_y =  491 
 gb_center_x =  658 gb_center_y =  473 
 r/gr 0.881867 
 b/gr 0.405845 
 gb/gr 0.998256 
 r_oc_ave 164.031113 
 b_oc_ave 75.488892 
 gr_oc_ave 186.004440 
 gb_oc_ave 185.679993 

 [AWB]
 RGr =  0.881867 
 BGr =  0.405845 
 GbGr =  0.998256 
 r_oc_ave =  164.031113 
 b_oc_ave =  75.488892 
 gr_oc_ave =  186.004440 
 gb_oc_ave =  185.679993 