 LEFT LENS SHADING DATA
 RED Channel
 {
 40.444946  44.148277  48.844688  56.709641  64.999069  72.324738  77.833275  81.419739  82.314537  80.613747  76.711876  70.691193  62.960625  54.896301  47.139217  42.868122  40.472706 
 42.426613  47.720158  56.305939  66.694847  76.514061  85.153282  92.173904  96.588280  97.662659  95.532501  90.556877  82.888908  73.878128  64.091095  54.013596  45.919376  41.677708 
 44.236454  53.019379  64.452972  76.524689  87.857971  98.277344  107.050629  112.918594  114.631714  111.623749  105.105934  95.473595  84.731560  73.389374  61.610153  50.800781  42.832241 
 47.232815  58.841560  72.001877  85.426094  98.633904  111.318283  122.248123  129.886093  132.164536  128.371719  119.909851  107.877502  94.934998  81.795311  68.679062  56.101875  45.389790 
 50.393066  63.744530  77.933594  92.683441  107.879684  122.530472  135.713287  144.555313  147.067184  142.785461  133.080154  118.810944  103.366409  88.567657  74.160469  60.480469  48.283173 
 52.660675  66.944221  81.805939  97.629684  114.215622  130.751099  145.066559  154.386246  156.708755  152.474213  142.143753  126.620621  109.576096  93.373436  77.973907  63.465935  50.312607 
 53.636246  68.207497  83.496719  99.903748  116.791092  133.898132  148.434845  157.668900  160.086411  155.927338  146.206253  130.220306  112.552963  95.691719  79.583595  64.623436  51.057610 
 52.854370  67.148125  82.292969  98.014061  114.404694  130.796097  145.116257  154.378281  156.721878  152.398438  142.785934  126.919067  109.780785  93.600311  78.311562  63.761093  50.544632 
 50.630783  63.953903  78.054535  92.973282  108.024689  122.653595  135.537506  144.575623  146.958130  142.986557  133.092026  119.097656  103.857033  89.116249  74.815628  61.035622  48.686043 
 47.476147  59.007813  72.008751  85.476875  98.554222  111.187347  121.977814  129.358597  131.649063  128.365158  120.018600  108.435310  95.437500  82.548439  69.240623  56.496246  45.784168 
 44.854530  53.466408  64.813591  76.889847  88.415466  98.624847  107.336250  113.335632  114.948746  112.269226  105.627190  96.304535  85.639847  74.299377  62.454842  51.375000  43.192917 
 43.339634  48.466095  56.772034  67.092186  77.173279  85.840935  92.662811  97.142342  98.515625  96.375313  91.313438  83.658279  74.641876  64.797966  54.538750  46.387188  41.971771 
 41.277134  44.908802  49.127235  56.787598  64.988075  71.919693  77.792397  81.169632  82.133545  80.638649  76.596771  70.489326  62.880211  54.501511  46.887089  42.900936  40.137604 
 } 
 GR Channel
 {
 50.702347  56.175262  61.865051  70.782921  79.990158  87.905937  93.983231  97.823486  98.891975  97.044899  92.860001  86.251038  77.889687  68.822807  60.024277  55.068855  51.909683 
 54.180679  61.017967  70.934845  82.413750  93.344528  102.852188  110.336563  115.297028  116.594055  113.999069  108.629997  100.459373  90.632187  79.679062  68.278435  58.890938  53.864273 
 56.756088  67.279221  80.239532  93.733749  106.386871  117.893433  127.333588  133.800156  135.726868  132.534225  125.454376  114.956100  103.114220  90.458595  77.148590  64.574532  55.260574 
 60.748901  74.208282  88.954689  103.986404  118.726410  132.591400  144.654846  152.851868  155.453751  151.533432  142.358749  129.309525  114.757187  100.108437  85.306564  70.885628  58.325623 
 64.659691  80.063438  95.926559  112.279068  128.875473  145.257660  159.514847  168.937805  171.848907  167.293442  157.153595  141.722656  124.533600  107.853279  91.527496  76.010002  61.792084 
 67.463959  84.010628  100.627190  118.022812  136.076569  154.246399  169.812027  179.710785  182.275787  177.971252  167.420471  150.437973  131.679214  113.336716  96.060310  79.542656  64.326195 
 68.623230  85.566559  102.691719  120.539841  139.099533  157.704849  173.488434  183.604843  186.031876  181.685944  171.849533  154.771408  135.299225  116.332184  98.035782  80.881874  65.404793 
 67.655365  84.260155  101.203903  118.478119  136.475632  154.334686  169.818130  179.939377  182.399536  178.062195  168.264374  151.242493  131.911087  113.755783  96.412033  79.995781  64.728485 
 64.907242  80.475784  96.267815  112.903748  129.429382  145.771561  159.757813  169.530945  172.133286  167.781723  157.625473  142.360931  125.133911  108.556404  92.477341  76.861717  62.529434 
 60.904060  74.574066  89.329689  104.290314  118.797348  132.686096  144.632187  152.636414  155.152969  151.619843  142.867188  130.080154  115.513901  100.976250  86.057030  71.560623  58.984795 
 57.613022  68.034691  81.026878  94.513596  107.345779  118.620621  128.387497  134.788132  136.623276  133.483124  126.388443  116.171249  104.357185  91.780624  78.387810  65.617966  56.044846 
 55.184479  61.952812  71.690628  83.333908  94.584686  104.140938  111.852654  116.577347  117.849380  115.252182  109.733124  101.678436  91.749062  80.857185  69.280624  59.749687  54.388023 
 51.519066  57.069061  62.428123  71.207024  80.351357  88.128021  94.369110  98.365883  99.140617  97.407188  93.029381  86.292183  78.165726  68.778854  60.073128  55.138855  51.834274 
 } 
 GB Channel
 {
 51.420990  56.583488  62.570892  71.892242  81.671623  90.254684  96.532867  100.659843  101.880623  99.986404  95.347038  88.164276  79.140053  69.606926  60.403694  55.297394  52.111977 
 54.360992  61.212029  71.328590  83.418282  94.781403  104.727188  112.751404  117.929214  119.423126  116.655777  110.812653  102.018440  91.581093  80.204216  68.378906  58.664063  53.670723 
 56.408440  67.115936  80.408440  94.291405  107.372498  119.374527  129.242966  136.145782  138.028900  134.763275  127.292816  116.218597  103.710312  90.483597  76.837967  64.069221  54.641922 
 59.868752  73.553749  88.598434  103.972969  119.100784  133.497025  145.969849  154.694382  157.255157  153.142807  143.836868  130.159531  114.942032  99.717972  84.528282  69.813126  57.331459 
 63.252922  79.058746  95.117653  111.645470  128.814682  145.457031  160.158279  169.990158  172.960632  168.370941  157.797806  141.909531  124.108902  106.951721  90.279060  74.525467  60.329849 
 65.895050  82.309845  99.164375  116.758118  135.232346  153.664993  169.557968  179.719528  182.462814  178.072815  167.211090  149.989838  130.646408  111.956566  94.368279  77.721565  62.505310 
 66.712181  83.664688  100.858284  118.968124  137.646088  156.609070  172.414688  182.865784  185.617813  181.292343  171.234222  153.852341  133.947495  114.741409  96.186409  78.922653  63.297035 
 65.757133  82.263596  99.156403  116.619217  134.934692  152.983749  168.705475  179.057190  181.827972  177.447037  167.392975  150.121094  130.455154  112.016251  94.419373  77.930939  62.694275 
 63.232185  78.745941  94.617813  111.249062  128.077499  144.352493  158.698288  168.633286  171.486877  167.135315  156.725159  141.235474  123.834061  106.891251  90.587654  74.903908  60.562027 
 59.515724  73.130310  87.935783  103.168594  117.692505  131.828125  143.912964  152.156723  154.777039  151.059692  142.051407  129.132965  114.285461  99.494217  84.481873  69.897972  57.297760 
 56.504112  66.978905  80.093437  93.619377  106.580315  118.030319  127.918900  134.487183  136.374527  133.177811  125.876877  115.433899  103.359222  90.527809  76.939064  64.228905  54.653282 
 54.555000  61.220001  71.075470  82.833748  94.137497  104.002968  111.888748  116.798126  118.093903  115.481567  109.684685  101.353279  91.234222  80.029060  68.230316  58.694374  53.353958 
 51.258331  56.567909  62.035255  71.060829  80.627914  88.448593  94.956673  99.173126  100.077873  98.143227  93.300522  86.415993  77.933174  68.246140  59.439476  54.408546  50.871872 
 } 
 B Channel
 {
 19.233856  21.589691  24.444374  29.024738  33.781509  37.773438  40.709686  42.394268  42.910938  41.830624  39.796665  36.383438  32.223438  27.515160  23.101044  20.612080  19.792084 
 20.484688  23.815937  28.885624  34.890781  40.311718  44.878437  48.425934  50.577187  50.992188  49.720627  47.118752  43.072189  38.250938  32.835781  27.110626  22.453751  20.590836 
 21.374012  26.580467  33.172344  39.911407  46.005470  51.357346  55.630310  58.382965  59.037498  57.474533  54.098434  49.198441  43.547501  37.479374  30.973751  24.871876  21.026875 
 22.969948  29.568905  36.912033  44.210312  51.102501  57.418907  62.690155  66.168434  66.989845  65.126404  60.960159  54.877029  48.181877  41.326717  34.331875  27.445469  22.221512 
 24.600468  32.106094  39.902813  47.713749  55.412811  62.703903  68.860313  72.792969  73.633125  71.457809  66.793434  59.769218  51.917816  44.298904  36.826561  29.525623  23.641457 
 25.818905  33.727032  41.770782  50.040001  58.257347  66.316254  72.909531  76.859375  77.649689  75.521408  70.712502  63.128128  54.650627  46.435471  38.568748  30.972343  24.593803 
 26.142605  34.374687  42.566250  50.955154  59.339531  67.530937  74.134842  77.958908  78.773590  76.682190  72.112343  64.545158  55.950623  47.546093  39.347031  31.571564  24.970730 
 25.821148  33.712814  41.748280  49.848747  57.994530  65.828125  72.439064  76.403908  77.134064  75.091095  70.704376  63.195465  54.588593  46.476406  38.672188  31.076874  24.804794 
 24.456406  31.927032  39.436249  47.197033  54.703590  61.864059  67.881874  71.875938  72.801407  70.781097  66.171249  59.377655  51.688126  44.360470  36.951561  29.724842  23.764637 
 22.528229  29.022812  36.165314  43.354218  49.950623  56.110153  61.308128  64.677032  65.512810  63.870941  59.898903  54.152969  47.582500  40.979218  34.061874  27.318436  22.093441 
 20.948647  26.041561  32.395000  38.925625  44.873592  49.949684  54.164375  56.858597  57.522034  56.046722  52.794685  48.117813  42.794064  36.867344  30.549999  24.532345  20.770470 
 20.139427  23.305470  28.057655  33.739376  39.044533  43.532188  46.842186  48.793434  49.377502  48.168594  45.676250  41.840157  37.185158  31.908127  26.363750  21.785782  19.962238 
 18.736511  21.148178  23.596615  27.901459  32.440575  36.043438  39.037605  40.825523  41.080414  40.282551  38.172501  35.048698  30.936195  26.383541  22.080414  19.663906  18.644741 
 } 


 White Balance Data with optical Center Data
 r_center_x =  611 r_center_y =  465 
 gr_center_x =  655 gr_center_y =  477 
 b_center_x =  618 b_center_y =  476 
 gb_center_x =  647 gb_center_y =  475 
 r/gr 0.859247 
 b/gr 0.422664 
 gb/gr 0.996645 
 r_oc_ave 160.511108 
 b_oc_ave 78.955559 
 gr_oc_ave 186.804443 
 gb_oc_ave 186.177780 

 [AWB]
 RGr =  0.859247 
 BGr =  0.422664 
 GbGr =  0.996645 
 r_oc_ave =  160.511108 
 b_oc_ave =  78.955559 
 gr_oc_ave =  186.804443 
 gb_oc_ave =  186.177780 