 LEFT LENS SHADING DATA
 RED Channel
 {
 39.559013  43.305676  47.745522  55.622765  63.832237  71.035210  76.795830  80.212502  81.317184  79.703339  76.023178  70.159012  62.915726  54.873795  47.318493  43.017082  40.410416 
 42.046093  47.172970  55.700935  66.019218  75.940781  84.859375  91.945000  96.654999  97.855934  95.652496  90.797966  83.365471  74.471565  64.833595  54.862030  46.628750  42.420418 
 43.856613  52.366409  63.712502  75.893440  87.492035  98.144066  107.090309  113.276871  115.103119  112.289688  105.883904  96.457970  85.670158  74.423126  62.764999  51.827034  43.866405 
 46.668285  58.126404  71.142342  84.608124  98.125938  110.941872  122.032654  129.988434  132.554382  129.065628  120.794220  109.066093  95.973434  82.894684  69.846878  57.224846  46.560886 
 49.631302  62.846092  76.989685  91.941254  107.236565  122.098282  135.274368  144.213120  147.195313  143.137192  133.751877  119.983124  104.653282  89.812653  75.429688  61.710785  49.470985 
 52.020988  66.032028  80.922653  96.760780  113.442810  130.021713  144.366882  153.663132  156.393753  152.640625  142.742661  127.779526  110.805466  94.589844  79.159531  64.728279  51.468079 
 52.691193  67.198906  82.422028  98.835159  115.732498  132.778275  147.415619  156.732651  159.594528  155.930939  146.815002  131.211411  113.695618  96.760780  80.787659  65.838280  52.252243 
 51.936722  66.046097  80.974533  96.799065  113.290939  129.411255  143.763901  153.150620  156.042969  152.422653  143.236404  127.899536  110.806564  94.554688  79.260155  64.901718  51.645256 
 49.734787  62.976875  77.036407  91.963127  107.024376  121.763596  134.649689  143.598755  146.489685  142.742035  133.392502  119.950623  104.730003  90.020622  75.753281  62.094688  49.670525 
 46.850475  58.211090  71.097969  84.589531  97.799690  110.269684  121.118912  128.780319  131.289063  128.248749  120.263596  109.040154  96.085159  83.352188  70.243279  57.695465  46.880676 
 44.543488  52.787033  63.909531  75.884842  87.391876  97.641563  106.565002  112.574692  114.609848  112.146255  105.819061  96.775940  86.204842  74.973122  63.276566  52.350624  44.234791 
 43.200729  48.009064  56.025154  66.319061  76.282188  85.008751  92.220467  96.798752  98.351875  96.514221  91.554535  84.270622  75.457344  65.789215  55.642654  47.479061  43.213226 
 41.391144  45.020313  49.213287  56.836975  65.281769  72.568329  78.699013  82.432503  83.434792  82.435265  78.491402  72.512711  64.992134  56.638588  49.033279  44.838226  42.389481 
 } 
 GR Channel
 {
 50.588287  55.844116  61.585518  70.403801  79.671715  87.812759  93.833801  97.455994  98.470528  96.588646  92.457291  86.167809  78.295784  69.435677  60.806824  55.386398  51.802650 
 54.440369  61.182655  71.259689  83.072342  94.067345  103.580467  111.038597  116.045776  117.315933  114.657806  109.498123  101.734062  92.116409  81.539215  70.199532  60.514534  55.006409 
 56.916145  67.592812  80.815628  94.505623  107.246559  118.779221  128.064377  134.496094  136.423126  133.098755  126.346100  116.419373  104.882965  92.544685  79.593597  66.836876  57.059784 
 60.550568  74.333282  89.323593  104.524063  119.217651  133.040161  144.832031  153.066406  155.677963  151.921875  143.066254  130.458130  116.372650  102.230003  87.839378  73.333282  60.513069 
 64.168800  80.011093  96.166878  112.604370  129.297974  145.273438  159.382507  168.734848  171.991089  167.659531  157.761093  142.682190  126.084061  109.955154  94.209061  78.569061  64.330315 
 67.096298  83.852341  100.727654  118.154373  135.991257  153.922028  169.254684  179.025787  181.957336  177.950775  167.625153  151.417816  132.977661  115.370468  98.520157  82.292030  66.803497 
 68.036507  85.159218  102.382660  120.272659  138.389069  156.917664  172.542191  182.213287  185.116714  181.584839  171.990311  155.237030  136.289536  118.063431  100.595467  83.542816  67.849060 
 67.048546  83.713127  100.635002  117.829056  135.555313  153.137970  168.465775  178.306412  181.305161  177.717972  168.176407  151.601715  133.014847  115.291092  98.709686  82.338753  66.990417 
 64.186455  79.934372  95.843597  112.104691  128.380783  144.339996  158.365936  167.822189  170.804062  166.928589  157.020782  142.371246  125.866882  109.968750  94.417969  78.878754  64.370415 
 60.638016  74.173439  88.898285  103.703278  117.852493  131.415161  143.117188  151.265320  154.038589  150.817810  142.321564  130.091568  116.232651  102.284065  88.022972  73.554535  60.785156 
 57.439850  67.566719  80.551407  93.954689  106.463280  117.407501  126.819687  133.313751  135.406723  132.755157  125.973587  116.286560  104.905624  92.825157  79.754059  67.082344  57.296722 
 55.351715  61.724846  71.276253  82.840782  93.877190  103.325783  110.971092  115.748276  117.472809  115.370621  110.215309  102.388748  92.886871  82.242340  70.857185  61.181252  55.725418 
 52.227554  57.562973  62.897919  71.744743  81.384689  89.185577  95.707970  99.808487  100.871979  99.564377  95.722816  89.364174  81.068542  71.677132  62.929268  57.639168  54.010414 
 } 
 GB Channel
 {
 51.006454  56.347298  62.186661  71.783226  81.521355  90.126984  96.841347  100.926155  102.053749  99.961555  95.670891  88.736717  80.308907  70.695366  61.550575  55.789017  52.118591 
 54.396873  61.313126  71.711250  83.924065  95.550934  105.789063  113.805939  119.174057  120.586243  117.850311  112.311096  104.043594  93.719528  82.512657  70.693283  60.554222  54.840683 
 56.405731  67.351563  80.889061  95.003906  108.267502  120.409378  130.359528  137.261871  139.458282  136.052658  128.829681  118.311401  106.180153  93.183281  79.616562  66.534843  56.655052 
 59.486458  73.601875  88.906715  104.422188  119.625305  134.132813  146.440933  155.291092  158.074066  154.195007  145.042664  131.799683  117.152969  102.295784  87.398285  72.475159  59.693275 
 62.846878  78.688126  94.991722  111.833595  129.041412  145.549057  160.122818  170.096878  173.693130  169.141876  159.009216  143.627029  126.280472  109.652969  93.320938  77.335938  62.905518 
 65.360367  82.041405  99.068909  116.812195  135.012817  153.240631  169.097961  179.318283  182.753754  178.635468  168.170944  151.450623  132.570465  114.407806  97.259377  80.740471  65.234009 
 66.094582  83.118752  100.453438  118.447495  136.875305  155.639526  171.657974  181.763748  185.105316  181.539368  171.897812  154.879532  135.483444  116.760620  98.873909  81.679062  65.937813 
 65.011459  81.588127  98.554062  115.822342  133.709061  151.651718  167.380463  177.643600  180.925003  177.350937  167.691254  150.818283  131.890320  113.837814  96.857498  80.295624  65.021049 
 62.391098  77.935471  93.942184  110.235626  126.702499  142.830933  157.161255  167.027344  170.446411  166.553284  156.505630  141.545624  124.742188  108.503593  92.625465  77.035309  62.541565 
 58.895523  72.473434  87.256721  102.132034  116.504532  130.282806  142.078278  150.581558  153.410461  150.422501  141.703751  129.329529  115.123901  100.898750  86.398903  71.826721  59.206932 
 56.173538  66.250626  79.254684  92.772659  105.320938  116.596725  126.282181  132.918121  135.248901  132.548599  125.679840  115.699524  104.110939  91.694374  78.524063  65.671722  56.039848 
 54.312920  60.688751  70.268280  82.118591  93.251564  102.888596  110.689064  115.821716  117.542343  115.478119  110.191559  102.129372  92.440628  81.540939  69.849686  60.185158  54.856613 
 51.618752  56.921661  62.456413  71.247131  80.950729  89.187141  95.977814  100.074432  101.511726  100.220215  95.795319  89.314796  80.833542  71.189278  62.360100  56.904114  53.536621 
 } 
 B Channel
 {
 17.919319  20.213905  22.968124  27.430832  32.065208  35.884060  38.821613  40.492496  41.047550  40.158386  38.430885  35.215313  31.440731  26.830315  22.631821  19.974270  18.755104 
 19.367653  22.517033  27.355625  33.111252  38.429375  42.966564  46.467655  48.702499  49.199844  48.058594  45.784843  42.125313  37.509064  32.450314  26.910782  22.264687  20.295937 
 20.289272  25.412186  31.792500  38.373905  44.337658  49.596252  53.830467  56.687035  57.434059  56.039215  53.082809  48.578751  43.226563  37.450001  31.215000  25.190311  21.258644 
 21.829948  28.403908  35.669689  42.830002  49.631248  55.879997  60.988907  64.545784  65.487816  63.939690  60.116562  54.497032  48.191093  41.667969  34.880001  28.053593  22.797966 
 23.383228  30.751564  38.404686  46.038437  53.598122  60.767342  66.882500  70.875778  72.171875  70.285934  66.132187  59.518280  52.123596  44.911407  37.633438  30.404064  24.419899 
 24.645626  32.270626  40.138126  48.041878  56.071091  63.877029  70.607971  74.572968  75.860313  74.217186  69.871407  62.816406  54.793594  46.995937  39.389999  31.957500  25.548748 
 25.027603  32.832188  40.770939  48.795311  56.763748  64.731720  71.305626  75.259689  76.590309  75.164688  71.215622  64.053749  55.902657  47.911564  40.048126  32.365158  25.903278 
 24.595623  32.190624  39.985157  47.760937  55.446091  62.908592  69.436409  73.351563  74.585938  73.203125  69.452660  62.490158  54.543747  46.717812  39.226563  31.826717  25.407345 
 23.282291  30.510624  37.918594  45.341095  52.529999  59.238594  65.130623  69.004219  70.178596  68.691872  64.553123  58.416878  51.323280  44.364689  37.336563  30.283905  24.246613 
 21.519638  27.931095  34.786877  41.679531  48.088753  53.910156  58.762344  62.081566  63.131874  61.847969  58.294373  53.119690  47.122971  40.923126  34.375313  27.728905  22.490364 
 20.165882  24.869843  30.972187  37.237030  42.973907  47.928123  51.883438  54.603127  55.451096  54.295471  51.484528  47.293125  42.294998  36.703125  30.642811  24.768436  20.846352 
 19.487709  22.428123  26.974998  32.598907  37.845936  42.173904  45.597031  47.714844  48.429688  47.470936  45.223907  41.783592  37.332031  32.353905  26.886562  22.373749  20.583752 
 18.641457  21.075207  23.659584  27.912861  32.678440  36.539112  39.723492  41.523804  42.048855  41.512192  39.671616  36.567135  32.727657  28.062031  23.754894  21.312500  20.351254 
 } 


 White Balance Data with optical Center Data
 r_center_x =  647 r_center_y =  456 
 gr_center_x =  653 gr_center_y =  472 
 b_center_x =  646 b_center_y =  451 
 gb_center_x =  635 gb_center_y =  457 
 r/gr 0.862287 
 b/gr 0.412565 
 gb/gr 0.999666 
 r_oc_ave 160.377777 
 b_oc_ave 76.733330 
 gr_oc_ave 185.991104 
 gb_oc_ave 185.928894 

 [AWB]
 RGr =  0.862287 
 BGr =  0.412565 
 GbGr =  0.999666 
 r_oc_ave =  160.377777 
 b_oc_ave =  76.733330 
 gr_oc_ave =  185.991104 
 gb_oc_ave =  185.928894 