 LEFT LENS SHADING DATA
 RED Channel
 {
 40.486614  44.402866  49.319267  57.800774  66.253960  73.787140  79.425262  82.980988  84.169586  82.392601  78.640053  72.756409  65.184944  56.817398  48.984688  44.168228  41.379066 
 42.388283  48.025154  56.849686  67.365158  77.451874  86.142342  93.167969  97.868279  99.029999  96.963440  92.168594  84.730782  75.906403  66.250313  55.942184  47.510311  42.931976 
 44.329479  53.436562  64.907967  77.074219  88.610626  99.043594  107.915466  113.872498  115.755005  112.996399  106.680153  97.405312  86.793434  75.497658  63.686722  52.681091  44.317139 
 47.430214  59.193123  72.335785  85.855316  99.197968  111.807816  122.750778  130.501724  133.024841  129.528122  121.371399  109.481720  96.713127  83.825623  70.790001  58.089844  47.220886 
 50.437920  63.817497  78.179688  92.946564  108.051559  122.707031  135.797806  144.800308  147.901718  143.787506  134.140778  120.212341  105.127655  90.623596  76.275467  62.567345  50.132965 
 52.540527  66.892189  81.882034  97.555779  114.042816  130.492966  144.833282  154.192505  157.122971  153.107346  142.969681  127.791718  110.921562  95.099686  80.111092  65.735153  52.307869 
 53.302658  67.972031  83.254845  99.415779  116.346725  133.321091  147.848282  157.243439  160.066406  156.149994  146.860931  131.206726  113.936722  97.484222  81.638748  66.633438  52.921768 
 52.529694  66.738434  81.657654  97.289215  113.690155  129.896561  143.989532  153.377655  156.215775  152.405151  143.227341  127.921097  111.010780  95.186874  80.104218  65.683746  52.220421 
 50.102913  63.529999  77.668434  92.510941  107.233437  121.672348  134.407974  143.375000  146.325943  142.474213  133.100159  119.771561  104.890160  90.483124  76.380936  62.716408  50.080780 
 46.949528  58.802658  71.799377  85.074532  97.951721  110.276093  120.927338  128.597351  131.037811  128.026245  119.922348  108.717812  96.117966  83.556877  70.707344  58.037811  47.106983 
 44.276196  53.186409  64.467346  76.436096  87.778595  97.955154  106.616249  112.446243  114.384995  112.002975  105.677811  96.712189  86.386719  75.334221  63.718437  52.719215  44.277348 
 42.443695  47.711407  56.379845  66.631096  76.644066  85.262184  92.164063  96.520157  98.035309  96.098595  91.375000  84.214378  75.446091  65.873436  55.757347  47.409531  42.585571 
 39.819530  43.524948  48.423386  56.255051  64.623650  71.501770  77.406151  80.845779  81.997398  80.854637  77.091667  71.192291  63.908394  55.690941  48.059631  43.521408  39.960155 
 } 
 GR Channel
 {
 50.296402  56.020996  62.071198  71.555832  80.965630  89.307243  95.659477  99.706245  100.989586  99.209114  94.901352  88.828232  80.460526  71.112038  62.088440  56.413132  52.787712 
 53.798904  60.978279  71.215157  83.108749  94.086876  103.578278  111.196564  116.087494  117.601257  115.266403  110.295937  102.556564  92.913437  82.111404  70.374687  60.489372  54.634369 
 56.627754  67.574219  80.734528  94.381561  106.960938  118.256409  127.559845  133.904846  135.925781  133.150467  126.651093  116.907181  105.354843  92.816254  79.537659  66.547501  56.532913 
 60.523384  74.464844  89.328125  104.364059  118.880783  132.498596  144.249222  152.302658  155.113281  151.603439  143.375778  130.936249  116.931870  102.602654  87.831879  73.189064  60.207809 
 64.244064  80.064064  96.035004  112.410782  128.934845  144.867661  158.753906  168.166092  171.480942  167.475632  157.859222  143.167343  126.443436  110.405937  94.409843  78.585312  63.940727 
 66.864944  83.768906  100.692810  117.940308  135.713287  153.496719  168.937347  178.771713  181.986557  178.120621  167.682495  151.554214  133.302185  115.899536  98.948128  82.386566  66.639061 
 67.936455  84.905624  102.149841  120.002350  138.295624  156.667343  172.384216  182.426559  185.598587  181.565781  172.118591  155.694214  136.873276  118.774063  100.943909  83.629372  67.487709 
 66.862816  83.515312  100.405937  117.684525  135.524063  153.180313  168.476563  178.737976  181.642349  177.997818  168.608902  152.196091  133.551254  116.038757  99.117188  82.576561  66.707817 
 63.973694  79.662659  95.757034  112.217651  128.561722  144.522186  158.414688  167.880783  171.266403  167.486404  157.673126  143.028748  126.642181  110.634529  94.781876  78.986252  63.912086 
 59.888023  73.958435  88.834999  103.863129  118.230469  131.747025  143.575317  151.899536  154.688751  151.462036  142.959061  130.877350  116.871719  102.820313  88.096405  73.321404  60.149948 
 56.549995  67.375000  80.425316  94.062653  106.805313  117.927963  127.666245  134.045151  136.057343  133.496399  126.685623  116.981400  105.609375  93.079529  79.688126  66.789688  56.766769 
 53.875107  60.654686  70.746559  82.628593  93.871559  103.525314  111.073593  115.892654  117.617813  115.586090  110.379997  102.465469  92.787971  81.894218  70.279999  60.399216  54.403587 
 50.020103  55.242188  61.187393  70.104637  79.523232  87.144058  93.624641  97.715370  99.331978  97.448387  93.332916  86.951927  78.886093  69.447342  60.778328  55.324013  50.730263 
 } 
 GB Channel
 {
 50.978386  56.623383  63.006149  72.859383  82.758743  91.619118  98.311562  102.642036  104.085152  101.960052  97.645836  90.645737  81.809898  72.032028  62.527397  56.559013  52.819427 
 53.789215  61.217346  71.834061  84.218124  95.837502  105.892654  113.835312  119.175156  120.639526  118.216095  112.826248  104.482811  94.240311  82.712654  70.541565  60.354218  54.365265 
 56.074791  67.368126  80.876877  95.077187  108.177345  120.109375  129.971100  136.677963  138.883286  135.938431  128.984375  118.535629  106.327187  93.182190  79.260628  65.960938  55.873436 
 59.613960  73.758125  89.099846  104.528595  119.568436  133.801407  145.901718  154.496094  157.517807  153.897034  145.127182  131.987350  117.435944  102.372658  87.209686  72.183594  59.090881 
 62.953598  78.962967  95.314377  112.094681  129.047180  145.399063  159.832184  169.688278  173.195465  168.999527  158.971878  143.748123  126.375626  109.769531  93.272346  77.258125  62.365211 
 65.294838  82.199219  99.371094  116.996567  135.175934  153.163284  169.067184  179.307816  182.691101  178.708130  167.994537  151.330627  132.681091  114.752350  97.469215  80.633278  64.852242 
 66.133072  83.162033  100.548439  118.598755  137.119217  155.856094  171.644684  182.065933  185.472961  181.503601  171.839539  155.042038  135.845474  117.293747  99.138596  81.817497  65.610832 
 65.066513  81.586716  98.600937  116.028900  134.020004  151.979065  167.496567  177.941711  181.054688  177.479218  167.872971  151.134689  132.233276  114.508286  97.212814  80.617966  64.704430 
 62.153435  77.975937  94.014687  110.618439  126.997192  143.208435  157.200623  167.071564  170.527969  166.831253  156.754837  141.997498  125.254837  109.030159  92.946716  77.040314  61.981560 
 58.507133  72.448593  87.370316  102.464691  116.935776  130.676254  142.545776  151.137344  153.923431  150.805466  142.080154  129.841568  115.570938  101.241249  86.358437  71.599686  58.430519 
 55.419586  66.114998  79.195465  92.909691  105.656250  117.113907  126.947968  133.394226  135.560318  132.917343  126.096725  116.147507  104.467346  91.796722  78.369530  65.376877  55.371872 
 52.968956  59.891876  69.937347  81.806877  93.261406  103.159065  110.710785  115.804214  117.500305  115.352814  109.865623  101.895309  91.969376  80.888283  69.161247  59.279686  53.275940 
 49.580208  54.606041  60.636299  69.586456  79.347862  87.108643  93.738487  98.083595  99.534065  97.833229  93.642296  86.789902  78.289375  68.808075  59.869164  54.424683  49.809265 
 } 
 B Channel
 {
 19.042500  21.602085  24.767033  29.652554  34.694584  38.815155  41.957188  43.719116  44.227760  43.095001  41.121357  37.781982  33.698956  28.890572  24.314430  21.407291  20.246456 
 19.789169  23.292500  28.405155  34.404842  39.793751  44.375782  47.764687  49.860153  50.364220  49.169998  46.827187  43.080311  38.430626  33.153282  27.421719  22.615623  20.431461 
 20.877552  26.194843  32.684219  39.339375  45.288593  50.464844  54.570000  57.205627  58.018906  56.564842  53.625153  49.078751  43.668125  37.770000  31.372032  25.190155  21.003696 
 22.550835  29.316250  36.629375  43.792812  50.478127  56.603905  61.656250  65.079063  66.053123  64.437500  60.714531  55.014061  48.599060  42.061874  35.132030  28.197342  22.645054 
 24.214527  31.833908  39.485313  47.093906  54.528595  61.482346  67.544220  71.415627  72.575157  70.763435  66.501404  59.957344  52.570625  45.299061  37.899376  30.616093  24.384636 
 25.316509  33.172970  41.149063  49.044846  57.012810  64.707970  71.222504  75.232185  76.344063  74.646561  70.143440  63.152344  55.113594  47.357346  39.767502  32.140156  25.425362 
 25.608700  33.523907  41.616562  49.705627  57.792030  65.721718  72.298439  76.184219  77.362656  75.641876  71.532188  64.308128  56.296875  48.416565  40.450470  32.581249  25.798336 
 24.970364  32.723907  40.660313  48.505623  56.387344  63.972504  70.276093  74.357346  75.342659  73.797188  69.752968  62.784065  54.754372  47.125156  39.562031  31.952187  25.342186 
 23.670212  30.933125  38.450001  46.047501  53.196404  60.074066  65.816093  69.600784  70.827187  69.190628  65.010468  58.797188  51.709534  44.676407  37.492970  30.349064  24.028229 
 21.691303  28.286095  35.375626  42.335938  48.777031  54.599686  59.446404  62.772346  63.757034  62.411873  58.757500  53.600624  47.363594  41.142033  34.396561  27.689686  22.138435 
 20.175415  25.255001  31.574062  37.902813  43.715626  48.590935  52.590309  55.204842  55.971878  54.728752  51.800468  47.584530  42.459686  36.805939  30.657345  24.639217  20.534843 
 19.186615  22.343906  27.149376  32.769844  38.020626  42.265156  45.480156  47.447811  48.009529  46.972031  44.650314  41.126720  36.706718  31.662655  26.266720  21.650467  19.465679 
 17.639530  19.870781  22.748959  27.109219  31.541878  34.962864  37.866615  39.518230  39.961407  39.253490  37.351978  34.348175  30.508595  26.092033  21.902763  19.349010  17.744843 
 } 


 White Balance Data with optical Center Data
 r_center_x =  652 r_center_y =  468 
 gr_center_x =  633 gr_center_y =  487 
 b_center_x =  631 b_center_y =  463 
 gb_center_x =  640 gb_center_y =  488 
 r/gr 0.860926 
 b/gr 0.415389 
 gb/gr 0.997857 
 r_oc_ave 160.675552 
 b_oc_ave 77.524445 
 gr_oc_ave 186.631104 
 gb_oc_ave 186.231110 

 [AWB]
 RGr =  0.860926 
 BGr =  0.415389 
 GbGr =  0.997857 
 r_oc_ave =  160.675552 
 b_oc_ave =  77.524445 
 gr_oc_ave =  186.631104 
 gb_oc_ave =  186.231110 