 LEFT LENS SHADING DATA
 RED Channel
 {
 40.943336  44.287086  48.955620  57.049950  65.759171  73.136826  78.925835  82.374893  83.470207  81.560318  77.530365  71.116608  63.479324  55.316566  47.732815  43.107864  40.111614 
 43.402916  48.754997  57.305626  67.827660  78.010002  87.007034  94.068748  98.579063  99.855621  97.512810  92.121407  84.386406  75.228279  65.499062  55.435310  47.055157  42.399532 
 45.169117  54.312653  65.799843  77.684532  89.576874  100.326721  109.132965  115.014526  116.810471  113.734848  106.852188  97.275154  86.254059  74.995941  63.277344  52.135780  43.998909 
 47.958698  59.963905  73.457657  86.805466  100.139374  112.908600  124.157501  131.661560  133.874222  129.991714  121.334534  109.474998  96.441719  83.490158  70.255936  57.634529  46.823494 
 51.213852  64.660934  79.282028  94.248749  109.115936  123.874069  137.256409  146.049850  148.638901  144.093750  134.145004  120.347656  105.013123  90.244530  75.765938  61.976410  49.733696 
 53.412819  67.806564  82.798904  98.979530  115.438599  131.618744  146.114532  155.274841  158.114380  153.674057  143.169373  127.601715  110.838905  94.856407  79.487656  64.941406  51.688286 
 54.230415  68.875000  84.269218  100.800156  117.745789  134.464844  149.026093  158.274536  160.977661  156.955307  147.039368  130.955627  113.713287  97.062813  81.221405  65.956566  52.411980 
 53.512558  67.693596  82.745781  98.449066  114.886093  131.110001  145.071243  154.135315  156.971252  152.897507  143.213913  127.475006  110.711876  94.836403  79.514221  64.842972  51.505264 
 50.956146  64.407814  78.648903  93.261719  108.290314  122.767349  135.316711  143.872971  146.596405  142.296570  132.786560  119.277817  104.298279  89.994843  75.659691  61.912033  49.403908 
 47.709328  59.512032  72.642502  85.812187  98.770935  111.146873  121.532654  128.767654  130.924683  127.791718  119.613907  108.416252  95.812187  82.959061  69.945465  57.145935  46.361359 
 44.822399  53.710312  65.319534  76.982658  88.292969  98.611717  106.984062  112.483597  114.237350  111.609840  105.266563  96.354218  85.853905  74.667656  62.687653  51.701874  43.649372 
 42.929638  48.248596  56.739532  67.008591  76.699997  85.256721  92.108437  96.356720  97.823280  95.792969  90.801559  83.714218  74.890472  65.076248  54.898590  46.551720  42.099846 
 40.590469  44.122555  48.743492  56.331306  64.525833  71.602760  77.274269  80.792351  81.682236  80.483177  76.606979  70.660263  63.190254  54.949165  47.329224  42.937344  40.046093 
 } 
 GR Channel
 {
 51.045006  56.172501  62.025261  71.225258  80.990257  88.949173  94.885986  98.723907  99.855629  97.678909  93.628334  87.075783  78.841766  69.949013  61.279221  55.829170  51.428749 
 55.320000  62.254997  72.151718  83.792969  95.030472  104.730003  112.078278  116.950775  118.448120  115.978287  110.592499  102.408905  92.722191  82.087967  70.796097  61.013748  55.081253 
 57.969421  69.077972  81.992340  94.998596  107.929222  119.495163  128.952194  135.155777  137.294693  134.075470  127.146713  117.231873  105.379684  93.093124  79.984688  67.294373  57.478127 
 61.670311  75.586563  90.673904  105.051407  119.493744  133.510788  145.665619  153.589539  155.951874  152.193283  143.458908  131.186096  117.014694  102.657967  88.079376  73.754532  61.141823 
 65.408699  80.986404  97.171249  113.475632  129.606567  145.535629  159.959534  169.184845  172.042343  167.805618  157.842499  143.224533  126.577347  110.153908  94.379845  78.771248  64.612915 
 68.162453  84.492653  101.324066  118.886719  136.538437  154.010788  169.436096  179.278748  182.214539  178.145782  167.524216  151.317032  133.140472  115.641724  98.594215  82.269066  66.978638 
 69.074066  85.720314  102.855316  120.682816  139.072662  157.197342  172.600937  182.404526  185.442505  181.545776  172.021088  155.414841  136.778595  118.577194  100.739532  83.498123  67.934792 
 67.998650  84.295311  101.006721  117.822662  135.849838  153.559525  168.588593  178.195313  181.261719  177.719528  168.250778  151.961868  133.529221  115.945786  98.810936  82.147186  66.886772 
 64.966042  80.604378  96.468750  112.373444  128.672653  144.713593  158.499527  167.474060  170.660629  166.650940  157.236252  142.869843  126.415619  110.396408  94.420158  78.814064  64.201569 
 60.854691  74.880936  89.606720  104.073906  118.066879  131.693436  143.300934  151.126404  153.647812  150.791718  142.591400  130.751099  116.808594  102.497971  87.870941  73.344528  60.610153 
 57.328651  68.214066  81.295158  94.334999  106.516090  117.565628  126.839691  132.922180  134.997971  132.592499  126.128754  116.779694  105.496559  92.969841  79.601410  66.899216  57.165260 
 54.809013  61.611717  71.506874  82.962189  93.500778  102.737030  110.093903  114.655777  116.500626  114.623276  109.503754  102.157501  92.693596  81.883125  70.301559  60.579689  55.030930 
 50.921928  56.199425  61.783546  70.543854  79.485985  86.847656  92.965363  96.686821  98.104790  96.779739  92.718750  86.616669  78.812553  69.644379  60.973228  55.701355  51.852608 
 } 
 GB Channel
 {
 51.583748  56.409164  62.376144  72.105888  82.230988  90.682289  97.209694  101.235840  102.430527  100.313698  95.765053  88.694214  79.933647  70.280205  61.349373  55.590202  51.393539 
 55.120003  62.088753  72.310310  84.341095  96.242035  106.351875  114.189682  119.304993  121.003433  118.355164  112.491089  103.719841  93.456566  82.211876  70.438126  60.439377  54.450630 
 57.407089  68.603752  81.912971  95.392815  108.751877  120.746872  130.785629  137.323593  139.561096  136.254684  128.767807  118.274216  105.707970  92.858284  79.312187  66.280472  56.636925 
 60.760941  74.852188  90.150940  104.989532  119.929382  134.424057  147.095779  155.405319  157.952499  154.025787  144.903595  131.862350  117.016098  102.091873  87.023903  72.472809  59.750313 
 64.322662  79.824532  96.280312  112.785309  129.421249  145.858124  160.676086  170.498276  173.488754  169.247192  158.684692  143.497650  126.145462  109.134216  92.880470  77.003281  63.025154 
 66.790680  83.045471  99.888283  117.519684  135.645630  153.571411  169.504211  179.575775  182.856247  178.634537  167.560471  150.866562  132.185318  114.014069  96.705154  80.145622  64.888542 
 67.314369  84.138123  101.181252  119.162186  137.669525  156.232971  171.997971  182.163132  185.389221  181.490158  171.568756  154.342346  135.256256  116.716400  98.603592  81.341873  65.582710 
 66.334534  82.618904  99.321877  116.278900  134.390625  152.403442  167.760620  177.610474  181.057663  177.284851  167.544998  150.652817  131.848282  113.933594  96.593437  79.873909  64.653275 
 63.426666  79.058746  95.008278  110.900780  127.244995  143.556870  157.648911  167.076096  170.361877  166.180161  156.526245  141.843597  124.841568  108.590622  92.423592  76.761406  62.258698 
 59.694633  73.592346  88.406097  102.903908  116.979996  130.798279  142.695618  150.821091  153.535629  150.570465  142.147964  129.796249  115.493744  100.937035  86.095154  71.536407  58.899940 
 56.490097  67.264687  80.419373  93.479691  105.791878  117.053909  126.643753  132.922974  135.157501  132.580002  125.926254  116.175308  104.455780  91.710785  78.128593  65.400627  55.763542 
 54.201508  60.921722  70.944374  82.501091  93.202812  102.657188  110.281715  115.184998  116.995316  114.966248  109.486404  101.813438  92.054062  81.001404  69.201408  59.509216  53.965675 
 50.626923  55.797340  61.476875  70.393799  79.694481  87.465935  93.779007  97.585419  98.929893  97.470421  93.149948  86.735100  78.428230  69.165779  60.244530  54.934845  51.368591 
 } 
 B Channel
 {
 18.340153  19.978073  22.498333  27.000416  31.840206  35.916195  38.953594  40.506199  40.876457  39.752918  37.771301  34.637138  30.489529  26.072189  21.907967  19.322815  17.653229 
 20.090988  22.832031  27.388748  32.884998  38.413124  43.168907  46.690468  48.781403  49.228127  47.883751  45.234844  41.298595  36.636406  31.585938  26.162342  21.570313  19.306149 
 21.120365  26.057655  32.175625  38.267654  44.233437  49.662498  54.128128  56.880470  57.478592  55.811722  52.440468  47.746094  42.249374  36.515781  30.342342  24.446095  20.455887 
 22.551563  29.095314  36.266094  42.946095  49.447815  55.560623  61.098907  64.647499  65.409691  63.409843  59.275154  53.595627  47.159374  40.673439  33.924686  27.305470  22.166508 
 24.226826  31.527031  39.193905  46.693127  53.725784  60.528908  66.769684  70.878281  72.008751  69.726097  65.063751  58.447189  51.026566  43.770939  36.644375  29.596874  23.762707 
 25.409893  32.952812  40.768906  48.721092  56.429688  63.802971  70.232185  74.379059  75.658440  73.725311  68.862030  61.577187  53.535156  45.864689  38.433281  31.050312  24.746559 
 25.671612  33.383907  41.219532  49.158592  57.142189  64.828590  71.090622  75.073593  76.452347  74.803123  70.365784  62.904533  54.700310  46.913437  39.164375  31.514999  25.106670 
 25.090313  32.654064  40.251251  47.764217  55.459373  62.924530  69.047188  72.839996  74.098595  72.583908  68.456718  61.224533  53.230469  45.636406  38.092968  30.792343  24.596302 
 23.682289  30.886875  38.139061  45.163280  52.111092  58.842499  64.528908  68.061249  69.141090  67.438278  63.514687  57.321564  50.220001  43.219688  36.167343  29.225780  23.308487 
 21.656460  28.144375  34.964531  41.446877  47.385780  53.058441  57.903282  61.115311  61.908127  60.611877  57.204376  52.133591  46.168751  39.858280  33.260311  26.685471  21.531925 
 19.968437  24.967186  31.068748  36.986561  42.352501  47.007343  50.905785  53.401718  54.108749  52.956406  50.186722  46.290001  41.331875  35.643906  29.484844  23.711250  19.919167 
 18.774948  21.751408  26.480156  31.762814  36.559689  40.594845  43.742813  45.661251  46.357811  45.436562  43.130470  39.905624  35.755157  30.727032  25.318748  20.868908  18.894115 
 17.372028  19.559528  22.321617  26.548645  30.703854  34.160469  36.802395  38.462082  38.933647  38.452812  36.533176  33.673542  29.974117  25.696407  21.522915  19.020363  17.893700 
 } 


 White Balance Data with optical Center Data
 r_center_x =  651 r_center_y =  472 
 gr_center_x =  649 gr_center_y =  472 
 b_center_x =  635 b_center_y =  467 
 gb_center_x =  648 gb_center_y =  468 
 r/gr 0.867373 
 b/gr 0.411025 
 gb/gr 1.000238 
 r_oc_ave 161.608887 
 b_oc_ave 76.582222 
 gr_oc_ave 186.320007 
 gb_oc_ave 186.364441 

 [AWB]
 RGr =  0.867373 
 BGr =  0.411025 
 GbGr =  1.000238 
 r_oc_ave =  161.608887 
 b_oc_ave =  76.582222 
 gr_oc_ave =  186.320007 
 gb_oc_ave =  186.364441 