 LEFT LENS SHADING DATA
 RED Channel
 {
 40.527035  43.794949  48.593079  56.347183  64.626610  71.722084  77.022087  80.219688  80.917297  79.238541  75.330048  69.383331  61.933128  53.842186  46.301975  42.021252  39.343334 
 43.102448  48.533905  57.075783  67.228439  76.923904  85.391251  92.226250  96.457184  97.354378  94.896873  89.902344  82.379997  73.461876  63.849686  53.797813  45.752499  41.380417 
 45.161358  54.085938  65.748123  77.563278  88.646248  98.632034  107.136566  112.928757  114.346252  111.285782  104.619064  95.199532  84.503128  73.278908  61.646408  50.809532  43.072239 
 47.964691  60.152191  73.217812  86.598747  99.460785  111.502342  122.197037  129.591095  131.551407  127.731567  119.160629  107.337814  94.521561  81.530159  68.619377  56.097031  45.548489 
 51.059532  64.521408  79.032028  93.845154  108.708435  123.081253  135.802185  144.110474  146.330307  141.983902  132.044693  118.021088  102.947655  88.356720  74.204689  60.602501  48.427917 
 53.298431  67.623436  82.563904  98.431252  114.972961  131.111877  145.129532  153.820465  156.088593  151.315475  141.048279  125.810318  109.043747  92.961876  77.875313  63.580154  50.456619 
 54.211929  68.687965  83.962189  100.099686  116.906876  134.058289  148.263123  157.218124  159.317657  154.956879  145.307495  129.332184  111.979065  95.317497  79.441406  64.587341  51.471306 
 53.564171  67.686249  82.447189  97.978905  114.192505  130.324844  144.556870  153.770004  155.889999  151.536255  141.643753  125.982346  109.233910  93.380783  78.152657  63.869690  50.829689 
 51.551559  64.814064  78.829216  93.225624  107.828278  122.088593  135.021713  143.693283  146.086090  141.690475  132.027039  118.255463  103.395470  88.830002  74.844215  61.216248  48.855003 
 48.175468  60.166092  73.065002  85.933281  98.674690  110.637657  121.432343  128.612183  130.750305  127.436096  119.186722  107.698441  95.056091  82.370628  69.272659  56.742653  45.999531 
 45.231403  54.377029  65.957184  77.689690  88.655785  98.528435  106.862343  112.455154  114.017654  111.432030  104.897499  95.869843  85.230621  74.252968  62.457344  51.454529  43.477657 
 43.451664  48.783752  57.476563  67.865936  77.561249  85.802658  92.396873  96.527809  97.614998  95.530159  90.559059  83.484528  74.638596  64.875626  54.711716  46.465782  42.031822 
 41.141251  44.849167  49.713226  57.598854  66.160835  73.062447  78.600632  81.822815  82.602913  81.015366  77.276154  71.199318  63.720879  55.275627  47.667759  43.190990  40.210575 
 } 
 GR Channel
 {
 51.249794  55.962288  61.668335  70.713966  79.783966  87.717766  93.343178  96.885727  97.784004  95.832863  91.652451  85.298492  77.025154  67.899376  59.208382  53.919113  50.484116 
 55.313545  62.103127  72.186249  83.841873  94.569374  103.882965  111.195465  115.811569  116.919220  113.800156  108.508904  100.540779  90.614532  79.814377  68.361092  58.897659  53.413704 
 58.250992  69.094528  82.568596  95.897346  108.431717  119.276413  128.357498  134.369537  135.973755  132.512024  125.123276  115.001251  103.324844  90.781250  77.652191  65.167816  55.664482 
 61.729744  76.164528  91.362190  106.489998  120.734070  133.967026  145.175781  152.921722  155.004059  150.972809  141.870163  128.905472  114.843277  100.396095  85.815781  71.557503  59.047089 
 65.370941  81.460938  98.152191  114.652817  130.993744  146.696716  160.229538  168.852036  171.036560  166.611557  156.290314  141.234848  124.491409  108.293747  92.371407  76.685623  62.548958 
 68.225105  85.129684  102.215622  119.746872  137.856400  155.395004  170.236252  179.265625  181.445007  176.678589  166.069214  149.949997  131.615631  113.732819  96.663750  80.240936  64.983025 
 69.286148  86.425316  103.827347  121.702499  139.982971  158.539841  173.580307  182.882660  185.212967  180.624847  170.637344  153.927185  135.207031  116.768280  98.647186  81.536247  65.864166 
 68.463440  85.043434  101.843124  119.202194  136.939056  154.534683  169.681717  179.237350  181.551407  176.910629  166.938278  150.346558  131.897034  114.158752  96.940468  80.371407  65.128281 
 65.992554  81.506096  97.499847  113.598434  129.791870  145.473587  159.421402  168.296570  170.863754  166.322037  156.280319  141.394058  124.940475  108.532654  92.859062  77.116096  62.611305 
 61.841095  75.792969  90.654999  105.197029  119.325470  132.557968  144.215149  151.843903  153.973587  150.580933  141.942810  129.367966  115.351410  101.026566  86.292030  71.704842  59.065048 
 57.888016  69.079689  82.424065  95.689217  107.825935  118.721725  127.753601  133.751099  135.424850  132.564682  125.455154  115.691101  104.026093  91.596252  78.277191  65.421562  55.934898 
 55.353233  62.329063  72.383278  84.131409  94.936249  104.049530  111.157188  115.628601  116.919373  114.450150  109.078438  101.365158  91.475937  80.541878  68.915314  59.229843  53.895470 
 51.899475  57.279480  63.002243  72.208702  81.549995  89.300995  95.377190  98.930054  99.701454  98.002029  93.678848  87.132454  78.878853  69.179367  60.532402  55.273384  51.277550 
 } 
 GB Channel
 {
 51.872810  56.580307  62.552299  72.147972  81.773804  90.136147  96.297234  99.989952  101.172546  98.979485  94.476303  87.467346  78.458488  68.933380  59.733337  54.190933  50.641769 
 55.486145  62.559059  72.886871  85.063591  96.268593  106.184059  113.915787  118.998901  120.096100  116.906555  111.157341  102.595467  91.995781  80.561096  68.627502  58.857185  53.405106 
 58.042030  69.083908  83.001564  96.882813  109.747345  121.247192  130.762817  137.131714  138.908905  135.219376  127.500778  116.901413  104.328125  91.223282  77.614372  64.711563  55.235733 
 61.132133  75.849846  91.450935  106.931717  121.684219  135.233597  147.027191  155.216400  157.513748  153.327820  143.780472  130.167496  115.497971  100.491875  85.324997  70.658905  57.987030 
 64.314163  80.643753  97.583282  114.508911  131.343124  147.246399  161.297348  170.416092  172.847504  168.294525  157.512817  141.959061  124.512344  107.741096  91.369843  75.483284  61.193069 
 66.711662  83.831253  101.295937  119.004837  137.386871  155.174377  170.474060  179.908432  182.336243  177.327347  166.549225  150.007965  131.189056  112.779221  95.336250  78.710625  63.271454 
 67.628433  84.883438  102.425781  120.430161  138.912338  157.776718  173.107651  182.742340  185.233124  180.599533  170.594849  153.495468  134.322189  115.475006  97.034378  79.768127  64.172295 
 66.729897  83.431564  100.238907  117.701248  135.572968  153.469849  168.913589  178.894684  181.292664  176.658432  166.516724  149.608902  130.830002  112.605621  95.192184  78.565628  63.233536 
 64.410156  79.963280  96.005470  112.243118  128.637970  144.446091  158.725006  167.814529  170.634995  166.078598  155.763901  140.716873  123.854691  107.197655  91.245003  75.385628  60.985626 
 60.433540  74.574371  89.392189  104.048439  118.409683  131.848129  143.582184  151.436249  153.797974  150.399063  141.565628  128.727493  114.399689  99.739998  84.764061  70.130936  57.533859 
 56.881721  68.013596  81.400467  94.820160  107.122971  118.237183  127.409058  133.648132  135.475006  132.630463  125.292496  115.212036  103.291252  90.573906  77.006409  64.164375  54.718544 
 54.664474  61.526566  71.744530  83.662186  94.678436  103.938438  111.286407  116.068756  117.386566  114.928589  109.182343  101.239845  90.954376  79.825935  68.050156  58.303284  52.959740 
 51.526146  56.835312  62.661827  71.819687  81.607605  89.738022  95.883698  99.660828  100.430725  98.602135  93.927132  87.124214  78.592712  68.717606  59.895775  54.446815  50.832237 
 } 
 B Channel
 {
 18.331875  20.514374  23.264481  27.479374  31.945835  35.609428  38.417030  39.923336  40.210468  39.296040  37.335209  34.302971  30.363228  25.956772  21.638336  19.136196  17.809116 
 20.132294  23.264374  28.114063  33.776875  38.840000  43.064220  46.273907  48.279999  48.629845  47.324375  44.868126  41.128593  36.455311  31.330936  25.884998  21.387657  19.254112 
 21.154999  26.456249  32.921562  39.396252  45.194687  50.105934  54.001404  56.524841  57.033440  55.391403  52.228127  47.551720  42.132343  36.353592  30.125000  24.232811  20.430729 
 22.492031  29.580154  36.936562  44.059845  50.603905  56.521408  61.339378  64.522812  65.142967  63.229218  59.170311  53.471718  47.026093  40.471092  33.713280  27.076717  21.889427 
 24.044949  31.742657  39.718750  47.462345  54.921410  61.831093  67.675316  71.058594  71.737968  69.661873  65.067184  58.451561  51.097343  43.780624  36.492813  29.369064  23.514065 
 25.042240  32.999531  41.179531  49.303436  57.382347  65.100311  71.445465  74.954376  75.760628  73.523903  68.887032  61.763748  53.713127  45.917500  38.225624  30.858437  24.553440 
 25.411980  33.379063  41.499531  49.687500  57.945465  65.957809  72.257660  76.032654  76.855003  74.864685  70.521721  63.076096  54.933128  46.955624  38.984688  31.282345  24.998383 
 25.050156  32.707031  40.390781  48.249847  56.191406  63.903595  70.204216  74.105316  75.004372  73.043594  68.878593  61.680313  53.632187  45.891876  38.124374  30.839687  24.472191 
 24.111355  31.133438  38.472813  45.785000  52.989220  59.763908  65.796562  69.462189  70.383591  68.544846  64.213753  57.930466  50.773438  43.646408  36.525936  29.457031  23.501404 
 22.258854  28.639687  35.495155  42.165783  48.402344  54.190628  59.104218  62.290627  63.162033  61.733749  58.036873  52.765312  46.636406  40.308437  33.522499  26.902031  21.760571 
 20.400574  25.547031  31.763439  37.853127  43.348907  48.142189  52.038284  54.508125  55.206718  54.019684  50.996407  46.820469  41.708908  36.074219  29.902031  24.064377  20.254375 
 19.256405  22.388283  27.165627  32.748436  37.715939  41.868908  45.015625  46.914063  47.413124  46.415627  44.103127  40.681095  36.180939  31.141720  25.687187  21.267654  19.427868 
 18.238071  20.632240  23.635624  28.193855  32.774685  36.498699  39.202709  40.891144  41.020626  40.364788  38.429375  35.301304  31.396770  26.750679  22.430519  20.018696  18.959118 
 } 


 White Balance Data with optical Center Data
 r_center_x =  655 r_center_y =  480 
 gr_center_x =  627 gr_center_y =  494 
 b_center_x =  631 b_center_y =  475 
 gb_center_x =  627 gb_center_y =  505 
 r/gr 0.859833 
 b/gr 0.413928 
 gb/gr 0.999761 
 r_oc_ave 159.902222 
 b_oc_ave 76.977776 
 gr_oc_ave 185.968887 
 gb_oc_ave 185.924438 

 [AWB]
 RGr =  0.859833 
 BGr =  0.413928 
 GbGr =  0.999761 
 r_oc_ave =  159.902222 
 b_oc_ave =  76.977776 
 gr_oc_ave =  185.968887 
 gb_oc_ave =  185.924438 