 LEFT LENS SHADING DATA
 RED Channel
 {
 42.192970  45.880054  50.967705  59.119164  67.458900  74.614532  80.090050  83.504890  84.215782  82.482033  78.673386  72.391457  64.684792  56.302551  48.646614  43.840675  41.156925 
 44.772556  50.438591  59.429375  69.922501  79.609528  88.131409  94.973595  99.347809  100.357658  97.928909  92.954842  85.296875  76.071877  66.251091  56.141403  47.601719  42.624012 
 46.965313  56.410309  68.224373  80.234528  91.610153  102.033127  110.749374  116.379059  117.731247  114.664536  108.112816  98.376251  87.340782  75.875626  64.108437  52.830627  44.256458 
 50.626877  62.618126  75.985466  89.687347  103.062347  115.497345  126.362808  133.876404  135.970306  131.941879  123.348587  111.179062  97.898285  84.568123  71.388123  58.475624  47.365211 
 53.906090  67.829216  82.286873  97.327660  112.713913  127.323593  140.411407  149.043900  151.408127  146.818909  136.767654  122.477493  106.852028  91.822655  77.196564  63.273590  50.494225 
 56.534004  71.354218  86.433594  102.628441  119.461090  135.973282  150.144379  159.003754  161.441559  156.903275  146.260941  130.414368  113.174057  96.703125  81.142342  66.337341  52.625885 
 57.353745  72.519997  88.177658  105.024063  122.226089  139.280777  153.710632  162.859222  165.263901  160.743439  150.694061  134.339539  116.763596  99.607811  83.054688  67.495628  53.695206 
 56.786568  71.432816  86.975937  103.223434  119.941711  136.200150  150.546249  159.719528  162.076874  157.370316  147.464371  131.406097  114.059845  97.493279  81.755470  66.869843  53.037971 
 54.349380  68.309372  83.207809  98.485626  113.756882  128.472351  141.427185  150.076874  152.342026  147.631714  137.762650  123.722656  108.246872  93.027969  78.455467  64.307190  51.151772 
 51.121353  63.455940  77.222191  91.045937  104.490784  117.061249  127.753433  135.055313  137.029068  133.376877  124.883438  112.958130  99.587189  86.393127  72.925629  59.825623  48.230202 
 48.258430  57.682190  69.671410  82.237503  94.019218  104.527969  113.239059  118.859375  120.315628  117.390930  110.391090  100.797501  89.690002  78.197189  65.864059  54.395782  45.703075 
 46.239532  52.037659  61.108749  71.921097  82.216721  91.085312  98.078278  102.440155  103.513596  101.097191  95.685310  87.964066  78.673126  68.516563  57.810783  49.246719  44.256512 
 43.238281  47.504528  52.576668  60.702133  69.506088  76.967812  82.845154  85.979950  86.812141  85.047600  80.763649  74.468643  66.463959  57.949059  50.030571  45.250675  41.964428 
 } 
 GR Channel
 {
 52.099159  57.364166  63.511452  73.006195  82.106407  89.677025  95.745308  99.125267  99.975677  98.231560  94.016930  87.473228  78.960258  69.763229  60.916771  55.175522  51.783028 
 56.099998  63.222504  73.736877  85.592659  96.213280  105.303909  112.570313  116.724213  117.914215  115.421570  110.226715  101.954063  92.232971  81.520309  70.103439  60.098434  53.942184 
 59.181038  70.535622  84.202812  97.532654  109.871407  120.818756  129.638901  135.224533  136.614212  133.538132  126.767029  116.798431  105.169846  92.742500  79.659691  66.702812  56.316147 
 63.649948  77.960159  93.239372  108.136871  122.314682  135.269379  146.417191  153.982025  156.085785  152.088440  143.455307  131.024536  116.908752  102.731094  88.183907  73.467659  60.166611 
 67.706360  84.045937  100.285622  116.482025  132.622818  147.799530  161.132339  170.047348  172.373596  167.822968  157.913132  143.221100  126.805786  110.828751  94.876717  79.083435  64.145515 
 70.835625  88.136871  104.935623  122.169998  139.720474  156.519836  171.389374  180.570160  182.940781  178.377029  167.983749  151.631088  133.487976  116.231720  99.445938  82.808594  66.792549 
 71.775467  89.578590  106.947029  124.682968  142.423126  159.927505  175.023438  184.285934  186.743286  182.303757  172.523911  155.908600  137.459839  119.354218  101.634064  84.164528  67.988907 
 71.062660  88.225784  105.449997  122.729538  139.742188  156.579056  171.584381  180.870789  183.387817  178.818756  169.193436  152.396713  134.077652  116.701248  99.704842  83.268906  66.979942 
 68.070778  84.628906  101.269531  117.275940  133.043594  148.399536  161.641556  170.524063  173.074371  168.487976  158.594849  144.051086  127.775467  111.626404  95.926872  80.021095  64.536301 
 64.161461  78.864372  94.302971  109.167969  123.111252  135.848907  146.748749  154.362656  156.565628  153.006714  144.559067  132.388123  118.313751  104.167503  89.501877  74.667969  60.983177 
 60.348701  72.026405  85.618904  99.206879  111.602654  122.325943  131.137970  136.946716  138.699524  135.664063  128.783127  118.977493  107.275780  94.862656  81.257813  68.134689  57.665520 
 57.495934  65.073441  75.360001  87.200157  98.165154  107.638435  114.974380  119.423599  120.529694  118.047806  112.600937  104.785309  94.842812  83.729065  71.705780  61.677498  55.377914 
 52.769691  58.771774  64.867912  73.891197  83.694115  91.769272  97.974373  101.318382  102.164268  100.254478  95.924271  89.315315  80.729477  71.186562  62.119743  56.374161  51.828339 
 } 
 GB Channel
 {
 52.498810  57.893387  64.367393  74.455620  84.078384  92.327705  98.870209  102.809578  103.811768  101.857872  97.339066  90.116821  80.939796  71.176765  61.732613  55.849167  52.022919 
 55.813797  63.266090  74.146561  86.534378  97.821091  107.519379  115.423126  119.913757  121.247192  118.590149  113.027817  104.358284  93.971878  82.430939  70.504684  60.146248  53.747925 
 58.532494  70.017502  84.043594  97.959686  110.794060  122.416245  131.823120  137.897659  139.556870  136.387497  129.274216  118.702820  106.384064  93.302658  79.539375  66.213127  55.696037 
 62.308807  76.831093  92.435936  107.761406  122.501724  136.147507  147.828430  155.972656  158.506409  154.364212  145.475784  132.348434  117.563126  102.670937  87.581879  72.499374  58.916458 
 65.982079  82.266251  98.780159  115.372192  131.903900  147.707336  161.568436  171.077652  173.869690  169.415161  159.121719  143.903900  126.823593  110.153748  93.725937  77.619064  62.401985 
 68.450935  85.898438  102.740158  120.237976  138.035629  155.320465  170.706406  180.490463  183.142807  178.722504  168.073288  151.485153  132.890472  115.010162  97.686722  80.866875  64.576042 
 69.348129  86.809372  104.231720  122.141556  140.045319  157.896408  173.357819  183.218277  186.051559  181.806564  171.898438  154.863907  136.067184  117.572189  99.440941  81.905624  65.628548 
 68.401772  85.493439  102.611565  119.908432  136.989059  154.217499  169.467346  179.226715  182.199371  177.795319  168.037186  151.130936  132.402649  114.605316  97.364059  80.765625  64.523125 
 65.761299  81.991096  98.536407  114.561722  130.463440  145.990158  159.504532  168.873123  171.648438  167.246719  157.273911  142.464371  126.045776  109.595314  93.593597  77.607033  62.212234 
 62.067970  76.481094  91.885941  106.652496  120.716400  133.640152  144.808899  152.763443  155.140320  151.771561  143.298599  130.894684  116.707504  102.312500  87.319687  72.493126  58.826042 
 58.664482  70.036560  83.520622  97.115158  109.578438  120.470474  129.576569  135.817657  137.602966  134.685944  127.723755  117.728745  105.798592  93.196404  79.508278  66.220314  55.821976 
 55.983902  63.319534  73.712189  85.559685  96.779999  106.343437  113.951874  118.849838  119.968903  117.517807  111.991096  103.860939  93.672966  82.321404  70.302811  60.143753  53.967506 
 51.853493  57.426407  63.758850  72.861771  82.711670  91.333435  97.453125  101.422966  102.239532  100.365730  95.607132  88.908432  80.114838  70.208702  60.828651  55.186256  50.878746 
 } 
 B Channel
 {
 18.457191  20.899273  23.945259  28.551147  33.186611  36.995781  39.843075  41.494324  41.736454  40.951614  38.923489  35.697659  31.521717  27.062084  22.766560  19.884220  18.673386 
 19.795525  23.135937  28.101719  33.834061  39.012657  43.272655  46.540783  48.408279  48.909378  47.741405  45.228283  41.442032  36.774845  31.748749  26.415314  21.712345  19.253387 
 21.164478  26.331562  32.835625  39.260937  45.081875  50.025467  54.001717  56.419373  56.874222  55.391563  52.305626  47.646252  42.362812  36.738281  30.683437  24.694061  20.340729 
 22.955521  29.660938  36.832500  43.919846  50.507034  56.299217  61.198753  64.419998  65.017029  63.059532  59.203590  53.578125  47.292343  41.005936  34.439529  27.704220  22.170677 
 24.716042  32.316875  39.999218  47.613281  54.836250  61.524529  67.233597  70.953590  71.535622  69.384842  64.874222  58.426094  51.306404  44.448124  37.332188  30.162655  23.950783 
 25.931095  34.054218  42.004688  49.897499  57.668282  65.004684  71.327499  74.856720  75.465157  73.316559  68.694534  61.798279  54.034843  46.529064  39.105156  31.703594  25.074219 
 26.229115  34.573906  42.757187  50.835312  58.680313  66.149216  72.334373  75.907341  76.637497  74.532501  70.294685  63.220627  55.486877  47.743439  40.054375  32.265625  25.600208 
 25.971928  34.086720  42.088280  49.906250  57.470154  64.637184  70.627655  74.225784  74.954216  72.969063  68.864532  61.915939  54.119217  46.709686  39.264374  31.827812  25.094479 
 24.761097  32.534218  40.216095  47.552658  54.477188  60.899689  66.282967  69.785309  70.534531  68.658440  64.529373  58.497658  51.465157  44.587345  37.640781  30.444530  24.044323 
 23.155830  29.980000  37.140781  43.908592  50.055939  55.359222  59.818748  62.880623  63.696251  62.156563  58.617500  53.516090  47.464844  41.345158  34.746250  27.967812  22.304482 
 21.675365  26.908905  33.110313  39.275158  44.789219  49.411560  53.153908  55.545784  56.227966  55.002968  52.059845  47.803280  42.766407  37.207344  31.069843  25.040939  20.651768 
 20.480782  23.682655  28.333752  33.703594  38.830936  42.992813  46.084530  48.089378  48.537811  47.585781  45.178123  41.657658  37.277500  32.201874  26.714375  22.027657  19.569115 
 18.727451  20.892864  23.414165  27.628384  32.061771  35.813229  38.661407  40.259789  40.640316  39.938904  37.772289  34.857864  30.871666  26.483124  22.276459  19.634113  17.929951 
 } 


 White Balance Data with optical Center Data
 r_center_x =  634 r_center_y =  486 
 gr_center_x =  629 gr_center_y =  484 
 b_center_x =  642 b_center_y =  469 
 gb_center_x =  657 gb_center_y =  480 
 r/gr 0.884361 
 b/gr 0.408784 
 gb/gr 0.995170 
 r_oc_ave 166.004440 
 b_oc_ave 76.733330 
 gr_oc_ave 187.711105 
 gb_oc_ave 186.804443 

 [AWB]
 RGr =  0.884361 
 BGr =  0.408784 
 GbGr =  0.995170 
 r_oc_ave =  166.004440 
 b_oc_ave =  76.733330 
 gr_oc_ave =  187.711105 
 gb_oc_ave =  186.804443 