 LEFT LENS SHADING DATA
 RED Channel
 {
 40.521145  44.176563  49.507401  57.919800  66.495316  73.935936  79.680939  83.274170  84.412865  82.915100  79.111771  73.090050  65.482498  57.324844  49.345566  44.664429  42.016094 
 43.257809  48.876564  57.992813  68.693123  78.826561  87.658440  94.918434  99.565002  101.003906  98.808441  93.908440  86.476097  77.523750  67.722969  57.480782  48.899216  44.275681 
 45.642551  54.682343  66.479530  78.771095  90.470314  101.201561  110.164375  116.316254  118.339691  115.496094  108.921875  99.416565  88.676247  77.365158  65.529533  54.378754  46.034168 
 48.748016  60.678436  73.903435  87.561562  101.111252  114.004837  125.115631  133.165939  135.555786  132.108124  123.874695  111.742500  98.835938  85.859688  72.660004  59.878281  48.790993 
 52.052284  65.488129  79.773903  94.630157  110.176094  125.066711  138.483902  147.372971  150.183441  146.135315  136.699219  122.496399  107.194221  92.647812  78.242035  64.340469  51.818596 
 54.435051  68.814842  83.796875  99.518440  116.303284  133.065002  147.473129  156.676407  159.266556  155.330780  145.444687  129.900620  113.169067  97.103592  81.889221  67.317657  53.937866 
 55.265778  70.006409  85.399529  101.839378  118.661255  135.988129  150.555161  159.628281  162.332962  158.628601  149.183289  133.412659  115.982193  99.400627  83.590782  68.401566  54.835312 
 54.369278  68.998436  84.046562  99.740623  116.224686  132.380936  146.887497  156.199371  159.021255  154.989532  145.611252  130.098907  112.942810  97.113594  81.894218  67.395157  54.184532 
 52.193123  65.844376  80.108749  94.910156  109.966248  124.374374  137.519684  146.502655  149.143127  145.136093  135.520935  121.940933  106.912498  92.339691  78.126404  64.433441  51.919273 
 49.013489  60.997032  74.144684  87.723282  100.789215  113.091095  123.877502  131.579376  133.816879  130.571716  122.416412  110.985779  98.196251  85.404221  72.286247  59.693123  48.868958 
 46.343491  55.284531  66.768127  79.015472  90.643593  100.747971  109.537498  115.470154  117.239380  114.710464  108.009689  98.830780  88.179062  76.944374  65.149376  54.055466  46.107346 
 44.740940  49.969688  58.478905  69.031250  79.213905  87.822342  94.940002  99.328125  100.755470  98.854691  93.839844  86.070160  77.314529  67.476097  57.223282  48.963753  44.518749 
 42.310101  45.859688  50.491608  58.332085  66.829117  73.838799  79.860413  83.476044  84.356514  83.218437  78.978798  73.120781  65.344322  56.975052  49.418495  44.985416  41.945415 
 } 
 GR Channel
 {
 50.433441  55.390106  61.453178  71.101715  80.445572  88.357086  94.416199  97.998695  99.274109  97.513695  93.724846  87.489059  79.395363  70.247345  61.247917  55.772766  52.327759 
 54.393860  61.392189  71.949219  83.907341  94.945778  104.307503  111.685158  116.432663  117.853912  115.606400  110.671722  102.966560  93.438904  82.696716  71.108749  61.194221  55.394424 
 57.603439  68.535934  81.865311  95.432343  108.149376  119.369217  128.651413  134.906403  136.884369  134.124847  127.287033  117.573593  106.237030  93.886719  80.705627  67.937653  57.792030 
 61.739952  75.728905  90.564529  105.517189  120.039993  133.783127  145.461563  153.563751  156.139694  152.550934  143.989532  131.596725  117.741562  103.692810  89.230621  74.512032  61.518074 
 65.900162  81.502029  97.423752  113.540314  130.065308  146.198120  160.248123  169.372650  172.438126  168.257507  158.522964  143.690628  127.376251  111.612968  95.776093  80.024063  65.311562 
 68.853378  85.488594  102.012810  119.051559  136.841568  154.627350  170.000626  179.728912  182.358276  178.560776  168.292038  152.215469  134.176712  116.796875  100.052345  83.609062  67.960312 
 69.874222  86.819847  103.851563  121.485626  139.401413  157.890320  173.460159  183.097031  186.006088  182.109070  172.861877  156.274536  137.759216  119.732193  102.241409  85.172813  69.099060 
 68.720940  85.562187  102.384842  119.259995  136.800781  154.257187  170.164688  179.815781  182.578751  178.561722  169.130936  152.938751  134.321869  116.967819  100.166565  83.804688  68.172188 
 66.013283  81.897659  97.855003  113.978912  130.198746  145.803757  160.052811  169.537186  172.397507  168.181870  158.310471  143.969055  127.535309  111.605156  95.820938  80.265938  65.486771 
 61.954529  76.068909  90.941254  105.999222  119.987350  133.411713  145.067810  153.198441  155.813751  152.483444  143.847504  131.780945  117.900787  103.678749  89.116562  74.557343  61.675049 
 58.646774  69.413437  82.617188  96.278748  108.787498  119.822815  129.086716  135.440628  137.503601  134.776093  127.633118  118.041718  106.608284  94.071716  80.716248  67.918434  58.292610 
 56.188805  62.867340  72.800934  84.665779  95.791718  105.197342  112.801254  117.405945  119.074692  116.916565  111.484222  103.522186  93.998436  83.055153  71.256874  61.696251  56.229172 
 52.462555  57.605888  62.970940  71.829742  81.518181  89.209221  95.593742  99.400108  100.468857  99.091148  94.699425  88.183022  79.867607  70.344528  61.599792  56.632919  52.980423 
 } 
 GB Channel
 {
 49.831879  54.643959  61.149323  71.089165  81.235001  89.610939  96.159904  100.268074  101.694115  99.870628  95.579895  88.888176  80.186821  70.532860  61.177498  55.397812  51.927391 
 53.314377  60.349373  71.104530  83.510002  95.022499  104.918434  112.972809  118.034531  119.837662  117.456879  112.101563  103.936722  93.962029  82.735153  70.798752  60.672813  54.715729 
 55.987663  66.985779  80.511253  94.392815  107.554375  119.573441  129.255463  135.960159  138.284851  135.409058  128.334381  118.199844  106.343750  93.583122  79.995468  66.981407  56.871613 
 59.679893  73.615311  88.595001  103.813751  118.878906  133.164688  145.404221  154.089691  157.000931  153.531250  144.548904  131.699844  117.481720  102.867966  88.040154  73.222504  60.004997 
 63.370468  78.952347  94.845940  111.221878  128.240936  144.856400  159.446564  169.182343  172.648285  168.475159  158.598587  143.441254  126.605316  110.322502  94.268127  78.321251  63.483749 
 65.965309  82.561562  99.158127  116.233597  134.464996  152.836716  168.678909  178.806091  181.902969  178.032501  167.755463  151.427338  132.866257  115.112030  98.128906  81.667030  65.763489 
 66.902550  83.654846  100.739845  118.396561  136.578430  155.444214  171.508591  181.861252  185.050934  181.294525  171.903442  155.161087  136.213745  117.871719  100.093437  82.933746  66.906670 
 65.743027  82.468437  99.262344  116.260941  134.014526  151.780777  167.979370  178.311569  181.441406  177.496399  168.003601  151.554688  132.709213  115.057343  98.168747  81.716408  66.146194 
 63.256195  79.005157  94.996407  111.138123  127.473755  143.484680  158.098434  168.241257  171.338120  167.463440  157.332336  142.762344  126.242188  109.928749  94.010941  78.334061  63.533646 
 59.696671  73.642502  88.480469  103.612503  117.714371  131.498444  143.631882  152.174225  154.926559  151.780777  143.128906  130.873123  116.705933  102.278595  87.525314  72.949684  59.962601 
 56.719215  67.399841  80.683281  94.422966  107.148590  118.393906  128.205780  134.909683  137.162659  134.529694  127.303757  117.357193  105.669998  92.983749  79.489845  66.567657  57.040779 
 54.691566  61.281563  71.450783  83.378906  94.702660  104.386406  112.443130  117.492188  119.349380  117.200470  111.593750  103.319687  93.448128  82.281876  70.277344  60.745781  55.354324 
 51.397812  56.276138  61.794319  70.944115  80.851616  89.080368  95.947708  100.015938  101.042709  99.757759  95.032921  88.415939  79.822708  69.929375  61.087555  55.959320  52.295578 
 } 
 B Channel
 {
 17.829372  19.639793  22.566666  27.248386  31.941040  35.746613  38.635574  40.220524  40.816097  39.915363  37.939167  35.018749  31.028385  26.542240  22.267864  19.784843  18.696510 
 19.586876  22.489376  27.316250  33.067345  38.483124  42.832657  46.207031  48.248436  48.867966  47.765156  45.445000  41.726250  37.198593  32.058281  26.636406  22.175468  19.947762 
 20.783539  25.798126  31.915157  38.274063  44.307812  49.509529  53.518593  56.161095  56.899376  55.619064  52.530624  48.010780  42.786877  36.946251  30.862343  25.134998  21.027500 
 22.575001  29.078751  35.912811  42.707188  49.342972  55.508904  60.563126  63.893127  64.720779  63.251564  59.327347  53.789215  47.519062  41.167812  34.476875  28.129063  22.722397 
 24.397655  31.583282  38.819687  45.992500  53.370003  60.372971  66.320938  70.015160  71.054535  69.260780  64.994843  58.574532  51.359375  44.335938  37.190781  30.414375  24.363960 
 25.601509  33.142967  40.659374  48.074997  55.901566  63.606247  69.916092  73.720779  74.638596  72.855003  68.595940  61.609840  53.779846  46.196564  38.790783  31.863125  25.393539 
 25.933437  33.515938  41.273438  48.913750  56.584221  64.388748  70.742340  74.599846  75.554062  73.845001  69.866875  62.829842  54.887497  47.208439  39.563595  32.362030  25.818493 
 25.479740  32.918282  40.579845  47.877655  55.179840  62.501564  68.970627  72.817810  73.825623  71.999847  68.014847  61.228905  53.310936  45.875626  38.559063  31.694374  25.325626 
 24.228382  31.183594  38.515938  45.539375  52.253906  58.703438  64.532341  68.344688  69.343597  67.609222  63.390625  57.321251  50.424217  43.552345  36.697811  30.118126  24.057705 
 22.358799  28.557343  35.330780  42.001095  47.808750  53.391716  58.135315  61.446091  62.294220  60.892967  57.348282  52.174217  46.355782  40.111717  33.679062  27.528126  22.276875 
 20.837551  25.499844  31.518124  37.621407  43.008282  47.635155  51.553749  54.131096  54.928749  53.645309  50.691559  46.470627  41.525002  35.932812  29.943592  24.534374  20.705624 
 19.700367  22.500156  27.005470  32.428280  37.269531  41.324688  44.564842  46.529999  47.116093  46.198437  43.787968  40.323750  36.004845  31.053280  25.717499  21.669376  19.813957 
 18.375782  20.222862  22.606926  26.639740  31.085987  34.443436  37.343388  38.967083  39.441719  38.785934  36.883595  33.814167  30.072136  25.583076  21.585003  19.544376  18.423542 
 } 


 White Balance Data with optical Center Data
 r_center_x =  664 r_center_y =  506 
 gr_center_x =  647 gr_center_y =  481 
 b_center_x =  639 b_center_y =  452 
 gb_center_x =  632 gb_center_y =  481 
 r/gr 0.870162 
 b/gr 0.404470 
 gb/gr 0.994151 
 r_oc_ave 162.662216 
 b_oc_ave 75.608887 
 gr_oc_ave 186.933334 
 gb_oc_ave 185.839996 

 [AWB]
 RGr =  0.870162 
 BGr =  0.404470 
 GbGr =  0.994151 
 r_oc_ave =  162.662216 
 b_oc_ave =  75.608887 
 gr_oc_ave =  186.933334 
 gb_oc_ave =  185.839996 