 LEFT LENS SHADING DATA
 RED Channel
 {
 42.179684  45.973854  50.908493  58.915421  67.439941  74.844063  80.513176  84.050934  85.143539  83.175476  79.354477  73.080513  65.315102  56.866615  49.402397  44.849739  42.283905 
 44.303020  49.690941  58.399529  68.983749  79.042656  87.791565  94.764221  99.272186  100.494377  98.079842  92.996559  85.245941  76.200935  66.406403  56.192810  47.960781  43.705574 
 46.005264  54.966721  66.478439  78.653748  90.231407  100.700935  109.565468  115.442963  117.012024  113.869370  107.376251  97.721565  86.671722  75.295784  63.660004  52.687965  44.825676 
 49.163383  60.851097  74.175934  87.651253  101.086250  113.705780  124.813126  132.214371  134.264374  130.500626  121.945938  109.987190  96.760468  83.731720  70.637184  57.966873  47.355625 
 52.280945  65.825935  80.284691  95.202812  110.398903  125.144226  138.262192  146.702026  149.124069  144.715149  134.915939  121.040787  105.489998  90.679375  76.196404  62.327660  50.322868 
 54.458183  69.012970  84.080627  100.134689  116.769058  133.182663  147.399368  156.298599  158.640320  154.138123  143.880783  128.593277  111.535156  95.280785  79.952187  65.336716  52.215263 
 54.955673  69.967972  85.556717  102.024063  118.967651  136.060150  150.347351  159.449997  161.804993  157.602661  148.139847  132.026871  114.440781  97.564064  81.572342  66.404533  52.930161 
 54.460678  68.771721  83.976563  99.888908  116.311096  132.815155  147.006256  155.904221  158.370163  154.008743  144.497345  128.825623  111.862968  95.629997  80.174530  65.493591  52.218384 
 52.076454  65.580627  79.963440  94.956879  109.848434  124.662338  137.630783  146.160156  148.580780  144.081879  134.710007  121.105469  105.861565  91.115158  76.690155  62.841248  50.411255 
 48.839684  60.667191  73.868439  87.380310  100.533127  113.077972  123.862503  131.196869  133.306244  129.837814  121.600937  109.969215  97.138748  84.145622  71.029060  58.285469  47.500679 
 46.005726  55.001564  66.559685  78.574371  90.108597  100.410934  109.248283  114.964066  116.645309  113.832809  107.216873  97.870628  87.172028  75.857185  64.026253  52.922028  44.770992 
 44.335262  49.671722  58.354065  68.825470  78.819687  87.519379  94.469215  98.873436  100.283592  98.132500  92.920624  85.503593  76.441254  66.558594  56.309532  47.918282  43.415569 
 41.861927  45.692341  50.302399  58.298592  66.922600  74.179787  79.875259  83.326775  84.202965  82.876251  78.856873  72.790466  65.210419  56.627556  48.915985  44.395573  41.281406 
 } 
 GR Channel
 {
 51.948547  56.983955  62.879898  71.838539  81.140724  89.023491  95.033592  98.679741  99.890724  97.672607  93.551041  86.776451  78.482658  69.235626  60.632545  55.337975  52.127556 
 55.233955  61.881874  71.997810  83.673126  94.692810  104.004532  111.335472  116.053284  117.160309  114.520935  109.245628  101.065628  91.277031  80.451874  69.089844  59.619843  54.395882 
 57.601929  68.255470  81.289375  94.919373  107.604691  118.654373  127.954376  134.082809  135.763901  132.335632  125.218903  115.024368  103.154221  90.823593  77.897499  65.276718  56.050255 
 61.575943  75.250938  90.179062  105.016563  119.606247  133.022034  144.823120  152.580475  154.613281  150.401871  141.546570  128.765625  114.702026  100.461716  86.013908  71.586403  59.195778 
 65.380318  81.092812  97.193909  113.532501  129.904694  145.652344  159.671722  168.559525  171.082809  166.373596  156.018600  141.195465  124.497025  108.394684  92.549065  76.989845  62.757973 
 68.190834  85.137497  102.032028  119.233276  137.107651  154.766724  170.041870  179.183746  181.615936  176.979065  166.060150  149.701096  131.320313  113.773285  96.914841  80.559845  65.260887 
 69.084061  86.425316  103.902031  121.560150  139.638123  158.030777  173.347183  182.762817  184.993912  180.837967  170.976257  153.780151  134.822968  116.502029  98.985001  81.851563  66.144066 
 68.075470  84.963593  102.025940  119.468597  137.247498  154.754211  169.802032  179.196564  181.598282  177.078751  167.094681  150.366257  131.847183  114.156250  97.232971  80.618904  65.259529 
 65.261879  81.101875  97.341721  113.712814  130.139374  146.160309  159.873123  168.778275  171.256088  166.370789  156.351257  141.694687  125.004837  108.892815  93.104218  77.436409  62.805367 
 61.161819  75.250778  90.202187  105.092812  119.617661  133.324371  144.763901  152.402344  154.500931  150.744995  142.043121  129.316101  115.315933  101.105003  86.611252  72.076561  59.403229 
 57.635941  68.498436  81.910934  95.291405  107.856560  119.183746  128.673904  134.522659  136.163757  132.977814  126.024216  115.922653  104.169220  91.808441  78.543121  65.813591  56.060471 
 55.293747  62.086250  72.247185  84.093437  95.062187  104.617966  112.183289  116.782806  118.097504  115.410004  109.962029  101.946716  92.099686  81.075783  69.597809  59.733284  54.165993 
 51.941254  56.990417  62.685104  71.653854  81.117188  89.210258  95.445564  99.344063  100.026665  98.196663  93.590576  87.145683  79.055519  69.472656  60.546143  55.297241  51.199738 
 } 
 GB Channel
 {
 52.319588  57.446259  63.594063  72.957085  82.910988  91.459320  97.713280  101.900887  103.145103  100.687233  96.124374  89.027611  80.079536  70.155891  61.168335  55.660461  52.299217 
 55.063751  61.988747  72.350311  84.589996  96.170784  106.123283  113.940155  118.992340  120.255936  117.464539  111.779373  102.958435  92.516403  81.106094  69.291252  59.504845  54.287552 
 57.042130  67.896095  81.440468  95.422188  108.728905  120.322662  130.285309  136.830002  138.534378  134.955475  127.527344  116.764374  104.148903  91.120155  77.681404  64.766716  55.467346 
 60.472664  74.440781  89.738281  105.005310  120.181244  134.047348  146.476410  154.715775  156.959534  152.576096  143.291565  130.010788  115.247650  100.515778  85.487656  70.767342  58.187965 
 63.872391  79.906563  96.260941  112.854065  129.824524  146.033600  160.540939  169.997971  172.674377  167.925003  157.180618  141.745163  124.560150  107.849060  91.605316  75.637810  61.438644 
 66.347443  83.536407  100.468437  118.082031  136.325775  154.358597  169.970154  179.712341  182.367813  177.617966  166.503433  149.620316  130.810623  112.772812  95.549065  78.904221  63.622757 
 66.986046  84.424377  101.913910  120.057495  138.320160  156.935471  172.676559  182.396881  185.017029  180.742966  170.599380  153.185776  133.948288  115.235474  97.239372  80.003128  64.221878 
 66.033028  82.913437  99.993279  117.578125  135.688126  153.554535  168.851563  178.613281  181.229691  176.745468  166.610474  149.502975  130.637497  112.612030  95.367653  78.686722  63.241928 
 63.290413  79.157501  95.510002  111.943596  128.683594  144.865936  158.771408  168.067184  170.662964  165.961563  155.710007  140.795151  123.782028  107.488747  91.237656  75.553123  61.156876 
 59.503120  73.543121  88.643593  103.693123  118.294220  132.228287  143.845779  151.713913  153.865158  150.223755  141.317505  128.425781  114.170151  99.721565  85.050316  70.446091  57.891304 
 56.264221  67.141090  80.536247  94.107971  106.959534  118.469528  128.044220  134.049225  135.825150  132.616882  125.560944  115.241882  103.264687  90.661720  77.234222  64.432343  54.774635 
 54.350060  61.119843  71.367340  83.301094  94.587189  104.279221  111.957344  116.759537  118.101089  115.461868  109.768593  101.595467  91.459373  80.361092  68.597969  58.684372  53.259789 
 51.287560  56.287560  62.019630  71.443802  81.102600  89.464836  95.879639  99.908073  100.752968  98.750206  93.975052  87.280678  78.673965  69.059219  59.882759  54.488121  50.602707 
 } 
 B Channel
 {
 19.473854  21.715107  24.654690  28.970467  33.613438  37.514584  40.502659  42.109795  42.723698  41.594009  39.619061  36.408127  32.374741  27.730835  23.513073  20.964531  19.922031 
 20.904686  24.170937  29.272186  35.241093  40.633438  45.241249  48.682030  50.849373  51.227654  50.015472  47.422813  43.590626  38.803280  33.494999  27.862030  23.276405  21.424950 
 21.945732  27.185314  33.852970  40.583595  46.813595  52.083122  56.393127  59.072815  59.770157  58.166878  55.019684  50.173592  44.518906  38.552345  32.182030  26.095627  22.333126 
 23.758957  30.380627  37.797657  45.095001  52.083122  58.336090  63.668594  66.989685  67.805939  65.966408  61.877029  56.074684  49.475311  42.723751  35.709843  28.933750  23.647919 
 25.353439  32.974686  40.834843  48.605782  56.159691  63.354691  69.497032  73.274841  74.212814  72.070465  67.530472  60.786407  53.216721  45.791874  38.393436  31.093281  25.189743 
 26.432499  34.467499  42.546249  50.733437  58.738281  66.646873  73.166565  77.067657  77.922653  75.907501  71.079063  63.818123  55.698753  47.712814  40.049686  32.442345  26.041302 
 26.605831  34.724998  42.917187  51.168594  59.367500  67.383278  73.939064  77.923752  78.833595  76.885628  72.448753  65.021248  56.621872  48.647499  40.640938  32.857346  26.240051 
 26.046253  33.959999  41.981251  49.970467  57.912971  65.601410  72.118126  76.058746  76.936562  74.969376  70.711563  63.431404  55.358749  47.500156  39.768593  32.237656  25.757030 
 24.802967  32.209843  39.812969  47.358280  54.736565  61.762970  67.657341  71.444221  72.420311  70.322189  66.032967  59.682343  52.347504  45.223438  37.870155  30.741718  24.684010 
 22.875935  29.447189  36.617188  43.544220  50.118126  56.120155  61.105621  64.438751  65.224220  63.657967  59.945160  54.420784  48.230934  41.791405  35.079689  28.335468  23.125675 
 21.250004  26.381248  32.789219  39.220158  45.139217  50.154999  54.276405  56.847969  57.514221  56.237503  53.155159  48.774216  43.425312  37.728127  31.386719  25.445156  21.621613 
 20.385361  23.556408  28.498749  34.178436  39.442032  43.805000  47.175468  49.192810  49.745468  48.668747  46.185780  42.557499  37.963905  32.781876  27.224533  22.608124  20.775208 
 19.012032  21.342033  24.097080  28.475101  33.119740  36.842503  39.665676  41.285732  41.723175  41.006252  38.902657  35.794586  31.883701  27.229374  22.993908  20.436874  19.188961 
 } 


 White Balance Data with optical Center Data
 r_center_x =  633 r_center_y =  481 
 gr_center_x =  638 gr_center_y =  493 
 b_center_x =  632 b_center_y =  478 
 gb_center_x =  630 gb_center_y =  489 
 r/gr 0.873438 
 b/gr 0.425165 
 gb/gr 0.997067 
 r_oc_ave 162.777771 
 b_oc_ave 79.235558 
 gr_oc_ave 186.364441 
 gb_oc_ave 185.817780 

 [AWB]
 RGr =  0.873438 
 BGr =  0.425165 
 GbGr =  0.997067 
 r_oc_ave =  162.777771 
 b_oc_ave =  79.235558 
 gr_oc_ave =  186.364441 
 gb_oc_ave =  185.817780 