 LEFT LENS SHADING DATA
 RED Channel
 {
 41.267658  44.700157  49.945259  58.527550  66.941513  74.252495  80.006882  83.628181  84.767967  83.279686  79.744995  73.901619  66.696663  58.478539  50.619576  45.966663  43.007496 
 43.864738  49.337029  58.499222  69.102341  79.142967  87.831253  94.836876  99.499222  100.916092  98.880936  94.253754  87.185158  78.493752  68.970627  58.721252  50.300003  45.552082 
 45.836559  55.134064  66.797501  78.967346  90.442184  100.962189  109.696091  115.871399  117.884537  115.164841  108.928596  99.854065  89.607033  78.615158  66.876091  55.746719  47.469009 
 49.258072  61.165779  74.206253  87.701561  100.847656  113.708435  124.801880  132.563599  135.166565  131.621246  123.535934  112.004837  99.546410  86.997971  74.160156  61.394218  50.337761 
 52.661354  65.985939  80.114532  94.559532  109.772659  124.760620  138.146561  147.054993  150.007965  145.909378  136.573441  122.774689  108.015472  93.885941  79.770470  65.992653  53.627449 
 55.124161  69.300003  84.133125  99.504684  116.029846  132.747818  147.391403  156.787338  159.579529  155.697189  145.659851  130.432663  113.982193  98.484375  83.576096  69.278595  55.863380 
 55.985519  70.670937  85.889221  101.890625  118.695160  135.905777  150.860779  160.456100  163.100937  159.334839  150.110153  134.343903  117.081879  100.928436  85.342812  70.445313  56.787392 
 55.119019  69.595467  84.599060  100.015778  116.320313  132.768753  147.429062  156.967499  159.815933  155.779373  146.545944  131.066101  114.365631  98.766563  83.868126  69.488129  56.098541 
 52.822807  66.516563  80.692810  95.238907  110.172813  124.685471  138.089996  147.267029  150.062195  146.091721  136.685150  123.209213  108.402969  94.101875  80.168282  66.474373  54.036873 
 49.473549  61.435623  74.721405  88.125153  101.025627  113.409851  124.425156  132.165161  134.545944  131.572815  123.502655  112.502975  99.824532  87.266876  74.362343  61.773750  50.828751 
 46.401871  55.813126  67.578438  79.633438  90.978439  101.230621  109.876251  116.096405  117.954056  115.535156  109.312653  100.470314  90.002968  78.925629  67.189377  56.048279  47.972240 
 44.603127  50.354378  59.269531  69.785934  79.751564  88.397186  95.517967  100.240936  101.699997  99.954376  95.175003  87.865936  79.116722  69.485939  59.052345  50.687035  46.273491 
 42.591877  46.094372  51.091827  59.223015  67.810730  74.925102  80.936920  84.546776  85.875839  84.766045  80.953331  75.149689  67.540253  59.111771  51.299637  46.768486  43.956821 
 } 
 GR Channel
 {
 50.112968  54.904633  60.975517  70.498497  79.635574  87.383171  93.309067  96.984795  98.116409  96.580315  92.688744  86.612923  78.827866  70.116875  61.299431  55.754173  51.951668 
 53.940887  60.841095  71.227188  82.984528  93.764534  102.965469  110.206566  114.889374  116.404526  114.192810  109.543747  102.043747  92.905159  82.375626  71.106720  61.529999  55.611664 
 57.051880  67.949371  80.994064  94.362030  106.783752  117.789536  126.893906  133.002655  135.087341  132.315475  125.970932  116.515778  105.658905  93.767815  80.704376  68.085625  58.214378 
 61.215462  74.996094  89.561249  104.209373  118.457504  131.978912  143.548279  151.479691  153.935150  150.614380  142.566559  130.432037  117.265152  103.588905  89.197815  74.805000  62.005417 
 65.356827  80.788284  96.419060  112.148743  128.528748  144.537506  158.415787  167.531097  170.441254  166.489532  157.129532  142.855164  127.089066  111.683281  95.974846  80.329216  65.990257 
 68.424324  84.695778  101.218597  117.954529  135.680618  153.636414  168.996567  178.514694  181.250000  177.238281  167.406876  151.660309  134.198288  117.176254  100.647034  84.270622  68.624374 
 69.370575  86.328278  103.110001  120.637344  138.611557  157.268753  172.935150  182.687347  185.367813  181.638275  172.623444  156.343445  138.108124  120.448914  103.160309  85.847343  69.914215 
 68.295410  84.977501  101.750313  118.643753  136.150467  153.898132  169.738281  179.520309  182.267654  178.518280  169.454529  153.378754  135.209839  118.077026  101.370628  84.813751  69.132912 
 65.644272  81.455940  97.419846  113.521561  129.857025  145.788437  160.122498  169.662659  172.539215  168.795944  159.088440  144.923599  128.686569  112.824997  97.222656  81.394844  66.523384 
 61.620834  75.802498  90.813126  105.653435  119.947662  133.625000  145.471878  153.706253  156.280472  153.367035  144.865311  132.980774  119.290466  105.223595  90.610313  75.970940  62.928856 
 58.013908  69.209534  82.682655  96.157501  108.757347  120.012497  129.400620  136.027969  138.160461  135.690475  128.892502  119.383438  108.194687  95.684532  82.412971  69.292969  59.661095 
 55.494530  62.726410  73.069687  84.995316  95.984062  105.478905  113.148438  118.213120  119.879684  117.913757  112.804993  104.897186  95.508904  84.690628  72.919998  63.042503  57.375000 
 52.254524  57.248695  63.190109  72.231148  81.868645  89.754112  96.255943  100.061043  101.643021  100.204582  96.088753  89.767189  81.493698  72.103127  63.267082  57.789169  54.040833 
 } 
 GB Channel
 {
 49.565468  54.233383  60.748909  70.839584  80.457291  88.752350  95.296669  99.385628  100.777031  99.003387  94.948746  88.435516  80.167183  70.743225  61.643028  55.909378  51.802292 
 53.056717  60.008591  70.574532  82.796249  94.118126  103.912971  111.622498  116.849380  118.651413  116.304840  111.388748  103.459686  93.832184  82.795311  71.084686  61.250626  55.286049 
 55.702499  66.553749  79.737030  93.558907  106.503906  118.140930  127.768280  134.372650  136.822037  133.963440  127.367188  117.531403  106.264687  93.815468  80.279846  67.502968  57.473587 
 59.135002  73.108749  87.822502  102.814064  117.507187  131.682663  143.899216  152.268127  155.220154  151.862030  143.541718  131.068588  117.360931  103.207657  88.456718  73.843124  60.830620 
 62.967026  78.341408  94.022186  110.112190  127.002975  143.472351  158.093750  167.736725  171.195313  167.200150  157.618439  142.934692  126.752808  110.807816  94.794998  79.047501  64.551674 
 65.628494  81.932030  98.430939  115.351563  133.515930  151.798431  167.683746  178.019684  181.086563  177.289368  167.273132  151.115936  133.244690  116.002655  99.093903  82.621719  67.045265 
 66.316460  83.283127  100.067657  117.685944  135.901871  154.909851  170.988129  181.482819  184.565628  181.068756  171.975784  155.332504  136.793442  118.893906  101.375153  84.067032  67.924324 
 65.407394  81.891563  98.717659  115.582504  133.366882  151.486725  167.686096  178.085159  181.309525  177.723755  168.526245  152.186569  133.773438  116.334534  99.480469  82.953751  67.291252 
 62.820473  78.579842  94.533279  110.642815  127.235153  143.354691  158.081558  168.194534  171.544067  167.947495  158.138901  143.772034  127.299225  111.263123  95.504059  79.651878  65.021042 
 59.327393  73.174065  88.148903  103.089218  117.563431  131.501099  143.836563  152.542496  155.478592  152.618912  144.031723  131.966873  118.000626  103.808907  89.140778  74.542030  61.535568 
 55.925888  67.049843  80.438126  93.991249  106.814842  118.359528  128.144058  135.279694  137.725784  135.284378  128.405777  118.649368  107.256248  94.579529  81.218437  68.085785  58.404320 
 53.856766  61.018440  71.339218  83.287971  94.535934  104.341560  112.342346  117.880157  119.769531  117.909058  112.590469  104.524529  94.853127  83.900467  71.983597  62.044998  56.489174 
 51.094681  55.851357  61.816513  71.153595  81.044693  89.145729  95.955467  100.208702  101.940987  100.504478  96.178177  89.593071  81.141876  71.574844  62.658798  57.216255  53.436668 
 } 
 B Channel
 {
 18.508438  20.334686  23.387604  28.204998  32.907185  36.705105  39.557812  41.363228  41.850361  41.113178  39.329636  36.136616  32.080414  27.547188  23.237659  20.677551  19.278385 
 20.239689  23.334686  28.275936  34.145000  39.505936  43.867188  47.294064  49.361565  50.052658  49.007965  46.702343  43.058907  38.505001  33.300938  27.747032  23.209843  20.885471 
 21.495678  26.681717  32.894844  39.373905  45.354687  50.529060  54.654221  57.288910  58.185623  56.781403  53.922340  49.337967  44.225155  38.357655  32.146095  26.288124  21.987709 
 23.304478  30.065311  36.943283  43.844688  50.473434  56.668747  61.744843  65.043434  66.061562  64.429535  60.669533  55.103752  48.962341  42.608280  35.831562  29.372971  23.661926 
 25.202190  32.539688  39.954376  47.144375  54.514374  61.735466  67.737190  71.423752  72.554840  70.663910  66.457970  59.991722  52.903282  45.829689  38.693436  31.789688  25.487186 
 26.410362  34.167656  41.840157  49.255310  57.118439  64.966095  71.444374  75.320938  76.285782  74.510155  70.141403  63.191406  55.472343  47.934689  40.483593  33.373905  26.661613 
 26.867706  34.718124  42.482346  50.184532  57.940315  65.896408  72.432503  76.411095  77.350311  75.669846  71.742035  64.553909  56.665627  49.002029  41.303123  33.913280  27.138908 
 26.323956  33.864376  41.576717  49.015160  56.504059  63.979378  70.489845  74.489220  75.440002  73.764374  69.916252  63.052658  55.211090  47.696251  40.297813  33.276093  26.719219 
 24.880314  32.017811  39.428123  46.515625  53.372345  59.947655  66.002029  69.824684  70.919533  69.217346  65.096878  59.141251  52.208748  45.268124  38.300312  31.601875  25.482708 
 22.931664  29.213749  36.044533  42.723751  48.694221  54.463753  59.396095  62.809685  63.793282  62.422653  58.932190  53.906715  48.063126  41.840782  35.341408  29.103283  23.716408 
 21.118069  26.075783  32.236874  38.358906  43.752968  48.513283  52.444221  55.312500  56.142502  54.977028  52.139687  48.032501  43.165627  37.577187  31.544689  25.988281  22.004322 
 19.914635  22.962345  27.581406  33.145157  37.996250  42.108437  45.437031  47.644062  48.342812  47.452969  45.264687  41.807812  37.592655  32.566250  27.188595  22.943127  20.976875 
 18.584217  20.533802  23.156616  27.500366  31.972916  35.354687  38.296822  40.098228  40.791561  40.032761  38.324272  35.299480  31.560780  27.172501  22.934631  20.790627  19.680626 
 } 


 White Balance Data with optical Center Data
 r_center_x =  645 r_center_y =  506 
 gr_center_x =  638 gr_center_y =  487 
 b_center_x =  628 b_center_y =  474 
 gb_center_x =  637 gb_center_y =  484 
 r/gr 0.879363 
 b/gr 0.416679 
 gb/gr 0.994079 
 r_oc_ave 163.702225 
 b_oc_ave 77.568886 
 gr_oc_ave 186.160004 
 gb_oc_ave 185.057785 

 [AWB]
 RGr =  0.879363 
 BGr =  0.416679 
 GbGr =  0.994079 
 r_oc_ave =  163.702225 
 b_oc_ave =  77.568886 
 gr_oc_ave =  186.160004 
 gb_oc_ave =  185.057785 