 LEFT LENS SHADING DATA
 RED Channel
 {
 40.223022  43.750519  49.153595  57.392181  66.094536  73.113960  78.649323  81.823647  82.810677  81.016251  77.122551  71.026299  63.477036  55.124474  47.449169  42.724014  39.899010 
 43.009274  48.650940  57.669220  68.248436  78.283905  86.784378  93.874535  98.146561  99.190468  96.981247  91.882347  84.193596  75.108910  65.301559  55.191254  46.725468  42.122345 
 45.235783  54.560158  66.288910  78.334061  89.765938  100.094528  108.716408  114.618118  116.056717  113.118744  106.434998  96.886566  86.084534  74.771721  63.038597  51.882187  43.850937 
 48.748489  60.729530  73.944061  87.317657  100.514221  112.861877  123.781876  131.091400  133.048904  129.320465  120.852966  109.138283  96.266876  83.171097  69.932503  57.203438  46.642189 
 51.778183  65.647972  80.006721  94.693123  109.588753  124.001404  136.758911  145.259842  147.656555  143.218124  133.574997  119.815628  104.566406  89.811096  75.473747  61.520782  49.394318 
 54.095985  68.637032  83.798904  99.601410  115.738129  131.864838  145.734680  154.574371  156.972656  152.542816  142.364059  126.950775  110.261719  94.215935  79.081253  64.485001  51.322502 
 54.901253  69.680000  85.192497  101.433907  118.009064  134.672028  148.837036  157.664368  160.013748  155.753906  146.145157  130.429214  113.225311  96.543434  80.622345  65.552185  52.150108 
 54.217812  68.590309  83.578590  99.258438  115.443909  131.396713  145.201401  153.884689  156.255630  151.896088  142.567963  127.036560  110.264847  94.378593  79.206566  64.549530  51.347237 
 51.914375  65.498123  79.630310  94.311096  108.907814  123.213745  135.705002  144.019684  146.452347  141.851410  132.468277  119.207031  104.304535  89.957809  75.605003  61.771561  49.565315 
 48.376045  60.468124  73.546410  86.900940  99.646248  111.724686  122.249527  129.282028  131.226868  127.883591  119.660461  108.307655  95.755936  83.040779  70.052345  57.228279  46.528072 
 45.319168  54.653748  66.183594  78.117813  89.367653  99.355782  107.691872  113.156097  114.724380  112.055161  105.577347  96.440628  85.928123  74.695160  62.827972  51.932030  43.932240 
 43.462135  49.049843  57.759064  68.139687  77.879372  86.415939  93.032028  97.182655  98.442345  96.374222  91.274529  83.957970  75.050934  65.235626  55.097656  46.872971  42.564846 
 41.167553  44.884636  49.989479  57.965523  66.391876  73.508438  78.977654  82.423286  83.132965  81.533592  77.643906  71.676926  64.143028  55.706879  48.089943  43.804012  41.023178 
 } 
 GR Channel
 {
 50.981827  55.823906  61.999008  71.119011  80.531250  88.095261  93.888649  97.485046  98.318954  96.422707  92.238647  85.806351  77.451248  68.359062  59.856247  54.634224  50.958389 
 54.945572  61.999535  72.312965  83.997971  94.870003  104.117966  111.491562  115.813599  116.940628  114.583130  109.216560  100.950935  91.163750  80.290314  69.010002  59.389847  53.870468 
 58.033905  69.062035  82.299217  95.601563  108.159531  119.225632  128.580002  134.573288  135.910782  132.765930  125.823441  115.714066  103.859375  91.389374  78.303749  65.621094  56.034637 
 62.308334  76.207497  91.143440  105.787811  120.316254  133.900620  145.575775  153.517349  155.394531  151.123444  142.397964  129.694839  115.532806  101.055153  86.428909  72.061409  59.699112 
 66.091873  81.914375  98.045624  114.276413  130.590149  146.501556  160.375778  169.507813  171.995468  166.971878  156.678757  141.935318  125.284851  108.823441  92.849220  77.227341  63.264214 
 68.763176  85.675468  102.542503  119.838287  137.718597  155.396713  170.536713  179.824066  182.232346  177.540161  166.705627  150.125778  131.842026  114.113754  97.066559  80.683281  65.484329 
 69.938957  86.813126  104.055779  121.941559  140.162659  158.500473  174.041870  183.532028  185.716095  181.382187  171.534683  154.690475  135.615936  116.944214  99.210625  82.105156  66.448288 
 68.928543  85.435623  102.196716  119.442963  137.233902  154.925781  170.079529  179.602036  181.861252  177.352966  167.748749  151.092499  132.355164  114.367340  97.273285  80.770309  65.657394 
 66.129890  81.759064  97.509529  113.716400  129.943756  146.007034  159.741409  168.840469  171.382965  166.461243  156.388748  141.906403  125.329681  109.184845  93.047028  77.362190  63.210518 
 61.931091  75.830467  90.558128  105.295937  119.515930  133.052963  144.654999  152.373901  154.579681  150.922806  142.023911  129.632339  115.544998  101.202812  86.674065  72.079842  59.715469 
 58.036926  69.137970  82.222343  95.379845  107.820465  118.846558  128.048904  134.361877  136.048126  133.007660  125.882034  115.869843  104.129219  91.636871  78.431564  65.888123  56.611046 
 55.346725  62.474846  72.493904  83.987816  94.723434  104.101097  111.339218  115.950470  117.396881  114.947037  109.446404  101.352341  91.687965  80.664688  69.265160  59.856247  54.746666 
 51.947556  57.237968  63.231613  72.188644  81.513863  89.207970  95.319016  99.100677  100.273956  98.412239  93.992027  87.529221  79.152756  69.666359  61.003693  56.048752  52.717087 
 } 
 GB Channel
 {
 51.644318  56.389328  62.923645  72.500267  82.273651  90.374329  96.749535  100.560677  101.578697  99.242554  94.892502  87.701248  78.973175  69.161400  60.186409  54.639587  51.157501 
 55.188072  62.374535  72.981560  85.199219  96.631561  106.298279  114.161407  118.887970  120.132660  117.437347  111.541252  102.761253  92.284218  80.845779  69.072029  59.190002  53.576668 
 57.713234  69.085312  82.680153  96.405472  109.500153  121.128601  130.960938  137.349533  138.779999  135.340469  127.942032  117.119995  104.583282  91.600471  78.080002  65.025314  55.506149 
 61.685730  75.841560  91.012032  106.171249  121.107025  135.181717  147.398438  155.678436  157.648132  153.220154  144.083588  130.749847  115.930618  100.847343  85.793594  71.092499  58.484169 
 64.966774  81.134689  97.432816  113.960464  130.724380  147.026718  161.396088  170.998444  173.596725  168.419067  157.748901  142.473434  125.147507  108.160156  91.691093  75.797813  61.717819 
 67.466927  84.376717  101.487343  119.031723  137.210938  155.304062  170.760315  180.369370  183.046402  178.197968  167.100937  150.121567  131.327026  112.971725  95.674843  79.009064  63.745728 
 68.217453  85.201408  102.673592  120.698441  139.247498  157.826874  173.500931  183.279999  185.890930  181.380783  171.319061  154.056412  134.572189  115.506882  97.400780  80.119530  64.609329 
 67.445580  83.953278  100.721405  118.121094  136.248749  154.011414  169.410004  179.198914  181.783905  177.179062  167.198593  150.227966  131.193283  112.828903  95.415466  78.757500  63.742088 
 64.604790  80.306877  96.157188  112.467819  129.038910  145.124069  159.110931  168.437347  171.046402  166.236252  156.014847  141.190628  124.215317  107.837502  91.391716  75.640625  61.441460 
 60.599472  74.721565  89.488594  104.381874  118.782974  132.377029  144.061569  152.152039  154.352966  150.607346  141.560623  128.754684  114.500153  99.959221  85.192345  70.519066  58.105309 
 57.098747  68.253754  81.402191  94.714996  107.319221  118.551254  127.937347  134.271881  135.961090  132.789536  125.550156  115.226410  103.283752  90.474220  77.210785  64.557190  55.333015 
 54.717247  61.859528  71.953278  83.682190  94.555466  104.077347  111.515312  116.279999  117.795624  115.185318  109.451561  101.125465  91.017815  79.944847  68.298279  58.832657  53.741196 
 51.713493  56.864738  62.969734  72.216766  81.561508  89.666725  95.959061  99.732506  100.745209  98.779472  94.286148  87.525681  78.915314  69.127136  60.310997  55.212448  51.965782 
 } 
 B Channel
 {
 18.229271  20.493435  23.528908  27.981720  32.437550  35.924168  38.824898  40.194427  40.536926  39.635365  37.643906  34.518024  30.570625  26.163956  21.895206  19.227032  18.007862 
 19.900936  23.187187  28.273281  34.046093  39.294846  43.540001  46.761562  48.666718  49.027969  47.728905  45.165783  41.310936  36.649376  31.474377  26.010624  21.533905  19.477032 
 21.222553  26.464844  32.965469  39.534843  45.538437  50.541405  54.554688  57.023903  57.502190  55.889221  52.591873  47.902031  42.286877  36.511406  30.278908  24.360470  20.533592 
 22.924377  29.669376  36.948750  44.038750  50.834846  56.955467  62.003906  65.154999  65.844688  63.858437  59.733749  53.856720  47.345779  40.703125  33.831718  27.246094  22.162968 
 24.576824  32.167030  39.896252  47.566719  54.937965  62.040314  68.000465  71.761719  72.605782  70.373123  65.781097  58.958748  51.364685  43.895000  36.584530  29.433907  23.704113 
 25.638226  33.702812  41.682968  49.602188  57.647186  65.359840  71.841408  75.663750  76.533440  74.306877  69.551247  62.098282  53.907341  45.936874  38.267033  30.915783  24.646820 
 26.015312  33.966564  42.128593  50.342812  58.351715  66.300316  72.781097  76.600311  77.571877  75.477188  71.048592  63.507187  55.304222  47.093594  39.054844  31.440624  25.002289 
 25.496143  33.244064  41.126720  49.039841  56.951248  64.516876  70.921249  74.585625  75.441872  73.459373  69.264534  61.985779  53.812813  45.896095  38.253281  30.889530  24.682240 
 24.093227  31.466564  38.972343  46.478439  53.787033  60.537811  66.367340  69.910309  70.753281  68.580002  64.282341  58.035004  50.902657  43.753281  36.473595  29.432655  23.616199 
 22.211197  28.722656  35.750469  42.684532  49.089996  54.921410  59.715309  62.845001  63.488129  61.862816  58.031876  52.723122  46.650002  40.336407  33.581875  27.068127  21.918121 
 20.541664  25.665001  31.801094  37.997189  43.792030  48.645782  52.567497  54.986252  55.586716  54.247810  51.207344  46.792969  41.704533  36.010155  29.810001  24.225468  20.477345 
 19.338333  22.605000  27.431408  32.899845  37.952343  42.223282  45.460938  47.311562  47.884377  46.777031  44.301250  40.693127  36.171875  31.057499  25.670155  21.405155  19.621201 
 18.340000  20.793335  23.741615  28.288803  32.878384  36.604740  39.448437  41.338230  41.535210  40.725990  38.705414  35.479794  31.509792  26.853333  22.542450  20.280365  19.458282 
 } 


 White Balance Data with optical Center Data
 r_center_x =  637 r_center_y =  473 
 gr_center_x =  611 gr_center_y =  477 
 b_center_x =  638 b_center_y =  454 
 gb_center_x =  635 gb_center_y =  460 
 r/gr 0.861885 
 b/gr 0.416752 
 gb/gr 1.000238 
 r_oc_ave 160.751114 
 b_oc_ave 77.728889 
 gr_oc_ave 186.511108 
 gb_oc_ave 186.555557 

 [AWB]
 RGr =  0.861885 
 BGr =  0.416752 
 GbGr =  1.000238 
 r_oc_ave =  160.751114 
 b_oc_ave =  77.728889 
 gr_oc_ave =  186.511108 
 gb_oc_ave =  186.555557 